Title ="THE FLUX ERR"
Variables=
iter
residual
1.000000e+00 1.090797e-01
1.333333e+00 3.299111e-02
1.666667e+00 2.434301e-02
2.000000e+00 2.322522e-02
2.333333e+00 8.869673e-03
2.666667e+00 3.326835e-03
3.000000e+00 1.009869e-02
3.333333e+00 9.374081e-03
3.666667e+00 6.811692e-04
4.000000e+00 1.602979e-02
4.333333e+00 1.021001e-02
4.666667e+00 2.070574e-03
5.000000e+00 1.334510e-02
5.333333e+00 9.101174e-03
5.666667e+00 5.871156e-03
6.000000e+00 6.921311e-03
6.333333e+00 6.444802e-03
6.666667e+00 6.227836e-03
7.000000e+00 7.353287e-03
7.333333e+00 6.218353e-03
7.666667e+00 5.880008e-03
8.000000e+00 5.862871e-03
8.333333e+00 5.881513e-03
8.666667e+00 5.284437e-03
9.000000e+00 8.556724e-03
9.333333e+00 6.868546e-03
9.666667e+00 5.909090e-03
1.000000e+01 7.683326e-03
1.033333e+01 6.037754e-03
1.066667e+01 5.626861e-03
1.100000e+01 7.064480e-03
1.133333e+01 6.173479e-03
1.166667e+01 5.257219e-03
1.200000e+01 8.328458e-03
1.233333e+01 5.275123e-03
1.266667e+01 5.428503e-03
1.300000e+01 7.041597e-03
1.333333e+01 4.870732e-03
1.366667e+01 5.351602e-03
1.400000e+01 7.196575e-03
1.433333e+01 5.623498e-03
1.466667e+01 5.459808e-03
1.500000e+01 6.780651e-03
1.533333e+01 4.779630e-03
1.566667e+01 4.700866e-03
1.600000e+01 6.030028e-03
1.633333e+01 4.248310e-03
1.666667e+01 4.727839e-03
1.700000e+01 6.636037e-03
1.733333e+01 4.660581e-03
1.766667e+01 4.129347e-03
1.800000e+01 6.099963e-03
1.833333e+01 3.960672e-03
1.866667e+01 3.809954e-03
1.900000e+01 8.138566e-03
1.933333e+01 5.427510e-03
1.966667e+01 4.105517e-03
2.000000e+01 6.499995e-03
2.033333e+01 4.110938e-03
2.066667e+01 3.711589e-03
2.100000e+01 6.813716e-03
2.133333e+01 3.794495e-03
2.166667e+01 3.248825e-03
2.200000e+01 7.544242e-03
2.233333e+01 4.589729e-03
2.266667e+01 3.324162e-03
2.300000e+01 7.938549e-03
2.333333e+01 4.647633e-03
2.366667e+01 3.432503e-03
2.400000e+01 8.942581e-03
2.433333e+01 4.666372e-03
2.466667e+01 3.385663e-03
2.500000e+01 8.981769e-03
2.533333e+01 5.296478e-03
2.566667e+01 3.614926e-03
2.600000e+01 9.282986e-03
2.633333e+01 5.262655e-03
2.666667e+01 3.706188e-03
2.700000e+01 1.043447e-02
2.733333e+01 6.480794e-03
2.766667e+01 4.335916e-03
2.800000e+01 1.044408e-02
2.833333e+01 6.088325e-03
2.866667e+01 3.807272e-03
2.900000e+01 1.054495e-02
2.933333e+01 6.795127e-03
2.966667e+01 4.339237e-03
3.000000e+01 1.008271e-02
3.033333e+01 6.744348e-03
3.066667e+01 3.896761e-03
3.100000e+01 1.036557e-02
3.133333e+01 6.120920e-03
3.166667e+01 3.995106e-03
3.200000e+01 9.674929e-03
3.233333e+01 6.784678e-03
3.266667e+01 4.067054e-03
3.300000e+01 9.454926e-03
3.333333e+01 6.319022e-03
3.366667e+01 4.266114e-03
3.400000e+01 9.169879e-03
3.433333e+01 6.342424e-03
3.466667e+01 4.384942e-03
3.500000e+01 8.440951e-03
3.533333e+01 8.273788e-03
3.566667e+01 9.216038e-04
3.600000e+01 8.742549e-03
3.633333e+01 1.315022e-03
3.666667e+01 5.266271e-03
3.700000e+01 1.034062e-02
3.733333e+01 1.601894e-03
3.766667e+01 5.237362e-03
3.800000e+01 8.036776e-03
3.833333e+01 5.772026e-03
3.866667e+01 4.051978e-03
3.900000e+01 8.476961e-03
3.933333e+01 6.094856e-03
3.966667e+01 4.345198e-03
4.000000e+01 6.881624e-03
4.033333e+01 6.213922e-03
4.066667e+01 4.129665e-03
4.100000e+01 7.462387e-03
4.133333e+01 5.909842e-03
4.166667e+01 4.368918e-03
4.200000e+01 8.187987e-03
4.233333e+01 6.193629e-03
4.266667e+01 4.148444e-03
4.300000e+01 7.537922e-03
4.333333e+01 5.356616e-03
4.366667e+01 3.951710e-03
4.400000e+01 7.522518e-03
4.433333e+01 5.333824e-03
4.466667e+01 4.155176e-03
4.500000e+01 7.475390e-03
4.533333e+01 5.233799e-03
4.566667e+01 3.627520e-03
4.600000e+01 7.857381e-03
4.633333e+01 5.060091e-03
4.666667e+01 3.864200e-03
4.700000e+01 7.251145e-03
4.733333e+01 5.417262e-03
4.766667e+01 3.760478e-03
4.800000e+01 5.919704e-03
4.833333e+01 4.076841e-03
4.866667e+01 3.439023e-03
4.900000e+01 5.959350e-03
4.933333e+01 4.675897e-03
4.966667e+01 2.863662e-03
5.000000e+01 6.379631e-03
5.033333e+01 4.852539e-03
5.066667e+01 3.701707e-03
5.100000e+01 6.794512e-03
5.133333e+01 5.064443e-03
5.166667e+01 3.698142e-03
5.200000e+01 1.070339e-03
5.233333e+01 4.934387e-03
5.266667e+01 3.148912e-03
5.300000e+01 5.938477e-03
5.333333e+01 3.958206e-03
5.366667e+01 2.981887e-03
5.400000e+01 6.413010e-03
5.433333e+01 5.254868e-03
5.466667e+01 3.206225e-03
5.500000e+01 5.914287e-03
5.533333e+01 4.321691e-03
5.566667e+01 3.068901e-03
5.600000e+01 5.823159e-03
5.633333e+01 5.006795e-03
5.666667e+01 3.073856e-03
5.700000e+01 6.250557e-03
5.733333e+01 4.395976e-03
5.766667e+01 3.382730e-03
5.800000e+01 6.329998e-03
5.833333e+01 4.213603e-03
5.866667e+01 3.335547e-03
5.900000e+01 6.292037e-03
5.933333e+01 4.348140e-03
5.966667e+01 3.305763e-03
6.000000e+01 6.211481e-03
6.033333e+01 4.476884e-03
6.066667e+01 3.253556e-03
6.100000e+01 6.148566e-03
6.133333e+01 4.889486e-03
6.166667e+01 6.621032e-04
6.200000e+01 5.889878e-03
6.233333e+01 4.136917e-03
6.266667e+01 3.071684e-03
6.300000e+01 1.246506e-03
6.333333e+01 7.181017e-04
6.400000e+01 9.112914e-04
6.500000e+01 1.741094e-03
6.533333e+01 1.072620e-03
6.566667e+01 6.977975e-04
6.600000e+01 9.350653e-03
6.633333e+01 5.409237e-03
6.666667e+01 4.309212e-03
6.700000e+01 1.138630e-03
6.733333e+01 1.051166e-03
6.766667e+01 6.958675e-04
6.800000e+01 6.201322e-03
6.833333e+01 4.404215e-03
6.866667e+01 3.279464e-03
6.900000e+01 6.701023e-03
6.933333e+01 4.555132e-03
6.966667e+01 3.249587e-03
7.000000e+01 7.212616e-03
7.033333e+01 4.558506e-03
7.066667e+01 3.292143e-03
7.100000e+01 6.762962e-03
7.133333e+01 3.997653e-03
7.166667e+01 2.830115e-03
7.200000e+01 7.000101e-03
7.233333e+01 4.484442e-03
7.266667e+01 3.034046e-03
7.300000e+01 7.557361e-03
7.333333e+01 4.916729e-03
7.366667e+01 3.444107e-03
7.400000e+01 7.115565e-03
7.433333e+01 4.899131e-03
7.466667e+01 3.358225e-03
7.500000e+01 6.585403e-03
7.533333e+01 4.460239e-03
7.566667e+01 3.185670e-03
7.600000e+01 6.345619e-03
7.633333e+01 4.497797e-03
7.666667e+01 3.190139e-03
7.700000e+01 5.930487e-03
7.733333e+01 4.114908e-03
7.766667e+01 2.966376e-03
7.800000e+01 5.967279e-03
7.833333e+01 4.525306e-03
7.866667e+01 2.967982e-03
7.900000e+01 5.942647e-03
7.933333e+01 4.195223e-03
7.966667e+01 3.172970e-03
8.000000e+01 6.304329e-03
8.033333e+01 4.468319e-03
8.066667e+01 2.966562e-03
8.100000e+01 5.770138e-03
8.133333e+01 3.807566e-03
8.166667e+01 2.906219e-03
8.200000e+01 5.750562e-03
8.233333e+01 4.001583e-03
8.266667e+01 3.115958e-03
8.300000e+01 5.685847e-03
8.333333e+01 4.476375e-03
8.366667e+01 2.999239e-03
8.400000e+01 5.834941e-03
8.433333e+01 4.099384e-03
8.466667e+01 3.085006e-03
8.500000e+01 5.966548e-03
8.533333e+01 3.878847e-03
8.566667e+01 3.057214e-03
8.600000e+01 5.962389e-03
8.633333e+01 4.061696e-03
8.666667e+01 2.833537e-03
8.700000e+01 5.527011e-03
8.733333e+01 3.681743e-03
8.766667e+01 2.580455e-03
8.800000e+01 5.378752e-03
8.833333e+01 3.694735e-03
8.866667e+01 3.180242e-03
8.900000e+01 5.427279e-03
8.933333e+01 3.960360e-03
8.966667e+01 2.892453e-03
9.000000e+01 5.584694e-03
9.033333e+01 3.813236e-03
9.066667e+01 2.548255e-03
9.100000e+01 5.647127e-03
9.133333e+01 3.974259e-03
9.166667e+01 2.841499e-03
9.200000e+01 5.414811e-03
9.233333e+01 3.996168e-03
9.266667e+01 2.647631e-03
9.300000e+01 5.603514e-03
9.333333e+01 4.024770e-03
9.366667e+01 2.714794e-03
9.400000e+01 5.700336e-03
9.433333e+01 4.002124e-03
9.466667e+01 2.694134e-03
9.500000e+01 5.867064e-03
9.533333e+01 3.789441e-03
9.566667e+01 2.560635e-03
9.600000e+01 5.895040e-03
9.633333e+01 3.790610e-03
9.666667e+01 2.572672e-03
9.700000e+01 6.032933e-03
9.733333e+01 3.925217e-03
9.766667e+01 2.495620e-03
9.800000e+01 6.019571e-03
9.833333e+01 4.342504e-03
9.866667e+01 2.710731e-03
9.900000e+01 6.024093e-03
9.933333e+01 3.957453e-03
9.966667e+01 2.798772e-03
1.000000e+02 5.911757e-03
1.003333e+02 4.032374e-03
1.006667e+02 2.525889e-03
1.010000e+02 5.746078e-03
1.013333e+02 3.922596e-03
1.016667e+02 2.568223e-03
1.020000e+02 6.529375e-03
1.023333e+02 4.048278e-03
1.026667e+02 2.666468e-03
1.030000e+02 6.044544e-03
1.033333e+02 4.247221e-03
1.036667e+02 2.708613e-03
1.040000e+02 5.943909e-03
1.043333e+02 4.057047e-03
1.046667e+02 3.257960e-03
1.050000e+02 6.141445e-03
1.053333e+02 4.432194e-03
1.056667e+02 2.790956e-03
1.060000e+02 6.118586e-03
1.063333e+02 4.249630e-03
1.066667e+02 2.772361e-03
1.070000e+02 6.014242e-03
1.073333e+02 4.253556e-03
1.076667e+02 2.708267e-03
1.080000e+02 7.253854e-03
1.083333e+02 4.115280e-03
1.086667e+02 2.757623e-03
1.090000e+02 6.103318e-03
1.093333e+02 3.989828e-03
1.096667e+02 2.773445e-03
1.100000e+02 5.989122e-03
1.103333e+02 3.979572e-03
1.106667e+02 2.582079e-03
1.110000e+02 5.956543e-03
1.113333e+02 4.535909e-03
1.116667e+02 2.728377e-03
1.120000e+02 6.425288e-03
1.123333e+02 4.288020e-03
1.126667e+02 2.743465e-03
1.130000e+02 6.024771e-03
1.133333e+02 4.105917e-03
1.136667e+02 2.635732e-03
1.140000e+02 5.737792e-03
1.143333e+02 4.152854e-03
1.146667e+02 2.904287e-03
1.150000e+02 6.076691e-03
1.153333e+02 4.417313e-03
1.156667e+02 3.104591e-03
1.160000e+02 9.440437e-04
1.170000e+02 8.231451e-03
1.173333e+02 5.727842e-03
1.176667e+02 3.781092e-03
1.180000e+02 6.004712e-03
1.183333e+02 4.482350e-03
1.186667e+02 2.937761e-03
1.190000e+02 5.759854e-03
1.193333e+02 3.861319e-03
1.196667e+02 2.579165e-03
1.200000e+02 5.685953e-03
1.203333e+02 3.807480e-03
1.206667e+02 2.596599e-03
1.210000e+02 5.359235e-03
1.213333e+02 3.644336e-03
1.216667e+02 2.621015e-03
1.220000e+02 5.306121e-03
1.223333e+02 3.685422e-03
1.226667e+02 2.788189e-03
1.230000e+02 5.180770e-03
1.233333e+02 3.868300e-03
1.236667e+02 2.700878e-03
1.240000e+02 5.397812e-03
1.243333e+02 3.662922e-03
1.246667e+02 2.764945e-03
1.250000e+02 5.343279e-03
1.253333e+02 3.592654e-03
1.256667e+02 2.634311e-03
1.260000e+02 5.825627e-03
1.263333e+02 4.222323e-03
1.266667e+02 2.637175e-03
1.270000e+02 5.444603e-03
1.273333e+02 3.773363e-03
1.276667e+02 2.598954e-03
1.280000e+02 5.313288e-03
1.283333e+02 3.865686e-03
1.286667e+02 2.624530e-03
1.290000e+02 5.219117e-03
1.293333e+02 4.349251e-03
1.296667e+02 2.644702e-03
1.300000e+02 5.446473e-03
1.303333e+02 3.561412e-03
1.306667e+02 2.494490e-03
1.310000e+02 5.579415e-03
1.313333e+02 3.669825e-03
1.316667e+02 2.465053e-03
1.320000e+02 5.128296e-03
1.323333e+02 3.722499e-03
1.326667e+02 2.370252e-03
1.330000e+02 5.039673e-03
1.333333e+02 3.618826e-03
1.336667e+02 2.450027e-03
1.340000e+02 5.784879e-03
1.343333e+02 4.136427e-03
1.346667e+02 2.644393e-03
1.350000e+02 5.502523e-03
1.353333e+02 3.660803e-03
1.356667e+02 2.514428e-03
1.360000e+02 5.381696e-03
1.363333e+02 3.720401e-03
1.366667e+02 2.596105e-03
1.370000e+02 5.318177e-03
1.373333e+02 3.729218e-03
1.376667e+02 3.384509e-03
1.380000e+02 5.353485e-03
1.383333e+02 3.714608e-03
1.386667e+02 2.508469e-03
1.390000e+02 5.373435e-03
1.393333e+02 4.045498e-03
1.396667e+02 2.789040e-03
1.400000e+02 5.984992e-03
1.403333e+02 3.931158e-03
1.406667e+02 2.527674e-03
1.410000e+02 5.449207e-03
1.413333e+02 3.839916e-03
1.416667e+02 2.489574e-03
1.420000e+02 5.476021e-03
1.423333e+02 3.785847e-03
1.426667e+02 2.426075e-03
1.430000e+02 5.909614e-03
1.433333e+02 3.888203e-03
1.436667e+02 2.868591e-03
1.440000e+02 5.670117e-03
1.443333e+02 3.749183e-03
1.446667e+02 2.544655e-03
1.450000e+02 5.620200e-03
1.453333e+02 3.758818e-03
1.456667e+02 2.596601e-03
1.460000e+02 5.890189e-03
1.463333e+02 4.106318e-03
1.466667e+02 2.613633e-03
1.470000e+02 5.570032e-03
1.473333e+02 3.736887e-03
1.476667e+02 2.553317e-03
1.480000e+02 5.681303e-03
1.483333e+02 4.197764e-03
1.486667e+02 2.598173e-03
1.490000e+02 5.747222e-03
1.493333e+02 3.867986e-03
1.496667e+02 2.535877e-03
1.500000e+02 5.691426e-03
1.503333e+02 3.727204e-03
1.506667e+02 2.581533e-03
1.510000e+02 5.730217e-03
1.513333e+02 3.718736e-03
1.516667e+02 2.603177e-03
1.520000e+02 5.554772e-03
1.523333e+02 3.970408e-03
1.526667e+02 2.479253e-03
1.530000e+02 5.554280e-03
1.533333e+02 3.811732e-03
1.536667e+02 2.601929e-03
1.540000e+02 5.400690e-03
1.543333e+02 3.698321e-03
1.546667e+02 2.555637e-03
1.550000e+02 5.720708e-03
1.553333e+02 3.716452e-03
1.556667e+02 2.627767e-03
1.560000e+02 5.504526e-03
1.563333e+02 3.742561e-03
1.566667e+02 2.547079e-03
1.570000e+02 5.383372e-03
1.573333e+02 3.722557e-03
1.576667e+02 2.543234e-03
1.580000e+02 5.492234e-03
1.583333e+02 3.767900e-03
1.586667e+02 2.501607e-03
1.590000e+02 5.495402e-03
1.593333e+02 3.740860e-03
1.596667e+02 2.498791e-03
1.600000e+02 5.353297e-03
1.603333e+02 3.977589e-03
1.606667e+02 2.572546e-03
1.610000e+02 5.184332e-03
1.613333e+02 4.399666e-03
1.616667e+02 2.599807e-03
1.620000e+02 5.158945e-03
1.623333e+02 3.531209e-03
1.626667e+02 2.418107e-03
1.630000e+02 5.217477e-03
1.633333e+02 3.627582e-03
1.636667e+02 2.577068e-03
1.640000e+02 5.134518e-03
1.643333e+02 3.704215e-03
1.646667e+02 2.526449e-03
1.650000e+02 5.390196e-03
1.653333e+02 3.749898e-03
1.656667e+02 2.754208e-03
1.660000e+02 5.249643e-03
1.663333e+02 3.690283e-03
1.666667e+02 2.468242e-03
1.670000e+02 5.253147e-03
1.673333e+02 3.666234e-03
1.676667e+02 2.561780e-03
1.680000e+02 5.154406e-03
1.683333e+02 3.678566e-03
1.686667e+02 2.507868e-03
1.690000e+02 5.219300e-03
1.693333e+02 3.668193e-03
1.696667e+02 2.695366e-03
1.700000e+02 5.355858e-03
1.703333e+02 3.801581e-03
1.706667e+02 2.614444e-03
1.710000e+02 5.181390e-03
1.713333e+02 3.660015e-03
1.716667e+02 2.526269e-03
1.720000e+02 5.045844e-03
1.723333e+02 3.610146e-03
1.726667e+02 2.516848e-03
1.730000e+02 5.897993e-03
1.733333e+02 4.495323e-03
1.736667e+02 2.559269e-03
1.740000e+02 5.180952e-03
1.743333e+02 3.786890e-03
1.746667e+02 2.706174e-03
1.750000e+02 5.413184e-03
1.753333e+02 3.757836e-03
1.756667e+02 2.562315e-03
1.760000e+02 5.304659e-03
1.763333e+02 3.531945e-03
1.766667e+02 2.478697e-03
1.770000e+02 6.537127e-03
1.773333e+02 3.550655e-03
1.776667e+02 2.499200e-03
1.780000e+02 5.219881e-03
1.783333e+02 3.730317e-03
1.786667e+02 2.543630e-03
1.790000e+02 5.429666e-03
1.793333e+02 3.585803e-03
1.796667e+02 2.500035e-03
1.800000e+02 5.233457e-03
1.803333e+02 3.554023e-03
1.806667e+02 2.524183e-03
1.810000e+02 5.096477e-03
1.813333e+02 3.451298e-03
1.816667e+02 2.504103e-03
1.820000e+02 5.191447e-03
1.823333e+02 3.677179e-03
1.826667e+02 2.582160e-03
1.830000e+02 5.172015e-03
1.833333e+02 3.666501e-03
1.836667e+02 2.502335e-03
1.840000e+02 5.008685e-03
1.843333e+02 3.502621e-03
1.846667e+02 2.434569e-03
1.850000e+02 5.059175e-03
1.853333e+02 3.411040e-03
1.856667e+02 2.618285e-03
1.860000e+02 4.832163e-03
1.863333e+02 3.726409e-03
1.866667e+02 2.682669e-03
1.870000e+02 5.144177e-03
1.873333e+02 3.401332e-03
1.876667e+02 2.424005e-03
1.880000e+02 4.955916e-03
1.883333e+02 3.459117e-03
1.886667e+02 2.422661e-03
1.890000e+02 5.029204e-03
1.893333e+02 3.478656e-03
1.896667e+02 2.426520e-03
1.900000e+02 5.253604e-03
1.903333e+02 3.476746e-03
1.906667e+02 2.742301e-03
1.910000e+02 5.057321e-03
1.913333e+02 3.368426e-03
1.916667e+02 2.463231e-03
1.920000e+02 4.724582e-03
1.923333e+02 3.309331e-03
1.926667e+02 2.390587e-03
1.930000e+02 4.794897e-03
1.933333e+02 3.276067e-03
1.936667e+02 2.337002e-03
1.940000e+02 4.826658e-03
1.943333e+02 3.704501e-03
1.946667e+02 2.495092e-03
1.950000e+02 5.147613e-03
1.953333e+02 3.476484e-03
1.956667e+02 2.341257e-03
1.960000e+02 6.046791e-03
1.963333e+02 3.392302e-03
1.966667e+02 2.507765e-03
1.970000e+02 4.991820e-03
1.973333e+02 3.319354e-03
1.976667e+02 2.459883e-03
1.980000e+02 4.910105e-03
1.983333e+02 3.363692e-03
1.986667e+02 2.347624e-03
1.990000e+02 5.034302e-03
1.993333e+02 3.552859e-03
1.996667e+02 2.491912e-03
2.000000e+02 5.137782e-03
2.003333e+02 3.406429e-03
2.006667e+02 2.343665e-03
2.010000e+02 5.163832e-03
2.013333e+02 3.827349e-03
2.016667e+02 2.371890e-03
2.020000e+02 4.856879e-03
2.023333e+02 3.403354e-03
2.026667e+02 2.280211e-03
2.030000e+02 4.950582e-03
2.033333e+02 3.373970e-03
2.036667e+02 2.488284e-03
2.040000e+02 5.312013e-03
2.043333e+02 3.657404e-03
2.046667e+02 2.434530e-03
2.050000e+02 5.244930e-03
2.053333e+02 3.593529e-03
2.056667e+02 2.498132e-03
2.060000e+02 5.132776e-03
2.063333e+02 3.460456e-03
2.066667e+02 2.402167e-03
2.070000e+02 5.011191e-03
2.073333e+02 3.479874e-03
2.076667e+02 2.482430e-03
2.080000e+02 5.138442e-03
2.083333e+02 3.493060e-03
2.086667e+02 2.489711e-03
2.090000e+02 5.621591e-03
2.093333e+02 3.408265e-03
2.096667e+02 2.413414e-03
2.100000e+02 4.869239e-03
2.103333e+02 3.319192e-03
2.106667e+02 2.299056e-03
2.110000e+02 4.953550e-03
2.113333e+02 3.367090e-03
2.116667e+02 2.473244e-03
2.120000e+02 4.896838e-03
2.123333e+02 3.321814e-03
2.126667e+02 2.273585e-03
2.130000e+02 5.225183e-03
2.133333e+02 3.476036e-03
2.136667e+02 2.285330e-03
2.140000e+02 4.997087e-03
2.143333e+02 3.380496e-03
2.146667e+02 2.470489e-03
2.150000e+02 5.307870e-03
2.153333e+02 3.666762e-03
2.156667e+02 2.438902e-03
2.160000e+02 4.957504e-03
2.163333e+02 3.477851e-03
2.166667e+02 2.499041e-03
2.170000e+02 5.083383e-03
2.173333e+02 3.471325e-03
2.176667e+02 2.310864e-03
2.180000e+02 5.135973e-03
2.183333e+02 3.376821e-03
2.186667e+02 2.342160e-03
2.190000e+02 5.036344e-03
2.193333e+02 3.658476e-03
2.196667e+02 2.631058e-03
2.200000e+02 4.977542e-03
2.203333e+02 3.404269e-03
2.206667e+02 2.363189e-03
2.210000e+02 4.918969e-03
2.213333e+02 3.562082e-03
2.216667e+02 2.603202e-03
2.220000e+02 5.135109e-03
2.223333e+02 3.675979e-03
2.226667e+02 2.472490e-03
2.230000e+02 5.374370e-03
2.233333e+02 3.536780e-03
2.236667e+02 2.690980e-03
2.240000e+02 5.332616e-03
2.243333e+02 3.639808e-03
2.246667e+02 2.557752e-03
2.250000e+02 5.372864e-03
2.253333e+02 3.757223e-03
2.256667e+02 2.402474e-03
2.260000e+02 5.439244e-03
2.263333e+02 3.597330e-03
2.266667e+02 2.523397e-03
2.270000e+02 5.373829e-03
2.273333e+02 3.718574e-03
2.276667e+02 2.547208e-03
2.280000e+02 6.047553e-03
2.283333e+02 3.866673e-03
2.286667e+02 2.679191e-03
2.290000e+02 5.395732e-03
2.293333e+02 3.746087e-03
2.296667e+02 2.760968e-03
2.300000e+02 5.423714e-03
2.303333e+02 3.881004e-03
2.306667e+02 2.528095e-03
2.310000e+02 5.296534e-03
2.313333e+02 3.662595e-03
2.316667e+02 2.464482e-03
2.320000e+02 5.304070e-03
2.323333e+02 3.781402e-03
2.326667e+02 2.661047e-03
2.330000e+02 5.426114e-03
2.333333e+02 3.789610e-03
2.336667e+02 2.746143e-03
2.340000e+02 4.913465e-03
2.343333e+02 3.585287e-03
2.346667e+02 2.524561e-03
2.350000e+02 5.080430e-03
2.353333e+02 3.753241e-03
2.356667e+02 2.567770e-03
2.360000e+02 5.032988e-03
2.363333e+02 3.655267e-03
2.366667e+02 2.411277e-03
2.370000e+02 4.821104e-03
2.373333e+02 3.525597e-03
2.376667e+02 2.471040e-03
2.380000e+02 4.832251e-03
2.383333e+02 3.673569e-03
2.386667e+02 2.454548e-03
2.390000e+02 4.594865e-03
2.393333e+02 3.364586e-03
2.396667e+02 2.331259e-03
2.400000e+02 4.863501e-03
2.403333e+02 3.481938e-03
2.406667e+02 2.489076e-03
2.410000e+02 4.881090e-03
2.413333e+02 3.497930e-03
2.416667e+02 2.504789e-03
2.420000e+02 5.052056e-03
2.423333e+02 3.565876e-03
2.426667e+02 2.532492e-03
2.430000e+02 5.897919e-04
2.440000e+02 7.558365e-03
2.443333e+02 5.544091e-03
2.446667e+02 3.743241e-03
2.450000e+02 5.644811e-03
2.453333e+02 4.061519e-03
2.456667e+02 2.804424e-03
2.460000e+02 4.300386e-04
2.470000e+02 6.982578e-03
2.473333e+02 4.881533e-03
2.476667e+02 3.212921e-03
2.480000e+02 4.797726e-03
2.483333e+02 3.528243e-03
2.486667e+02 2.362863e-03
2.490000e+02 4.791873e-03
2.493333e+02 3.526273e-03
2.496667e+02 2.434909e-03
2.500000e+02 4.821691e-03
2.503333e+02 3.473258e-03
2.506667e+02 2.521273e-03
2.510000e+02 4.778988e-03
2.513333e+02 3.345393e-03
2.516667e+02 2.474695e-03
2.520000e+02 4.673723e-03
2.523333e+02 3.317414e-03
2.526667e+02 2.352156e-03
2.530000e+02 4.524791e-03
2.533333e+02 3.163930e-03
2.536667e+02 2.220839e-03
2.540000e+02 4.662987e-03
2.543333e+02 3.351730e-03
2.546667e+02 2.219730e-03
2.550000e+02 4.629518e-03
2.553333e+02 3.319263e-03
2.556667e+02 2.301865e-03
2.560000e+02 4.538277e-03
2.563333e+02 3.067158e-03
2.566667e+02 2.173836e-03
2.570000e+02 4.616727e-03
2.573333e+02 3.068469e-03
2.576667e+02 2.211989e-03
2.580000e+02 4.689988e-03
2.583333e+02 3.190769e-03
2.586667e+02 2.329359e-03
2.590000e+02 4.900969e-03
2.593333e+02 3.110959e-03
2.596667e+02 2.077809e-03
2.600000e+02 5.086298e-03
2.603333e+02 3.300837e-03
2.606667e+02 2.183987e-03
2.610000e+02 5.576897e-03
2.613333e+02 3.319971e-03
2.616667e+02 2.187086e-03
2.620000e+02 5.334171e-03
2.623333e+02 3.154757e-03
2.626667e+02 2.154586e-03
2.630000e+02 4.928844e-03
2.633333e+02 3.240587e-03
2.636667e+02 3.094222e-03
2.640000e+02 5.204331e-03
2.643333e+02 3.313157e-03
2.646667e+02 2.208051e-03
2.650000e+02 5.220765e-03
2.653333e+02 3.545563e-03
2.656667e+02 2.312519e-03
2.660000e+02 5.251073e-03
2.663333e+02 3.602412e-03
2.666667e+02 2.448565e-03
2.670000e+02 5.383387e-03
2.673333e+02 3.729923e-03
2.676667e+02 2.437977e-03
2.680000e+02 5.325468e-03
2.683333e+02 3.671548e-03
2.686667e+02 2.474401e-03
2.690000e+02 5.471673e-03
2.693333e+02 3.677581e-03
2.696667e+02 2.456937e-03
2.700000e+02 5.247480e-03
2.703333e+02 3.637158e-03
2.706667e+02 2.530003e-03
2.710000e+02 5.509076e-03
2.713333e+02 3.707865e-03
2.716667e+02 2.565377e-03
2.720000e+02 5.470056e-03
2.723333e+02 3.681620e-03
2.726667e+02 2.444671e-03
2.730000e+02 5.675785e-03
2.733333e+02 3.631528e-03
2.736667e+02 2.371897e-03
2.740000e+02 5.630621e-03
2.743333e+02 3.624408e-03
2.746667e+02 2.439664e-03
2.750000e+02 5.542958e-04
2.760000e+02 7.719163e-03
2.763333e+02 5.161781e-03
2.766667e+02 3.396239e-03
2.770000e+02 6.187836e-03
2.773333e+02 4.039958e-03
2.776667e+02 2.774156e-03
2.780000e+02 5.556249e-03
2.783333e+02 4.008778e-03
2.786667e+02 2.603676e-03
2.790000e+02 5.524679e-03
2.793333e+02 3.671464e-03
2.796667e+02 2.499990e-03
2.800000e+02 5.395458e-03
2.803333e+02 3.756773e-03
2.806667e+02 2.462375e-03
2.810000e+02 5.722252e-03
2.813333e+02 4.205944e-03
2.816667e+02 2.679968e-03
2.820000e+02 5.877301e-03
2.823333e+02 3.796786e-03
2.826667e+02 2.575044e-03
2.830000e+02 5.571725e-03
2.833333e+02 3.837789e-03
2.836667e+02 2.683659e-03
2.840000e+02 5.676599e-03
2.843333e+02 4.236894e-03
2.846667e+02 2.725152e-03
2.850000e+02 6.033132e-04
2.860000e+02 8.991038e-04
2.870000e+02 1.370029e-03
2.873333e+02 8.651055e-04
2.880000e+02 7.457164e-03
2.883333e+02 5.260141e-03
2.886667e+02 3.567137e-03
2.890000e+02 5.785820e-03
2.893333e+02 4.238024e-03
2.896667e+02 3.007588e-03
2.900000e+02 5.155556e-03
2.903333e+02 3.836095e-03
2.906667e+02 2.598949e-03
2.910000e+02 5.024463e-03
2.913333e+02 3.915785e-03
2.916667e+02 2.669850e-03
2.920000e+02 5.179102e-03
2.923333e+02 3.521642e-03
2.926667e+02 2.374763e-03
2.930000e+02 5.367189e-04
2.940000e+02 7.796542e-04
2.950000e+02 1.003518e-03
2.953333e+02 6.898089e-04
2.960000e+02 8.866188e-04
2.970000e+02 9.248261e-04
2.980000e+02 8.910641e-03
2.983333e+02 6.084557e-03
2.986667e+02 5.453620e-04
2.990000e+02 5.061802e-04
3.000000e+02 6.808325e-03
3.003333e+02 4.896439e-03
3.006667e+02 3.370666e-03
3.010000e+02 4.473384e-03
3.013333e+02 3.207994e-03
3.016667e+02 2.396479e-03
3.020000e+02 4.300315e-03
3.023333e+02 3.090659e-03
3.026667e+02 2.176054e-03
3.030000e+02 4.231370e-03
3.033333e+02 2.786839e-03
3.036667e+02 2.139638e-03
3.040000e+02 4.154846e-03
3.043333e+02 3.014893e-03
3.046667e+02 2.156172e-03
3.050000e+02 4.231407e-03
3.053333e+02 2.983220e-03
3.056667e+02 2.186500e-03
3.060000e+02 4.393518e-03
3.063333e+02 3.136979e-03
3.066667e+02 2.299329e-03
3.070000e+02 4.463848e-03
3.073333e+02 3.202126e-03
3.076667e+02 2.326137e-03
3.080000e+02 4.648982e-03
3.083333e+02 3.260863e-03
3.086667e+02 2.253169e-03
3.090000e+02 4.571941e-03
3.093333e+02 3.028211e-03
3.096667e+02 2.233591e-03
3.100000e+02 4.506780e-03
3.103333e+02 3.078056e-03
3.106667e+02 2.130127e-03
3.110000e+02 4.725777e-03
3.113333e+02 3.403140e-03
3.116667e+02 2.187405e-03
3.120000e+02 4.809677e-03
3.123333e+02 3.267261e-03
3.126667e+02 2.261043e-03
3.130000e+02 4.828970e-03
3.133333e+02 3.429199e-03
3.136667e+02 2.410074e-03
3.140000e+02 6.645932e-03
3.143333e+02 3.463867e-03
3.146667e+02 2.358817e-03
3.150000e+02 5.030258e-03
3.153333e+02 3.701671e-03
3.156667e+02 2.440421e-03
3.160000e+02 5.179365e-03
3.163333e+02 3.670239e-03
3.166667e+02 2.575013e-03
3.170000e+02 5.690824e-03
3.173333e+02 3.841855e-03
3.176667e+02 2.878630e-03
3.180000e+02 5.930958e-03
3.183333e+02 4.137700e-03
3.186667e+02 2.847319e-03
3.190000e+02 6.277125e-04
3.200000e+02 6.992569e-04
3.210000e+02 9.291631e-04
3.220000e+02 1.223529e-03
3.223333e+02 7.537203e-04
3.230000e+02 8.406555e-04
3.240000e+02 9.388599e-04
3.250000e+02 9.289623e-04
3.260000e+02 8.298327e-04
3.270000e+02 8.829536e-04
3.280000e+02 9.827725e-04
3.290000e+02 9.536414e-03
3.293333e+02 7.754771e-04
3.300000e+02 6.607533e-03
3.303333e+02 4.823478e-03
3.306667e+02 3.550538e-03
3.310000e+02 5.387623e-03
3.313333e+02 3.279486e-03
3.316667e+02 2.415212e-03
3.320000e+02 5.266949e-04
3.330000e+02 9.086309e-04
3.340000e+02 7.550380e-03
3.343333e+02 5.162556e-03
3.346667e+02 3.490094e-03
3.350000e+02 6.574438e-04
3.360000e+02 6.771079e-04
3.370000e+02 9.546469e-04
3.380000e+02 7.774812e-04
3.390000e+02 1.240495e-03
3.393333e+02 7.466199e-04
3.400000e+02 9.001505e-04
3.410000e+02 9.470097e-04
3.420000e+02 1.166161e-03
3.423333e+02 7.097455e-03
3.426667e+02 1.010417e-03
3.430000e+02 7.413906e-04
3.440000e+02 7.965963e-04
3.450000e+02 1.245661e-03
3.453333e+02 9.156047e-04
3.460000e+02 8.047696e-03
3.463333e+02 5.937099e-03
3.466667e+02 3.976763e-03
3.470000e+02 6.193489e-03
3.473333e+02 4.389637e-03
3.476667e+02 3.055524e-03
3.480000e+02 5.603927e-03
3.483333e+02 4.154152e-03
3.486667e+02 2.719475e-03
3.490000e+02 5.710634e-03
3.493333e+02 4.009469e-03
3.496667e+02 2.862297e-03
3.500000e+02 5.674256e-03
3.503333e+02 4.111346e-03
3.506667e+02 2.770980e-03
3.510000e+02 6.242264e-03
3.513333e+02 4.115090e-03
3.516667e+02 3.106583e-03
3.520000e+02 5.981702e-03
3.523333e+02 4.248005e-03
3.526667e+02 3.093268e-03
3.530000e+02 1.330054e-03
3.533333e+02 4.425564e-03
3.536667e+02 3.110028e-03
3.540000e+02 6.275886e-04
3.550000e+02 8.885512e-04
3.560000e+02 1.179402e-03
3.563333e+02 8.148489e-04
3.570000e+02 1.031190e-03
3.573333e+02 7.163415e-04
3.580000e+02 9.100007e-04
3.590000e+02 1.040997e-02
3.593333e+02 1.061838e-03
3.596667e+02 4.483385e-03
3.600000e+02 7.716785e-04
3.610000e+02 9.994781e-04
3.620000e+02 1.021746e-03
3.623333e+02 6.632922e-04
3.630000e+02 7.693487e-03
3.633333e+02 5.533314e-03
3.636667e+02 3.846750e-03
3.640000e+02 5.890704e-03
3.643333e+02 4.080237e-03
3.646667e+02 3.027449e-03
3.650000e+02 5.392240e-03
3.653333e+02 3.866885e-03
3.656667e+02 2.800604e-03
3.660000e+02 5.472709e-03
3.663333e+02 3.833906e-03
3.666667e+02 2.967369e-03
3.670000e+02 5.695186e-03
3.673333e+02 4.026508e-03
3.676667e+02 2.717041e-03
3.680000e+02 5.639802e-03
3.683333e+02 3.766813e-03
3.686667e+02 2.787680e-03
3.690000e+02 5.735244e-03
3.693333e+02 3.826309e-03
3.696667e+02 2.734033e-03
3.700000e+02 5.778610e-03
3.703333e+02 3.931269e-03
3.706667e+02 2.734832e-03
3.710000e+02 6.654269e-04
3.720000e+02 8.950881e-04
3.730000e+02 8.966213e-04
3.740000e+02 8.763447e-04
3.750000e+02 1.189073e-03
3.753333e+02 5.660347e-04
3.760000e+02 7.732738e-04
3.770000e+02 8.845406e-04
3.780000e+02 1.647943e-03
3.783333e+02 9.037558e-04
3.790000e+02 8.210919e-04
3.800000e+02 1.121474e-03
3.803333e+02 6.650486e-04
3.810000e+02 8.681151e-04
3.820000e+02 1.145416e-03
3.823333e+02 7.587340e-04
3.830000e+02 8.430252e-04
3.840000e+02 1.378134e-03
3.843333e+02 7.382104e-04
3.850000e+02 1.213349e-03
3.853333e+02 6.115802e-04
3.860000e+02 7.421936e-04
3.870000e+02 8.697354e-03
3.873333e+02 6.071070e-03
3.876667e+02 3.821430e-03
3.880000e+02 8.477103e-04
3.890000e+02 9.483112e-04
3.900000e+02 1.110843e-03
3.903333e+02 7.723139e-04
3.910000e+02 9.044247e-04
3.920000e+02 1.357946e-03
3.923333e+02 1.019165e-03
3.926667e+02 5.177457e-04
3.930000e+02 1.008043e-03
3.933333e+02 6.171254e-04
3.940000e+02 1.085999e-03
3.943333e+02 6.997727e-04
3.950000e+02 1.514641e-03
3.953333e+02 6.204547e-04
3.960000e+02 7.286027e-03
3.963333e+02 4.852083e-03
3.966667e+02 3.301919e-03
3.970000e+02 6.118729e-03
3.973333e+02 4.327665e-03
3.976667e+02 2.926167e-03
3.980000e+02 6.116842e-03
3.983333e+02 4.427813e-03
3.986667e+02 2.918108e-03
3.990000e+02 1.012414e-03
3.993333e+02 5.360052e-04
4.000000e+02 9.456231e-04
4.010000e+02 1.204989e-03
4.013333e+02 5.985910e-03
4.016667e+02 6.327799e-04
4.020000e+02 8.775861e-04
4.030000e+02 1.468546e-03
4.033333e+02 1.012590e-03
4.036667e+02 4.467474e-04
4.040000e+02 8.437165e-04
4.050000e+02 1.303648e-03
4.053333e+02 8.981685e-04
4.060000e+02 1.576619e-03
4.063333e+02 6.810894e-04
4.070000e+02 7.502812e-03
4.073333e+02 5.948078e-03
4.076667e+02 3.584045e-03
4.080000e+02 6.045604e-03
4.083333e+02 4.495266e-03
4.086667e+02 3.270035e-03
4.090000e+02 5.879066e-03
4.093333e+02 4.211740e-03
4.096667e+02 3.013816e-03
4.100000e+02 5.718102e-03
4.103333e+02 4.039010e-03
4.106667e+02 2.875287e-03
4.110000e+02 6.372469e-04
4.120000e+02 9.823052e-04
4.130000e+02 1.000596e-03
4.133333e+02 9.091523e-04
4.140000e+02 7.304895e-04
4.150000e+02 1.136620e-03
4.153333e+02 1.022679e-03
4.156667e+02 6.164225e-04
4.160000e+02 4.762920e-04
4.170000e+02 7.962830e-03
4.173333e+02 5.766545e-03
4.176667e+02 4.189075e-03
4.180000e+02 5.538974e-03
4.183333e+02 4.061974e-03
4.186667e+02 2.915947e-03
4.190000e+02 6.308306e-03
4.193333e+02 3.425795e-03
4.196667e+02 2.563615e-03
4.200000e+02 5.678644e-03
4.203333e+02 3.325398e-03
4.206667e+02 2.401955e-03
4.210000e+02 5.376410e-03
4.213333e+02 3.747439e-03
4.216667e+02 2.500584e-03
4.220000e+02 5.461832e-03
4.223333e+02 3.662463e-03
4.226667e+02 2.581120e-03
4.230000e+02 5.753316e-03
4.233333e+02 3.821383e-03
4.236667e+02 2.718154e-03
4.240000e+02 5.594174e-03
4.243333e+02 3.898432e-03
4.246667e+02 2.629137e-03
4.250000e+02 5.435482e-03
4.253333e+02 3.649888e-03
4.256667e+02 2.650960e-03
4.260000e+02 6.284320e-03
4.263333e+02 4.048037e-03
4.266667e+02 2.798839e-03
4.270000e+02 5.802683e-03
4.273333e+02 4.050204e-03
4.276667e+02 2.784076e-03
4.280000e+02 5.796930e-03
4.283333e+02 3.878105e-03
4.286667e+02 2.736172e-03
4.290000e+02 6.166422e-03
4.293333e+02 4.089553e-03
4.296667e+02 2.789492e-03
4.300000e+02 5.973003e-03
4.303333e+02 3.810349e-03
4.306667e+02 2.775153e-03
4.310000e+02 6.076543e-03
4.313333e+02 4.162538e-03
4.316667e+02 2.795508e-03
4.320000e+02 6.205829e-03
4.323333e+02 4.277622e-03
4.326667e+02 2.864038e-03
4.330000e+02 1.088918e-03
4.333333e+02 4.692179e-04
4.340000e+02 1.260352e-03
4.343333e+02 6.064120e-04
4.350000e+02 1.195797e-03
4.353333e+02 7.061115e-04
4.360000e+02 1.142359e-03
4.363333e+02 8.908166e-04
4.370000e+02 1.433149e-03
4.373333e+02 8.684526e-04
4.380000e+02 1.436219e-03
4.383333e+02 8.632225e-04
4.390000e+02 1.445937e-03
4.393333e+02 8.580336e-04
4.400000e+02 1.355917e-03
4.403333e+02 7.753015e-04
4.410000e+02 1.283831e-03
4.413333e+02 9.394442e-04
4.420000e+02 1.117129e-03
4.423333e+02 9.843980e-04
4.430000e+02 1.317391e-03
4.433333e+02 6.218759e-04
4.440000e+02 1.187567e-03
4.443333e+02 7.688660e-04
4.450000e+02 1.308222e-03
4.453333e+02 9.466526e-04
4.460000e+02 1.257432e-03
4.463333e+02 8.535698e-04
4.470000e+02 1.194474e-03
4.473333e+02 6.336494e-04
4.480000e+02 1.413651e-03
4.483333e+02 1.025595e-03
4.486667e+02 4.170729e-04
4.490000e+02 8.426876e-04
4.500000e+02 1.603147e-03
4.503333e+02 1.011491e-03
4.506667e+02 5.776240e-04
4.510000e+02 9.121257e-04
4.520000e+02 1.207109e-03
4.523333e+02 8.775557e-04
4.530000e+02 7.992137e-03
4.533333e+02 9.488918e-04
4.540000e+02 7.540481e-03
4.543333e+02 5.436314e-03
4.546667e+02 7.720220e-04
4.550000e+02 5.808749e-03
4.553333e+02 7.251651e-04
4.560000e+02 6.773451e-03
4.563333e+02 5.572217e-03
4.566667e+02 5.446355e-04
4.570000e+02 6.936521e-03
4.573333e+02 4.581620e-03
4.576667e+02 5.042498e-04
4.580000e+02 5.533503e-03
4.583333e+02 7.188023e-04
4.590000e+02 6.456095e-03
4.593333e+02 6.465064e-04
4.600000e+02 6.737575e-03
4.603333e+02 9.087832e-04
4.610000e+02 6.637951e-03
4.613333e+02 6.972478e-04
4.620000e+02 6.736782e-03
4.623333e+02 5.351462e-03
4.626667e+02 7.035125e-04
4.630000e+02 6.151444e-03
4.633333e+02 6.899580e-04
4.640000e+02 7.350756e-03
4.643333e+02 5.553065e-03
4.646667e+02 3.286024e-03
4.650000e+02 8.033841e-04
4.660000e+02 7.974921e-03
4.663333e+02 1.214547e-03
4.666667e+02 6.313635e-04
4.670000e+02 7.127071e-03
4.673333e+02 5.749119e-04
4.680000e+02 7.866032e-04
4.690000e+02 1.027914e-02
4.693333e+02 7.092269e-03
4.696667e+02 7.679286e-04
4.700000e+02 9.314753e-04
4.710000e+02 8.041913e-03
4.713333e+02 6.722335e-04
4.720000e+02 7.599543e-03
4.723333e+02 1.466151e-03
4.726667e+02 5.582963e-04
4.730000e+02 6.441805e-03
4.733333e+02 7.500433e-04
4.740000e+02 7.392558e-03
4.743333e+02 7.632462e-04
4.750000e+02 1.176863e-03
4.753333e+02 5.278919e-03
4.756667e+02 3.777733e-03
4.760000e+02 9.107942e-04
4.770000e+02 8.430096e-03
4.773333e+02 5.906156e-03
4.776667e+02 4.883925e-03
4.780000e+02 7.071830e-04
4.790000e+02 9.831190e-03
4.793333e+02 6.997142e-03
4.796667e+02 3.506351e-03
4.800000e+02 6.258228e-03
4.803333e+02 5.957485e-04
4.810000e+02 1.065982e-03
4.813333e+02 7.743537e-04
4.820000e+02 1.032379e-03
4.823333e+02 7.331282e-04
4.830000e+02 1.073420e-03
4.833333e+02 6.054047e-04
4.840000e+02 8.382042e-04
4.850000e+02 1.183151e-03
4.853333e+02 8.294395e-04
4.860000e+02 1.121726e-03
4.863333e+02 7.538843e-04
4.870000e+02 6.946757e-03
4.873333e+02 4.967460e-03
4.876667e+02 3.247157e-03
4.880000e+02 9.567723e-04
4.890000e+02 8.784495e-03
4.893333e+02 5.406085e-03
4.896667e+02 3.617956e-03
4.900000e+02 1.472421e-03
4.903333e+02 4.205465e-03
4.906667e+02 2.718451e-03
4.910000e+02 5.988361e-03
4.913333e+02 4.174902e-03
4.916667e+02 2.676306e-03
4.920000e+02 6.110475e-03
4.923333e+02 4.234640e-03
4.926667e+02 2.722257e-03
4.930000e+02 6.074644e-03
4.933333e+02 4.164701e-03
4.936667e+02 2.812515e-03
4.940000e+02 6.239737e-03
4.943333e+02 4.029231e-03
4.946667e+02 2.704846e-03
4.950000e+02 6.367630e-03
4.953333e+02 4.268068e-03
4.956667e+02 2.700789e-03
4.960000e+02 6.456129e-03
4.963333e+02 4.433427e-03
4.966667e+02 2.956103e-03
4.970000e+02 6.500032e-03
4.973333e+02 4.400675e-03
4.976667e+02 3.080122e-03
4.980000e+02 6.432893e-03
4.983333e+02 4.503512e-03
4.986667e+02 3.094302e-03
4.990000e+02 6.339257e-03
4.993333e+02 4.499066e-03
4.996667e+02 3.068452e-03
5.000000e+02 6.409364e-03
5.003333e+02 4.361172e-03
5.006667e+02 3.080654e-03
5.010000e+02 6.914616e-03
5.013333e+02 4.484155e-03
5.016667e+02 3.148559e-03
5.020000e+02 6.417626e-03
5.023333e+02 4.383641e-03
5.026667e+02 3.053064e-03
5.030000e+02 6.439691e-03
5.033333e+02 4.350876e-03
5.036667e+02 2.987928e-03
5.040000e+02 6.389806e-03
5.043333e+02 4.479552e-03
5.046667e+02 3.003924e-03
5.050000e+02 6.901971e-03
5.053333e+02 4.648196e-03
5.056667e+02 3.024959e-03
5.060000e+02 7.102510e-03
5.063333e+02 4.745879e-03
5.066667e+02 3.084417e-03
5.070000e+02 9.958546e-04
5.080000e+02 1.535838e-03
5.083333e+02 6.708085e-03
5.086667e+02 4.487221e-03
5.090000e+02 1.187057e-03
5.093333e+02 9.355541e-04
5.100000e+02 1.220760e-03
5.103333e+02 6.755012e-04
5.110000e+02 1.086949e-03
5.113333e+02 8.534512e-04
5.120000e+02 1.037723e-03
5.123333e+02 7.455638e-04
5.130000e+02 1.055792e-03
5.133333e+02 6.351577e-03
5.136667e+02 6.182814e-04
5.140000e+02 7.336768e-03
5.143333e+02 5.306736e-03
5.146667e+02 3.916929e-03
5.150000e+02 6.554817e-03
5.153333e+02 4.594762e-03
5.156667e+02 3.254896e-03
5.160000e+02 5.932884e-03
5.163333e+02 4.137378e-03
5.166667e+02 3.023319e-03
5.170000e+02 5.966856e-03
5.173333e+02 4.267868e-03
5.176667e+02 9.583266e-04
5.180000e+02 5.770424e-03
5.183333e+02 4.283460e-03
5.186667e+02 3.205167e-03
5.190000e+02 6.047319e-03
5.193333e+02 4.700904e-03
5.196667e+02 3.461037e-03
5.200000e+02 6.673099e-03
5.203333e+02 4.708852e-03
5.206667e+02 3.204440e-03
5.210000e+02 6.518708e-03
5.213333e+02 4.453162e-03
5.216667e+02 2.883415e-03
5.220000e+02 5.768930e-03
5.223333e+02 4.014395e-03
5.226667e+02 2.935689e-03
5.230000e+02 6.132695e-03
5.233333e+02 4.156218e-03
5.236667e+02 2.870987e-03
5.240000e+02 6.654785e-03
5.243333e+02 3.899316e-03
5.246667e+02 2.728587e-03
5.250000e+02 8.691807e-04
5.260000e+02 7.929809e-03
5.263333e+02 5.436362e-03
5.266667e+02 3.813198e-03
5.270000e+02 7.724577e-04
5.280000e+02 9.880073e-04
5.290000e+02 1.318446e-03
5.293333e+02 8.824464e-04
5.300000e+02 1.179085e-03
5.303333e+02 1.066456e-03
5.306667e+02 5.198655e-04
5.310000e+02 8.636267e-04
5.320000e+02 9.179065e-04
5.330000e+02 9.757500e-03
5.333333e+02 6.308694e-03
5.336667e+02 4.501740e-03
5.340000e+02 7.811149e-04
5.350000e+02 8.233158e-03
5.353333e+02 5.426436e-03
5.356667e+02 4.046376e-03
5.360000e+02 1.783396e-03
5.363333e+02 4.047022e-03
5.366667e+02 2.860995e-03
5.370000e+02 5.459735e-03
5.373333e+02 3.745558e-03
5.376667e+02 2.639771e-03
5.380000e+02 5.880052e-03
5.383333e+02 3.763891e-03
5.386667e+02 2.564645e-03
5.390000e+02 5.418676e-03
5.393333e+02 3.695045e-03
5.396667e+02 2.517437e-03
5.400000e+02 5.559414e-03
5.403333e+02 5.216766e-04
5.410000e+02 6.329045e-03
5.413333e+02 7.743212e-04
5.420000e+02 7.052502e-03
5.423333e+02 6.913388e-04
5.430000e+02 9.319249e-04
5.440000e+02 8.753765e-03
5.443333e+02 5.653394e-03
5.446667e+02 7.833412e-04
5.450000e+02 6.769629e-03
5.453333e+02 4.661392e-03
5.456667e+02 6.762944e-04
5.460000e+02 1.001626e-03
5.463333e+02 4.003518e-03
5.466667e+02 5.712432e-04
5.470000e+02 1.146068e-03
5.473333e+02 6.532948e-04
5.480000e+02 1.104418e-03
5.483333e+02 6.097338e-04
5.490000e+02 1.069333e-03
5.493333e+02 6.772930e-04
5.500000e+02 1.270571e-03
5.503333e+02 9.392817e-04
5.510000e+02 1.231403e-03
5.513333e+02 7.342081e-04
5.520000e+02 1.003159e-03
5.523333e+02 8.127574e-04
5.530000e+02 7.878095e-03
5.533333e+02 1.049212e-03
5.536667e+02 4.416905e-04
5.540000e+02 8.018191e-04
5.550000e+02 9.559807e-03
5.553333e+02 9.714251e-04
5.560000e+02 9.783217e-04
5.570000e+02 9.986564e-03
5.573333e+02 8.589009e-04
5.580000e+02 8.517803e-03
5.583333e+02 9.356924e-04
5.590000e+02 7.597921e-03
5.593333e+02 9.009176e-04
5.600000e+02 7.959811e-03
5.603333e+02 9.446046e-04
5.610000e+02 9.689785e-04
5.620000e+02 1.458477e-03
5.623333e+02 9.527156e-04
5.630000e+02 1.143244e-03
5.633333e+02 8.301434e-04
5.640000e+02 9.653242e-04
5.650000e+02 1.630791e-03
5.653333e+02 7.371771e-04
5.660000e+02 1.472956e-03
5.663333e+02 1.319483e-03
5.666667e+02 7.318359e-04
5.670000e+02 7.943427e-04
5.680000e+02 1.074630e-03
5.683333e+02 1.077507e-03
5.686667e+02 6.232549e-04
5.690000e+02 1.050524e-03
5.693333e+02 6.049637e-04
5.700000e+02 8.173110e-04
5.710000e+02 1.157954e-03
5.713333e+02 1.017344e-03
5.716667e+02 7.568856e-04
5.720000e+02 8.936544e-04
5.730000e+02 9.985343e-04
5.740000e+02 1.236257e-03
5.743333e+02 1.162479e-03
5.746667e+02 8.631687e-04
5.750000e+02 7.201707e-04
5.760000e+02 9.591551e-04
5.770000e+02 9.407666e-04
5.780000e+02 1.179781e-03
5.783333e+02 8.914055e-04
5.790000e+02 8.948026e-04
5.800000e+02 1.062890e-03
5.803333e+02 8.314248e-04
5.810000e+02 1.094550e-03
5.813333e+02 7.016784e-04
5.820000e+02 7.862997e-04
5.830000e+02 1.228821e-03
5.833333e+02 8.227939e-04
5.840000e+02 8.215270e-04
5.850000e+02 1.032749e-03
5.853333e+02 8.920896e-04
5.860000e+02 9.154057e-04
5.870000e+02 9.134138e-03
5.873333e+02 1.086076e-03
5.876667e+02 5.558164e-04
5.880000e+02 5.707725e-03
5.883333e+02 6.438542e-04
5.890000e+02 6.381439e-03
5.893333e+02 6.234950e-04
5.900000e+02 6.478221e-03
5.903333e+02 7.079730e-04
5.910000e+02 6.529160e-03
5.913333e+02 6.701114e-04
5.920000e+02 9.336985e-04
5.930000e+02 9.709275e-04
5.940000e+02 1.389852e-03
5.943333e+02 8.305327e-04
5.950000e+02 1.262224e-03
5.953333e+02 9.044116e-04
5.960000e+02 1.210406e-03
5.963333e+02 5.704948e-04
5.970000e+02 1.073735e-03
5.973333e+02 6.456766e-04
5.980000e+02 9.270111e-04
5.990000e+02 1.199046e-03
5.993333e+02 7.316952e-04
6.000000e+02 1.127370e-03
6.003333e+02 6.617073e-04
6.010000e+02 1.023928e-03
6.013333e+02 5.370697e-04
6.020000e+02 9.024270e-04
6.030000e+02 1.391770e-03
6.033333e+02 2.120927e-03
6.036667e+02 9.310577e-04
6.040000e+02 8.239294e-04
6.050000e+02 2.297168e-04
6.060000e+02 2.608473e-03
6.063333e+02 2.730571e-03
6.066667e+02 1.703851e-03
6.070000e+02 1.192932e-03
6.073333e+02 9.827538e-04
6.080000e+02 1.180042e-03
6.083333e+02 1.119621e-03
6.086667e+02 1.328691e-03
6.090000e+02 1.267101e-03
6.093333e+02 9.119611e-04
6.100000e+02 9.236529e-04
6.110000e+02 1.218138e-03
6.113333e+02 6.772865e-04
6.120000e+02 2.574709e-03
6.123333e+02 8.725052e-04
6.130000e+02 1.034351e-03
6.133333e+02 6.447358e-04
6.140000e+02 8.148283e-04
6.150000e+02 2.642668e-03
6.153333e+02 2.900039e-03
6.156667e+02 6.916532e-04
6.160000e+02 7.654490e-04
6.170000e+02 1.143772e-03
6.173333e+02 7.332296e-04
6.180000e+02 9.478490e-04
6.190000e+02 1.482827e-03
6.193333e+02 8.194876e-04
6.200000e+02 8.473449e-04
6.210000e+02 1.173971e-03
6.213333e+02 7.029497e-04
6.220000e+02 1.199958e-03
6.223333e+02 6.075309e-04
6.230000e+02 8.408025e-04
6.240000e+02 1.363497e-03
6.243333e+02 8.540396e-04
6.250000e+02 8.171435e-04
6.260000e+02 1.311563e-03
6.263333e+02 8.574877e-04
6.270000e+02 8.599316e-04
6.280000e+02 1.224796e-03
6.283333e+02 7.795302e-04
6.290000e+02 9.394102e-04
6.300000e+02 1.447832e-03
6.303333e+02 9.115228e-04
6.310000e+02 9.429667e-04
6.320000e+02 1.036323e-03
6.323333e+02 9.092372e-04
6.330000e+02 9.651247e-04
6.340000e+02 1.158906e-03
6.343333e+02 6.981785e-04
6.350000e+02 8.327912e-04
6.360000e+02 1.072338e-03
6.363333e+02 7.953151e-04
6.370000e+02 7.811359e-04
6.380000e+02 9.947975e-04
6.390000e+02 9.682169e-03
6.393333e+02 6.654250e-03
6.396667e+02 7.509222e-04
6.400000e+02 6.272435e-03
6.403333e+02 4.677864e-03
6.406667e+02 3.084818e-03
6.410000e+02 5.794460e-03
6.413333e+02 4.143449e-03
6.416667e+02 2.968753e-03
6.420000e+02 5.340785e-03
6.423333e+02 3.564363e-03
6.426667e+02 2.720029e-03
6.430000e+02 5.417989e-03
6.433333e+02 3.732749e-03
6.436667e+02 2.754585e-03
6.440000e+02 5.599332e-03
6.443333e+02 3.841329e-03
6.446667e+02 2.515898e-03
6.450000e+02 5.676295e-03
6.453333e+02 8.578558e-04
6.460000e+02 6.298850e-03
6.463333e+02 4.413464e-03
6.466667e+02 3.071203e-03
6.470000e+02 5.867297e-03
6.473333e+02 3.998380e-03
6.476667e+02 2.845538e-03
6.480000e+02 5.907781e-03
6.483333e+02 4.043293e-03
6.486667e+02 2.808388e-03
6.490000e+02 7.751247e-04
6.500000e+02 8.119927e-03
6.503333e+02 5.362855e-03
6.506667e+02 3.789026e-03
6.510000e+02 8.007693e-04
6.520000e+02 8.502498e-03
6.523333e+02 5.656568e-03
6.526667e+02 4.511165e-03
6.530000e+02 1.102451e-03
6.533333e+02 6.018955e-04
6.540000e+02 7.100073e-03
6.543333e+02 4.964208e-03
6.546667e+02 3.252164e-03
6.550000e+02 7.672200e-04
6.560000e+02 8.302076e-03
6.563333e+02 5.819824e-03
6.566667e+02 3.761673e-03
6.570000e+02 7.768355e-04
6.580000e+02 9.516186e-04
6.590000e+02 1.126200e-03
6.593333e+02 7.246700e-04
6.600000e+02 1.007562e-03
6.603333e+02 6.459856e-04
6.610000e+02 9.595895e-04
6.620000e+02 1.170171e-03
6.623333e+02 8.854995e-04
6.630000e+02 1.204466e-03
6.633333e+02 7.666783e-04
6.640000e+02 8.560079e-04
6.650000e+02 9.119856e-04
6.660000e+02 1.080517e-03
6.663333e+02 8.082522e-04
6.670000e+02 9.105227e-04
6.680000e+02 1.157708e-03
6.683333e+02 7.991445e-04
6.690000e+02 8.175895e-04
6.700000e+02 1.031098e-03
6.703333e+02 7.519395e-04
6.710000e+02 1.228651e-03
6.713333e+02 5.027536e-04
6.720000e+02 7.277403e-04
6.730000e+02 1.049776e-03
6.733333e+02 7.144106e-04
6.740000e+02 9.116258e-04
6.750000e+02 9.438675e-04
6.760000e+02 1.048563e-03
6.763333e+02 1.098702e-03
6.766667e+02 5.432992e-04
6.770000e+02 8.353069e-04
6.780000e+02 9.077149e-04
6.790000e+02 1.260505e-03
6.793333e+02 7.386689e-04
6.800000e+02 8.632696e-04
6.810000e+02 8.657438e-04
6.820000e+02 1.199232e-03
6.823333e+02 8.390438e-04
6.830000e+02 9.129621e-04
6.840000e+02 8.918708e-04
6.850000e+02 1.185554e-03
6.853333e+02 9.694066e-04
6.860000e+02 1.067404e-03
6.863333e+02 6.444674e-04
6.870000e+02 8.520648e-04
6.880000e+02 1.137390e-03
6.883333e+02 7.052817e-04
6.890000e+02 8.593266e-04
6.900000e+02 9.484764e-04
6.910000e+02 1.202936e-03
6.913333e+02 8.642442e-04
6.920000e+02 9.878383e-04
6.930000e+02 1.022811e-03
6.933333e+02 7.688294e-04
6.940000e+02 9.212761e-04
6.950000e+02 1.261669e-03
6.953333e+02 8.059358e-04
6.960000e+02 9.911138e-04
6.970000e+02 1.138609e-03
6.973333e+02 6.564263e-04
6.980000e+02 7.788532e-04
6.990000e+02 9.811839e-04
7.000000e+02 1.318673e-03
7.003333e+02 7.565514e-04
7.010000e+02 1.079829e-03
7.013333e+02 7.428259e-04
7.020000e+02 6.881776e-03
7.023333e+02 5.191671e-04
7.030000e+02 6.554575e-03
7.033333e+02 5.102327e-04
7.040000e+02 6.599079e-04
7.050000e+02 9.610319e-04
7.060000e+02 1.149531e-03
7.063333e+02 7.785306e-04
7.070000e+02 6.830307e-04
7.080000e+02 1.170921e-03
7.083333e+02 7.561759e-04
7.090000e+02 9.588521e-04
7.100000e+02 1.085845e-03
7.103333e+02 8.604219e-04
7.110000e+02 9.171943e-04
7.120000e+02 1.146630e-03
7.123333e+02 8.979710e-04
7.130000e+02 6.920808e-04
7.140000e+02 9.918340e-04
7.150000e+02 1.026635e-03
7.153333e+02 8.900285e-04
7.160000e+02 8.072686e-04
7.170000e+02 1.082072e-03
7.173333e+02 6.675410e-04
7.180000e+02 7.588501e-04
7.190000e+02 9.779679e-04
7.200000e+02 9.691121e-04
7.210000e+02 1.370835e-03
7.213333e+02 8.866844e-04
7.220000e+02 1.273717e-03
7.223333e+02 5.225980e-04
7.230000e+02 7.406185e-04
7.240000e+02 9.923676e-04
7.250000e+02 9.752110e-04
7.260000e+02 1.163390e-03
7.263333e+02 7.100761e-04
7.270000e+02 1.056991e-03
7.273333e+02 5.852634e-04
7.280000e+02 8.523714e-04
7.290000e+02 9.618985e-04
7.300000e+02 1.323673e-03
7.303333e+02 7.980699e-04
7.310000e+02 7.067914e-03
7.313333e+02 4.904830e-03
7.316667e+02 3.220380e-03
7.320000e+02 5.644864e-03
7.323333e+02 3.764622e-03
7.326667e+02 2.488607e-03
7.330000e+02 8.076764e-04
7.340000e+02 7.205611e-03
7.343333e+02 4.951332e-03
7.346667e+02 3.300780e-03
7.350000e+02 5.675697e-03
7.353333e+02 4.336546e-03
7.356667e+02 2.476475e-03
7.360000e+02 5.161164e-03
7.363333e+02 3.614829e-03
7.366667e+02 2.481836e-03
7.370000e+02 5.363392e-03
7.373333e+02 3.542377e-03
7.376667e+02 2.546496e-03
7.380000e+02 5.327801e-03
7.383333e+02 3.602888e-03
7.386667e+02 2.488692e-03
7.390000e+02 5.414345e-03
7.393333e+02 3.695792e-03
7.396667e+02 2.391012e-03
7.400000e+02 5.599853e-03
7.403333e+02 3.745067e-03
7.406667e+02 2.624204e-03
7.410000e+02 6.035663e-03
7.413333e+02 4.029703e-03
7.416667e+02 2.683348e-03
7.420000e+02 5.950527e-03
7.423333e+02 4.028831e-03
7.426667e+02 2.673392e-03
7.430000e+02 6.517123e-03
7.433333e+02 3.935197e-03
7.436667e+02 2.770305e-03
7.440000e+02 6.379683e-03
7.443333e+02 4.052010e-03
7.446667e+02 2.692886e-03
7.450000e+02 5.645327e-03
7.453333e+02 4.066227e-03
7.456667e+02 2.507533e-03
7.460000e+02 6.141347e-03
7.463333e+02 3.921524e-03
7.466667e+02 2.671087e-03
7.470000e+02 5.706684e-03
7.473333e+02 3.912480e-03
7.476667e+02 2.590699e-03
7.480000e+02 5.898307e-03
7.483333e+02 4.044563e-03
7.486667e+02 2.802748e-03
7.490000e+02 5.516975e-03
7.493333e+02 3.809525e-03
7.496667e+02 2.783189e-03
7.500000e+02 5.498234e-03
7.503333e+02 4.265501e-03
7.506667e+02 2.621099e-03
7.510000e+02 6.285162e-03
7.513333e+02 3.976183e-03
7.516667e+02 2.582735e-03
7.520000e+02 5.221927e-03
7.523333e+02 4.026463e-03
7.526667e+02 2.724799e-03
7.530000e+02 5.426078e-03
7.533333e+02 4.920848e-03
7.536667e+02 2.716524e-03
7.540000e+02 5.967822e-03
7.543333e+02 4.389884e-03
7.546667e+02 2.650961e-03
7.550000e+02 5.327489e-03
7.553333e+02 3.830593e-03
7.556667e+02 2.533969e-03
7.560000e+02 5.167847e-03
7.563333e+02 3.753080e-03
7.566667e+02 2.570734e-03
7.570000e+02 5.159545e-03
7.573333e+02 3.702216e-03
7.576667e+02 2.461398e-03
7.580000e+02 5.370097e-03
7.583333e+02 3.760455e-03
7.586667e+02 2.573057e-03
7.590000e+02 4.999306e-03
7.593333e+02 4.002853e-03
7.596667e+02 2.786216e-03
7.600000e+02 4.964804e-03
7.603333e+02 3.450297e-03
7.606667e+02 2.671223e-03
7.610000e+02 5.100034e-03
7.613333e+02 3.728945e-03
7.616667e+02 2.665749e-03
7.620000e+02 5.308319e-03
7.623333e+02 3.484351e-03
7.626667e+02 2.544591e-03
7.630000e+02 5.151701e-03
7.633333e+02 4.301101e-03
7.636667e+02 2.685807e-03
7.640000e+02 5.497152e-03
7.643333e+02 3.899024e-03
7.646667e+02 5.105973e-04
7.650000e+02 5.220281e-03
7.653333e+02 4.680240e-04
7.660000e+02 6.210228e-03
7.663333e+02 4.563262e-03
7.666667e+02 5.721084e-04
7.670000e+02 5.435723e-03
7.673333e+02 3.999377e-03
7.676667e+02 2.841819e-03
7.680000e+02 7.512217e-04
7.690000e+02 7.425207e-04
7.700000e+02 1.014018e-03
7.703333e+02 6.917293e-04
7.710000e+02 8.794770e-04
7.720000e+02 9.100885e-04
7.730000e+02 1.028325e-03
7.733333e+02 7.489599e-04
7.740000e+02 8.332612e-04
7.750000e+02 1.393537e-03
7.753333e+02 6.372910e-03
7.756667e+02 4.541050e-03
7.760000e+02 6.224198e-03
7.763333e+02 4.327565e-03
7.766667e+02 2.756572e-03
7.770000e+02 5.124842e-03
7.773333e+02 3.715804e-03
7.776667e+02 2.329205e-03
7.780000e+02 5.140917e-03
7.783333e+02 3.341069e-03
7.786667e+02 2.426790e-03
7.790000e+02 5.117700e-03
7.793333e+02 3.684689e-03
7.796667e+02 2.729483e-03
7.800000e+02 5.617086e-03
7.803333e+02 3.854614e-03
7.806667e+02 2.664786e-03
7.810000e+02 5.731649e-03
7.813333e+02 3.990003e-03
7.816667e+02 2.788694e-03
7.820000e+02 5.728962e-03
7.823333e+02 4.058308e-03
7.826667e+02 2.775158e-03
7.830000e+02 6.404907e-03
7.833333e+02 4.210974e-03
7.836667e+02 2.844594e-03
7.840000e+02 5.981537e-03
7.843333e+02 4.126457e-03
7.846667e+02 3.008780e-03
7.850000e+02 6.004934e-03
7.853333e+02 4.106828e-03
7.856667e+02 2.767406e-03
7.860000e+02 5.880312e-03
7.863333e+02 4.081885e-03
7.866667e+02 2.516587e-03
7.870000e+02 5.791952e-03
7.873333e+02 3.838546e-03
7.876667e+02 2.708072e-03
7.880000e+02 5.924222e-03
7.883333e+02 3.738491e-03
7.886667e+02 2.434712e-03
7.890000e+02 5.826295e-03
7.893333e+02 3.901514e-03
7.896667e+02 2.507341e-03
7.900000e+02 5.753671e-03
7.903333e+02 3.974170e-03
7.906667e+02 2.453622e-03
7.910000e+02 5.775294e-03
7.913333e+02 4.083813e-03
7.916667e+02 2.632057e-03
7.920000e+02 5.634393e-03
7.923333e+02 3.809154e-03
7.926667e+02 2.622935e-03
7.930000e+02 5.852191e-03
7.933333e+02 4.190320e-03
7.936667e+02 2.688570e-03
7.940000e+02 5.894218e-03
7.943333e+02 4.128933e-03
7.946667e+02 2.746708e-03
7.950000e+02 5.802380e-03
7.953333e+02 4.048222e-03
7.956667e+02 3.233848e-03
7.960000e+02 6.215313e-03
7.963333e+02 4.342108e-03
7.966667e+02 2.873382e-03
7.970000e+02 6.420771e-03
7.973333e+02 4.360751e-03
7.976667e+02 2.926318e-03
7.980000e+02 5.753897e-03
7.983333e+02 4.307707e-03
7.986667e+02 2.778598e-03
7.990000e+02 5.557035e-03
7.993333e+02 3.945441e-03
7.996667e+02 2.825249e-03
8.000000e+02 6.154678e-03
8.003333e+02 4.131744e-03
8.006667e+02 2.756730e-03
8.010000e+02 5.807335e-03
8.013333e+02 4.334929e-03
8.016667e+02 3.031216e-03
8.020000e+02 7.256290e-03
8.023333e+02 4.570023e-03
8.026667e+02 2.835592e-03
8.030000e+02 5.695934e-03
8.033333e+02 4.914904e-03
8.036667e+02 2.742688e-03
8.040000e+02 5.347118e-03
8.043333e+02 4.172788e-03
8.046667e+02 3.002489e-03
8.050000e+02 5.592263e-03
8.053333e+02 3.916484e-03
8.056667e+02 2.863127e-03
8.060000e+02 6.327900e-03
8.063333e+02 4.126446e-03
8.066667e+02 2.727026e-03
8.070000e+02 5.622456e-03
8.073333e+02 3.915024e-03
8.076667e+02 2.652452e-03
8.080000e+02 5.608386e-03
8.083333e+02 3.835259e-03
8.086667e+02 2.805087e-03
8.090000e+02 5.561921e-03
8.093333e+02 4.174421e-03
8.096667e+02 3.019252e-03
8.100000e+02 5.670336e-03
8.103333e+02 3.936768e-03
8.106667e+02 2.711000e-03
8.110000e+02 5.391679e-03
8.113333e+02 4.124309e-03
8.116667e+02 2.776320e-03
8.120000e+02 5.716159e-03
8.123333e+02 3.830080e-03
8.126667e+02 3.160311e-04
8.130000e+02 5.339287e-03
8.133333e+02 3.836065e-03
8.136667e+02 2.577118e-03
8.140000e+02 5.464521e-03
8.143333e+02 3.904747e-03
8.146667e+02 2.705235e-03
8.150000e+02 5.465057e-03
8.153333e+02 3.918977e-03
8.156667e+02 2.576051e-03
8.160000e+02 5.537951e-03
8.163333e+02 4.529460e-04
8.170000e+02 9.069536e-04
8.180000e+02 8.255277e-03
8.183333e+02 5.843232e-03
8.186667e+02 5.572539e-04
8.190000e+02 6.089289e-03
8.193333e+02 4.091089e-03
8.196667e+02 4.223842e-04
8.200000e+02 5.712687e-03
8.203333e+02 3.880367e-03
8.206667e+02 2.616454e-03
8.210000e+02 5.385935e-03
8.213333e+02 3.795283e-03
8.216667e+02 2.612559e-03
8.220000e+02 1.127632e-03
8.223333e+02 3.746638e-03
8.226667e+02 2.715380e-03
8.230000e+02 5.493388e-03
8.233333e+02 3.618445e-03
8.236667e+02 2.498102e-03
8.240000e+02 5.296348e-03
8.243333e+02 3.762824e-03
8.246667e+02 2.388186e-03
8.250000e+02 5.463200e-03
8.253333e+02 3.844713e-03
8.256667e+02 2.503236e-03
8.260000e+02 1.211617e-03
8.263333e+02 3.663335e-03
8.266667e+02 2.411009e-03
8.270000e+02 5.493280e-03
8.273333e+02 3.643595e-03
8.276667e+02 2.485701e-03
8.280000e+02 5.642941e-03
8.283333e+02 3.588513e-03
8.286667e+02 2.403323e-03
8.290000e+02 5.397623e-03
8.293333e+02 3.591147e-03
8.296667e+02 2.400290e-03
8.300000e+02 5.873860e-03
8.303333e+02 3.642781e-03
8.306667e+02 2.307372e-03
8.310000e+02 5.477863e-03
8.313333e+02 3.675332e-03
8.316667e+02 2.574593e-03
8.320000e+02 5.341303e-03
8.323333e+02 3.811699e-03
8.326667e+02 2.638170e-03
8.330000e+02 5.274738e-03
8.333333e+02 3.682978e-03
8.336667e+02 2.473088e-03
8.340000e+02 5.142044e-03
8.343333e+02 3.478434e-03
8.346667e+02 2.384990e-03
8.350000e+02 5.231319e-03
8.353333e+02 3.614356e-03
8.356667e+02 2.475843e-03
8.360000e+02 5.645810e-03
8.363333e+02 3.851838e-03
8.366667e+02 2.639971e-03
8.370000e+02 5.554937e-03
8.373333e+02 3.760445e-03
8.376667e+02 2.619104e-03
8.380000e+02 5.487706e-03
8.383333e+02 3.717413e-03
8.386667e+02 2.591699e-03
8.390000e+02 5.730043e-03
8.393333e+02 3.767462e-03
8.396667e+02 2.610485e-03
8.400000e+02 5.511251e-03
8.403333e+02 3.740670e-03
8.406667e+02 2.964948e-03
8.410000e+02 5.415040e-03
8.413333e+02 3.890594e-03
8.416667e+02 2.686187e-03
8.420000e+02 5.707313e-03
8.423333e+02 3.757550e-03
8.426667e+02 2.738988e-03
8.430000e+02 5.686993e-03
8.433333e+02 3.998776e-03
8.436667e+02 2.794213e-03
8.440000e+02 5.633945e-03
8.443333e+02 3.970249e-03
8.446667e+02 2.674438e-03
8.450000e+02 5.600048e-03
8.453333e+02 3.971084e-03
8.456667e+02 2.602106e-03
8.460000e+02 5.782766e-03
8.463333e+02 4.147154e-03
8.466667e+02 2.750074e-03
8.470000e+02 5.512673e-03
8.473333e+02 3.778890e-03
8.476667e+02 2.712559e-03
8.480000e+02 5.275107e-03
8.483333e+02 3.709428e-03
8.486667e+02 2.664092e-03
8.490000e+02 6.080812e-03
8.493333e+02 3.942497e-03
8.496667e+02 5.163271e-04
8.500000e+02 5.549867e-03
8.503333e+02 3.826277e-03
8.506667e+02 2.699567e-03
8.510000e+02 5.693021e-03
8.513333e+02 3.905551e-03
8.516667e+02 2.754822e-03
8.520000e+02 5.460176e-03
8.523333e+02 3.860862e-03
8.526667e+02 2.805160e-03
8.530000e+02 5.690211e-03
8.533333e+02 4.004411e-03
8.536667e+02 2.747449e-03
8.540000e+02 5.447285e-03
8.543333e+02 3.877501e-03
8.546667e+02 2.686071e-03
8.550000e+02 5.827921e-03
8.553333e+02 3.868821e-03
8.556667e+02 2.954108e-03
8.560000e+02 5.521501e-03
8.563333e+02 3.942590e-03
8.566667e+02 3.086190e-03
8.570000e+02 5.535716e-03
8.573333e+02 3.880663e-03
8.576667e+02 2.584046e-03
8.580000e+02 5.629588e-03
8.583333e+02 4.051167e-03
8.586667e+02 2.824418e-03
8.590000e+02 5.470849e-03
8.593333e+02 3.861748e-03
8.596667e+02 2.720539e-03
8.600000e+02 5.538995e-03
8.603333e+02 4.223840e-03
8.606667e+02 2.799978e-03
8.610000e+02 5.598308e-03
8.613333e+02 4.140172e-03
8.616667e+02 2.521822e-03
8.620000e+02 5.582982e-03
8.623333e+02 3.748431e-03
8.626667e+02 2.861320e-03
8.630000e+02 5.580307e-03
8.633333e+02 3.817699e-03
8.636667e+02 3.052140e-03
8.640000e+02 5.190295e-03
8.643333e+02 3.846006e-03
8.646667e+02 2.776645e-03
8.650000e+02 5.560834e-03
8.653333e+02 4.150255e-03
8.656667e+02 2.708384e-03
8.660000e+02 5.416366e-03
8.663333e+02 3.905133e-03
8.666667e+02 2.631060e-03
8.670000e+02 5.436749e-03
8.673333e+02 3.536094e-03
8.676667e+02 2.637163e-03
8.680000e+02 5.379730e-03
8.683333e+02 3.666296e-03
8.686667e+02 2.622887e-03
8.690000e+02 5.248513e-03
8.693333e+02 3.714411e-03
8.696667e+02 2.383523e-03
8.700000e+02 5.297106e-03
8.703333e+02 3.723185e-03
8.706667e+02 2.523708e-03
8.710000e+02 5.339943e-03
8.713333e+02 3.790489e-03
8.716667e+02 2.639829e-03
8.720000e+02 5.189041e-03
8.723333e+02 4.012407e-03
8.726667e+02 2.816802e-03
8.730000e+02 5.083580e-03
8.733333e+02 3.726253e-03
8.736667e+02 2.518547e-03
8.740000e+02 5.594767e-03
8.743333e+02 3.812610e-03
8.746667e+02 2.668545e-03
8.750000e+02 5.095867e-03
8.753333e+02 3.681992e-03
8.756667e+02 2.605233e-03
8.760000e+02 5.219069e-03
8.763333e+02 3.890510e-03
8.766667e+02 2.746519e-03
8.770000e+02 5.351462e-03
8.773333e+02 4.063252e-03
8.776667e+02 2.968664e-03
8.780000e+02 5.310635e-03
8.783333e+02 4.111533e-03
8.786667e+02 2.855743e-03
8.790000e+02 5.452278e-03
8.793333e+02 4.013776e-03
8.796667e+02 2.888570e-03
8.800000e+02 5.859139e-03
8.803333e+02 3.992113e-03
8.806667e+02 2.974406e-03
8.810000e+02 5.687761e-03
8.813333e+02 4.340083e-03
8.816667e+02 3.093761e-03
8.820000e+02 5.904706e-03
8.823333e+02 4.639764e-03
8.826667e+02 3.262495e-03
8.830000e+02 5.444096e-03
8.833333e+02 4.203694e-03
8.836667e+02 3.287445e-03
8.840000e+02 5.867906e-03
8.843333e+02 4.829506e-03
8.846667e+02 3.335643e-03
8.850000e+02 6.397095e-03
8.853333e+02 4.747543e-03
8.856667e+02 3.572065e-03
8.860000e+02 6.201952e-03
8.863333e+02 4.731707e-03
8.866667e+02 3.226737e-03
8.870000e+02 5.474854e-03
8.873333e+02 4.332237e-03
8.876667e+02 4.584953e-04
8.880000e+02 5.778105e-03
8.883333e+02 6.325274e-04
8.890000e+02 7.570969e-03
8.893333e+02 8.120547e-04
8.900000e+02 7.120477e-03
8.903333e+02 6.654081e-04
8.910000e+02 7.364661e-03
8.913333e+02 5.257030e-04
8.920000e+02 7.190415e-03
8.923333e+02 6.726514e-04
8.930000e+02 7.702318e-03
8.933333e+02 8.675404e-04
8.940000e+02 7.415704e-03
8.943333e+02 6.140263e-04
8.950000e+02 7.462014e-03
8.953333e+02 5.666082e-03
8.956667e+02 4.320689e-04
8.960000e+02 5.695408e-03
8.963333e+02 4.138467e-03
8.966667e+02 3.130375e-03
8.970000e+02 5.820366e-03
8.973333e+02 4.277638e-03
8.976667e+02 2.997947e-03
8.980000e+02 5.611915e-03
8.983333e+02 4.190294e-03
8.986667e+02 2.772605e-03
8.990000e+02 5.717655e-03
8.993333e+02 3.931912e-03
8.996667e+02 2.726833e-03
9.000000e+02 5.642428e-03
9.003333e+02 3.860103e-03
9.006667e+02 2.706685e-03
9.010000e+02 5.708210e-03
9.013333e+02 4.089729e-03
9.016667e+02 2.799932e-03
9.020000e+02 5.661740e-03
9.023333e+02 4.268977e-03
9.026667e+02 2.910196e-03
9.030000e+02 5.683022e-03
9.033333e+02 3.947232e-03
9.036667e+02 2.797792e-03
9.040000e+02 5.631010e-03
9.043333e+02 4.081872e-03
9.046667e+02 2.866832e-03
9.050000e+02 5.524351e-03
9.053333e+02 4.018134e-03
9.056667e+02 2.772380e-03
9.060000e+02 5.699522e-03
9.063333e+02 4.442255e-03
9.066667e+02 2.798685e-03
9.070000e+02 5.521435e-03
9.073333e+02 3.867369e-03
9.076667e+02 2.792449e-03
9.080000e+02 5.781369e-03
9.083333e+02 3.909810e-03
9.086667e+02 2.751756e-03
9.090000e+02 6.100863e-03
9.093333e+02 4.249547e-03
9.096667e+02 2.948951e-03
9.100000e+02 5.990494e-03
9.103333e+02 4.108113e-03
9.106667e+02 3.112378e-03
9.110000e+02 9.103490e-04
9.120000e+02 1.160169e-03
9.123333e+02 6.564056e-04
9.130000e+02 1.093026e-03
9.133333e+02 7.426105e-04
9.140000e+02 1.064228e-03
9.143333e+02 7.484251e-04
9.150000e+02 1.093578e-03
9.153333e+02 6.380201e-04
9.160000e+02 9.655366e-04
9.170000e+02 1.352012e-03
9.173333e+02 9.157059e-04
9.180000e+02 1.179717e-03
9.183333e+02 7.201880e-04
9.190000e+02 6.813203e-03
9.193333e+02 6.170717e-04
9.200000e+02 6.734860e-03
9.203333e+02 4.758829e-03
9.206667e+02 4.083634e-04
9.210000e+02 9.206617e-04
9.220000e+02 1.456964e-03
9.223333e+02 9.532720e-04
9.230000e+02 1.121480e-03
9.233333e+02 4.943048e-03
9.236667e+02 3.269769e-03
9.240000e+02 8.361088e-04
9.250000e+02 7.650645e-03
9.253333e+02 4.993289e-03
9.256667e+02 4.124950e-03
9.260000e+02 9.922248e-04
9.270000e+02 1.821630e-03
9.273333e+02 1.097153e-03
9.276667e+02 4.541799e-04
9.280000e+02 6.591645e-04
9.290000e+02 9.386020e-04
9.300000e+02 9.425671e-04
9.310000e+02 1.034398e-03
9.313333e+02 7.571012e-04
9.320000e+02 1.054610e-03
9.323333e+02 5.298061e-04
9.330000e+02 6.631907e-04
9.340000e+02 9.884981e-04
9.350000e+02 9.609372e-04
9.360000e+02 1.031631e-02
9.363333e+02 7.085589e-03
9.366667e+02 4.596545e-03
9.370000e+02 6.775416e-04
9.380000e+02 7.843938e-04
9.390000e+02 9.532506e-03
9.393333e+02 6.113710e-03
9.396667e+02 4.085884e-03
9.400000e+02 7.438671e-04
9.410000e+02 7.915823e-03
9.413333e+02 5.311541e-03
9.416667e+02 3.276932e-03
9.420000e+02 5.669001e-03
9.423333e+02 3.623831e-03
9.426667e+02 2.300787e-03
9.430000e+02 4.967999e-03
9.433333e+02 3.441824e-03
9.436667e+02 2.195147e-03
9.440000e+02 5.023272e-03
9.443333e+02 3.388758e-03
9.446667e+02 2.332126e-03
9.450000e+02 5.111119e-03
9.453333e+02 3.993574e-03
9.456667e+02 2.354124e-03
9.460000e+02 5.190206e-03
9.463333e+02 3.410270e-03
9.466667e+02 2.347216e-03
9.470000e+02 5.462123e-03
9.473333e+02 3.840314e-03
9.476667e+02 2.698864e-03
9.480000e+02 5.773323e-03
9.483333e+02 3.729133e-03
9.486667e+02 2.378590e-03
9.490000e+02 6.109755e-03
9.493333e+02 3.763625e-03
9.496667e+02 2.496921e-03
9.500000e+02 5.824311e-03
9.503333e+02 3.813133e-03
9.506667e+02 2.488211e-03
9.510000e+02 5.613301e-03
9.513333e+02 3.956262e-03
9.516667e+02 2.694639e-03
9.520000e+02 5.954599e-03
9.523333e+02 4.024243e-03
9.526667e+02 2.566653e-03
9.530000e+02 6.237425e-03
9.533333e+02 4.202245e-03
9.536667e+02 2.708355e-03
9.540000e+02 5.894905e-03
9.543333e+02 4.163975e-03
9.546667e+02 2.848555e-03
9.550000e+02 6.334715e-03
9.553333e+02 4.361991e-03
9.556667e+02 2.972300e-03
9.560000e+02 5.806377e-03
9.563333e+02 4.109826e-03
9.566667e+02 5.260443e-04
9.570000e+02 9.183923e-04
9.580000e+02 1.455011e-03
9.583333e+02 8.800448e-04
9.590000e+02 1.128586e-03
9.593333e+02 8.682408e-04
9.600000e+02 7.278085e-03
9.603333e+02 8.260037e-04
9.610000e+02 7.524009e-03
9.613333e+02 5.050267e-03
9.616667e+02 3.356943e-03
9.620000e+02 1.595625e-03
9.623333e+02 4.283905e-03
9.626667e+02 2.979698e-03
9.630000e+02 5.933246e-03
9.633333e+02 4.050424e-03
9.636667e+02 2.828908e-03
9.640000e+02 5.478016e-03
9.643333e+02 4.313569e-03
9.646667e+02 2.949813e-03
9.650000e+02 5.506463e-03
9.653333e+02 4.061644e-03
9.656667e+02 2.934961e-03
9.660000e+02 5.508653e-03
9.663333e+02 4.027614e-03
9.666667e+02 2.942707e-03
9.670000e+02 5.368129e-03
9.673333e+02 4.060028e-03
9.676667e+02 3.195804e-03
9.680000e+02 5.409661e-03
9.683333e+02 4.015937e-03
9.686667e+02 3.025856e-03
9.690000e+02 5.266174e-03
9.693333e+02 3.842802e-03
9.696667e+02 2.735618e-03
9.700000e+02 5.123216e-03
9.703333e+02 3.984437e-03
9.706667e+02 3.018751e-03
9.710000e+02 5.620267e-03
9.713333e+02 3.512913e-03
9.716667e+02 2.747026e-03
9.720000e+02 5.125793e-03
9.723333e+02 3.696086e-03
9.726667e+02 2.775279e-03
9.730000e+02 5.501871e-03
9.733333e+02 3.833681e-03
9.736667e+02 2.649019e-03
9.740000e+02 5.420077e-03
9.743333e+02 3.747615e-03
9.746667e+02 2.724438e-03
9.750000e+02 5.175623e-03
9.753333e+02 3.830434e-03
9.756667e+02 2.664344e-03
9.760000e+02 5.864518e-03
9.763333e+02 4.107833e-03
9.766667e+02 2.811315e-03
9.770000e+02 5.617206e-03
9.773333e+02 3.706625e-03
9.776667e+02 2.645737e-03
9.780000e+02 5.286169e-03
9.783333e+02 3.847728e-03
9.786667e+02 2.695587e-03
9.790000e+02 5.520696e-03
9.793333e+02 3.823768e-03
9.796667e+02 2.701763e-03
9.800000e+02 6.238820e-03
9.803333e+02 3.876539e-03
9.806667e+02 2.468521e-03
9.810000e+02 5.532889e-03
9.813333e+02 3.853098e-03
9.816667e+02 2.861838e-03
9.820000e+02 7.653759e-03
9.823333e+02 4.169369e-03
9.826667e+02 2.788961e-03
9.830000e+02 5.657225e-03
9.833333e+02 3.850350e-03
9.836667e+02 2.917538e-03
9.840000e+02 5.521302e-03
9.843333e+02 3.835819e-03
9.846667e+02 2.724640e-03
9.850000e+02 6.107399e-03
9.853333e+02 3.882433e-03
9.856667e+02 2.585988e-03
9.860000e+02 5.305923e-03
9.863333e+02 3.995572e-03
9.866667e+02 2.619309e-03
9.870000e+02 5.544985e-03
9.873333e+02 3.983149e-03
9.876667e+02 2.783071e-03
9.880000e+02 5.690887e-03
9.883333e+02 3.910455e-03
9.886667e+02 2.799262e-03
9.890000e+02 5.519805e-03
9.893333e+02 3.836490e-03
9.896667e+02 2.744938e-03
9.900000e+02 5.410940e-03
9.903333e+02 4.028495e-03
9.906667e+02 3.106602e-03
9.910000e+02 5.694298e-03
9.913333e+02 3.920532e-03
9.916667e+02 2.749452e-03
9.920000e+02 5.397342e-03
9.923333e+02 3.970692e-03
9.926667e+02 2.580757e-03
9.930000e+02 5.622530e-03
9.933333e+02 3.759057e-03
9.936667e+02 2.697823e-03
9.940000e+02 5.431178e-03
9.943333e+02 4.053630e-03
9.946667e+02 2.806548e-03
9.950000e+02 5.049988e-03
9.953333e+02 3.556501e-03
9.956667e+02 2.674555e-03
9.960000e+02 5.422170e-03
9.963333e+02 3.815981e-03
9.966667e+02 2.788557e-03
9.970000e+02 5.173946e-03
9.973333e+02 3.877471e-03
9.976667e+02 2.884503e-03
9.980000e+02 5.177140e-03
9.983333e+02 4.053050e-03
9.986667e+02 2.698635e-03
9.990000e+02 5.057679e-03
9.993333e+02 3.746365e-03
9.996667e+02 3.017450e-03
1.000000e+03 5.346636e-03
1.000333e+03 3.708241e-03
1.000667e+03 2.905640e-03
1.001000e+03 5.186045e-03
1.001333e+03 4.350765e-03
1.001667e+03 2.685175e-03
1.002000e+03 5.160525e-03
1.002333e+03 3.706833e-03
1.002667e+03 2.585456e-03
1.003000e+03 5.273717e-03
1.003333e+03 3.785682e-03
1.003667e+03 2.550451e-03
1.004000e+03 5.325607e-03
1.004333e+03 3.689798e-03
1.004667e+03 2.577430e-03
1.005000e+03 5.149541e-03
1.005333e+03 3.693182e-03
1.005667e+03 2.700782e-03
1.006000e+03 5.252295e-03
1.006333e+03 3.958062e-03
1.006667e+03 2.634690e-03
1.007000e+03 5.480670e-03
1.007333e+03 3.908255e-03
1.007667e+03 2.560778e-03
1.008000e+03 5.453181e-03
1.008333e+03 3.930756e-03
1.008667e+03 2.699127e-03
1.009000e+03 5.670703e-03
1.009333e+03 4.070825e-03
1.009667e+03 2.783421e-03
1.010000e+03 5.587153e-03
1.010333e+03 4.064951e-03
1.010667e+03 2.656150e-03
1.011000e+03 5.412515e-03
1.011333e+03 3.958339e-03
1.011667e+03 2.721064e-03
1.012000e+03 5.627415e-03
1.012333e+03 3.940559e-03
1.012667e+03 2.710943e-03
1.013000e+03 5.633126e-03
1.013333e+03 7.673386e-04
1.014000e+03 7.042253e-03
1.014333e+03 4.762479e-03
1.014667e+03 3.178828e-03
1.015000e+03 6.390369e-03
1.015333e+03 4.197312e-03
1.015667e+03 2.799807e-03
1.016000e+03 5.939943e-03
1.016333e+03 4.014284e-03
1.016667e+03 2.711037e-03
1.017000e+03 6.258279e-03
1.017333e+03 4.211964e-03
1.017667e+03 2.921409e-03
1.018000e+03 6.045745e-03
1.018333e+03 8.467543e-04
1.019000e+03 7.012544e-03
1.019333e+03 5.094741e-03
1.019667e+03 3.455056e-03
1.020000e+03 6.258458e-03
1.020333e+03 4.452128e-03
1.020667e+03 3.002889e-03
1.021000e+03 6.081765e-03
1.021333e+03 4.548278e-03
1.021667e+03 3.128532e-03
1.022000e+03 6.128711e-03
1.022333e+03 4.509259e-03
1.022667e+03 3.017195e-03
1.023000e+03 5.949526e-03
1.023333e+03 4.141426e-03
1.023667e+03 3.315060e-03
1.024000e+03 6.093821e-03
1.024333e+03 4.398230e-03
1.024667e+03 3.197118e-03
1.025000e+03 5.941047e-03
1.025333e+03 4.392051e-03
1.025667e+03 3.202506e-03
1.026000e+03 6.653782e-03
1.026333e+03 7.135837e-04
1.027000e+03 8.772043e-04
1.028000e+03 1.323872e-03
1.028333e+03 1.099471e-03
1.028667e+03 7.684699e-04
1.029000e+03 9.498526e-04
1.030000e+03 1.403324e-03
1.030333e+03 9.042201e-04
1.031000e+03 1.183309e-03
1.031333e+03 8.640761e-04
1.032000e+03 1.895129e-03
1.032333e+03 1.261097e-03
1.032667e+03 5.417599e-04
1.033000e+03 9.921182e-04
1.034000e+03 1.295684e-03
1.034333e+03 9.451662e-04
1.035000e+03 1.127759e-03
1.035333e+03 1.481331e-03
1.035667e+03 1.108801e-04
1.036000e+03 6.526075e-04
1.037000e+03 1.195409e-03
1.037333e+03 1.166473e-03
1.037667e+03 1.150945e-03
1.038000e+03 6.350466e-04
1.039000e+03 9.119983e-04
1.040000e+03 1.257311e-03
1.040333e+03 9.173303e-04
1.041000e+03 9.388313e-04
1.042000e+03 1.660051e-03
1.042333e+03 9.707710e-04
1.043000e+03 7.847194e-03
1.043333e+03 7.148592e-04
1.044000e+03 7.004123e-03
1.044333e+03 5.002874e-03
1.044667e+03 3.820618e-03
1.045000e+03 5.611283e-03
1.045333e+03 4.161311e-03
1.045667e+03 2.979579e-03
1.046000e+03 5.325035e-03
1.046333e+03 3.771732e-03
1.046667e+03 2.928517e-03
1.047000e+03 5.559549e-03
1.047333e+03 3.740250e-03
1.047667e+03 2.690150e-03
1.048000e+03 5.567309e-03
1.048333e+03 3.936213e-03
1.048667e+03 2.694165e-03
1.049000e+03 5.665924e-03
1.049333e+03 4.019845e-03
1.049667e+03 2.809600e-03
1.050000e+03 5.602441e-03
1.050333e+03 3.980150e-03
1.050667e+03 2.688134e-03
1.051000e+03 5.868288e-03
1.051333e+03 3.986674e-03
1.051667e+03 2.694991e-03
1.052000e+03 5.886767e-03
1.052333e+03 3.916656e-03
1.052667e+03 5.461174e-04
1.053000e+03 5.924112e-03
1.053333e+03 4.133291e-03
1.053667e+03 2.637438e-03
1.054000e+03 9.994950e-04
1.055000e+03 1.349617e-03
1.055333e+03 7.172740e-04
1.056000e+03 1.235677e-03
1.056333e+03 6.925585e-04
1.057000e+03 1.181035e-03
1.057333e+03 8.469344e-04
1.058000e+03 7.651462e-03
1.058333e+03 5.245069e-03
1.058667e+03 3.545365e-03
1.059000e+03 6.711981e-03
1.059333e+03 6.866104e-04
1.060000e+03 7.137764e-03
1.060333e+03 5.231906e-03
1.060667e+03 3.347697e-03
1.061000e+03 6.334528e-03
1.061333e+03 4.518339e-03
1.061667e+03 7.213354e-04
1.062000e+03 5.983361e-03
1.062333e+03 4.390460e-03
1.062667e+03 3.057520e-03
1.063000e+03 6.087420e-03
1.063333e+03 4.336848e-03
1.063667e+03 2.916510e-03
1.064000e+03 6.070895e-03
1.064333e+03 4.260579e-03
1.064667e+03 2.808805e-03
1.065000e+03 6.271715e-03
1.065333e+03 4.394658e-03
1.065667e+03 2.968277e-03
1.066000e+03 6.195176e-03
1.066333e+03 4.490003e-03
1.066667e+03 3.042418e-03
1.067000e+03 5.898638e-03
1.067333e+03 4.239563e-03
1.067667e+03 2.920616e-03
1.068000e+03 6.104321e-03
1.068333e+03 4.313150e-03
1.068667e+03 3.073472e-03
1.069000e+03 5.795637e-03
1.069333e+03 4.196156e-03
1.069667e+03 2.902548e-03
1.070000e+03 6.054987e-03
1.070333e+03 4.189605e-03
1.070667e+03 2.970275e-03
1.071000e+03 5.818222e-03
1.071333e+03 4.350781e-03
1.071667e+03 2.907577e-03
1.072000e+03 5.833777e-03
1.072333e+03 4.172508e-03
1.072667e+03 3.038026e-03
1.073000e+03 5.752590e-03
1.073333e+03 4.240437e-03
1.073667e+03 3.014751e-03
1.074000e+03 6.038798e-03
1.074333e+03 4.121597e-03
1.074667e+03 2.979476e-03
1.075000e+03 5.689785e-03
1.075333e+03 4.296156e-03
1.075667e+03 3.097977e-03
1.076000e+03 6.232944e-03
1.076333e+03 4.033582e-03
1.076667e+03 2.880874e-03
1.077000e+03 5.577103e-03
1.077333e+03 4.027585e-03
1.077667e+03 2.830965e-03
1.078000e+03 5.794196e-03
1.078333e+03 3.958740e-03
1.078667e+03 2.844156e-03
1.079000e+03 5.630345e-03
1.079333e+03 4.220170e-03
1.079667e+03 2.784447e-03
1.080000e+03 5.991776e-03
1.080333e+03 4.297792e-03
1.080667e+03 2.893405e-03
1.081000e+03 5.710387e-03
1.081333e+03 4.367699e-03
1.081667e+03 2.907093e-03
1.082000e+03 5.813866e-03
1.082333e+03 4.179635e-03
1.082667e+03 2.916048e-03
1.083000e+03 5.624952e-03
1.083333e+03 3.980091e-03
1.083667e+03 2.810461e-03
1.084000e+03 5.707085e-03
1.084333e+03 4.159664e-03
1.084667e+03 2.883145e-03
1.085000e+03 5.832863e-03
1.085333e+03 4.299014e-03
1.085667e+03 2.860334e-03
1.086000e+03 5.900265e-03
1.086333e+03 4.242017e-03
1.086667e+03 2.912350e-03
1.087000e+03 6.270360e-03
1.087333e+03 4.145599e-03
1.087667e+03 3.009137e-03
1.088000e+03 5.788335e-03
1.088333e+03 4.381271e-03
1.088667e+03 3.141096e-03
1.089000e+03 5.826019e-03
1.089333e+03 4.137820e-03
1.089667e+03 2.937355e-03
1.090000e+03 6.314232e-03
1.090333e+03 4.651734e-03
1.090667e+03 3.524846e-03
1.091000e+03 6.308749e-03
1.091333e+03 4.734422e-03
1.091667e+03 2.957640e-03
1.092000e+03 5.762087e-03
1.092333e+03 4.140356e-03
1.092667e+03 2.870705e-03
1.093000e+03 5.690195e-03
1.093333e+03 3.969544e-03
1.093667e+03 2.981583e-03
1.094000e+03 6.118841e-03
1.094333e+03 4.280442e-03
1.094667e+03 2.742367e-03
1.095000e+03 5.628919e-03
1.095333e+03 4.071226e-03
1.095667e+03 2.762196e-03
1.096000e+03 5.418225e-03
1.096333e+03 4.115193e-03
1.096667e+03 2.927184e-03
1.097000e+03 5.496956e-03
1.097333e+03 4.021165e-03
1.097667e+03 2.713762e-03
1.098000e+03 5.556885e-03
1.098333e+03 3.935724e-03
1.098667e+03 2.673432e-03
1.099000e+03 5.147030e-03
1.099333e+03 3.739830e-03
1.099667e+03 2.858886e-03
1.100000e+03 5.142649e-03
1.100333e+03 3.996263e-03
1.100667e+03 2.866002e-03
1.101000e+03 5.329947e-03
1.101333e+03 3.766394e-03
1.101667e+03 2.813689e-03
1.102000e+03 5.304099e-03
1.102333e+03 3.970890e-03
1.102667e+03 2.860177e-03
1.103000e+03 5.260289e-03
1.103333e+03 4.278405e-03
1.103667e+03 2.758695e-03
1.104000e+03 5.214076e-03
1.104333e+03 3.866844e-03
1.104667e+03 2.784606e-03
1.105000e+03 5.321028e-03
1.105333e+03 3.654866e-03
1.105667e+03 3.151543e-03
1.106000e+03 5.169237e-03
1.106333e+03 3.737494e-03
1.106667e+03 2.663111e-03
1.107000e+03 4.938825e-03
1.107333e+03 3.728414e-03
1.107667e+03 2.657741e-03
1.108000e+03 5.207412e-03
1.108333e+03 3.755391e-03
1.108667e+03 2.656122e-03
1.109000e+03 5.771094e-03
1.109333e+03 3.917851e-03
1.109667e+03 2.971133e-03
1.110000e+03 5.517308e-03
1.110333e+03 3.870943e-03
1.110667e+03 2.899912e-03
1.111000e+03 5.811054e-03
1.111333e+03 3.839280e-03
1.111667e+03 2.607797e-03
1.112000e+03 7.247476e-03
1.112333e+03 4.159333e-03
1.112667e+03 2.794335e-03
1.113000e+03 5.620979e-03
1.113333e+03 4.117154e-03
1.113667e+03 2.969510e-03
1.114000e+03 5.587392e-03
1.114333e+03 4.190592e-03
1.114667e+03 2.769648e-03
1.115000e+03 5.739679e-03
1.115333e+03 4.209311e-03
1.115667e+03 3.016796e-03
1.116000e+03 6.323755e-03
1.116333e+03 4.517496e-03
1.116667e+03 3.376611e-03
1.117000e+03 6.470095e-03
1.117333e+03 7.574299e-04
1.118000e+03 1.125975e-03
1.118333e+03 7.475053e-04
1.119000e+03 1.032346e-03
1.119333e+03 6.663081e-04
1.120000e+03 9.554676e-04
1.121000e+03 1.274207e-03
1.121333e+03 7.956274e-04
1.122000e+03 1.026130e-03
1.122333e+03 9.529448e-04
1.123000e+03 1.103128e-03
1.123333e+03 6.997347e-04
1.124000e+03 1.016926e-03
1.124333e+03 7.230120e-04
1.125000e+03 1.283477e-03
1.125333e+03 6.707997e-04
1.126000e+03 1.221296e-03
1.126333e+03 7.402057e-04
1.127000e+03 7.228652e-03
1.127333e+03 5.073018e-03
1.127667e+03 6.653913e-04
1.128000e+03 6.222027e-03
1.128333e+03 4.533107e-03
1.128667e+03 3.055821e-03
1.129000e+03 5.848578e-03
1.129333e+03 4.386214e-03
1.129667e+03 3.120676e-03
1.130000e+03 6.377191e-03
1.130333e+03 4.285193e-03
1.130667e+03 3.045951e-03
1.131000e+03 6.360123e-03
1.131333e+03 4.252068e-03
1.131667e+03 2.894026e-03
1.132000e+03 5.744929e-03
1.132333e+03 4.066972e-03
1.132667e+03 3.139579e-03
1.133000e+03 1.311634e-03
1.133333e+03 4.234415e-03
1.133667e+03 3.174629e-03
1.134000e+03 5.897622e-03
1.134333e+03 3.895901e-03
1.134667e+03 2.780724e-03
1.135000e+03 5.714493e-03
1.135333e+03 4.094236e-03
1.135667e+03 2.992098e-03
1.136000e+03 6.156311e-03
1.136333e+03 4.427328e-03
1.136667e+03 2.946467e-03
1.137000e+03 5.757990e-03
1.137333e+03 3.948772e-03
1.137667e+03 3.097201e-03
1.138000e+03 5.971037e-03
1.138333e+03 4.485941e-03
1.138667e+03 3.018483e-03
1.139000e+03 6.245766e-03
1.139333e+03 6.912194e-04
1.140000e+03 1.198512e-03
1.140333e+03 8.624983e-04
1.141000e+03 1.192947e-03
1.141333e+03 8.010814e-04
1.142000e+03 1.308396e-03
1.142333e+03 8.276820e-04
1.143000e+03 1.336456e-03
1.143333e+03 9.820956e-04
1.144000e+03 1.204115e-03
1.144333e+03 7.837994e-04
1.145000e+03 8.105581e-03
1.145333e+03 8.140289e-04
1.146000e+03 1.291399e-03
1.146333e+03 5.885773e-03
1.146667e+03 7.414498e-04
1.147000e+03 6.926387e-03
1.147333e+03 4.940644e-03
1.147667e+03 5.467944e-04
1.148000e+03 6.617858e-03
1.148333e+03 4.972029e-03
1.148667e+03 3.363206e-03
1.149000e+03 7.202245e-03
1.149333e+03 4.696926e-03
1.149667e+03 3.365919e-03
1.150000e+03 6.520621e-03
1.150333e+03 4.568889e-03
1.150667e+03 3.315566e-03
1.151000e+03 6.341375e-03
1.151333e+03 7.377739e-04
1.152000e+03 1.037746e-03
1.152333e+03 6.269402e-04
1.153000e+03 1.255102e-03
1.153333e+03 6.195825e-04
1.154000e+03 1.090899e-03
1.154333e+03 9.124218e-04
1.155000e+03 1.087321e-03
1.155333e+03 8.488393e-04
1.156000e+03 1.124413e-03
1.156333e+03 8.243988e-04
1.157000e+03 1.104061e-03
1.157333e+03 6.190926e-04
1.158000e+03 8.165102e-03
1.158333e+03 5.551455e-03
1.158667e+03 8.053316e-04
1.159000e+03 6.240883e-03
1.159333e+03 1.125466e-03
1.159667e+03 4.844363e-04
1.160000e+03 6.134476e-03
1.160333e+03 5.358128e-04
1.161000e+03 1.057740e-03
1.161333e+03 7.416448e-04
1.162000e+03 7.381346e-03
1.162333e+03 5.342699e-03
1.162667e+03 6.287450e-04
1.163000e+03 6.586370e-03
1.163333e+03 4.745918e-03
1.163667e+03 5.883868e-04
1.164000e+03 9.389875e-04
1.165000e+03 9.014174e-03
1.165333e+03 6.616724e-03
1.165667e+03 4.469354e-03
1.166000e+03 6.793853e-03
1.166333e+03 6.274001e-04
1.167000e+03 7.346355e-03
1.167333e+03 5.278782e-03
1.167667e+03 5.179940e-04
1.168000e+03 6.955362e-03
1.168333e+03 4.574078e-03
1.168667e+03 3.107298e-03
1.169000e+03 6.775775e-03
1.169333e+03 4.740210e-03
1.169667e+03 3.206214e-03
1.170000e+03 6.296505e-03
1.170333e+03 7.257486e-04
1.171000e+03 1.090257e-03
1.171333e+03 6.054865e-04
1.172000e+03 1.064114e-03
1.172333e+03 7.718738e-04
1.173000e+03 1.177389e-03
1.173333e+03 8.066060e-04
1.174000e+03 1.314447e-03
1.174333e+03 9.040532e-04
1.175000e+03 1.158961e-03
1.175333e+03 1.207747e-03
1.175667e+03 6.000527e-04
1.176000e+03 9.006345e-04
1.177000e+03 1.221775e-03
1.177333e+03 7.580469e-04
1.178000e+03 1.331059e-03
1.178333e+03 5.678980e-03
1.178667e+03 6.078613e-04
1.179000e+03 6.815603e-03
1.179333e+03 4.976543e-03
1.179667e+03 3.515340e-03
1.180000e+03 6.748688e-03
1.180333e+03 1.110344e-03
1.180667e+03 7.442772e-04
1.181000e+03 6.253707e-03
1.181333e+03 4.588823e-03
1.181667e+03 3.045435e-03
1.182000e+03 6.458433e-03
1.182333e+03 4.521003e-03
1.182667e+03 3.172046e-03
1.183000e+03 6.452273e-03
1.183333e+03 4.326079e-03
1.183667e+03 3.040687e-03
1.184000e+03 6.156603e-03
1.184333e+03 4.724548e-03
1.184667e+03 3.064607e-03
1.185000e+03 6.325148e-03
1.185333e+03 4.568898e-03
1.185667e+03 3.166306e-03
1.186000e+03 6.337416e-03
1.186333e+03 4.591268e-03
1.186667e+03 3.254482e-03
1.187000e+03 6.312886e-03
1.187333e+03 4.566961e-03
1.187667e+03 3.232594e-03
1.188000e+03 6.635586e-03
1.188333e+03 4.674647e-03
1.188667e+03 3.190719e-03
1.189000e+03 6.786386e-03
1.189333e+03 4.623327e-03
1.189667e+03 3.243410e-03
1.190000e+03 6.617882e-03
1.190333e+03 4.645200e-03
1.190667e+03 8.780074e-04
1.191000e+03 6.500200e-03
1.191333e+03 4.509565e-03
1.191667e+03 3.371300e-03
1.192000e+03 6.705270e-03
1.192333e+03 4.838650e-03
1.192667e+03 3.267785e-03
1.193000e+03 6.773200e-03
1.193333e+03 4.601114e-03
1.193667e+03 3.399428e-03
1.194000e+03 6.692115e-03
1.194333e+03 4.824394e-03
1.194667e+03 3.610457e-03
1.195000e+03 6.664183e-03
1.195333e+03 4.878144e-03
1.195667e+03 3.299503e-03
1.196000e+03 6.720044e-03
1.196333e+03 4.803199e-03
1.196667e+03 3.253497e-03
1.197000e+03 6.839121e-03
1.197333e+03 4.878297e-03
1.197667e+03 3.377040e-03
1.198000e+03 7.065026e-03
1.198333e+03 4.833892e-03
1.198667e+03 3.458532e-03
1.199000e+03 6.827646e-03
1.199333e+03 9.247030e-04
1.200000e+03 7.870592e-03
1.200333e+03 5.714571e-03
1.200667e+03 3.994592e-03
1.201000e+03 8.781167e-03
1.201333e+03 4.926884e-03
1.201667e+03 3.458288e-03
1.202000e+03 6.585198e-03
1.202333e+03 4.936450e-03
1.202667e+03 3.261851e-03
1.203000e+03 6.605968e-03
1.203333e+03 5.140493e-03
1.203667e+03 3.343366e-03
1.204000e+03 6.853402e-03
1.204333e+03 4.803859e-03
1.204667e+03 3.435403e-03
1.205000e+03 6.667499e-03
1.205333e+03 4.650034e-03
1.205667e+03 3.374462e-03
1.206000e+03 6.681362e-03
1.206333e+03 4.801250e-03
1.206667e+03 3.519958e-03
1.207000e+03 6.392597e-03
1.207333e+03 4.435412e-03
1.207667e+03 3.298532e-03
1.208000e+03 6.719880e-03
1.208333e+03 4.877123e-03
1.208667e+03 3.492030e-03
1.209000e+03 6.403367e-03
1.209333e+03 4.818836e-03
1.209667e+03 3.312801e-03
1.210000e+03 6.294524e-03
1.210333e+03 4.425851e-03
1.210667e+03 3.167186e-03
1.211000e+03 6.551651e-03
1.211333e+03 4.375348e-03
1.211667e+03 3.125766e-03
1.212000e+03 6.405515e-03
1.212333e+03 4.566877e-03
1.212667e+03 3.134062e-03
1.213000e+03 6.009521e-03
1.213333e+03 4.389561e-03
1.213667e+03 3.304222e-03
1.214000e+03 6.452488e-03
1.214333e+03 4.376177e-03
1.214667e+03 3.176313e-03
1.215000e+03 6.045646e-03
1.215333e+03 4.263226e-03
1.215667e+03 2.961305e-03
1.216000e+03 5.956083e-03
1.216333e+03 4.491238e-03
1.216667e+03 3.025840e-03
1.217000e+03 6.154376e-03
1.217333e+03 4.373172e-03
1.217667e+03 3.147612e-03
1.218000e+03 6.390559e-03
1.218333e+03 4.284595e-03
1.218667e+03 3.176746e-03
1.219000e+03 6.193409e-03
1.219333e+03 4.679797e-03
1.219667e+03 3.078489e-03
1.220000e+03 6.413418e-03
1.220333e+03 4.686133e-03
1.220667e+03 3.270430e-03
1.221000e+03 6.241774e-03
1.221333e+03 4.320131e-03
1.221667e+03 3.045158e-03
1.222000e+03 5.980811e-03
1.222333e+03 4.351656e-03
1.222667e+03 3.340873e-03
1.223000e+03 6.662872e-03
1.223333e+03 4.667708e-03
1.223667e+03 3.186931e-03
1.224000e+03 6.875566e-03
1.224333e+03 4.595812e-03
1.224667e+03 3.292510e-03
1.225000e+03 6.578156e-03
1.225333e+03 4.727991e-03
1.225667e+03 3.175402e-03
1.226000e+03 6.374285e-03
1.226333e+03 4.452953e-03
1.226667e+03 3.138272e-03
1.227000e+03 6.400626e-03
1.227333e+03 4.476562e-03
1.227667e+03 3.096337e-03
1.228000e+03 6.458727e-03
1.228333e+03 4.859448e-03
1.228667e+03 3.181722e-03
1.229000e+03 6.922110e-03
1.229333e+03 4.794613e-03
1.229667e+03 3.592636e-03
1.230000e+03 8.242492e-03
1.230333e+03 5.130682e-03
1.230667e+03 3.562509e-03
1.231000e+03 7.189662e-03
1.231333e+03 4.973149e-03
1.231667e+03 3.552651e-03
1.232000e+03 7.880224e-03
1.232333e+03 4.930070e-03
1.232667e+03 3.575110e-03
1.233000e+03 7.503283e-03
1.233333e+03 5.461088e-03
1.233667e+03 3.555300e-03
1.234000e+03 6.761104e-03
1.234333e+03 4.716061e-03
1.234667e+03 3.364659e-03
1.235000e+03 7.017285e-03
1.235333e+03 4.948388e-03
1.235667e+03 3.474425e-03
1.236000e+03 6.787640e-03
1.236333e+03 4.849100e-03
1.236667e+03 3.451022e-03
1.237000e+03 7.570670e-03
1.237333e+03 5.323452e-03
1.237667e+03 4.486246e-03
1.238000e+03 7.311912e-03
1.238333e+03 5.335320e-03
1.238667e+03 3.720737e-03
1.239000e+03 1.054428e-03
1.239333e+03 4.936634e-03
1.239667e+03 3.566410e-03
1.240000e+03 7.419941e-03
1.240333e+03 7.615341e-04
1.241000e+03 1.055286e-03
1.241333e+03 9.028543e-04
1.242000e+03 1.075148e-03
1.242333e+03 8.471269e-04
1.243000e+03 1.573202e-03
1.243333e+03 8.702098e-04
1.244000e+03 1.275476e-03
1.244333e+03 9.058065e-04
1.245000e+03 1.309728e-03
1.245333e+03 1.041015e-03
1.245667e+03 4.460712e-03
1.246000e+03 9.313040e-04
1.247000e+03 1.585773e-03
1.247333e+03 1.046120e-03
1.247667e+03 7.878407e-04
1.248000e+03 1.084597e-03
1.248333e+03 6.869094e-04
1.249000e+03 7.841632e-03
1.249333e+03 8.681089e-04
1.250000e+03 1.173020e-03
1.250333e+03 8.802054e-04
1.251000e+03 8.291215e-03
1.251333e+03 6.237378e-03
1.251667e+03 4.291828e-03
1.252000e+03 8.664706e-03
1.252333e+03 5.443061e-03
1.252667e+03 3.869412e-03
1.253000e+03 7.107170e-03
1.253333e+03 1.145181e-03
1.253667e+03 3.591409e-03
1.254000e+03 7.031865e-03
1.254333e+03 5.066940e-03
1.254667e+03 3.642569e-03
1.255000e+03 6.819431e-03
1.255333e+03 5.171009e-03
1.255667e+03 7.934171e-04
1.256000e+03 9.650523e-04
1.257000e+03 1.377980e-03
1.257333e+03 1.162121e-03
1.257667e+03 6.234854e-04
1.258000e+03 1.057563e-03
1.258333e+03 6.972808e-04
1.259000e+03 8.136508e-03
1.259333e+03 5.894553e-03
1.259667e+03 3.859681e-03
1.260000e+03 7.118980e-03
1.260333e+03 5.353272e-03
1.260667e+03 3.756886e-03
1.261000e+03 7.288425e-03
1.261333e+03 5.143916e-03
1.261667e+03 3.605024e-03
1.262000e+03 7.125018e-03
1.262333e+03 5.063381e-03
1.262667e+03 3.795768e-03
1.263000e+03 7.256172e-03
1.263333e+03 5.604892e-03
1.263667e+03 3.911985e-03
1.264000e+03 7.381950e-03
1.264333e+03 5.324838e-03
1.264667e+03 3.471052e-03
1.265000e+03 7.920576e-03
1.265333e+03 5.238824e-03
1.265667e+03 6.007392e-04
1.266000e+03 7.246074e-03
1.266333e+03 6.892974e-04
1.267000e+03 8.925805e-03
1.267333e+03 1.322837e-03
1.267667e+03 8.267806e-04
1.268000e+03 8.398279e-03
1.268333e+03 5.469835e-03
1.268667e+03 7.929825e-04
1.269000e+03 1.109274e-03
1.269333e+03 7.583684e-04
1.270000e+03 1.397453e-03
1.270333e+03 1.239504e-03
1.270667e+03 7.194431e-04
1.271000e+03 1.290989e-03
1.271333e+03 9.040429e-04
1.272000e+03 1.370279e-03
1.272333e+03 1.096727e-03
1.272667e+03 6.562177e-04
1.273000e+03 1.161347e-03
1.273333e+03 9.078733e-04
1.274000e+03 1.096169e-03
1.274333e+03 9.452270e-04
1.275000e+03 1.301839e-03
1.275333e+03 8.684746e-04
1.276000e+03 1.440244e-03
1.276333e+03 7.788395e-04
1.277000e+03 1.224437e-03
1.277333e+03 1.038473e-03
1.277667e+03 7.932438e-04
1.278000e+03 1.056455e-03
1.278333e+03 8.119610e-04
1.279000e+03 1.327775e-03
1.279333e+03 8.187382e-04
1.280000e+03 1.080812e-03
1.280333e+03 1.004140e-03
1.280667e+03 8.236244e-04
1.281000e+03 9.441507e-04
1.282000e+03 1.402754e-03
1.282333e+03 1.081915e-03
1.282667e+03 8.218241e-04
1.283000e+03 1.325500e-03
1.283333e+03 6.571972e-04
1.284000e+03 1.070488e-03
1.284333e+03 1.047945e-03
1.284667e+03 3.610902e-03
1.285000e+03 1.008096e-03
1.285333e+03 7.377832e-04
1.286000e+03 9.686318e-04
1.287000e+03 1.256095e-03
1.287333e+03 8.764521e-04
1.288000e+03 1.054893e-03
1.288333e+03 7.532124e-04
1.289000e+03 1.192990e-03
1.289333e+03 9.093053e-04
1.290000e+03 8.102751e-03
1.290333e+03 1.105802e-03
1.290667e+03 6.609912e-04
1.291000e+03 6.538261e-03
1.291333e+03 6.674451e-04
1.292000e+03 7.295980e-03
1.292333e+03 9.679978e-04
1.293000e+03 7.570163e-03
1.293333e+03 5.348632e-03
1.293667e+03 3.837400e-03
1.294000e+03 6.949818e-03
1.294333e+03 4.966428e-03
1.294667e+03 3.527967e-03
1.295000e+03 6.922471e-03
1.295333e+03 4.601649e-03
1.295667e+03 3.311053e-03
1.296000e+03 6.637341e-03
1.296333e+03 4.589330e-03
1.296667e+03 3.409055e-03
1.297000e+03 6.675618e-03
1.297333e+03 4.679757e-03
1.297667e+03 3.082899e-03
1.298000e+03 6.567384e-03
1.298333e+03 4.681161e-03
1.298667e+03 3.214045e-03
1.299000e+03 7.208544e-03
1.299333e+03 4.931216e-03
1.299667e+03 3.484817e-03
1.300000e+03 6.990687e-03
1.300333e+03 4.775018e-03
1.300667e+03 3.215617e-03
1.301000e+03 7.019682e-03
1.301333e+03 4.853596e-03
1.301667e+03 3.269832e-03
1.302000e+03 7.139817e-03
1.302333e+03 4.837716e-03
1.302667e+03 3.271591e-03
1.303000e+03 8.401113e-03
1.303333e+03 4.967026e-03
1.303667e+03 3.405949e-03
1.304000e+03 7.143396e-03
1.304333e+03 5.031000e-03
1.304667e+03 3.612327e-03
1.305000e+03 7.239679e-03
1.305333e+03 5.377350e-03
1.305667e+03 3.742348e-03
1.306000e+03 7.375743e-03
1.306333e+03 5.184572e-03
1.306667e+03 3.496687e-03
1.307000e+03 7.449804e-03
1.307333e+03 5.225598e-03
1.307667e+03 3.673311e-03
1.308000e+03 7.968016e-03
1.308333e+03 5.542980e-03
1.308667e+03 3.941132e-03
1.309000e+03 7.529767e-03
1.309333e+03 5.392112e-03
1.309667e+03 3.834043e-03
1.310000e+03 7.699943e-03
1.310333e+03 5.500488e-03
1.310667e+03 3.704249e-03
1.311000e+03 7.695477e-03
1.311333e+03 5.494364e-03
1.311667e+03 3.961530e-03
1.312000e+03 7.659681e-03
1.312333e+03 5.157757e-03
1.312667e+03 3.742088e-03
1.313000e+03 7.423767e-03
1.313333e+03 5.643486e-03
1.313667e+03 3.843419e-03
1.314000e+03 9.127337e-03
1.314333e+03 5.647181e-03
1.314667e+03 4.191502e-03
1.315000e+03 7.550026e-03
1.315333e+03 5.622047e-03
1.315667e+03 3.743590e-03
1.316000e+03 7.237222e-03
1.316333e+03 5.095031e-03
1.316667e+03 3.958134e-03
1.317000e+03 7.723350e-03
1.317333e+03 5.358302e-03
1.317667e+03 3.779756e-03
1.318000e+03 7.077887e-03
1.318333e+03 5.140755e-03
1.318667e+03 3.779407e-03
1.319000e+03 7.714095e-03
1.319333e+03 5.405960e-03
1.319667e+03 3.573884e-03
1.320000e+03 7.260356e-03
1.320333e+03 5.196421e-03
1.320667e+03 3.639821e-03
1.321000e+03 6.603366e-03
1.321333e+03 5.223274e-03
1.321667e+03 3.509240e-03
1.322000e+03 7.027314e-03
1.322333e+03 5.005368e-03
1.322667e+03 3.594629e-03
1.323000e+03 7.456406e-03
1.323333e+03 5.211975e-03
1.323667e+03 4.044173e-03
1.324000e+03 7.436424e-03
1.324333e+03 5.117912e-03
1.324667e+03 3.677380e-03
1.325000e+03 7.080247e-03
1.325333e+03 4.879629e-03
1.325667e+03 3.620806e-03
1.326000e+03 7.036437e-03
1.326333e+03 5.277401e-03
1.326667e+03 3.595768e-03
1.327000e+03 7.525547e-03
1.327333e+03 4.928139e-03
1.327667e+03 3.558918e-03
1.328000e+03 6.842156e-03
1.328333e+03 4.670371e-03
1.328667e+03 3.502620e-03
1.329000e+03 7.014147e-03
1.329333e+03 4.756081e-03
1.329667e+03 3.279262e-03
1.330000e+03 6.932556e-03
1.330333e+03 4.891919e-03
1.330667e+03 3.226983e-03
1.331000e+03 7.336361e-03
1.331333e+03 5.083215e-03
1.331667e+03 3.541202e-03
1.332000e+03 7.229684e-03
1.332333e+03 5.157736e-03
1.332667e+03 3.505714e-03
1.333000e+03 7.467220e-03
1.333333e+03 5.087643e-03
1.333667e+03 3.569130e-03
1.334000e+03 7.319869e-03
