Title ="THE FLUX ERR"
Variables=
iter
residual
1.000000e+00 1.072125e-03
2.000000e+00 1.677451e-03
3.000000e+00 1.455084e-03
4.000000e+00 2.901768e-05
5.000000e+00 2.220227e-04
6.000000e+00 1.589507e-04
7.000000e+00 5.933229e-04
8.000000e+00 4.342640e-04
9.000000e+00 4.380058e-04
1.000000e+01 9.644282e-05
1.100000e+01 2.858475e-05
1.200000e+01 1.435484e-05
1.300000e+01 2.064179e-04
1.400000e+01 1.302785e-04
1.500000e+01 1.240454e-04
1.600000e+01 7.929951e-05
1.700000e+01 3.902760e-05
1.800000e+01 2.958232e-05
1.900000e+01 5.336179e-05
2.000000e+01 2.651903e-05
2.100000e+01 2.150426e-05
2.200000e+01 1.572167e-05
2.300000e+01 1.185669e-05
2.400000e+01 1.100375e-05
2.500000e+01 9.818828e-06
2.600000e+01 7.832992e-06
2.700000e+01 7.519499e-06
2.800000e+01 9.029619e-06
2.900000e+01 9.327839e-06
3.000000e+01 8.486285e-06
3.100000e+01 1.694409e-05
3.200000e+01 7.916250e-06
3.300000e+01 9.788346e-06
3.400000e+01 9.862707e-06
3.500000e+01 1.405927e-05
3.600000e+01 1.193281e-06
3.700000e+01 1.088757e-05
3.800000e+01 1.786021e-06
3.900000e+01 4.703730e-06
4.000000e+01 1.140551e-05
4.100000e+01 1.947262e-06
4.200000e+01 2.329581e-06
4.300000e+01 2.738499e-06
4.400000e+01 3.999316e-06
4.500000e+01 2.917113e-06
4.600000e+01 3.725890e-06
4.700000e+01 2.791419e-06
4.800000e+01 1.484532e-05
4.900000e+01 3.277866e-06
5.000000e+01 8.695367e-06
5.100000e+01 1.257253e-05
5.200000e+01 9.504016e-06
5.300000e+01 1.343690e-05
5.400000e+01 1.344409e-05
5.500000e+01 9.553151e-06
5.600000e+01 1.262394e-05
5.700000e+01 1.364215e-05
5.800000e+01 1.047884e-05
5.900000e+01 1.049537e-05
6.000000e+01 7.824319e-06
6.100000e+01 1.349416e-05
6.200000e+01 1.488613e-05
6.300000e+01 1.672358e-05
6.400000e+01 1.855830e-05
6.500000e+01 1.791610e-05
6.600000e+01 1.133382e-05
6.700000e+01 1.853706e-05
6.800000e+01 1.203695e-05
6.900000e+01 3.302512e-06
7.000000e+01 8.766673e-06
7.100000e+01 9.207992e-06
7.200000e+01 9.542490e-06
7.300000e+01 1.200585e-05
7.400000e+01 5.893913e-06
7.500000e+01 4.148563e-06
7.600000e+01 1.205278e-05
7.700000e+01 1.196149e-05
7.800000e+01 5.777856e-06
7.900000e+01 1.051687e-05
8.000000e+01 8.553123e-06
8.100000e+01 8.293863e-06
8.200000e+01 7.023679e-06
8.300000e+01 7.980692e-06
8.400000e+01 9.847499e-06
8.500000e+01 9.690222e-06
8.600000e+01 8.672814e-06
8.700000e+01 7.138423e-06
8.800000e+01 8.373624e-06
8.900000e+01 1.106218e-05
9.000000e+01 6.113027e-06
9.100000e+01 9.349621e-06
9.200000e+01 1.190399e-05
9.300000e+01 1.913173e-05
9.400000e+01 1.572406e-05
9.500000e+01 8.901333e-06
9.600000e+01 5.007569e-06
9.700000e+01 5.189186e-06
9.800000e+01 5.586780e-06
9.900000e+01 7.465035e-06
1.000000e+02 6.384388e-06
1.010000e+02 5.261862e-06
1.020000e+02 4.627489e-06
1.030000e+02 7.100339e-06
1.040000e+02 6.115561e-06
1.050000e+02 3.626707e-05
1.060000e+02 3.322904e-05
1.070000e+02 3.315955e-05
1.080000e+02 3.766400e-05
1.090000e+02 4.014800e-05
1.100000e+02 4.838670e-06
1.110000e+02 3.973267e-05
1.120000e+02 4.252955e-05
1.130000e+02 4.525098e-05
1.140000e+02 4.780244e-05
1.150000e+02 5.012547e-05
1.160000e+02 4.304833e-05
1.170000e+02 5.129829e-05
1.180000e+02 4.645843e-05
1.190000e+02 4.897524e-05
1.200000e+02 4.217178e-05
1.210000e+02 4.350424e-05
1.220000e+02 5.320141e-05
1.230000e+02 5.060275e-05
1.240000e+02 5.346063e-05
1.250000e+02 5.470082e-05
1.260000e+02 5.398563e-05
1.270000e+02 6.048095e-05
1.280000e+02 5.353196e-05
1.290000e+02 6.369379e-05
1.300000e+02 6.494280e-05
1.310000e+02 6.911318e-05
1.320000e+02 7.497744e-05
1.330000e+02 6.910730e-05
1.340000e+02 5.670322e-05
1.350000e+02 5.764396e-05
1.360000e+02 6.617330e-05
1.370000e+02 6.153768e-05
1.380000e+02 5.749403e-05
1.390000e+02 4.614125e-05
1.400000e+02 5.891066e-05
1.410000e+02 5.940004e-05
1.420000e+02 6.383902e-05
1.430000e+02 6.020917e-05
1.440000e+02 5.496577e-05
1.450000e+02 4.764943e-05
1.460000e+02 5.321787e-05
1.470000e+02 4.924208e-05
1.480000e+02 4.370833e-05
1.490000e+02 4.224696e-05
1.500000e+02 4.083463e-05
1.510000e+02 3.866105e-05
1.520000e+02 4.080882e-05
1.530000e+02 3.687204e-05
1.540000e+02 3.836645e-05
1.550000e+02 3.516762e-05
1.560000e+02 2.886339e-05
1.570000e+02 2.866865e-05
1.580000e+02 2.891626e-05
1.590000e+02 3.485208e-05
1.600000e+02 3.549178e-05
1.610000e+02 3.938065e-05
1.620000e+02 3.195257e-05
1.630000e+02 3.527361e-05
1.640000e+02 4.088621e-05
1.650000e+02 4.784851e-05
1.660000e+02 4.383738e-05
1.670000e+02 5.602304e-05
1.680000e+02 5.967804e-05
1.690000e+02 6.054191e-05
1.700000e+02 7.194961e-05
1.710000e+02 7.382264e-05
1.720000e+02 7.063390e-05
1.730000e+02 8.224387e-05
1.740000e+02 9.243583e-06
1.750000e+02 6.666899e-05
1.760000e+02 6.650085e-05
1.770000e+02 8.640053e-06
1.780000e+02 6.714068e-05
1.790000e+02 6.496642e-05
1.800000e+02 6.660185e-05
1.810000e+02 7.381597e-05
1.820000e+02 6.587097e-06
1.830000e+02 6.496764e-05
1.840000e+02 1.244813e-05
1.850000e+02 6.239478e-05
1.860000e+02 4.932479e-05
1.870000e+02 5.800270e-05
1.880000e+02 4.509017e-05
1.890000e+02 7.468124e-06
1.900000e+02 7.738811e-06
1.910000e+02 6.969131e-06
1.920000e+02 5.296373e-06
1.930000e+02 1.068527e-05
1.940000e+02 1.008733e-05
1.950000e+02 1.089171e-05
1.960000e+02 7.846308e-06
1.970000e+02 9.502741e-06
1.980000e+02 7.153443e-06
1.990000e+02 1.101382e-05
2.000000e+02 6.766213e-06
2.010000e+02 4.113053e-05
2.020000e+02 4.810646e-05
2.030000e+02 1.226862e-05
2.040000e+02 1.027701e-05
2.050000e+02 8.708975e-06
2.060000e+02 8.772485e-06
2.070000e+02 8.221647e-06
2.080000e+02 3.177482e-05
2.090000e+02 3.682043e-05
2.100000e+02 3.385112e-05
2.110000e+02 2.451691e-05
2.120000e+02 1.733822e-05
2.130000e+02 1.822106e-05
2.140000e+02 1.857265e-05
2.150000e+02 1.916904e-05
2.160000e+02 1.875050e-05
2.170000e+02 2.614321e-05
2.180000e+02 3.045238e-05
2.190000e+02 3.135222e-05
2.200000e+02 4.397597e-05
2.210000e+02 5.305068e-05
2.220000e+02 5.285348e-05
2.230000e+02 5.396794e-05
2.240000e+02 5.050070e-06
2.250000e+02 3.918195e-05
2.260000e+02 6.385103e-05
2.270000e+02 5.286968e-06
2.280000e+02 4.770673e-05
2.290000e+02 5.923432e-05
2.300000e+02 6.017229e-06
2.310000e+02 5.592013e-06
2.320000e+02 8.740085e-06
2.330000e+02 9.087138e-06
2.340000e+02 8.928490e-06
2.350000e+02 5.448382e-05
2.360000e+02 1.867571e-05
2.370000e+02 7.359624e-06
2.380000e+02 7.761028e-06
2.390000e+02 8.194828e-06
2.400000e+02 5.006963e-06
2.410000e+02 5.788092e-06
2.420000e+02 7.438468e-06
2.430000e+02 6.296689e-06
2.440000e+02 9.950806e-06
2.450000e+02 6.097637e-06
2.460000e+02 7.138079e-06
2.470000e+02 1.638822e-05
2.480000e+02 1.280984e-05
2.490000e+02 9.258157e-06
2.500000e+02 8.808179e-06
2.510000e+02 6.875600e-06
2.520000e+02 1.058731e-05
2.530000e+02 1.267694e-05
2.540000e+02 8.831665e-06
2.550000e+02 1.046360e-05
2.560000e+02 7.182267e-06
2.570000e+02 7.020886e-06
2.580000e+02 6.485228e-06
2.590000e+02 6.000547e-06
2.600000e+02 7.426351e-06
2.610000e+02 1.110983e-05
2.620000e+02 8.611617e-06
2.630000e+02 6.681822e-06
2.640000e+02 6.112007e-06
2.650000e+02 6.219831e-06
2.660000e+02 7.107386e-06
2.670000e+02 4.760599e-06
2.680000e+02 4.483669e-06
2.690000e+02 4.778302e-06
2.700000e+02 4.431410e-06
2.710000e+02 4.108250e-06
2.720000e+02 5.454106e-06
2.730000e+02 4.386178e-06
2.740000e+02 2.792912e-06
2.750000e+02 1.791953e-05
2.760000e+02 1.628728e-05
2.770000e+02 1.504360e-05
2.780000e+02 1.787030e-05
2.790000e+02 1.650304e-05
2.800000e+02 9.484180e-06
2.810000e+02 9.803750e-06
2.820000e+02 8.620168e-06
2.830000e+02 8.790429e-06
2.840000e+02 8.681275e-06
2.850000e+02 7.463373e-06
2.860000e+02 6.933435e-06
2.870000e+02 6.428749e-06
2.880000e+02 7.654827e-06
2.890000e+02 7.215035e-06
2.900000e+02 7.485913e-06
2.910000e+02 6.717568e-06
2.920000e+02 6.945883e-06
2.930000e+02 7.096321e-06
2.940000e+02 8.116184e-06
2.950000e+02 7.174750e-06
2.960000e+02 6.066994e-06
2.970000e+02 6.646601e-06
2.980000e+02 7.130445e-06
2.990000e+02 7.708914e-06
3.000000e+02 8.264085e-06
3.010000e+02 7.971082e-06
3.020000e+02 9.138450e-06
3.030000e+02 9.838299e-06
3.040000e+02 1.064703e-05
3.050000e+02 1.094221e-05
3.060000e+02 1.297811e-05
3.070000e+02 1.048074e-05
3.080000e+02 9.432953e-06
3.090000e+02 1.057864e-05
3.100000e+02 1.373449e-05
3.110000e+02 1.412854e-05
3.120000e+02 1.503450e-05
3.130000e+02 1.440166e-05
3.140000e+02 1.501681e-05
3.150000e+02 1.684034e-05
3.160000e+02 1.665586e-05
3.170000e+02 1.330412e-05
3.180000e+02 1.547674e-05
3.190000e+02 1.292047e-05
3.200000e+02 1.373254e-05
3.210000e+02 1.301488e-05
3.220000e+02 1.858662e-05
3.230000e+02 1.517013e-05
3.240000e+02 2.029527e-05
3.250000e+02 1.693733e-05
3.260000e+02 1.933894e-05
3.270000e+02 1.940297e-05
3.280000e+02 2.171959e-05
3.290000e+02 2.019849e-05
3.300000e+02 1.869238e-05
3.310000e+02 1.727549e-05
3.320000e+02 1.754794e-05
3.330000e+02 1.671750e-05
3.340000e+02 2.903787e-06
3.350000e+02 1.753646e-05
3.360000e+02 2.162546e-05
3.370000e+02 2.338655e-05
3.380000e+02 2.600794e-06
3.390000e+02 2.294901e-05
3.400000e+02 3.385466e-06
3.410000e+02 2.363393e-05
3.420000e+02 1.741395e-05
3.430000e+02 2.071703e-05
3.440000e+02 2.366766e-05
3.450000e+02 2.312235e-05
3.460000e+02 2.390520e-05
3.470000e+02 2.216914e-05
3.480000e+02 1.573583e-05
3.490000e+02 2.061836e-05
3.500000e+02 2.213442e-05
3.510000e+02 1.526558e-05
3.520000e+02 2.126963e-05
3.530000e+02 2.091569e-05
3.540000e+02 2.005379e-05
3.550000e+02 1.476259e-05
3.560000e+02 1.192227e-05
3.570000e+02 1.221343e-05
3.580000e+02 1.235410e-05
3.590000e+02 1.433629e-05
3.600000e+02 1.338479e-05
3.610000e+02 1.461798e-05
3.620000e+02 1.199789e-05
3.630000e+02 1.450009e-05
3.640000e+02 1.304219e-05
3.650000e+02 1.463980e-05
3.660000e+02 1.368924e-05
3.670000e+02 1.676598e-05
3.680000e+02 1.412871e-05
3.690000e+02 1.276630e-05
3.700000e+02 1.278247e-05
3.710000e+02 1.161048e-05
3.720000e+02 1.254606e-05
3.730000e+02 9.534348e-06
3.740000e+02 9.730504e-06
3.750000e+02 6.542534e-06
3.760000e+02 7.949307e-06
3.770000e+02 6.089299e-06
3.780000e+02 5.790613e-06
3.790000e+02 6.084786e-06
3.800000e+02 9.131720e-06
3.810000e+02 9.361217e-06
3.820000e+02 5.884268e-06
3.830000e+02 5.344283e-06
3.840000e+02 5.213754e-06
3.850000e+02 5.364342e-06
3.860000e+02 5.465088e-06
3.870000e+02 5.442327e-06
3.880000e+02 4.986101e-06
3.890000e+02 5.593577e-06
3.900000e+02 3.942384e-06
3.910000e+02 4.443616e-06
3.920000e+02 4.230177e-06
3.930000e+02 3.840951e-06
3.940000e+02 3.879350e-06
3.950000e+02 3.955354e-06
3.960000e+02 3.100352e-06
3.970000e+02 3.338578e-06
3.980000e+02 3.325058e-06
3.990000e+02 3.525947e-06
4.000000e+02 3.182636e-06
4.010000e+02 3.009378e-06
4.020000e+02 2.989730e-06
4.030000e+02 3.015591e-06
4.040000e+02 3.028401e-06
4.050000e+02 3.276366e-06
4.060000e+02 3.192601e-06
4.070000e+02 3.003378e-06
4.080000e+02 2.838282e-06
4.090000e+02 3.132156e-06
4.100000e+02 3.351456e-06
4.110000e+02 3.574210e-06
4.120000e+02 3.546691e-06
4.130000e+02 3.563168e-06
4.140000e+02 3.531666e-06
4.150000e+02 3.668300e-06
4.160000e+02 3.749947e-06
4.170000e+02 3.856481e-06
4.180000e+02 3.798374e-06
4.190000e+02 4.231217e-06
4.200000e+02 4.290007e-06
4.210000e+02 4.023571e-06
4.220000e+02 4.416294e-06
4.230000e+02 4.460419e-06
4.240000e+02 4.563182e-06
4.250000e+02 4.053444e-06
4.260000e+02 3.626386e-06
4.270000e+02 4.446677e-06
4.280000e+02 3.685761e-06
4.290000e+02 3.331573e-06
4.300000e+02 3.583275e-06
4.310000e+02 4.267378e-06
4.320000e+02 4.413818e-06
4.330000e+02 4.349882e-06
4.340000e+02 4.142975e-06
4.350000e+02 4.621560e-06
4.360000e+02 4.467356e-06
4.370000e+02 4.535317e-06
4.380000e+02 4.525404e-06
4.390000e+02 4.508800e-06
4.400000e+02 4.524552e-06
4.410000e+02 4.024536e-06
4.420000e+02 3.953436e-06
4.430000e+02 3.963416e-06
4.440000e+02 3.890520e-06
4.450000e+02 3.913353e-06
4.460000e+02 4.370263e-06
4.470000e+02 3.424408e-06
4.480000e+02 3.354245e-06
4.490000e+02 3.497363e-06
4.500000e+02 3.512354e-06
4.510000e+02 3.265742e-06
4.520000e+02 3.080036e-06
4.530000e+02 2.957393e-06
4.540000e+02 3.290827e-06
4.550000e+02 3.394540e-06
4.560000e+02 3.304374e-06
4.570000e+02 3.736677e-06
4.580000e+02 3.493541e-06
4.590000e+02 4.014935e-06
4.600000e+02 3.150800e-06
4.610000e+02 3.092750e-06
4.620000e+02 3.327007e-06
4.630000e+02 3.172009e-06
4.640000e+02 3.723139e-06
4.650000e+02 3.332989e-06
4.660000e+02 2.733577e-06
4.670000e+02 2.817230e-06
4.680000e+02 3.319207e-06
4.690000e+02 2.920453e-06
4.700000e+02 3.429343e-06
4.710000e+02 3.216877e-06
4.720000e+02 3.765227e-06
4.730000e+02 3.704368e-06
4.740000e+02 3.513591e-06
4.750000e+02 3.384668e-06
4.760000e+02 2.233587e-06
4.770000e+02 3.277285e-06
4.780000e+02 3.321493e-06
4.790000e+02 3.115472e-06
4.800000e+02 2.812298e-06
4.810000e+02 2.932833e-06
4.820000e+02 2.187348e-06
4.830000e+02 3.047573e-06
4.840000e+02 2.877490e-06
4.850000e+02 2.865468e-06
4.860000e+02 2.642781e-06
4.870000e+02 2.479864e-06
4.880000e+02 2.539966e-06
4.890000e+02 2.709502e-06
4.900000e+02 2.668628e-06
4.910000e+02 2.352211e-06
4.920000e+02 2.075509e-06
4.930000e+02 2.143661e-06
4.940000e+02 2.027705e-06
4.950000e+02 2.036026e-06
4.960000e+02 2.015321e-06
4.970000e+02 2.006474e-06
4.980000e+02 1.727532e-06
4.990000e+02 1.897647e-06
5.000000e+02 1.809170e-06
5.010000e+02 1.792252e-06
5.020000e+02 1.650182e-06
5.030000e+02 3.690410e-06
5.040000e+02 1.413705e-06
5.050000e+02 1.386537e-06
5.060000e+02 3.755102e-06
5.070000e+02 1.608676e-06
5.080000e+02 1.537290e-06
5.090000e+02 3.374135e-06
5.100000e+02 1.385156e-06
5.110000e+02 1.331255e-06
5.120000e+02 3.184636e-06
5.130000e+02 1.276561e-06
5.140000e+02 1.303480e-06
5.150000e+02 2.674384e-06
5.160000e+02 1.370921e-06
5.170000e+02 2.487509e-06
5.180000e+02 1.438306e-06
5.190000e+02 1.419230e-06
5.200000e+02 2.027907e-06
5.210000e+02 1.413762e-06
5.220000e+02 1.159587e-06
5.230000e+02 1.872805e-06
5.240000e+02 1.172547e-06
5.250000e+02 1.909033e-06
5.260000e+02 1.240045e-06
5.270000e+02 1.534811e-06
5.280000e+02 1.257302e-06
5.290000e+02 1.358064e-06
5.300000e+02 1.778991e-06
5.310000e+02 1.355979e-06
5.320000e+02 1.701603e-06
5.330000e+02 1.389044e-06
5.340000e+02 1.405075e-06
5.350000e+02 1.212673e-06
5.360000e+02 1.409343e-06
5.370000e+02 1.310831e-06
5.380000e+02 1.580764e-06
5.390000e+02 1.375929e-06
5.400000e+02 1.301822e-06
5.410000e+02 1.178665e-06
5.420000e+02 1.568796e-06
5.430000e+02 1.251750e-06
5.440000e+02 1.426878e-06
5.450000e+02 1.215245e-06
5.460000e+02 1.522366e-06
5.470000e+02 1.176225e-06
5.480000e+02 1.527761e-06
5.490000e+02 1.191089e-06
5.500000e+02 1.403928e-06
5.510000e+02 1.108987e-06
5.520000e+02 1.337629e-06
5.530000e+02 9.745960e-07
5.540000e+02 1.365299e-06
5.550000e+02 1.368509e-06
5.560000e+02 1.152046e-06
5.570000e+02 1.142534e-06
5.580000e+02 1.136721e-06
5.590000e+02 1.026691e-06
5.600000e+02 9.367438e-07
5.610000e+02 1.195166e-06
5.620000e+02 1.182445e-06
5.630000e+02 9.835702e-07
5.640000e+02 9.900347e-07
5.650000e+02 1.025159e-06
5.660000e+02 1.068005e-06
5.670000e+02 9.437544e-07
5.680000e+02 1.115709e-06
5.690000e+02 1.094038e-06
5.700000e+02 8.971804e-07
5.710000e+02 9.792342e-07
5.720000e+02 1.063189e-06
5.730000e+02 8.887221e-07
5.740000e+02 9.937862e-07
5.750000e+02 9.895067e-07
5.760000e+02 9.499920e-07
5.770000e+02 9.784251e-07
5.780000e+02 9.875306e-07
5.790000e+02 8.722467e-07
5.800000e+02 8.191408e-07
5.810000e+02 9.193341e-07
5.820000e+02 7.451229e-07
5.830000e+02 7.247471e-07
5.840000e+02 7.164406e-07
5.850000e+02 1.006036e-06
5.860000e+02 7.013227e-07
5.870000e+02 7.056801e-07
5.880000e+02 6.576962e-07
5.890000e+02 1.011714e-06
5.900000e+02 6.603650e-07
5.910000e+02 6.337690e-07
5.920000e+02 5.889826e-07
5.930000e+02 1.033291e-06
5.940000e+02 6.135121e-07
5.950000e+02 5.760211e-07
5.960000e+02 5.850211e-07
5.970000e+02 9.486443e-07
5.980000e+02 6.093553e-07
5.990000e+02 6.196317e-07
6.000000e+02 5.301132e-07
6.010000e+02 1.095784e-07
6.020000e+02 5.766695e-07
6.030000e+02 5.105585e-07
6.040000e+02 4.511343e-07
6.050000e+02 1.176937e-07
6.060000e+02 4.722127e-07
6.070000e+02 4.289423e-07
6.080000e+02 3.798027e-07
6.090000e+02 1.009892e-07
6.100000e+02 4.268304e-07
6.110000e+02 3.815659e-07
6.120000e+02 3.533642e-07
6.130000e+02 1.071686e-07
6.140000e+02 4.110358e-07
6.150000e+02 3.826148e-07
6.160000e+02 3.419990e-07
6.170000e+02 1.027275e-07
6.180000e+02 4.417180e-07
6.190000e+02 3.518766e-07
6.200000e+02 3.192693e-07
6.210000e+02 1.255795e-07
6.220000e+02 4.482402e-07
6.230000e+02 3.647405e-07
6.240000e+02 3.432054e-07
6.250000e+02 1.183685e-07
6.260000e+02 4.626920e-07
6.270000e+02 4.032133e-07
6.280000e+02 3.573846e-07
6.290000e+02 1.446652e-07
6.300000e+02 5.065042e-07
6.310000e+02 4.414791e-07
6.320000e+02 7.193565e-08
6.330000e+02 4.503628e-07
6.340000e+02 3.527306e-07
6.350000e+02 3.380184e-07
6.360000e+02 1.250382e-07
6.370000e+02 4.388957e-07
6.380000e+02 3.841635e-07
6.390000e+02 1.212353e-07
6.400000e+02 5.077940e-07
6.410000e+02 3.286884e-07
6.420000e+02 6.312383e-08
6.430000e+02 4.204136e-07
6.440000e+02 3.807921e-07
6.450000e+02 7.308949e-08
6.460000e+02 4.174782e-07
6.470000e+02 3.746888e-07
6.480000e+02 6.342876e-08
6.490000e+02 4.276847e-07
6.500000e+02 3.834369e-07
6.510000e+02 7.482839e-08
6.520000e+02 3.873424e-07
6.530000e+02 3.457957e-07
6.540000e+02 5.340451e-08
6.550000e+02 4.288912e-07
6.560000e+02 6.542737e-08
6.570000e+02 2.947337e-08
6.580000e+02 2.542248e-08
6.590000e+02 7.952371e-08
6.600000e+02 3.228727e-08
6.610000e+02 7.365327e-08
6.620000e+02 3.038375e-08
6.630000e+02 2.695457e-08
6.640000e+02 8.700528e-08
6.650000e+02 3.188862e-08
6.660000e+02 2.819054e-08
6.670000e+02 8.557062e-08
6.680000e+02 2.988833e-08
6.690000e+02 8.894795e-08
6.700000e+02 3.542581e-08
6.710000e+02 3.128984e-08
6.720000e+02 1.076781e-07
6.730000e+02 3.656408e-08
6.740000e+02 7.005345e-08
6.750000e+02 3.965675e-08
6.760000e+02 3.318068e-08
6.770000e+02 1.208243e-07
6.780000e+02 2.774594e-08
6.790000e+02 8.710642e-08
6.800000e+02 3.599033e-08
6.810000e+02 3.245458e-08
6.820000e+02 8.441359e-08
6.830000e+02 3.073202e-08
6.840000e+02 4.090117e-07
6.850000e+02 8.530682e-08
6.860000e+02 2.543279e-08
6.870000e+02 3.058050e-08
6.880000e+02 9.274304e-08
6.890000e+02 3.393923e-08
6.900000e+02 9.100568e-08
6.910000e+02 4.077205e-08
6.920000e+02 3.527520e-08
6.930000e+02 9.491042e-08
6.940000e+02 3.475609e-08
6.950000e+02 2.965354e-08
6.960000e+02 9.757232e-08
6.970000e+02 3.819505e-08
6.980000e+02 2.682443e-08
6.990000e+02 1.005597e-07
7.000000e+02 2.975752e-08
7.010000e+02 2.691004e-08
7.020000e+02 1.063394e-07
7.030000e+02 2.781733e-08
7.040000e+02 2.951016e-08
7.050000e+02 9.722109e-08
7.060000e+02 3.419390e-08
7.070000e+02 3.023665e-08
7.080000e+02 1.038292e-07
7.090000e+02 3.089779e-08
7.100000e+02 2.848099e-08
7.110000e+02 2.725730e-08
7.120000e+02 9.984146e-08
7.130000e+02 2.852167e-08
7.140000e+02 2.562534e-08
7.150000e+02 1.003321e-07
7.160000e+02 2.665281e-08
7.170000e+02 3.110082e-07
7.180000e+02 8.944519e-08
7.190000e+02 2.922914e-08
7.200000e+02 2.657417e-08
7.210000e+02 7.775870e-08
7.220000e+02 1.958180e-08
7.230000e+02 2.834424e-07
7.240000e+02 2.605212e-07
7.250000e+02 7.717547e-08
7.260000e+02 2.547555e-07
7.270000e+02 2.529979e-07
7.280000e+02 6.453757e-08
7.290000e+02 2.805475e-07
7.300000e+02 2.488143e-07
7.310000e+02 5.888407e-08
7.320000e+02 2.790846e-07
7.330000e+02 2.597324e-07
7.340000e+02 2.732259e-07
7.350000e+02 9.257532e-08
7.360000e+02 2.443256e-08
7.370000e+02 2.724209e-07
7.380000e+02 9.307802e-08
7.390000e+02 2.415262e-08
7.400000e+02 2.774628e-07
7.410000e+02 2.536008e-07
7.420000e+02 9.742983e-08
7.430000e+02 2.920814e-07
7.440000e+02 2.598432e-07
7.450000e+02 8.534994e-08
7.460000e+02 2.688795e-07
7.470000e+02 2.539443e-07
7.480000e+02 2.205976e-07
7.490000e+02 6.748807e-08
7.500000e+02 2.575944e-07
7.510000e+02 2.272671e-07
7.520000e+02 6.466214e-08
7.530000e+02 2.523428e-07
7.540000e+02 2.285427e-07
7.550000e+02 6.752225e-08
7.560000e+02 2.621591e-07
7.570000e+02 2.306398e-07
7.580000e+02 2.011141e-07
7.590000e+02 5.946014e-08
7.600000e+02 2.435055e-07
7.610000e+02 2.125263e-07
7.620000e+02 1.864343e-07
7.630000e+02 6.000625e-08
7.640000e+02 2.321680e-07
7.650000e+02 2.043512e-07
7.660000e+02 5.924975e-08
7.670000e+02 2.512088e-07
7.680000e+02 2.262282e-07
7.690000e+02 1.953873e-07
7.700000e+02 5.945241e-08
7.710000e+02 2.443477e-07
7.720000e+02 2.146568e-07
7.730000e+02 8.131441e-08
7.740000e+02 2.871437e-07
7.750000e+02 2.543081e-07
7.760000e+02 2.197998e-07
7.770000e+02 8.146716e-08
7.780000e+02 2.588723e-07
7.790000e+02 2.313289e-07
7.800000e+02 2.015299e-07
7.810000e+02 8.069052e-08
7.820000e+02 2.523406e-07
7.830000e+02 2.255272e-07
7.840000e+02 1.975461e-07
7.850000e+02 7.438077e-08
7.860000e+02 2.486341e-07
7.870000e+02 2.166667e-07
7.880000e+02 1.864563e-07
7.890000e+02 6.257291e-08
7.900000e+02 2.318957e-07
7.910000e+02 2.098162e-07
7.920000e+02 1.839077e-07
7.930000e+02 5.717867e-08
7.940000e+02 2.261031e-07
7.950000e+02 2.005032e-07
7.960000e+02 1.762691e-07
7.970000e+02 6.249890e-08
7.980000e+02 2.162098e-07
7.990000e+02 1.853844e-07
8.000000e+02 1.623328e-07
8.010000e+02 1.482771e-07
8.020000e+02 6.181551e-08
8.030000e+02 2.007951e-07
8.040000e+02 1.795956e-07
8.050000e+02 1.632180e-07
8.060000e+02 6.137472e-08
8.070000e+02 2.124607e-07
8.080000e+02 1.774354e-07
8.090000e+02 1.632192e-07
8.100000e+02 1.447125e-07
8.110000e+02 7.308505e-08
8.120000e+02 2.016667e-07
8.130000e+02 1.797433e-07
8.140000e+02 1.550742e-07
8.150000e+02 6.410229e-08
8.160000e+02 2.012624e-07
8.170000e+02 1.794302e-07
8.180000e+02 1.657264e-07
8.190000e+02 1.462607e-07
8.200000e+02 5.797103e-08
8.210000e+02 2.075743e-07
8.220000e+02 1.808852e-07
8.230000e+02 1.515787e-07
8.240000e+02 1.343734e-07
8.250000e+02 1.130180e-07
8.260000e+02 5.933646e-08
8.270000e+02 1.743806e-07
8.280000e+02 1.538408e-07
8.290000e+02 1.296500e-07
8.300000e+02 1.230555e-07
8.310000e+02 5.324549e-08
8.320000e+02 1.840580e-07
8.330000e+02 1.657549e-07
8.340000e+02 1.446995e-07
8.350000e+02 1.214119e-07
8.360000e+02 1.070262e-07
8.370000e+02 6.312479e-08
8.380000e+02 1.588219e-07
8.390000e+02 1.444900e-07
8.400000e+02 1.251314e-07
8.410000e+02 1.104688e-07
8.420000e+02 1.014551e-07
8.430000e+02 6.028361e-08
8.440000e+02 1.446476e-07
8.450000e+02 1.281698e-07
8.460000e+02 1.127816e-07
8.470000e+02 1.003364e-07
8.480000e+02 9.613839e-08
8.490000e+02 6.286197e-08
8.500000e+02 1.412400e-07
8.510000e+02 1.256972e-07
8.520000e+02 1.095550e-07
8.530000e+02 1.147760e-07
8.540000e+02 1.035800e-07
8.550000e+02 6.440584e-08
8.560000e+02 1.647593e-07
8.570000e+02 1.474846e-07
8.580000e+02 1.280175e-07
8.590000e+02 1.119122e-07
8.600000e+02 1.003249e-07
8.610000e+02 1.073557e-07
8.620000e+02 1.017416e-07
8.630000e+02 1.114916e-07
8.640000e+02 1.432003e-07
8.650000e+02 1.157344e-07
8.660000e+02 1.045485e-07
8.670000e+02 8.795295e-08
8.680000e+02 7.805286e-08
8.690000e+02 7.066673e-08
8.700000e+02 5.543167e-08
8.710000e+02 1.294954e-07
8.720000e+02 1.179903e-07
8.730000e+02 1.028772e-07
8.740000e+02 8.954982e-08
8.750000e+02 8.013060e-08
8.760000e+02 7.294749e-08
8.770000e+02 6.698279e-08
8.780000e+02 5.949090e-08
8.790000e+02 1.183726e-07
8.800000e+02 1.090323e-07
8.810000e+02 9.686366e-08
8.820000e+02 8.840471e-08
8.830000e+02 8.004568e-08
8.840000e+02 7.303866e-08
8.850000e+02 6.762891e-08
8.860000e+02 6.123174e-08
8.870000e+02 4.857336e-08
8.880000e+02 1.133145e-07
8.890000e+02 1.039876e-07
8.900000e+02 9.156099e-08
8.910000e+02 8.154031e-08
8.920000e+02 7.364737e-08
8.930000e+02 6.746773e-08
8.940000e+02 6.251994e-08
8.950000e+02 5.858849e-08
8.960000e+02 5.106543e-08
8.970000e+02 1.062679e-07
8.980000e+02 9.747154e-08
8.990000e+02 8.659181e-08
9.000000e+02 7.697993e-08
9.010000e+02 7.017288e-08
9.020000e+02 6.415990e-08
9.030000e+02 5.920678e-08
9.040000e+02 5.547828e-08
9.050000e+02 5.236124e-08
9.060000e+02 4.824843e-08
9.070000e+02 1.013581e-07
9.080000e+02 9.491500e-08
9.090000e+02 8.393521e-08
9.100000e+02 7.456798e-08
9.110000e+02 6.503497e-08
9.120000e+02 5.935051e-08
9.130000e+02 5.479230e-08
9.140000e+02 5.122385e-08
9.150000e+02 4.839805e-08
9.160000e+02 4.616198e-08
9.170000e+02 4.704989e-08
9.180000e+02 9.427255e-08
9.190000e+02 9.074656e-08
9.200000e+02 7.995193e-08
9.210000e+02 7.097770e-08
9.220000e+02 6.344827e-08
9.230000e+02 5.841171e-08
9.240000e+02 5.380587e-08
9.250000e+02 5.013433e-08
9.260000e+02 4.705464e-08
9.270000e+02 4.466965e-08
9.280000e+02 4.274176e-08
9.290000e+02 5.063199e-08
9.300000e+02 9.461244e-08
9.310000e+02 8.810988e-08
9.320000e+02 7.847911e-08
9.330000e+02 6.961925e-08
9.340000e+02 6.240408e-08
9.350000e+02 5.660656e-08
9.360000e+02 5.197229e-08
9.370000e+02 4.824259e-08
9.380000e+02 4.550777e-08
9.390000e+02 4.296580e-08
9.400000e+02 4.166897e-08
9.410000e+02 4.001368e-08
9.420000e+02 3.871887e-08
9.430000e+02 4.819330e-08
9.440000e+02 9.019056e-08
9.450000e+02 8.366329e-08
9.460000e+02 7.758381e-08
9.470000e+02 6.937842e-08
9.480000e+02 6.222119e-08
9.490000e+02 5.502969e-08
9.500000e+02 5.037491e-08
9.510000e+02 4.638208e-08
9.520000e+02 4.313232e-08
9.530000e+02 4.041743e-08
9.540000e+02 3.883983e-08
9.550000e+02 3.720412e-08
9.560000e+02 3.592003e-08
9.570000e+02 3.500819e-08
9.580000e+02 5.556197e-08
9.590000e+02 8.669086e-08
9.600000e+02 8.244030e-08
9.610000e+02 7.317878e-08
9.620000e+02 6.479039e-08
9.630000e+02 5.791445e-08
9.640000e+02 5.220762e-08
9.650000e+02 4.659620e-08
9.660000e+02 4.210805e-08
9.670000e+02 3.926708e-08
9.680000e+02 3.822714e-08
9.690000e+02 3.697810e-08
9.700000e+02 3.555030e-08
9.710000e+02 3.418419e-08
9.720000e+02 3.321184e-08
9.730000e+02 3.235140e-08
9.740000e+02 3.158335e-08
9.750000e+02 3.012455e-08
9.760000e+02 5.657454e-08
9.770000e+02 7.943129e-08
9.780000e+02 7.391635e-08
9.790000e+02 6.512457e-08
9.800000e+02 5.744972e-08
9.810000e+02 5.128765e-08
9.820000e+02 4.628329e-08
9.830000e+02 4.132303e-08
9.840000e+02 3.799576e-08
9.850000e+02 3.647797e-08
9.860000e+02 3.442035e-08
9.870000e+02 3.284637e-08
9.880000e+02 3.125729e-08
9.890000e+02 3.011217e-08
9.900000e+02 2.905491e-08
9.910000e+02 2.823073e-08
9.920000e+02 2.763500e-08
9.930000e+02 2.739783e-08
9.940000e+02 2.680257e-08
9.950000e+02 2.638212e-08
9.960000e+02 2.595252e-08
9.970000e+02 2.574864e-08
9.980000e+02 5.774725e-08
9.990000e+02 7.272530e-08
1.000000e+03 6.706281e-08
1.001000e+03 5.902247e-08
1.002000e+03 5.201924e-08
1.003000e+03 4.627922e-08
1.004000e+03 4.155222e-08
1.005000e+03 3.778793e-08
1.006000e+03 3.512926e-08
1.007000e+03 3.267770e-08
1.008000e+03 3.057744e-08
1.009000e+03 2.904009e-08
1.010000e+03 2.758318e-08
1.011000e+03 2.648694e-08
1.012000e+03 2.328337e-08
1.013000e+03 2.298009e-08
1.014000e+03 2.229531e-08
1.015000e+03 2.140713e-08
1.016000e+03 2.096270e-08
1.017000e+03 2.059992e-08
1.018000e+03 2.005739e-08
1.019000e+03 1.995015e-08
1.020000e+03 1.964399e-08
1.021000e+03 1.938909e-08
1.022000e+03 1.877984e-08
1.023000e+03 1.859516e-08
1.024000e+03 1.837879e-08
1.025000e+03 5.090324e-08
1.026000e+03 6.738533e-08
1.027000e+03 6.211737e-08
1.028000e+03 5.414098e-08
1.029000e+03 4.706410e-08
1.030000e+03 4.132325e-08
1.031000e+03 3.776440e-08
1.032000e+03 3.399954e-08
1.033000e+03 3.095428e-08
1.034000e+03 2.863452e-08
1.035000e+03 2.680107e-08
1.036000e+03 2.530320e-08
1.037000e+03 2.419280e-08
1.038000e+03 2.304164e-08
1.039000e+03 2.223656e-08
1.040000e+03 2.150351e-08
1.041000e+03 2.097814e-08
1.042000e+03 2.037727e-08
1.043000e+03 1.993155e-08
1.044000e+03 1.952645e-08
1.045000e+03 1.934157e-08
1.046000e+03 1.904562e-08
1.047000e+03 1.824724e-08
1.048000e+03 1.704161e-08
1.049000e+03 1.779598e-08
1.050000e+03 1.748866e-08
1.051000e+03 1.733397e-08
1.052000e+03 1.720610e-08
1.053000e+03 1.711198e-08
1.054000e+03 1.731337e-08
1.055000e+03 1.720977e-08
1.056000e+03 1.701293e-08
1.057000e+03 1.766402e-08
1.058000e+03 1.716886e-08
1.059000e+03 1.890931e-08
1.060000e+03 1.869164e-08
1.061000e+03 4.852775e-08
1.062000e+03 1.352861e-08
1.063000e+03 1.007567e-08
1.064000e+03 9.702798e-09
1.065000e+03 8.616802e-09
1.066000e+03 4.210526e-08
1.067000e+03 3.876732e-08
1.068000e+03 3.377478e-08
1.069000e+03 3.040033e-08
1.070000e+03 2.762684e-08
1.071000e+03 2.451236e-08
1.072000e+03 2.305279e-08
1.073000e+03 2.065338e-08
1.074000e+03 1.963277e-08
1.075000e+03 1.901658e-08
1.076000e+03 1.854924e-08
1.077000e+03 1.812927e-08
1.078000e+03 1.771652e-08
1.079000e+03 1.736422e-08
1.080000e+03 1.702015e-08
1.081000e+03 1.679962e-08
1.082000e+03 1.665113e-08
1.083000e+03 1.687917e-08
1.084000e+03 1.605841e-08
1.085000e+03 1.590126e-08
1.086000e+03 1.560091e-08
1.087000e+03 1.544372e-08
1.088000e+03 1.536326e-08
1.089000e+03 1.524410e-08
1.090000e+03 1.498861e-08
1.091000e+03 1.473826e-08
1.092000e+03 1.454113e-08
1.093000e+03 1.444339e-08
1.094000e+03 1.440767e-08
1.095000e+03 1.421098e-08
1.096000e+03 1.414279e-08
1.097000e+03 1.405349e-08
1.098000e+03 1.370104e-08
1.099000e+03 1.363745e-08
1.100000e+03 1.358013e-08
1.101000e+03 1.347705e-08
1.102000e+03 1.334597e-08
1.103000e+03 1.307022e-08
1.104000e+03 1.267902e-08
1.105000e+03 1.276309e-08
1.106000e+03 1.262770e-08
1.107000e+03 1.254849e-08
1.108000e+03 1.324379e-08
1.109000e+03 1.191734e-08
1.110000e+03 1.165971e-08
1.111000e+03 5.010841e-08
1.112000e+03 1.851495e-08
1.113000e+03 1.402475e-08
1.114000e+03 8.241020e-09
1.115000e+03 7.099382e-09
1.116000e+03 3.448949e-08
1.117000e+03 2.987169e-08
1.118000e+03 2.655645e-08
1.119000e+03 2.360536e-08
1.120000e+03 2.131975e-08
1.121000e+03 1.934649e-08
1.122000e+03 1.791282e-08
1.123000e+03 1.671225e-08
1.124000e+03 1.615791e-08
1.125000e+03 1.548020e-08
1.126000e+03 1.470703e-08
1.127000e+03 1.422220e-08
1.128000e+03 1.328967e-08
1.129000e+03 1.310990e-08
1.130000e+03 1.262632e-08
1.131000e+03 1.232175e-08
1.132000e+03 1.201870e-08
1.133000e+03 1.187578e-08
1.134000e+03 1.165272e-08
1.135000e+03 1.154610e-08
1.136000e+03 1.138237e-08
1.137000e+03 1.157311e-08
1.138000e+03 1.160561e-08
1.139000e+03 1.139402e-08
1.140000e+03 1.125378e-08
1.141000e+03 1.109878e-08
1.142000e+03 1.105284e-08
1.143000e+03 1.096543e-08
1.144000e+03 1.086294e-08
1.145000e+03 1.085609e-08
1.146000e+03 3.616014e-10
1.147000e+03 3.051814e-10
1.148000e+03 3.478826e-10
1.149000e+03 3.327764e-10
1.150000e+03 2.790631e-10
1.151000e+03 2.408881e-10
1.152000e+03 2.262871e-10
1.153000e+03 2.591292e-10
1.154000e+03 2.527285e-10
1.155000e+03 2.630210e-10
1.156000e+03 2.612368e-10
1.157000e+03 2.793982e-10
1.158000e+03 1.064002e-08
1.159000e+03 1.067074e-08
1.160000e+03 1.050092e-08
1.161000e+03 1.046902e-08
1.162000e+03 1.033749e-08
1.163000e+03 1.026426e-08
1.164000e+03 1.018527e-08
1.165000e+03 1.023873e-08
1.166000e+03 1.013863e-08
1.167000e+03 1.020918e-08
1.168000e+03 1.005765e-08
1.169000e+03 9.939409e-09
1.170000e+03 9.703930e-09
1.171000e+03 9.640044e-09
1.172000e+03 9.596367e-09
1.173000e+03 9.580954e-09
1.174000e+03 9.497298e-09
1.175000e+03 9.408364e-09
1.176000e+03 9.365122e-09
1.177000e+03 9.402949e-09
1.178000e+03 9.723998e-09
1.179000e+03 9.486170e-09
1.180000e+03 9.399162e-09
1.181000e+03 9.277936e-09
1.182000e+03 9.299157e-09
1.183000e+03 9.246216e-09
1.184000e+03 9.131802e-09
1.185000e+03 9.136685e-09
1.186000e+03 9.003224e-09
1.187000e+03 4.895873e-08
1.188000e+03 1.669709e-08
1.189000e+03 1.372595e-08
1.190000e+03 8.352536e-09
1.191000e+03 6.481479e-09
1.192000e+03 6.083921e-09
1.193000e+03 2.916038e-08
1.194000e+03 2.691195e-08
1.195000e+03 2.379121e-08
1.196000e+03 2.105827e-08
1.197000e+03 1.891708e-08
1.198000e+03 1.697861e-08
1.199000e+03 1.542700e-08
1.200000e+03 1.413245e-08
1.201000e+03 1.306408e-08
1.202000e+03 1.229001e-08
1.203000e+03 1.167989e-08
1.204000e+03 1.335149e-09
1.205000e+03 1.060078e-09
1.206000e+03 9.393506e-10
1.207000e+03 8.329950e-10
1.208000e+03 7.920560e-10
1.209000e+03 7.197543e-10
1.210000e+03 6.496996e-10
1.211000e+03 5.855350e-10
1.212000e+03 5.500658e-10
1.213000e+03 5.135935e-10
1.214000e+03 4.881391e-10
1.215000e+03 4.605733e-10
1.216000e+03 4.370312e-10
1.217000e+03 4.437219e-10
1.218000e+03 3.845730e-10
1.219000e+03 8.765161e-09
1.220000e+03 3.550926e-10
1.221000e+03 3.445926e-10
1.222000e+03 3.186717e-10
1.223000e+03 2.815838e-10
1.224000e+03 2.677203e-10
1.225000e+03 2.834479e-10
1.226000e+03 2.490271e-10
1.227000e+03 8.246764e-09
1.228000e+03 2.538398e-10
1.229000e+03 2.416850e-10
1.230000e+03 2.066161e-10
1.231000e+03 1.858020e-10
1.232000e+03 1.899397e-10
1.233000e+03 2.025779e-10
1.234000e+03 1.725466e-10
1.235000e+03 1.885960e-10
1.236000e+03 7.489901e-09
1.237000e+03 1.874809e-10
1.238000e+03 7.945963e-09
1.239000e+03 7.605726e-09
1.240000e+03 7.603126e-09
1.241000e+03 7.429926e-09
1.242000e+03 7.500817e-09
1.243000e+03 7.439242e-09
1.244000e+03 7.306970e-09
1.245000e+03 7.344938e-09
1.246000e+03 7.188312e-09
1.247000e+03 7.239839e-09
1.248000e+03 7.163516e-09
1.249000e+03 7.293252e-09
1.250000e+03 7.002973e-09
1.251000e+03 6.578244e-09
1.252000e+03 6.471759e-09
1.253000e+03 6.515579e-09
1.254000e+03 6.474468e-09
1.255000e+03 6.478645e-09
1.256000e+03 6.474393e-09
1.257000e+03 6.645028e-09
1.258000e+03 6.414661e-09
1.259000e+03 6.258843e-09
1.260000e+03 6.573729e-09
1.261000e+03 6.441501e-09
1.262000e+03 6.483406e-09
1.263000e+03 6.538055e-09
1.264000e+03 6.486637e-09
1.265000e+03 6.426039e-09
1.266000e+03 6.438704e-09
1.267000e+03 6.417536e-09
1.268000e+03 6.566102e-09
1.269000e+03 6.401406e-09
1.270000e+03 6.379896e-09
1.271000e+03 6.247419e-09
1.272000e+03 6.292844e-09
1.273000e+03 6.188297e-09
1.274000e+03 6.127616e-09
1.275000e+03 6.155531e-09
1.276000e+03 6.144553e-09
1.277000e+03 6.184396e-09
1.278000e+03 6.138220e-09
1.279000e+03 6.176556e-09
1.280000e+03 6.019746e-09
1.281000e+03 6.008555e-09
1.282000e+03 5.917638e-09
1.283000e+03 5.870333e-09
1.284000e+03 5.888173e-09
1.285000e+03 5.957889e-09
1.286000e+03 5.858218e-09
1.287000e+03 6.079031e-09
1.288000e+03 5.844206e-09
1.289000e+03 5.825212e-09
1.290000e+03 5.759853e-09
1.291000e+03 5.695886e-09
1.292000e+03 5.640478e-09
1.293000e+03 5.684469e-09
1.294000e+03 5.616687e-09
1.295000e+03 5.598506e-09
1.296000e+03 5.619623e-09
1.297000e+03 5.677013e-09
1.298000e+03 6.059367e-09
1.299000e+03 5.770468e-09
1.300000e+03 5.800006e-09
1.301000e+03 5.773317e-09
1.302000e+03 5.859019e-09
1.303000e+03 5.817882e-09
1.304000e+03 5.666650e-09
1.305000e+03 5.740266e-09
1.306000e+03 5.590553e-09
1.307000e+03 5.738855e-09
1.308000e+03 5.609331e-09
1.309000e+03 5.704872e-09
1.310000e+03 5.417363e-09
1.311000e+03 5.537480e-09
1.312000e+03 5.436001e-09
1.313000e+03 5.383633e-09
1.314000e+03 4.849260e-08
1.315000e+03 1.721184e-08
1.316000e+03 1.502360e-08
1.317000e+03 9.403597e-09
1.318000e+03 6.579711e-09
1.319000e+03 5.412849e-09
1.320000e+03 2.768417e-08
1.321000e+03 2.528603e-08
1.322000e+03 2.188586e-08
1.323000e+03 1.890050e-08
1.324000e+03 1.639758e-08
1.325000e+03 1.440306e-08
1.326000e+03 1.274482e-08
1.327000e+03 1.143217e-08
1.328000e+03 1.049388e-08
1.329000e+03 9.604537e-09
1.330000e+03 8.936836e-09
1.331000e+03 8.312584e-09
1.332000e+03 7.922479e-09
1.333000e+03 7.513224e-09
1.334000e+03 7.198159e-09
1.335000e+03 6.820312e-09
1.336000e+03 6.238891e-09
1.337000e+03 6.062082e-09
1.338000e+03 5.913758e-09
1.339000e+03 5.845697e-09
1.340000e+03 5.553411e-09
1.341000e+03 5.552641e-09
1.342000e+03 5.350873e-09
1.343000e+03 5.266754e-09
1.344000e+03 5.192059e-09
1.345000e+03 5.227256e-09
1.346000e+03 5.073807e-09
1.347000e+03 5.147610e-09
1.348000e+03 4.936151e-09
1.349000e+03 4.890063e-09
1.350000e+03 4.797360e-09
1.351000e+03 4.661156e-09
1.352000e+03 4.597648e-09
1.353000e+03 4.644286e-09
1.354000e+03 4.557054e-09
1.355000e+03 4.531508e-09
1.356000e+03 4.506913e-09
1.357000e+03 4.527363e-09
1.358000e+03 4.789795e-09
1.359000e+03 4.616199e-09
1.360000e+03 4.578541e-09
1.361000e+03 4.509653e-09
1.362000e+03 4.494729e-09
1.363000e+03 4.487876e-09
1.364000e+03 4.397460e-09
1.365000e+03 4.474425e-09
1.366000e+03 4.328987e-09
1.367000e+03 4.366898e-09
1.368000e+03 4.300569e-09
1.369000e+03 4.451226e-09
1.370000e+03 4.213197e-09
1.371000e+03 4.250777e-09
1.372000e+03 4.187289e-09
1.373000e+03 4.138886e-09
1.374000e+03 4.166451e-09
1.375000e+03 4.211413e-09
1.376000e+03 4.197220e-09
1.377000e+03 4.313625e-09
1.378000e+03 4.158588e-09
1.379000e+03 4.096723e-09
1.380000e+03 4.109881e-09
1.381000e+03 4.002277e-09
1.382000e+03 4.049718e-09
1.383000e+03 4.065443e-09
1.384000e+03 4.073859e-09
1.385000e+03 4.089536e-09
1.386000e+03 4.030740e-09
1.387000e+03 4.002338e-09
1.388000e+03 4.131676e-09
1.389000e+03 3.639840e-09
1.390000e+03 3.614801e-09
1.391000e+03 3.470307e-09
1.392000e+03 3.495871e-09
1.393000e+03 3.456183e-09
1.394000e+03 3.464370e-09
1.395000e+03 3.496655e-09
1.396000e+03 3.499002e-09
1.397000e+03 3.560042e-09
1.398000e+03 3.439620e-09
1.399000e+03 3.496886e-09
1.400000e+03 3.345987e-09
1.401000e+03 3.402214e-09
1.402000e+03 3.347549e-09
1.403000e+03 3.319031e-09
1.404000e+03 3.318646e-09
1.405000e+03 3.443095e-09
1.406000e+03 3.338517e-09
1.407000e+03 3.457824e-09
1.408000e+03 3.380825e-09
1.409000e+03 3.347676e-09
1.410000e+03 3.295051e-09
1.411000e+03 3.253784e-09
1.412000e+03 3.214132e-09
1.413000e+03 3.282767e-09
1.414000e+03 3.233563e-09
1.415000e+03 3.295503e-09
1.416000e+03 3.233665e-09
1.417000e+03 3.245962e-09
1.418000e+03 3.570374e-09
1.419000e+03 3.369224e-09
1.420000e+03 3.325133e-09
1.421000e+03 3.210565e-09
1.422000e+03 3.238029e-09
1.423000e+03 3.255296e-09
1.424000e+03 3.195204e-09
1.425000e+03 3.274071e-09
1.426000e+03 3.190484e-09
1.427000e+03 3.214409e-09
1.428000e+03 3.159238e-09
1.429000e+03 3.325135e-09
1.430000e+03 3.087739e-09
1.431000e+03 3.128724e-09
1.432000e+03 3.099193e-09
1.433000e+03 3.100041e-09
1.434000e+03 3.086953e-09
1.435000e+03 3.097385e-09
1.436000e+03 3.127063e-09
1.437000e+03 3.234971e-09
1.438000e+03 3.149284e-09
1.439000e+03 3.043787e-09
1.440000e+03 3.065612e-09
1.441000e+03 2.973201e-09
1.442000e+03 3.026700e-09
1.443000e+03 3.037423e-09
1.444000e+03 3.086368e-09
1.445000e+03 3.040570e-09
1.446000e+03 3.024814e-09
1.447000e+03 2.996876e-09
1.448000e+03 3.174707e-09
1.449000e+03 3.136386e-09
1.450000e+03 3.059424e-09
1.451000e+03 2.945839e-09
1.452000e+03 2.976980e-09
1.453000e+03 2.937176e-09
1.454000e+03 2.978774e-09
1.455000e+03 2.941592e-09
1.456000e+03 3.474864e-09
1.457000e+03 3.531477e-09
1.458000e+03 3.442557e-09
1.459000e+03 3.521403e-09
1.460000e+03 3.378848e-09
1.461000e+03 3.430502e-09
1.462000e+03 3.396057e-09
1.463000e+03 3.336044e-09
1.464000e+03 3.341731e-09
1.465000e+03 3.429012e-09
1.466000e+03 3.354098e-09
1.467000e+03 3.452626e-09
1.468000e+03 3.348027e-09
1.469000e+03 3.405585e-09
1.470000e+03 3.283747e-09
1.471000e+03 3.269712e-09
1.472000e+03 3.293989e-09
1.473000e+03 3.349869e-09
1.474000e+03 3.282166e-09
1.475000e+03 3.273025e-09
1.476000e+03 3.264378e-09
1.477000e+03 3.343283e-09
1.478000e+03 3.569406e-09
1.479000e+03 3.403216e-09
1.480000e+03 3.369074e-09
1.481000e+03 3.270764e-09
1.482000e+03 3.324854e-09
1.483000e+03 3.304803e-09
1.484000e+03 3.267832e-09
1.485000e+03 3.327982e-09
1.486000e+03 3.225464e-09
1.487000e+03 3.317621e-09
1.488000e+03 3.215469e-09
1.489000e+03 3.333015e-09
1.490000e+03 3.149867e-09
1.491000e+03 3.196078e-09
1.492000e+03 3.191147e-09
1.493000e+03 3.162921e-09
1.494000e+03 3.148449e-09
1.495000e+03 3.136094e-09
1.496000e+03 3.142321e-09
1.497000e+03 3.281611e-09
1.498000e+03 3.244496e-09
1.499000e+03 3.091208e-09
1.500000e+03 3.139672e-09
1.501000e+03 3.057542e-09
1.502000e+03 3.128535e-09
1.503000e+03 3.131170e-09
1.504000e+03 3.132652e-09
1.505000e+03 3.170333e-09
1.506000e+03 3.107447e-09
1.507000e+03 3.089326e-09
1.508000e+03 3.259440e-09
1.509000e+03 3.150856e-09
1.510000e+03 3.110810e-09
1.511000e+03 2.997355e-09
1.512000e+03 3.028843e-09
1.513000e+03 2.988542e-09
1.514000e+03 2.987004e-09
1.515000e+03 2.999247e-09
1.516000e+03 3.067795e-09
1.517000e+03 3.090400e-09
1.518000e+03 2.981383e-09
1.519000e+03 3.021224e-09
1.520000e+03 2.921185e-09
1.521000e+03 2.991104e-09
1.522000e+03 2.934506e-09
1.523000e+03 2.900406e-09
1.524000e+03 5.166638e-08
1.525000e+03 7.732991e-09
1.526000e+03 7.203516e-09
1.527000e+03 3.738197e-08
1.528000e+03 3.236783e-08
1.529000e+03 2.714359e-08
1.530000e+03 2.265972e-08
1.531000e+03 1.911313e-08
1.532000e+03 1.615258e-08
1.533000e+03 1.372875e-08
1.534000e+03 1.168380e-08
1.535000e+03 1.002164e-08
1.536000e+03 8.709842e-09
1.537000e+03 7.743773e-09
1.538000e+03 7.145164e-09
1.539000e+03 6.400363e-09
1.540000e+03 5.928060e-09
1.541000e+03 5.494219e-09
1.542000e+03 5.203024e-09
1.543000e+03 4.948141e-09
1.544000e+03 4.664197e-09
1.545000e+03 4.545795e-09
1.546000e+03 4.315280e-09
1.547000e+03 4.242686e-09
1.548000e+03 4.029690e-09
1.549000e+03 4.067309e-09
1.550000e+03 3.821860e-09
1.551000e+03 3.764393e-09
1.552000e+03 3.676962e-09
1.553000e+03 3.550201e-09
1.554000e+03 3.521130e-09
1.555000e+03 3.495304e-09
1.556000e+03 3.462400e-09
1.557000e+03 3.569029e-09
1.558000e+03 3.373319e-09
1.559000e+03 3.272814e-09
1.560000e+03 3.241500e-09
1.561000e+03 3.145330e-09
1.562000e+03 3.185806e-09
1.563000e+03 3.130793e-09
1.564000e+03 3.108359e-09
1.565000e+03 3.140187e-09
1.566000e+03 3.063408e-09
1.567000e+03 3.052804e-09
1.568000e+03 3.123134e-09
1.569000e+03 3.093972e-09
1.570000e+03 3.049930e-09
1.571000e+03 2.926109e-09
1.572000e+03 2.943081e-09
1.573000e+03 2.970278e-09
1.574000e+03 2.954525e-09
1.575000e+03 2.971244e-09
1.576000e+03 2.993228e-09
1.577000e+03 3.076441e-09
1.578000e+03 2.895782e-09
1.579000e+03 2.915093e-09
1.580000e+03 2.818914e-09
1.581000e+03 2.923957e-09
1.582000e+03 2.846783e-09
1.583000e+03 2.791735e-09
1.584000e+03 2.783167e-09
1.585000e+03 2.903179e-09
1.586000e+03 2.815424e-09
1.587000e+03 2.939176e-09
1.588000e+03 2.842326e-09
1.589000e+03 2.846068e-09
1.590000e+03 2.806745e-09
1.591000e+03 2.754836e-09
1.592000e+03 2.780620e-09
1.593000e+03 2.813220e-09
1.594000e+03 2.764252e-09
1.595000e+03 2.815989e-09
1.596000e+03 2.800161e-09
1.597000e+03 2.828244e-09
1.598000e+03 3.054006e-09
1.599000e+03 2.892821e-09
1.600000e+03 2.892934e-09
1.601000e+03 2.810334e-09
1.602000e+03 2.833466e-09
1.603000e+03 2.848699e-09
1.604000e+03 2.770412e-09
1.605000e+03 2.893637e-09
1.606000e+03 2.849447e-09
1.607000e+03 2.828816e-09
1.608000e+03 2.778848e-09
1.609000e+03 2.920679e-09
1.610000e+03 2.740149e-09
1.611000e+03 2.810542e-09
1.612000e+03 2.777824e-09
1.613000e+03 2.746117e-09
1.614000e+03 2.740285e-09
1.615000e+03 2.775880e-09
1.616000e+03 2.814237e-09
1.617000e+03 2.870002e-09
1.618000e+03 2.781777e-09
1.619000e+03 2.704157e-09
1.620000e+03 2.746525e-09
1.621000e+03 2.674346e-09
1.622000e+03 2.716933e-09
1.623000e+03 2.709707e-09
1.624000e+03 2.764833e-09
1.625000e+03 2.764047e-09
1.626000e+03 2.731389e-09
1.627000e+03 2.674219e-09
1.628000e+03 2.815009e-09
1.629000e+03 2.780159e-09
1.630000e+03 2.751353e-09
1.631000e+03 2.648983e-09
1.632000e+03 2.668200e-09
1.633000e+03 2.643907e-09
1.634000e+03 2.676113e-09
1.635000e+03 2.662217e-09
1.636000e+03 2.707725e-09
1.637000e+03 2.719008e-09
1.638000e+03 2.605251e-09
1.639000e+03 2.679505e-09
1.640000e+03 2.566405e-09
1.641000e+03 2.648573e-09
1.642000e+03 2.599541e-09
1.643000e+03 2.559495e-09
1.644000e+03 2.557808e-09
1.645000e+03 2.672151e-09
1.646000e+03 2.599765e-09
1.647000e+03 2.686600e-09
1.648000e+03 2.653668e-09
1.649000e+03 2.709216e-09
1.650000e+03 2.628097e-09
1.651000e+03 2.610708e-09
1.652000e+03 2.590813e-09
1.653000e+03 2.627136e-09
1.654000e+03 2.605648e-09
1.655000e+03 2.625329e-09
1.656000e+03 2.595146e-09
1.657000e+03 2.649855e-09
1.658000e+03 2.822148e-09
1.659000e+03 2.709555e-09
1.660000e+03 2.705184e-09
1.661000e+03 2.583836e-09
1.662000e+03 2.615049e-09
1.663000e+03 2.634099e-09
1.664000e+03 2.592532e-09
1.665000e+03 2.696739e-09
1.666000e+03 2.590100e-09
1.667000e+03 2.638102e-09
1.668000e+03 2.506828e-09
1.669000e+03 2.666648e-09
1.670000e+03 2.459535e-09
1.671000e+03 2.503291e-09
1.672000e+03 2.492004e-09
1.673000e+03 2.467523e-09
1.674000e+03 2.469807e-09
1.675000e+03 2.519791e-09
1.676000e+03 2.496730e-09
1.677000e+03 2.613125e-09
1.678000e+03 2.547157e-09
1.679000e+03 2.440636e-09
1.680000e+03 2.473574e-09
1.681000e+03 2.391738e-09
1.682000e+03 2.446129e-09
1.683000e+03 2.440604e-09
1.684000e+03 2.477872e-09
1.685000e+03 2.556379e-09
1.686000e+03 2.455487e-09
1.687000e+03 2.406002e-09
1.688000e+03 2.604322e-09
1.689000e+03 2.554086e-09
1.690000e+03 2.492929e-09
1.691000e+03 2.389343e-09
1.692000e+03 2.397149e-09
1.693000e+03 2.387572e-09
1.694000e+03 2.394882e-09
1.695000e+03 2.412032e-09
1.696000e+03 2.456328e-09
1.697000e+03 2.479370e-09
1.698000e+03 2.321319e-09
1.699000e+03 2.391131e-09
1.700000e+03 2.271824e-09
1.701000e+03 2.351436e-09
1.702000e+03 2.285848e-09
1.703000e+03 2.247383e-09
1.704000e+03 2.257236e-09
1.705000e+03 2.337318e-09
1.706000e+03 2.299208e-09
1.707000e+03 2.398681e-09
1.708000e+03 2.335828e-09
1.709000e+03 2.363609e-09
1.710000e+03 2.262484e-09
1.711000e+03 2.242821e-09
1.712000e+03 2.220448e-09
1.713000e+03 2.292847e-09
1.714000e+03 2.278828e-09
1.715000e+03 2.235213e-09
1.716000e+03 2.238972e-09
1.717000e+03 2.308270e-09
1.718000e+03 2.523444e-09
1.719000e+03 2.391035e-09
1.720000e+03 2.323394e-09
1.721000e+03 2.247041e-09
1.722000e+03 2.267288e-09
1.723000e+03 2.275660e-09
1.724000e+03 2.256060e-09
1.725000e+03 2.307784e-09
1.726000e+03 2.234564e-09
1.727000e+03 2.282855e-09
1.728000e+03 2.291518e-09
1.729000e+03 2.460654e-09
1.730000e+03 2.286987e-09
1.731000e+03 2.315713e-09
1.732000e+03 2.339581e-09
1.733000e+03 2.279329e-09
1.734000e+03 2.269127e-09
1.735000e+03 2.286875e-09
1.736000e+03 2.306204e-09
1.737000e+03 2.424588e-09
1.738000e+03 2.341351e-09
1.739000e+03 2.281819e-09
1.740000e+03 2.272758e-09
1.741000e+03 2.210482e-09
1.742000e+03 2.301094e-09
1.743000e+03 2.247126e-09
1.744000e+03 2.281223e-09
1.745000e+03 2.293564e-09
1.746000e+03 2.232394e-09
1.747000e+03 2.223011e-09
1.748000e+03 2.352105e-09
1.749000e+03 2.326830e-09
1.750000e+03 2.278538e-09
1.751000e+03 2.190493e-09
1.752000e+03 2.216301e-09
1.753000e+03 2.171757e-09
1.754000e+03 2.212263e-09
1.755000e+03 2.189946e-09
1.756000e+03 2.231381e-09
1.757000e+03 2.302778e-09
1.758000e+03 2.172940e-09
1.759000e+03 2.194152e-09
1.760000e+03 2.127583e-09
1.761000e+03 2.201214e-09
1.762000e+03 2.182298e-09
1.763000e+03 2.107315e-09
1.764000e+03 2.105458e-09
1.765000e+03 2.206722e-09
1.766000e+03 2.125178e-09
1.767000e+03 2.253273e-09
1.768000e+03 2.213890e-09
1.769000e+03 2.164532e-09
1.770000e+03 2.107594e-09
1.771000e+03 2.098940e-09
1.772000e+03 2.115580e-09
1.773000e+03 2.159243e-09
1.774000e+03 2.103241e-09
1.775000e+03 2.118070e-09
1.776000e+03 2.099897e-09
1.777000e+03 2.165114e-09
1.778000e+03 2.364329e-09
1.779000e+03 2.171398e-09
1.780000e+03 2.145386e-09
1.781000e+03 2.086863e-09
1.782000e+03 2.117090e-09
1.783000e+03 2.108545e-09
1.784000e+03 2.065158e-09
1.785000e+03 2.163163e-09
1.786000e+03 2.130242e-09
1.787000e+03 2.142470e-09
1.788000e+03 2.059047e-09
1.789000e+03 2.180568e-09
1.790000e+03 2.041074e-09
1.791000e+03 2.079444e-09
1.792000e+03 2.083176e-09
1.793000e+03 2.071187e-09
1.794000e+03 2.031199e-09
1.795000e+03 2.042768e-09
1.796000e+03 2.115844e-09
1.797000e+03 2.199165e-09
1.798000e+03 2.111280e-09
1.799000e+03 2.012779e-09
1.800000e+03 2.027555e-09
