Title ="THE FLUX ERR"
Variables=
iter
residual
1.000000e+00 1.131109e-04
2.000000e+00 6.104411e-04
3.000000e+00 4.760518e-04
4.000000e+00 1.126324e-03
5.000000e+00 4.264263e-05
6.000000e+00 9.068704e-05
7.000000e+00 1.872608e-04
8.000000e+00 1.950343e-05
9.000000e+00 3.654868e-05
1.000000e+01 2.023484e-04
1.100000e+01 8.121174e-05
1.200000e+01 3.666883e-05
1.300000e+01 3.527397e-04
1.400000e+01 2.179757e-05
1.500000e+01 2.013811e-04
1.600000e+01 1.958445e-04
1.700000e+01 1.241861e-04
1.800000e+01 5.959507e-05
1.900000e+01 4.930642e-05
2.000000e+01 3.220382e-05
2.100000e+01 2.695509e-05
2.200000e+01 1.622067e-04
2.300000e+01 2.069296e-05
2.400000e+01 2.107179e-05
2.500000e+01 2.187599e-05
2.600000e+01 1.497830e-05
2.700000e+01 1.615459e-05
2.800000e+01 1.245108e-05
2.900000e+01 1.760494e-05
3.000000e+01 1.822480e-05
3.100000e+01 1.422733e-05
3.200000e+01 1.762156e-05
3.300000e+01 1.677127e-05
3.400000e+01 2.878400e-06
3.500000e+01 2.042191e-05
3.600000e+01 3.389265e-06
3.700000e+01 5.866470e-06
3.800000e+01 2.254804e-06
3.900000e+01 1.703948e-05
4.000000e+01 3.576985e-06
4.100000e+01 4.577260e-06
4.200000e+01 4.384760e-06
4.300000e+01 4.388912e-06
4.400000e+01 4.260060e-06
4.500000e+01 3.757195e-06
4.600000e+01 2.919292e-05
4.700000e+01 1.670868e-05
4.800000e+01 2.129538e-05
4.900000e+01 2.610582e-05
5.000000e+01 3.282709e-05
5.100000e+01 2.789427e-05
5.200000e+01 2.346685e-05
5.300000e+01 1.401072e-05
5.400000e+01 2.262019e-05
5.500000e+01 2.194173e-05
5.600000e+01 1.982323e-05
5.700000e+01 2.326644e-05
5.800000e+01 3.809704e-06
5.900000e+01 2.309740e-05
6.000000e+01 1.605486e-05
6.100000e+01 3.313851e-05
6.200000e+01 1.708062e-05
6.300000e+01 1.933690e-05
6.400000e+01 1.932206e-05
6.500000e+01 1.630856e-05
6.600000e+01 1.532553e-05
6.700000e+01 1.768547e-05
6.800000e+01 1.303755e-05
6.900000e+01 1.358901e-05
7.000000e+01 1.689798e-05
7.100000e+01 1.722992e-05
7.200000e+01 1.525993e-05
7.300000e+01 1.327425e-05
7.400000e+01 1.045123e-05
7.500000e+01 1.082048e-05
7.600000e+01 1.880002e-05
7.700000e+01 2.428737e-05
7.800000e+01 1.331357e-05
7.900000e+01 1.904175e-05
8.000000e+01 2.087777e-05
8.100000e+01 1.941934e-05
8.200000e+01 1.370849e-05
8.300000e+01 1.865233e-05
8.400000e+01 1.045005e-05
8.500000e+01 3.043787e-05
8.600000e+01 2.032898e-05
8.700000e+01 1.458693e-05
8.800000e+01 2.503199e-05
8.900000e+01 1.259537e-05
9.000000e+01 1.614236e-05
9.100000e+01 1.138055e-05
9.200000e+01 1.601225e-05
9.300000e+01 2.115673e-05
9.400000e+01 1.278239e-05
9.500000e+01 9.014910e-06
9.600000e+01 7.475015e-06
9.700000e+01 1.044866e-05
9.800000e+01 1.037244e-05
9.900000e+01 7.565296e-06
1.000000e+02 9.607822e-06
1.010000e+02 8.210416e-06
1.020000e+02 8.988561e-06
1.030000e+02 7.027355e-06
1.040000e+02 5.832331e-05
1.050000e+02 6.569825e-05
1.060000e+02 6.330921e-05
1.070000e+02 7.517961e-05
1.080000e+02 7.457727e-05
1.090000e+02 7.785017e-05
1.100000e+02 7.473154e-05
1.110000e+02 8.153957e-05
1.120000e+02 7.353054e-05
1.130000e+02 7.203009e-05
1.140000e+02 7.157184e-05
1.150000e+02 8.067962e-05
1.160000e+02 8.198340e-05
1.170000e+02 7.028468e-05
1.180000e+02 7.940713e-05
1.190000e+02 7.447727e-05
1.200000e+02 8.319011e-05
1.210000e+02 8.214220e-05
1.220000e+02 8.212006e-05
1.230000e+02 9.733896e-05
1.240000e+02 9.627254e-05
1.250000e+02 1.033213e-04
1.260000e+02 1.051243e-04
1.270000e+02 1.044919e-04
1.280000e+02 1.045648e-04
1.290000e+02 1.129234e-04
1.300000e+02 1.152513e-04
1.310000e+02 9.114125e-05
1.320000e+02 1.012135e-04
1.330000e+02 1.205408e-04
1.340000e+02 1.026832e-04
1.350000e+02 1.026254e-04
1.360000e+02 1.190105e-04
1.370000e+02 1.064069e-04
1.380000e+02 1.008794e-04
1.390000e+02 9.648475e-05
1.400000e+02 1.305586e-04
1.410000e+02 1.055224e-04
1.420000e+02 1.075570e-04
1.430000e+02 8.711609e-05
1.440000e+02 7.881389e-05
1.450000e+02 8.913808e-05
1.460000e+02 8.690889e-05
1.470000e+02 8.721766e-05
1.480000e+02 8.591628e-05
1.490000e+02 7.815431e-05
1.500000e+02 8.913206e-05
1.510000e+02 6.804688e-05
1.520000e+02 7.018149e-05
1.530000e+02 6.211946e-05
1.540000e+02 6.145606e-05
1.550000e+02 5.291893e-05
1.560000e+02 5.138838e-05
1.570000e+02 6.157614e-05
1.580000e+02 5.065706e-05
1.590000e+02 5.426876e-05
1.600000e+02 5.984975e-05
1.610000e+02 6.192013e-05
1.620000e+02 6.709146e-05
1.630000e+02 6.654053e-05
1.640000e+02 6.678775e-05
1.650000e+02 8.403757e-05
1.660000e+02 7.511844e-05
1.670000e+02 7.975972e-05
1.680000e+02 8.882587e-05
1.690000e+02 8.973605e-05
1.700000e+02 8.612397e-05
1.710000e+02 1.045668e-04
1.720000e+02 1.254818e-04
1.730000e+02 1.151538e-04
1.740000e+02 1.412356e-04
1.750000e+02 1.249597e-04
1.760000e+02 1.288150e-04
1.770000e+02 1.152853e-04
1.780000e+02 1.258405e-04
1.790000e+02 1.122256e-04
1.800000e+02 1.140195e-04
1.810000e+02 1.376929e-04
1.820000e+02 1.147824e-04
1.830000e+02 1.377576e-05
1.840000e+02 1.299218e-04
1.850000e+02 1.521830e-05
1.860000e+02 8.501834e-05
1.870000e+02 1.227946e-05
1.880000e+02 1.321208e-05
1.890000e+02 1.459890e-05
1.900000e+02 1.813681e-05
1.910000e+02 1.310076e-05
1.920000e+02 1.935720e-05
1.930000e+02 1.208268e-05
1.940000e+02 1.526336e-05
1.950000e+02 1.805480e-05
1.960000e+02 1.619574e-05
1.970000e+02 1.790852e-05
1.980000e+02 9.557903e-05
1.990000e+02 1.802097e-05
2.000000e+02 9.856573e-05
2.010000e+02 9.021667e-05
2.020000e+02 2.227916e-05
2.030000e+02 7.011932e-05
2.040000e+02 7.357163e-05
2.050000e+02 8.321006e-05
2.060000e+02 7.704608e-05
2.070000e+02 8.010141e-05
2.080000e+02 7.749758e-05
2.090000e+02 6.481812e-05
2.100000e+02 6.321798e-05
2.110000e+02 5.413817e-05
2.120000e+02 4.269217e-05
2.130000e+02 3.289875e-05
2.140000e+02 3.278597e-05
2.150000e+02 3.196087e-05
2.160000e+02 3.888160e-05
2.170000e+02 3.856991e-05
2.180000e+02 5.243908e-05
2.190000e+02 4.984511e-05
2.200000e+02 4.985878e-05
2.210000e+02 7.718559e-05
2.220000e+02 8.212107e-05
2.230000e+02 8.499890e-05
2.240000e+02 1.064233e-04
2.250000e+02 1.210220e-04
2.260000e+02 1.264438e-04
2.270000e+02 1.192757e-04
2.280000e+02 9.409233e-05
2.290000e+02 1.038821e-04
2.300000e+02 1.077383e-04
2.310000e+02 1.105054e-04
2.320000e+02 1.109250e-05
2.330000e+02 1.168596e-05
2.340000e+02 9.447570e-05
2.350000e+02 1.371447e-05
2.360000e+02 8.764574e-05
2.370000e+02 1.742677e-05
2.380000e+02 1.016429e-04
2.390000e+02 2.013330e-05
2.400000e+02 1.262245e-05
2.410000e+02 2.003340e-05
2.420000e+02 1.424500e-05
2.430000e+02 1.553848e-05
2.440000e+02 1.876743e-05
2.450000e+02 1.478142e-05
2.460000e+02 2.034443e-05
2.470000e+02 1.765997e-05
2.480000e+02 1.910982e-05
2.490000e+02 2.750070e-05
2.500000e+02 2.004623e-05
2.510000e+02 2.134763e-05
2.520000e+02 1.766841e-05
2.530000e+02 1.959403e-05
2.540000e+02 2.147045e-05
2.550000e+02 1.887974e-05
2.560000e+02 1.099624e-05
2.570000e+02 1.148707e-05
2.580000e+02 1.233735e-05
2.590000e+02 1.036217e-05
2.600000e+02 1.522394e-05
2.610000e+02 1.434052e-05
2.620000e+02 1.209704e-05
2.630000e+02 1.049253e-05
2.640000e+02 1.334356e-05
2.650000e+02 8.524285e-06
2.660000e+02 4.253692e-05
2.670000e+02 4.080253e-05
2.680000e+02 8.687022e-06
2.690000e+02 3.796832e-05
2.700000e+02 3.478228e-05
2.710000e+02 3.189288e-05
2.720000e+02 3.294413e-05
2.730000e+02 3.779887e-05
2.740000e+02 6.231475e-06
2.750000e+02 3.344360e-05
2.760000e+02 3.009190e-05
2.770000e+02 3.025448e-05
2.780000e+02 2.776655e-05
2.790000e+02 2.984211e-05
2.800000e+02 2.396056e-05
2.810000e+02 2.420484e-05
2.820000e+02 2.100085e-05
2.830000e+02 1.993042e-05
2.840000e+02 1.755746e-05
2.850000e+02 1.546744e-05
2.860000e+02 1.602087e-05
2.870000e+02 1.398579e-05
2.880000e+02 1.396633e-05
2.890000e+02 1.446709e-05
2.900000e+02 1.235025e-05
2.910000e+02 1.201370e-05
2.920000e+02 1.258108e-05
2.930000e+02 1.329299e-05
2.940000e+02 1.440130e-05
2.950000e+02 1.489462e-05
2.960000e+02 1.476112e-05
2.970000e+02 1.745342e-05
2.980000e+02 1.543515e-05
2.990000e+02 1.511015e-05
3.000000e+02 1.533816e-05
3.010000e+02 1.303871e-05
3.020000e+02 1.574001e-05
3.030000e+02 2.052235e-05
3.040000e+02 1.871120e-05
3.050000e+02 1.599852e-05
3.060000e+02 1.610867e-05
3.070000e+02 2.163007e-05
3.080000e+02 2.728612e-05
3.090000e+02 2.524086e-05
3.100000e+02 2.365525e-05
3.110000e+02 2.494313e-05
3.120000e+02 2.924870e-05
3.130000e+02 3.046486e-05
3.140000e+02 2.956597e-05
3.150000e+02 3.380426e-05
3.160000e+02 2.628412e-05
3.170000e+02 2.782288e-05
3.180000e+02 3.124391e-05
3.190000e+02 2.877949e-05
3.200000e+02 3.000251e-05
3.210000e+02 2.874611e-05
3.220000e+02 2.962932e-05
3.230000e+02 3.639860e-05
3.240000e+02 3.334018e-05
3.250000e+02 2.760628e-05
3.260000e+02 3.155520e-05
3.270000e+02 2.468459e-05
3.280000e+02 3.342539e-05
3.290000e+02 3.482744e-05
3.300000e+02 3.448181e-05
3.310000e+02 3.451127e-05
3.320000e+02 4.009592e-05
3.330000e+02 3.498615e-05
3.340000e+02 3.819349e-05
3.350000e+02 2.419213e-05
3.360000e+02 3.611546e-05
3.370000e+02 4.034104e-05
3.380000e+02 3.540508e-05
3.390000e+02 4.066974e-05
3.400000e+02 3.788524e-05
3.410000e+02 3.201257e-05
3.420000e+02 2.967277e-05
3.430000e+02 4.029900e-05
3.440000e+02 4.874700e-05
3.450000e+02 5.549835e-06
3.460000e+02 4.404859e-05
3.470000e+02 4.641746e-05
3.480000e+02 4.057381e-05
3.490000e+02 3.398096e-05
3.500000e+02 3.519272e-05
3.510000e+02 3.587427e-05
3.520000e+02 3.222923e-05
3.530000e+02 3.593229e-05
3.540000e+02 3.636968e-05
3.550000e+02 3.080334e-05
3.560000e+02 3.134075e-05
3.570000e+02 3.501698e-05
3.580000e+02 3.464798e-05
3.590000e+02 3.446093e-05
3.600000e+02 3.217944e-05
3.610000e+02 3.095972e-05
3.620000e+02 2.852339e-05
3.630000e+02 2.831140e-05
3.640000e+02 2.440894e-05
3.650000e+02 2.077560e-05
3.660000e+02 2.200903e-05
3.670000e+02 2.302887e-05
3.680000e+02 2.269228e-05
3.690000e+02 2.026374e-05
3.700000e+02 2.200926e-05
3.710000e+02 1.928548e-05
3.720000e+02 1.610175e-05
3.730000e+02 1.542627e-05
3.740000e+02 1.545195e-05
3.750000e+02 1.363353e-05
3.760000e+02 1.137660e-05
3.770000e+02 1.426048e-05
3.780000e+02 1.303197e-05
3.790000e+02 1.268649e-05
3.800000e+02 1.414148e-05
3.810000e+02 1.136698e-05
3.820000e+02 9.511655e-06
3.830000e+02 9.187458e-06
3.840000e+02 8.891878e-06
3.850000e+02 9.284421e-06
3.860000e+02 9.732953e-06
3.870000e+02 9.210488e-06
3.880000e+02 8.250469e-06
3.890000e+02 9.948593e-06
3.900000e+02 9.497594e-06
3.910000e+02 8.514886e-06
3.920000e+02 8.969211e-06
3.930000e+02 8.533391e-06
3.940000e+02 6.818108e-06
3.950000e+02 6.647416e-06
3.960000e+02 6.705046e-06
3.970000e+02 5.753430e-06
3.980000e+02 6.334026e-06
3.990000e+02 5.788337e-06
4.000000e+02 5.741833e-06
4.010000e+02 5.159777e-06
4.020000e+02 5.243839e-06
4.030000e+02 5.178101e-06
4.040000e+02 5.130738e-06
4.050000e+02 5.488539e-06
4.060000e+02 4.849460e-06
4.070000e+02 5.764336e-06
4.080000e+02 5.408156e-06
4.090000e+02 5.896036e-06
4.100000e+02 6.314706e-06
4.110000e+02 6.483787e-06
4.120000e+02 6.538888e-06
4.130000e+02 6.827714e-06
4.140000e+02 8.282442e-06
4.150000e+02 6.623291e-06
4.160000e+02 6.547043e-06
4.170000e+02 7.090004e-06
4.180000e+02 6.864511e-06
4.190000e+02 6.585935e-06
4.200000e+02 7.458432e-06
4.210000e+02 8.183081e-06
4.220000e+02 8.322966e-06
4.230000e+02 8.822553e-06
4.240000e+02 9.064320e-06
4.250000e+02 8.939550e-06
4.260000e+02 8.687417e-06
4.270000e+02 8.506347e-06
4.280000e+02 9.170579e-06
4.290000e+02 8.625464e-06
4.300000e+02 9.526437e-06
4.310000e+02 9.941488e-06
4.320000e+02 1.001847e-05
4.330000e+02 1.010282e-05
4.340000e+02 1.037863e-05
4.350000e+02 8.789858e-06
4.360000e+02 9.144186e-06
4.370000e+02 8.936292e-06
4.380000e+02 9.222506e-06
4.390000e+02 8.368555e-06
4.400000e+02 8.266603e-06
4.410000e+02 7.539421e-06
4.420000e+02 6.741819e-06
4.430000e+02 8.042967e-06
4.440000e+02 7.335839e-06
4.450000e+02 8.927730e-06
4.460000e+02 8.134903e-06
4.470000e+02 9.130579e-06
4.480000e+02 9.480221e-06
4.490000e+02 8.732615e-06
4.500000e+02 8.674440e-06
4.510000e+02 8.532915e-06
4.520000e+02 8.699033e-06
4.530000e+02 8.397457e-06
4.540000e+02 8.690463e-06
4.550000e+02 7.926964e-06
4.560000e+02 8.476890e-06
4.570000e+02 7.282657e-06
4.580000e+02 7.839894e-06
4.590000e+02 7.230728e-06
4.600000e+02 8.821998e-06
4.610000e+02 8.935867e-06
4.620000e+02 9.135078e-06
4.630000e+02 8.541697e-06
4.640000e+02 9.632870e-06
4.650000e+02 7.747920e-06
4.660000e+02 7.487527e-06
4.670000e+02 8.310303e-06
4.680000e+02 8.765055e-06
4.690000e+02 8.443851e-06
4.700000e+02 8.053379e-06
4.710000e+02 7.725958e-06
4.720000e+02 7.649321e-06
4.730000e+02 7.286973e-06
4.740000e+02 7.267928e-06
4.750000e+02 6.915405e-06
4.760000e+02 6.879674e-06
4.770000e+02 6.679904e-06
4.780000e+02 6.200711e-06
4.790000e+02 6.265585e-06
4.800000e+02 5.831753e-06
4.810000e+02 5.700494e-06
4.820000e+02 4.072514e-06
4.830000e+02 3.435658e-06
4.840000e+02 4.423383e-06
4.850000e+02 4.926816e-06
4.860000e+02 4.098810e-06
4.870000e+02 3.911061e-06
4.880000e+02 4.307063e-06
4.890000e+02 4.196160e-06
4.900000e+02 3.657446e-06
4.910000e+02 3.523141e-06
4.920000e+02 3.459554e-06
4.930000e+02 3.436828e-06
4.940000e+02 3.148917e-06
4.950000e+02 3.051559e-06
4.960000e+02 3.182944e-06
4.970000e+02 3.098983e-06
4.980000e+02 6.957106e-06
4.990000e+02 2.564548e-06
5.000000e+02 7.694235e-06
5.010000e+02 2.414664e-06
5.020000e+02 2.511372e-06
5.030000e+02 6.662986e-06
5.040000e+02 2.815832e-06
5.050000e+02 6.229380e-06
5.060000e+02 3.145564e-06
5.070000e+02 5.346945e-06
5.080000e+02 3.294670e-06
5.090000e+02 4.880239e-06
5.100000e+02 3.813685e-06
5.110000e+02 4.586620e-06
5.120000e+02 3.937844e-06
5.130000e+02 4.728538e-06
5.140000e+02 3.858394e-06
5.150000e+02 4.120953e-06
5.160000e+02 3.873959e-06
5.170000e+02 3.996288e-06
5.180000e+02 3.967930e-06
5.190000e+02 4.419372e-06
5.200000e+02 3.412956e-06
5.210000e+02 4.111979e-06
5.220000e+02 3.629135e-06
5.230000e+02 3.465715e-06
5.240000e+02 4.547202e-06
5.250000e+02 2.733795e-06
5.260000e+02 3.806738e-06
5.270000e+02 2.684732e-06
5.280000e+02 3.148333e-06
5.290000e+02 4.255612e-06
5.300000e+02 2.559564e-06
5.310000e+02 2.518693e-06
5.320000e+02 3.473187e-06
5.330000e+02 2.328747e-06
5.340000e+02 2.518937e-06
5.350000e+02 3.128981e-06
5.360000e+02 2.324466e-06
5.370000e+02 2.358167e-06
5.380000e+02 2.887854e-06
5.390000e+02 2.361002e-06
5.400000e+02 2.533685e-06
5.410000e+02 2.270145e-06
5.420000e+02 3.225404e-06
5.430000e+02 2.103613e-06
5.440000e+02 2.471420e-06
5.450000e+02 2.904999e-06
5.460000e+02 2.199917e-06
5.470000e+02 2.381245e-06
5.480000e+02 2.264451e-06
5.490000e+02 3.139957e-06
5.500000e+02 2.045660e-06
5.510000e+02 2.363613e-06
5.520000e+02 2.252157e-06
5.530000e+02 2.881944e-06
5.540000e+02 2.045355e-06
5.550000e+02 2.331406e-06
5.560000e+02 2.909741e-06
5.570000e+02 1.916048e-06
5.580000e+02 2.241465e-06
5.590000e+02 2.146175e-06
5.600000e+02 2.390777e-06
5.610000e+02 1.914601e-06
5.620000e+02 2.162803e-06
5.630000e+02 2.166872e-06
5.640000e+02 2.456340e-06
5.650000e+02 2.301157e-06
5.660000e+02 2.587304e-06
5.670000e+02 2.401109e-06
5.680000e+02 2.300032e-06
5.690000e+02 1.689175e-06
5.700000e+02 1.829757e-06
5.710000e+02 1.700271e-06
5.720000e+02 1.670976e-06
5.730000e+02 2.507032e-06
5.740000e+02 1.580226e-06
5.750000e+02 2.165699e-06
5.760000e+02 2.040588e-06
5.770000e+02 2.506025e-06
5.780000e+02 1.657237e-06
5.790000e+02 1.914838e-06
5.800000e+02 1.796112e-06
5.810000e+02 1.654971e-06
5.820000e+02 2.599451e-06
5.830000e+02 1.409233e-06
5.840000e+02 1.626032e-06
5.850000e+02 1.637487e-06
5.860000e+02 1.620873e-06
5.870000e+02 3.076510e-06
5.880000e+02 1.274912e-06
5.890000e+02 1.625253e-06
5.900000e+02 1.575772e-06
5.910000e+02 1.489053e-06
5.920000e+02 1.357200e-06
5.930000e+02 3.079960e-06
5.940000e+02 1.064208e-06
5.950000e+02 1.245100e-06
5.960000e+02 1.234576e-06
5.970000e+02 1.169673e-06
5.980000e+02 1.087318e-06
5.990000e+02 2.050523e-06
6.000000e+02 9.985242e-07
6.010000e+02 1.123981e-06
6.020000e+02 1.057413e-06
6.030000e+02 8.035815e-07
6.040000e+02 7.268133e-07
6.050000e+02 6.790012e-07
6.060000e+02 1.717381e-06
6.070000e+02 7.888491e-07
6.080000e+02 8.091875e-07
6.090000e+02 7.566563e-07
6.100000e+02 6.549106e-07
6.110000e+02 6.297787e-07
6.120000e+02 5.826178e-07
6.130000e+02 5.663467e-07
6.140000e+02 1.928009e-06
6.150000e+02 6.001232e-07
6.160000e+02 7.083451e-07
6.170000e+02 6.467000e-07
6.180000e+02 5.845727e-07
6.190000e+02 5.284982e-07
6.200000e+02 4.754925e-07
6.210000e+02 4.472809e-07
6.220000e+02 3.993026e-07
6.230000e+02 1.984193e-06
6.240000e+02 5.223439e-07
6.250000e+02 5.429852e-07
6.260000e+02 4.901521e-07
6.270000e+02 4.494578e-07
6.280000e+02 4.121754e-07
6.290000e+02 3.824170e-07
6.300000e+02 3.516074e-07
6.310000e+02 3.327725e-07
6.320000e+02 3.208185e-07
6.330000e+02 3.043175e-07
6.340000e+02 1.838360e-06
6.350000e+02 4.660541e-07
6.360000e+02 4.505388e-07
6.370000e+02 3.949766e-07
6.380000e+02 3.733500e-07
6.390000e+02 3.453062e-07
6.400000e+02 3.171730e-07
6.410000e+02 2.984353e-07
6.420000e+02 2.837196e-07
6.430000e+02 2.722860e-07
6.440000e+02 2.530825e-07
6.450000e+02 2.446869e-07
6.460000e+02 2.384435e-07
6.470000e+02 3.485817e-07
6.480000e+02 4.969199e-07
6.490000e+02 4.035447e-07
6.500000e+02 3.500863e-07
6.510000e+02 3.065523e-07
6.520000e+02 2.893018e-07
6.530000e+02 2.678146e-07
6.540000e+02 2.489124e-07
6.550000e+02 2.346158e-07
6.560000e+02 2.231188e-07
6.570000e+02 2.186647e-07
6.580000e+02 2.162172e-07
6.590000e+02 2.115636e-07
6.600000e+02 2.050801e-07
6.610000e+02 1.998061e-07
6.620000e+02 3.651153e-07
6.630000e+02 4.673640e-07
6.640000e+02 4.011084e-07
6.650000e+02 3.473763e-07
6.660000e+02 3.143019e-07
6.670000e+02 2.721709e-07
6.680000e+02 2.511306e-07
6.690000e+02 2.351852e-07
6.700000e+02 2.239586e-07
6.710000e+02 2.145341e-07
6.720000e+02 2.073254e-07
6.730000e+02 2.003638e-07
6.740000e+02 1.946083e-07
6.750000e+02 2.011479e-07
6.760000e+02 1.986310e-07
6.770000e+02 1.883064e-07
6.780000e+02 2.734973e-07
6.790000e+02 4.996976e-07
6.800000e+02 4.244337e-07
6.810000e+02 3.361922e-07
6.820000e+02 2.925051e-07
6.830000e+02 2.590927e-07
6.840000e+02 2.319955e-07
6.850000e+02 2.118700e-07
6.860000e+02 1.969948e-07
6.870000e+02 1.817869e-07
6.880000e+02 1.740704e-07
6.890000e+02 1.689345e-07
6.900000e+02 1.638469e-07
6.910000e+02 1.651151e-07
6.920000e+02 1.706345e-07
6.930000e+02 1.684664e-07
6.940000e+02 1.662144e-07
6.950000e+02 1.648340e-07
6.960000e+02 1.676190e-07
6.970000e+02 3.266618e-07
6.980000e+02 4.624213e-07
6.990000e+02 4.010451e-07
7.000000e+02 3.149198e-07
7.010000e+02 2.709811e-07
7.020000e+02 2.467723e-07
7.030000e+02 2.248432e-07
7.040000e+02 2.051536e-07
7.050000e+02 1.922696e-07
7.060000e+02 1.820849e-07
7.070000e+02 1.715298e-07
7.080000e+02 1.657572e-07
7.090000e+02 1.617500e-07
7.100000e+02 1.554312e-07
7.110000e+02 1.529416e-07
7.120000e+02 1.508627e-07
7.130000e+02 1.496157e-07
7.140000e+02 3.035351e-07
7.150000e+02 4.950317e-07
7.160000e+02 4.064076e-07
7.170000e+02 3.335357e-07
7.180000e+02 2.822921e-07
7.190000e+02 2.470390e-07
7.200000e+02 2.202184e-07
7.210000e+02 2.033859e-07
7.220000e+02 1.893375e-07
7.230000e+02 1.780727e-07
7.240000e+02 1.702932e-07
7.250000e+02 1.631660e-07
7.260000e+02 1.568943e-07
7.270000e+02 3.184128e-07
7.280000e+02 4.718523e-07
7.290000e+02 4.256982e-07
7.300000e+02 3.532628e-07
7.310000e+02 3.018907e-07
7.320000e+02 2.545336e-07
7.330000e+02 2.270213e-07
7.340000e+02 2.078739e-07
7.350000e+02 1.918949e-07
7.360000e+02 1.839605e-07
7.370000e+02 5.797679e-07
7.380000e+02 4.650184e-07
7.390000e+02 4.184162e-07
7.400000e+02 3.469044e-07
7.410000e+02 2.875284e-07
7.420000e+02 2.478603e-07
7.430000e+02 2.199674e-07
7.440000e+02 1.996926e-07
7.450000e+02 2.674033e-07
7.460000e+02 5.154764e-07
7.470000e+02 4.499148e-07
7.480000e+02 3.639650e-07
7.490000e+02 3.068893e-07
7.500000e+02 2.774336e-07
7.510000e+02 2.462915e-07
7.520000e+02 2.226546e-07
7.530000e+02 2.560185e-07
7.540000e+02 5.287649e-07
7.550000e+02 4.630582e-07
7.560000e+02 3.761201e-07
7.570000e+02 3.176195e-07
7.580000e+02 2.822221e-07
7.590000e+02 2.471125e-07
7.600000e+02 5.693945e-07
7.610000e+02 4.956721e-07
7.620000e+02 4.071470e-07
7.630000e+02 3.424354e-07
7.640000e+02 3.002705e-07
7.650000e+02 2.230407e-07
7.660000e+02 6.198287e-07
7.670000e+02 5.245180e-07
7.680000e+02 4.327358e-07
7.690000e+02 3.658784e-07
7.700000e+02 2.187970e-07
7.710000e+02 6.468477e-07
7.720000e+02 5.487896e-07
7.730000e+02 3.953205e-07
7.740000e+02 3.580514e-07
7.750000e+02 3.114420e-07
7.760000e+02 2.464823e-07
7.770000e+02 5.786228e-07
7.780000e+02 4.938112e-07
7.790000e+02 4.089839e-07
7.800000e+02 3.464069e-07
7.810000e+02 2.275451e-07
7.820000e+02 5.965980e-07
7.830000e+02 5.083322e-07
7.840000e+02 4.216821e-07
7.850000e+02 3.574229e-07
7.860000e+02 2.420306e-07
7.870000e+02 5.960214e-07
7.880000e+02 5.139314e-07
7.890000e+02 4.264823e-07
7.900000e+02 3.588468e-07
7.910000e+02 2.477409e-07
7.920000e+02 6.228784e-07
7.930000e+02 4.899777e-07
7.940000e+02 4.042421e-07
7.950000e+02 3.382872e-07
7.960000e+02 2.096341e-07
7.970000e+02 5.902742e-07
7.980000e+02 5.117829e-07
7.990000e+02 4.114227e-07
8.000000e+02 3.454533e-07
8.010000e+02 3.231067e-07
8.020000e+02 2.751069e-07
8.030000e+02 5.054643e-07
8.040000e+02 4.275136e-07
8.050000e+02 3.805610e-07
8.060000e+02 3.245264e-07
8.070000e+02 2.530575e-07
8.080000e+02 5.329911e-07
8.090000e+02 4.665443e-07
8.100000e+02 4.285036e-07
8.110000e+02 3.725766e-07
8.120000e+02 2.827500e-07
8.130000e+02 2.898484e-07
8.140000e+02 5.932450e-07
8.150000e+02 5.134960e-07
8.160000e+02 4.042413e-07
8.170000e+02 3.436224e-07
8.180000e+02 2.987200e-07
8.190000e+02 2.721657e-07
8.200000e+02 4.905349e-07
8.210000e+02 5.079187e-07
8.220000e+02 4.226104e-07
8.230000e+02 3.624352e-07
8.240000e+02 3.128003e-07
8.250000e+02 2.570422e-07
8.260000e+02 7.184320e-08
8.270000e+02 4.872473e-07
8.280000e+02 4.283817e-07
8.290000e+02 3.416607e-07
8.300000e+02 2.948529e-07
8.310000e+02 2.439378e-07
8.320000e+02 3.274179e-07
8.330000e+02 4.800334e-07
8.340000e+02 4.158300e-07
8.350000e+02 3.451203e-07
8.360000e+02 2.940337e-07
8.370000e+02 2.473065e-07
8.380000e+02 2.176330e-07
8.390000e+02 2.926795e-07
8.400000e+02 4.909480e-07
8.410000e+02 3.892155e-07
8.420000e+02 3.147784e-07
8.430000e+02 2.664855e-07
8.440000e+02 2.801361e-07
8.450000e+02 2.497039e-07
8.460000e+02 3.136475e-07
8.470000e+02 6.742083e-08
8.480000e+02 4.041924e-07
8.490000e+02 3.255172e-07
8.500000e+02 2.771370e-07
8.510000e+02 2.380599e-07
8.520000e+02 2.087049e-07
8.530000e+02 1.847333e-07
8.540000e+02 2.644282e-07
8.550000e+02 4.477945e-07
8.560000e+02 3.740967e-07
8.570000e+02 2.893219e-07
8.580000e+02 2.502087e-07
8.590000e+02 2.182077e-07
8.600000e+02 1.931376e-07
8.610000e+02 1.728802e-07
8.620000e+02 1.568316e-07
8.630000e+02 2.569762e-07
8.640000e+02 6.194823e-08
8.650000e+02 3.431186e-07
8.660000e+02 3.082935e-07
8.670000e+02 2.621409e-07
8.680000e+02 2.278048e-07
8.690000e+02 1.775683e-07
8.700000e+02 1.564953e-07
8.710000e+02 1.419948e-07
8.720000e+02 2.609381e-07
8.730000e+02 3.625831e-07
8.740000e+02 3.103089e-07
8.750000e+02 2.560555e-07
8.760000e+02 2.163331e-07
8.770000e+02 1.872005e-07
8.780000e+02 1.697962e-07
8.790000e+02 1.517286e-07
8.800000e+02 1.370501e-07
8.810000e+02 2.686897e-07
8.820000e+02 3.622200e-07
8.830000e+02 3.387414e-07
8.840000e+02 2.811118e-07
8.850000e+02 2.464530e-07
8.860000e+02 2.108803e-07
8.870000e+02 1.835608e-07
8.880000e+02 1.613236e-07
8.890000e+02 1.436688e-07
8.900000e+02 1.292652e-07
8.910000e+02 2.702332e-07
8.920000e+02 3.968871e-07
8.930000e+02 3.401591e-07
8.940000e+02 2.795828e-07
8.950000e+02 2.337969e-07
8.960000e+02 1.996409e-07
8.970000e+02 1.731875e-07
8.980000e+02 1.521702e-07
8.990000e+02 1.353544e-07
9.000000e+02 1.216654e-07
9.010000e+02 1.103038e-07
9.020000e+02 2.691247e-07
9.030000e+02 3.509252e-07
9.040000e+02 2.877191e-07
9.050000e+02 2.354878e-07
9.060000e+02 1.972805e-07
9.070000e+02 1.687615e-07
9.080000e+02 1.470912e-07
9.090000e+02 1.298276e-07
9.100000e+02 1.167231e-07
9.110000e+02 1.146925e-07
9.120000e+02 9.864433e-08
9.130000e+02 9.058019e-08
9.140000e+02 8.411288e-08
9.150000e+02 2.475765e-07
9.160000e+02 3.415469e-07
9.170000e+02 2.988129e-07
9.180000e+02 2.205759e-07
9.190000e+02 1.853807e-07
9.200000e+02 1.596650e-07
9.210000e+02 1.402958e-07
9.220000e+02 1.251965e-07
9.230000e+02 1.128285e-07
9.240000e+02 1.027703e-07
9.250000e+02 9.919938e-08
9.260000e+02 9.167156e-08
9.270000e+02 8.520825e-08
9.280000e+02 2.341372e-07
9.290000e+02 3.300890e-07
9.300000e+02 2.907489e-07
9.310000e+02 2.402809e-07
9.320000e+02 2.007650e-07
9.330000e+02 1.657374e-07
9.340000e+02 1.422799e-07
9.350000e+02 1.242104e-07
9.360000e+02 1.122154e-07
9.370000e+02 1.015930e-07
9.380000e+02 9.226245e-08
9.390000e+02 8.484434e-08
9.400000e+02 7.923807e-08
9.410000e+02 7.431968e-08
9.420000e+02 7.027124e-08
9.430000e+02 2.339163e-07
9.440000e+02 3.183271e-07
9.450000e+02 2.701317e-07
9.460000e+02 2.185291e-07
9.470000e+02 1.823065e-07
9.480000e+02 1.553439e-07
9.490000e+02 1.343614e-07
9.500000e+02 1.179604e-07
9.510000e+02 1.047704e-07
9.520000e+02 9.447377e-08
9.530000e+02 8.559089e-08
9.540000e+02 7.849071e-08
9.550000e+02 7.294413e-08
9.560000e+02 6.798800e-08
9.570000e+02 6.425982e-08
9.580000e+02 6.147260e-08
9.590000e+02 5.905186e-08
9.600000e+02 2.433643e-07
9.610000e+02 4.468121e-08
9.620000e+02 2.462662e-07
9.630000e+02 2.114181e-07
9.640000e+02 1.775432e-07
9.650000e+02 1.545114e-07
9.660000e+02 1.246431e-07
9.670000e+02 1.091275e-07
9.680000e+02 9.632489e-08
9.690000e+02 8.749839e-08
9.700000e+02 7.913863e-08
9.710000e+02 7.224443e-08
9.720000e+02 6.711542e-08
9.730000e+02 6.289721e-08
9.740000e+02 5.929512e-08
9.750000e+02 5.673526e-08
9.760000e+02 5.491639e-08
9.770000e+02 5.149473e-08
9.780000e+02 5.023589e-08
9.790000e+02 4.843633e-08
9.800000e+02 4.807136e-08
9.810000e+02 2.469814e-07
9.820000e+02 2.757863e-07
9.830000e+02 2.384624e-07
9.840000e+02 2.223061e-07
9.850000e+02 1.856892e-07
9.860000e+02 1.566844e-07
9.870000e+02 1.335772e-07
9.880000e+02 1.148976e-07
9.890000e+02 9.227043e-08
9.900000e+02 8.338120e-08
9.910000e+02 7.494507e-08
9.920000e+02 6.851663e-08
9.930000e+02 6.289543e-08
9.940000e+02 5.853636e-08
9.950000e+02 5.499435e-08
9.960000e+02 5.104820e-08
9.970000e+02 4.782378e-08
9.980000e+02 4.621882e-08
9.990000e+02 4.472168e-08
1.000000e+03 4.406418e-08
1.001000e+03 4.269003e-08
1.002000e+03 4.165798e-08
1.003000e+03 4.094265e-08
1.004000e+03 4.053172e-08
1.005000e+03 2.417674e-07
1.006000e+03 4.958477e-08
1.007000e+03 4.244182e-08
1.008000e+03 2.018017e-07
1.009000e+03 1.774122e-07
1.010000e+03 1.501280e-07
1.011000e+03 1.278048e-07
1.012000e+03 1.100862e-07
1.013000e+03 9.516079e-08
1.014000e+03 8.320486e-08
1.015000e+03 7.362938e-08
1.016000e+03 6.490080e-08
1.017000e+03 5.862745e-08
1.018000e+03 5.375247e-08
1.019000e+03 4.965811e-08
1.020000e+03 4.669990e-08
1.021000e+03 4.404021e-08
1.022000e+03 4.179568e-08
1.023000e+03 4.019483e-08
1.024000e+03 3.832167e-08
1.025000e+03 3.747196e-08
1.026000e+03 3.592014e-08
1.027000e+03 3.502552e-08
1.028000e+03 3.438560e-08
1.029000e+03 3.370454e-08
1.030000e+03 3.543646e-08
1.031000e+03 3.451199e-08
1.032000e+03 3.434858e-08
1.033000e+03 3.394115e-08
1.034000e+03 3.336984e-08
1.035000e+03 2.414078e-07
1.036000e+03 4.570194e-08
1.037000e+03 4.231114e-08
1.038000e+03 3.335991e-08
1.039000e+03 1.567071e-07
1.040000e+03 1.386584e-07
1.041000e+03 1.182165e-07
1.042000e+03 1.007523e-07
1.043000e+03 8.644309e-08
1.044000e+03 7.468367e-08
1.045000e+03 6.557077e-08
1.046000e+03 5.778450e-08
1.047000e+03 5.172427e-08
1.048000e+03 4.685173e-08
1.049000e+03 4.296723e-08
1.050000e+03 4.021652e-08
1.051000e+03 3.769856e-08
1.052000e+03 3.587978e-08
1.053000e+03 3.418859e-08
1.054000e+03 3.244119e-08
1.055000e+03 3.147072e-08
1.056000e+03 3.037582e-08
1.057000e+03 2.962090e-08
1.058000e+03 2.891638e-08
1.059000e+03 2.799379e-08
1.060000e+03 2.798822e-08
1.061000e+03 2.711535e-08
1.062000e+03 2.678246e-08
1.063000e+03 2.611966e-08
1.064000e+03 2.595269e-08
1.065000e+03 2.578759e-08
1.066000e+03 2.565975e-08
1.067000e+03 2.540661e-08
1.068000e+03 2.503493e-08
1.069000e+03 2.468854e-08
1.070000e+03 2.494306e-08
1.071000e+03 2.433588e-08
1.072000e+03 2.467013e-08
1.073000e+03 2.415413e-08
1.074000e+03 2.392793e-08
1.075000e+03 2.397331e-08
1.076000e+03 2.356298e-08
1.077000e+03 2.352712e-07
1.078000e+03 4.507654e-08
1.079000e+03 4.081843e-08
1.080000e+03 3.199350e-08
1.081000e+03 2.540872e-08
1.082000e+03 1.190210e-07
1.083000e+03 1.056223e-07
1.084000e+03 8.956475e-08
1.085000e+03 7.619260e-08
1.086000e+03 6.496436e-08
1.087000e+03 5.602220e-08
1.088000e+03 4.870584e-08
1.089000e+03 4.270396e-08
1.090000e+03 3.841150e-08
1.091000e+03 3.435675e-08
1.092000e+03 3.174098e-08
1.093000e+03 2.953590e-08
1.094000e+03 2.725533e-08
1.095000e+03 2.576622e-08
1.096000e+03 2.447485e-08
1.097000e+03 2.360421e-08
1.098000e+03 2.278274e-08
1.099000e+03 2.212722e-08
1.100000e+03 2.220412e-08
1.101000e+03 2.099979e-08
1.102000e+03 2.088018e-08
1.103000e+03 2.029532e-08
1.104000e+03 1.974050e-08
1.105000e+03 1.984571e-08
1.106000e+03 1.884811e-08
1.107000e+03 1.876684e-08
1.108000e+03 1.836407e-08
1.109000e+03 1.830870e-08
1.110000e+03 1.822823e-08
1.111000e+03 1.765967e-08
1.112000e+03 1.796254e-08
1.113000e+03 1.743270e-08
1.114000e+03 1.727485e-08
1.115000e+03 1.726233e-08
1.116000e+03 1.699638e-08
1.117000e+03 1.677538e-08
1.118000e+03 1.664500e-08
1.119000e+03 1.669847e-08
1.120000e+03 1.710963e-08
1.121000e+03 1.651594e-08
1.122000e+03 1.667986e-08
1.123000e+03 1.614196e-08
1.124000e+03 1.615964e-08
1.125000e+03 1.615352e-08
1.126000e+03 1.564781e-08
1.127000e+03 1.553309e-08
1.128000e+03 1.563829e-08
1.129000e+03 1.540416e-08
1.130000e+03 1.546041e-08
1.131000e+03 1.505255e-08
1.132000e+03 1.551949e-08
1.133000e+03 1.527852e-08
1.134000e+03 1.478459e-08
1.135000e+03 1.466355e-08
1.136000e+03 1.449246e-08
1.137000e+03 1.476761e-08
1.138000e+03 1.482446e-08
1.139000e+03 1.467302e-08
1.140000e+03 1.491242e-08
1.141000e+03 1.450024e-08
1.142000e+03 1.448307e-08
1.143000e+03 1.437032e-08
1.144000e+03 1.429630e-08
1.145000e+03 2.303379e-07
1.146000e+03 4.332269e-08
1.147000e+03 3.936761e-08
1.148000e+03 3.126077e-08
1.149000e+03 2.475169e-08
1.150000e+03 1.979222e-08
1.151000e+03 1.605074e-08
1.152000e+03 7.561104e-08
1.153000e+03 6.655800e-08
1.154000e+03 5.621997e-08
1.155000e+03 4.751041e-08
1.156000e+03 4.039921e-08
1.157000e+03 3.476019e-08
1.158000e+03 3.023886e-08
1.159000e+03 2.665185e-08
1.160000e+03 2.412573e-08
1.161000e+03 2.125262e-08
1.162000e+03 1.954999e-08
1.163000e+03 1.819474e-08
1.164000e+03 1.701813e-08
1.165000e+03 1.670575e-08
1.166000e+03 1.549058e-08
1.167000e+03 1.499330e-08
1.168000e+03 1.460930e-08
1.169000e+03 1.407794e-08
1.170000e+03 1.393142e-08
1.171000e+03 1.357460e-08
1.172000e+03 1.375177e-08
1.173000e+03 1.343647e-08
1.174000e+03 1.292080e-08
1.175000e+03 1.268077e-08
1.176000e+03 1.241313e-08
1.177000e+03 1.224346e-08
1.178000e+03 1.196750e-08
1.179000e+03 1.205625e-08
1.180000e+03 1.235839e-08
1.181000e+03 1.175620e-08
1.182000e+03 1.192113e-08
1.183000e+03 1.140791e-08
1.184000e+03 1.134344e-08
1.185000e+03 1.133268e-08
1.186000e+03 1.092247e-08
1.187000e+03 1.095880e-08
1.188000e+03 1.097763e-08
1.189000e+03 1.080042e-08
1.190000e+03 1.114823e-08
1.191000e+03 1.075020e-08
1.192000e+03 1.129529e-08
1.193000e+03 1.066198e-08
1.194000e+03 1.057021e-08
1.195000e+03 1.079244e-08
1.196000e+03 1.044923e-08
1.197000e+03 1.052053e-08
1.198000e+03 1.030123e-08
1.199000e+03 1.022888e-08
1.200000e+03 1.073263e-08
1.201000e+03 1.024820e-08
1.202000e+03 1.035079e-08
1.203000e+03 1.005933e-08
1.204000e+03 9.862305e-09
1.205000e+03 1.032069e-08
1.206000e+03 9.694520e-09
1.207000e+03 9.601759e-09
1.208000e+03 9.744569e-09
1.209000e+03 9.433495e-09
1.210000e+03 1.008826e-08
1.211000e+03 9.476450e-09
1.212000e+03 1.020855e-08
1.213000e+03 9.694328e-09
1.214000e+03 9.319139e-09
1.215000e+03 9.231658e-09
1.216000e+03 8.945554e-09
1.217000e+03 8.750720e-09
1.218000e+03 9.219960e-09
1.219000e+03 9.205034e-09
1.220000e+03 9.661746e-09
1.221000e+03 8.965263e-09
1.222000e+03 9.263816e-09
1.223000e+03 9.158576e-09
1.224000e+03 8.959692e-09
1.225000e+03 9.615095e-09
1.226000e+03 8.796070e-09
1.227000e+03 9.035916e-09
1.228000e+03 8.873817e-09
1.229000e+03 8.907338e-09
1.230000e+03 8.954640e-09
1.231000e+03 8.535071e-09
1.232000e+03 9.347115e-09
1.233000e+03 8.612297e-09
1.234000e+03 8.621097e-09
1.235000e+03 8.618707e-09
1.236000e+03 8.602087e-09
1.237000e+03 8.326197e-09
1.238000e+03 8.288894e-09
1.239000e+03 8.322463e-09
1.240000e+03 8.885771e-09
1.241000e+03 8.494871e-09
1.242000e+03 8.854557e-09
1.243000e+03 8.471860e-09
1.244000e+03 8.420138e-09
1.245000e+03 8.421199e-09
1.246000e+03 8.031769e-09
1.247000e+03 8.041875e-09
1.248000e+03 8.202956e-09
1.249000e+03 8.087209e-09
1.250000e+03 8.040348e-09
1.251000e+03 7.828228e-09
1.252000e+03 8.541070e-09
1.253000e+03 8.203094e-09
1.254000e+03 7.739397e-09
1.255000e+03 7.622250e-09
1.256000e+03 7.642719e-09
1.257000e+03 7.512131e-09
1.258000e+03 7.504115e-09
1.259000e+03 7.649238e-09
1.260000e+03 7.850849e-09
1.261000e+03 7.411658e-09
1.262000e+03 7.721620e-09
1.263000e+03 7.550386e-09
1.264000e+03 7.591099e-09
1.265000e+03 7.694038e-09
1.266000e+03 7.360711e-09
1.267000e+03 7.222726e-09
1.268000e+03 7.431607e-09
1.269000e+03 2.298016e-07
1.270000e+03 4.318708e-08
1.271000e+03 4.026923e-08
1.272000e+03 3.212950e-08
1.273000e+03 2.493250e-08
1.274000e+03 1.989295e-08
1.275000e+03 1.602528e-08
1.276000e+03 1.288093e-08
1.277000e+03 1.043578e-08
1.278000e+03 4.854848e-08
1.279000e+03 4.231926e-08
1.280000e+03 3.571215e-08
1.281000e+03 3.003262e-08
1.282000e+03 2.568147e-08
1.283000e+03 2.204302e-08
1.284000e+03 1.885767e-08
1.285000e+03 1.716113e-08
1.286000e+03 1.518103e-08
1.287000e+03 1.385359e-08
1.288000e+03 1.284813e-08
1.289000e+03 1.184996e-08
1.290000e+03 1.155390e-08
1.291000e+03 1.077793e-08
1.292000e+03 1.092012e-08
1.293000e+03 1.006077e-08
1.294000e+03 9.586362e-09
1.295000e+03 9.263945e-09
1.296000e+03 8.922166e-09
1.297000e+03 8.655706e-09
1.298000e+03 8.458206e-09
1.299000e+03 8.346592e-09
1.300000e+03 8.464585e-09
1.301000e+03 8.230002e-09
1.302000e+03 8.131206e-09
1.303000e+03 7.614313e-09
1.304000e+03 7.526449e-09
1.305000e+03 7.694090e-09
1.306000e+03 7.213577e-09
1.307000e+03 7.264283e-09
1.308000e+03 7.298338e-09
1.309000e+03 7.125479e-09
1.310000e+03 7.307326e-09
1.311000e+03 6.903361e-09
1.312000e+03 7.575135e-09
1.313000e+03 7.083403e-09
1.314000e+03 6.871352e-09
1.315000e+03 6.994825e-09
1.316000e+03 6.771640e-09
1.317000e+03 6.591818e-09
1.318000e+03 6.667223e-09
1.319000e+03 6.630268e-09
1.320000e+03 7.289863e-09
1.321000e+03 6.823016e-09
1.322000e+03 6.955899e-09
1.323000e+03 6.739775e-09
1.324000e+03 6.600864e-09
1.325000e+03 7.009440e-09
1.326000e+03 6.387435e-09
1.327000e+03 6.529317e-09
1.328000e+03 6.342653e-09
1.329000e+03 6.110691e-09
1.330000e+03 6.756006e-09
1.331000e+03 6.229695e-09
1.332000e+03 6.856647e-09
1.333000e+03 6.451419e-09
1.334000e+03 5.977511e-09
1.335000e+03 6.138126e-09
1.336000e+03 5.960933e-09
1.337000e+03 5.897263e-09
1.338000e+03 5.876333e-09
1.339000e+03 5.834002e-09
1.340000e+03 6.366695e-09
1.341000e+03 5.657161e-09
1.342000e+03 6.126206e-09
1.343000e+03 5.821155e-09
1.344000e+03 5.745945e-09
1.345000e+03 6.332910e-09
1.346000e+03 5.654728e-09
1.347000e+03 5.793518e-09
1.348000e+03 5.792350e-09
1.349000e+03 5.718857e-09
1.350000e+03 5.905245e-09
1.351000e+03 5.609730e-09
1.352000e+03 6.392422e-09
1.353000e+03 5.746853e-09
1.354000e+03 5.601844e-09
1.355000e+03 5.696115e-09
1.356000e+03 5.678301e-09
1.357000e+03 5.470576e-09
1.358000e+03 5.562648e-09
1.359000e+03 5.856719e-09
1.360000e+03 6.435137e-09
1.361000e+03 5.923877e-09
1.362000e+03 6.338290e-09
1.363000e+03 6.029939e-09
1.364000e+03 5.599230e-09
1.365000e+03 5.943491e-09
1.366000e+03 5.621853e-09
1.367000e+03 5.736803e-09
1.368000e+03 6.008286e-09
1.369000e+03 5.778677e-09
1.370000e+03 6.001456e-09
1.371000e+03 5.760427e-09
1.372000e+03 6.563342e-09
1.373000e+03 6.216080e-09
1.374000e+03 5.730266e-09
1.375000e+03 5.577560e-09
1.376000e+03 5.747359e-09
1.377000e+03 5.515246e-09
1.378000e+03 5.555560e-09
1.379000e+03 5.984262e-09
1.380000e+03 5.858340e-09
1.381000e+03 5.651309e-09
1.382000e+03 5.925614e-09
1.383000e+03 5.783424e-09
1.384000e+03 5.598548e-09
1.385000e+03 6.023864e-09
1.386000e+03 5.588236e-09
1.387000e+03 5.583120e-09
1.388000e+03 5.681425e-09
1.389000e+03 5.240026e-09
1.390000e+03 5.763958e-09
1.391000e+03 5.319168e-09
1.392000e+03 6.059656e-09
1.393000e+03 5.548823e-09
1.394000e+03 5.381011e-09
1.395000e+03 5.219268e-09
1.396000e+03 5.223039e-09
1.397000e+03 5.087510e-09
1.398000e+03 5.096614e-09
1.399000e+03 5.247413e-09
1.400000e+03 5.860244e-09
1.401000e+03 5.301240e-09
1.402000e+03 5.733275e-09
1.403000e+03 5.514854e-09
1.404000e+03 5.129358e-09
1.405000e+03 5.798231e-09
1.406000e+03 5.059360e-09
1.407000e+03 5.255538e-09
1.408000e+03 5.235644e-09
1.409000e+03 4.966995e-09
1.410000e+03 5.277700e-09
1.411000e+03 5.211801e-09
1.412000e+03 5.855324e-09
1.413000e+03 5.135177e-09
1.414000e+03 4.869530e-09
1.415000e+03 5.082612e-09
1.416000e+03 5.033766e-09
1.417000e+03 4.937598e-09
1.418000e+03 4.867486e-09
1.419000e+03 5.100311e-09
1.420000e+03 5.428249e-09
1.421000e+03 5.058620e-09
1.422000e+03 5.491641e-09
1.423000e+03 4.969954e-09
1.424000e+03 4.985468e-09
1.425000e+03 5.130386e-09
1.426000e+03 4.906732e-09
1.427000e+03 5.052591e-09
1.428000e+03 5.193477e-09
1.429000e+03 4.856561e-09
1.430000e+03 5.302196e-09
1.431000e+03 5.003373e-09
1.432000e+03 5.573921e-09
1.433000e+03 4.937431e-09
1.434000e+03 4.843849e-09
1.435000e+03 5.043964e-09
1.436000e+03 4.850813e-09
1.437000e+03 4.809828e-09
1.438000e+03 4.853176e-09
1.439000e+03 4.672545e-09
1.440000e+03 5.270362e-09
1.441000e+03 4.855318e-09
1.442000e+03 5.136118e-09
1.443000e+03 5.080524e-09
1.444000e+03 4.315606e-09
1.445000e+03 5.251629e-09
1.446000e+03 4.589013e-09
1.447000e+03 4.667215e-09
1.448000e+03 4.829564e-09
1.449000e+03 4.326027e-09
1.450000e+03 4.976944e-09
1.451000e+03 4.469274e-09
1.452000e+03 5.343087e-09
1.453000e+03 4.879789e-09
1.454000e+03 4.443366e-09
1.455000e+03 4.383738e-09
1.456000e+03 4.435546e-09
1.457000e+03 4.537303e-09
1.458000e+03 4.286436e-09
1.459000e+03 4.520355e-09
1.460000e+03 5.139784e-09
1.461000e+03 4.309905e-09
1.462000e+03 4.936829e-09
1.463000e+03 4.562802e-09
1.464000e+03 4.533533e-09
1.465000e+03 5.075205e-09
1.466000e+03 4.457637e-09
1.467000e+03 4.737154e-09
1.468000e+03 4.505382e-09
1.469000e+03 4.499747e-09
1.470000e+03 4.623425e-09
1.471000e+03 4.295339e-09
1.472000e+03 5.013684e-09
1.473000e+03 4.363908e-09
1.474000e+03 4.323174e-09
1.475000e+03 4.457364e-09
1.476000e+03 4.369005e-09
1.477000e+03 4.280507e-09
1.478000e+03 4.180887e-09
1.479000e+03 4.252902e-09
1.480000e+03 4.920644e-09
1.481000e+03 4.391890e-09
1.482000e+03 4.945032e-09
1.483000e+03 4.653449e-09
1.484000e+03 4.477105e-09
1.485000e+03 4.569256e-09
1.486000e+03 4.220088e-09
1.487000e+03 4.207297e-09
1.488000e+03 4.553730e-09
1.489000e+03 4.226072e-09
1.490000e+03 4.521058e-09
1.491000e+03 4.183436e-09
1.492000e+03 4.960074e-09
1.493000e+03 2.194391e-07
1.494000e+03 3.961685e-08
1.495000e+03 3.687240e-08
1.496000e+03 2.940046e-08
1.497000e+03 2.322413e-08
1.498000e+03 1.839270e-08
1.499000e+03 1.469501e-08
1.500000e+03 1.168003e-08
1.501000e+03 9.418896e-09
1.502000e+03 4.460744e-08
1.503000e+03 3.458112e-08
1.504000e+03 2.882608e-08
1.505000e+03 2.423002e-08
1.506000e+03 2.034524e-08
1.507000e+03 1.736533e-08
1.508000e+03 1.504332e-08
1.509000e+03 1.320196e-08
1.510000e+03 1.205123e-08
1.511000e+03 1.053999e-08
1.512000e+03 1.014692e-08
1.513000e+03 9.096410e-09
1.514000e+03 8.368833e-09
1.515000e+03 7.836588e-09
1.516000e+03 7.372131e-09
1.517000e+03 6.994042e-09
1.518000e+03 6.642465e-09
1.519000e+03 6.440902e-09
1.520000e+03 6.619639e-09
1.521000e+03 6.118711e-09
1.522000e+03 6.111572e-09
1.523000e+03 5.845199e-09
1.524000e+03 4.977675e-09
1.525000e+03 5.764689e-09
1.526000e+03 5.109621e-09
1.527000e+03 5.118061e-09
1.528000e+03 5.140008e-09
1.529000e+03 4.866061e-09
1.530000e+03 5.049498e-09
1.531000e+03 4.806338e-09
1.532000e+03 5.242914e-09
1.533000e+03 4.918817e-09
1.534000e+03 4.641376e-09
1.535000e+03 4.853716e-09
1.536000e+03 4.518642e-09
1.537000e+03 4.524368e-09
1.538000e+03 4.412306e-09
1.539000e+03 4.602941e-09
1.540000e+03 5.085406e-09
1.541000e+03 4.590670e-09
1.542000e+03 4.835906e-09
1.543000e+03 4.451381e-09
1.544000e+03 4.649143e-09
1.545000e+03 4.707109e-09
1.546000e+03 4.341837e-09
1.547000e+03 4.452205e-09
1.548000e+03 4.501610e-09
1.549000e+03 4.345371e-09
1.550000e+03 4.636820e-09
1.551000e+03 4.344395e-09
1.552000e+03 4.721670e-09
1.553000e+03 4.386173e-09
1.554000e+03 4.300294e-09
1.555000e+03 4.615756e-09
1.556000e+03 4.248773e-09
1.557000e+03 4.231432e-09
1.558000e+03 4.219643e-09
1.559000e+03 4.216533e-09
1.560000e+03 4.832076e-09
1.561000e+03 4.547260e-09
1.562000e+03 4.598878e-09
1.563000e+03 4.395581e-09
1.564000e+03 4.236340e-09
1.565000e+03 4.762202e-09
1.566000e+03 4.129690e-09
1.567000e+03 4.047954e-09
1.568000e+03 4.294603e-09
1.569000e+03 3.974474e-09
1.570000e+03 4.789468e-09
1.571000e+03 4.072701e-09
1.572000e+03 4.835368e-09
1.573000e+03 4.398387e-09
1.574000e+03 3.917810e-09
1.575000e+03 3.989381e-09
1.576000e+03 4.018980e-09
1.577000e+03 3.946881e-09
1.578000e+03 4.046315e-09
1.579000e+03 4.113757e-09
1.580000e+03 4.559674e-09
1.581000e+03 3.900403e-09
1.582000e+03 4.363654e-09
1.583000e+03 4.137636e-09
1.584000e+03 4.005193e-09
1.585000e+03 4.734346e-09
1.586000e+03 4.040661e-09
1.587000e+03 4.600944e-09
1.588000e+03 4.246834e-09
1.589000e+03 4.247383e-09
1.590000e+03 4.260422e-09
1.591000e+03 3.984359e-09
1.592000e+03 4.728980e-09
1.593000e+03 4.035140e-09
1.594000e+03 3.955291e-09
1.595000e+03 4.045650e-09
1.596000e+03 4.133292e-09
1.597000e+03 3.880355e-09
1.598000e+03 3.831237e-09
1.599000e+03 3.964772e-09
1.600000e+03 4.527020e-09
1.601000e+03 4.132202e-09
1.602000e+03 4.571049e-09
1.603000e+03 4.228628e-09
1.604000e+03 3.692685e-09
1.605000e+03 4.017528e-09
1.606000e+03 3.771386e-09
1.607000e+03 3.862261e-09
1.608000e+03 4.116975e-09
1.609000e+03 3.798606e-09
1.610000e+03 4.085643e-09
1.611000e+03 3.885369e-09
1.612000e+03 4.462159e-09
1.613000e+03 4.500189e-09
1.614000e+03 3.964587e-09
1.615000e+03 3.794309e-09
1.616000e+03 3.918717e-09
1.617000e+03 3.707593e-09
1.618000e+03 3.749712e-09
1.619000e+03 3.960160e-09
1.620000e+03 4.225107e-09
1.621000e+03 3.801598e-09
1.622000e+03 4.166856e-09
1.623000e+03 4.015993e-09
1.624000e+03 4.038999e-09
1.625000e+03 4.209667e-09
1.626000e+03 3.905055e-09
1.627000e+03 3.764971e-09
1.628000e+03 4.054995e-09
1.629000e+03 3.579867e-09
1.630000e+03 4.116690e-09
1.631000e+03 3.842851e-09
1.632000e+03 4.339333e-09
1.633000e+03 3.912697e-09
1.634000e+03 3.805980e-09
1.635000e+03 3.760588e-09
1.636000e+03 3.767537e-09
1.637000e+03 3.536396e-09
1.638000e+03 3.621845e-09
1.639000e+03 3.840865e-09
1.640000e+03 4.269525e-09
1.641000e+03 3.824564e-09
1.642000e+03 4.206417e-09
1.643000e+03 3.950802e-09
1.644000e+03 3.605740e-09
1.645000e+03 4.151494e-09
1.646000e+03 3.693905e-09
1.647000e+03 3.785831e-09
1.648000e+03 3.934504e-09
1.649000e+03 3.536658e-09
1.650000e+03 3.942858e-09
1.651000e+03 3.660647e-09
1.652000e+03 4.299625e-09
1.653000e+03 3.778397e-09
1.654000e+03 3.510914e-09
1.655000e+03 3.608740e-09
1.656000e+03 3.649601e-09
1.657000e+03 3.527332e-09
1.658000e+03 3.650198e-09
1.659000e+03 3.773035e-09
1.660000e+03 4.079412e-09
1.661000e+03 3.790770e-09
1.662000e+03 4.111085e-09
1.663000e+03 3.690093e-09
1.664000e+03 3.625074e-09
1.665000e+03 4.104098e-09
1.666000e+03 3.480268e-09
1.667000e+03 3.736793e-09
1.668000e+03 3.922280e-09
1.669000e+03 3.605493e-09
1.670000e+03 3.862587e-09
1.671000e+03 3.438360e-09
1.672000e+03 4.069039e-09
1.673000e+03 3.799993e-09
1.674000e+03 3.624347e-09
1.675000e+03 3.763967e-09
1.676000e+03 3.597570e-09
1.677000e+03 3.464974e-09
1.678000e+03 3.403324e-09
1.679000e+03 3.427696e-09
1.680000e+03 4.190692e-09
1.681000e+03 3.609252e-09
1.682000e+03 4.004486e-09
1.683000e+03 3.889984e-09
1.684000e+03 3.146667e-09
1.685000e+03 3.935082e-09
1.686000e+03 3.392746e-09
1.687000e+03 3.410737e-09
1.688000e+03 3.612375e-09
1.689000e+03 3.319962e-09
1.690000e+03 3.843835e-09
1.691000e+03 3.531558e-09
1.692000e+03 4.058059e-09
1.693000e+03 3.746599e-09
1.694000e+03 3.439654e-09
1.695000e+03 3.477678e-09
1.696000e+03 3.465108e-09
1.697000e+03 3.264478e-09
1.698000e+03 3.234313e-09
1.699000e+03 3.421039e-09
1.700000e+03 3.990933e-09
1.701000e+03 3.314088e-09
1.702000e+03 3.887226e-09
1.703000e+03 3.492949e-09
1.704000e+03 3.471612e-09
1.705000e+03 4.012440e-09
1.706000e+03 3.420544e-09
1.707000e+03 3.642674e-09
1.708000e+03 3.657291e-09
1.709000e+03 3.515417e-09
1.710000e+03 3.612768e-09
1.711000e+03 3.362851e-09
1.712000e+03 4.009954e-09
1.713000e+03 3.400648e-09
1.714000e+03 3.409453e-09
1.715000e+03 3.557562e-09
1.716000e+03 3.588063e-09
1.717000e+03 3.529052e-09
1.718000e+03 3.404711e-09
1.719000e+03 3.331212e-09
1.720000e+03 3.929075e-09
1.721000e+03 3.436890e-09
1.722000e+03 3.812767e-09
1.723000e+03 3.564659e-09
1.724000e+03 3.443156e-09
1.725000e+03 3.550623e-09
1.726000e+03 3.218599e-09
1.727000e+03 3.229560e-09
1.728000e+03 3.593719e-09
1.729000e+03 3.339641e-09
1.730000e+03 3.505364e-09
1.731000e+03 3.278800e-09
1.732000e+03 3.811799e-09
1.733000e+03 3.823197e-09
1.734000e+03 3.131089e-09
1.735000e+03 3.127676e-09
1.736000e+03 3.332339e-09
1.737000e+03 3.106769e-09
1.738000e+03 3.215291e-09
1.739000e+03 3.306680e-09
1.740000e+03 3.488424e-09
1.741000e+03 3.229901e-09
1.742000e+03 3.444259e-09
1.743000e+03 3.515608e-09
1.744000e+03 3.296629e-09
1.745000e+03 3.695319e-09
1.746000e+03 3.254604e-09
1.747000e+03 3.172661e-09
1.748000e+03 3.447056e-09
1.749000e+03 3.027768e-09
1.750000e+03 3.516974e-09
1.751000e+03 3.019319e-09
1.752000e+03 3.509926e-09
1.753000e+03 3.203765e-09
1.754000e+03 3.097533e-09
1.755000e+03 2.965320e-09
1.756000e+03 2.949230e-09
1.757000e+03 2.892832e-09
1.758000e+03 2.879372e-09
1.759000e+03 2.972697e-09
1.760000e+03 3.588502e-09
1.761000e+03 3.041379e-09
1.762000e+03 3.392360e-09
1.763000e+03 3.233391e-09
1.764000e+03 2.452396e-09
1.765000e+03 3.260836e-09
1.766000e+03 2.759277e-09
1.767000e+03 2.963062e-09
1.768000e+03 3.108527e-09
1.769000e+03 2.965014e-09
1.770000e+03 3.093386e-09
1.771000e+03 3.012103e-09
1.772000e+03 3.428651e-09
1.773000e+03 3.042907e-09
1.774000e+03 2.886271e-09
1.775000e+03 2.998552e-09
1.776000e+03 2.956530e-09
1.777000e+03 2.804594e-09
1.778000e+03 2.834834e-09
1.779000e+03 3.004809e-09
1.780000e+03 3.442441e-09
1.781000e+03 2.963128e-09
1.782000e+03 3.383586e-09
1.783000e+03 2.866087e-09
1.784000e+03 2.973211e-09
1.785000e+03 3.098916e-09
1.786000e+03 2.813569e-09
1.787000e+03 2.988276e-09
1.788000e+03 3.319350e-09
1.789000e+03 2.849854e-09
1.790000e+03 3.317707e-09
1.791000e+03 2.743379e-09
1.792000e+03 3.300047e-09
1.793000e+03 2.988780e-09
1.794000e+03 2.999132e-09
1.795000e+03 3.105294e-09
1.796000e+03 2.984146e-09
1.797000e+03 2.950241e-09
1.798000e+03 2.911515e-09
1.799000e+03 2.803317e-09
1.800000e+03 3.384868e-09
