Title ="THE FLUX ERR"
Variables=
iter
residual
1.000000e+00 8.681127e-04
2.000000e+00 3.468804e-02
3.000000e+00 2.517956e-03
4.000000e+00 1.248034e-03
5.000000e+00 2.858634e-03
6.000000e+00 1.512923e-03
7.000000e+00 5.890293e-04
8.000000e+00 8.160339e-04
9.000000e+00 7.102078e-04
1.000000e+01 5.721128e-04
1.100000e+01 3.114124e-04
1.200000e+01 1.875602e-04
1.300000e+01 1.148631e-04
1.400000e+01 1.428323e-04
1.500000e+01 1.729227e-04
1.600000e+01 2.140868e-04
1.700000e+01 1.801266e-04
1.800000e+01 2.480484e-05
1.900000e+01 1.823115e-05
2.000000e+01 1.937894e-05
2.100000e+01 1.742710e-05
2.200000e+01 3.445772e-05
2.300000e+01 2.068784e-05
2.400000e+01 2.088143e-05
2.500000e+01 3.769884e-05
2.600000e+01 2.195163e-05
2.700000e+01 1.647485e-05
2.800000e+01 2.469103e-05
2.900000e+01 2.229517e-05
3.000000e+01 1.360997e-05
3.100000e+01 1.346481e-05
3.200000e+01 1.880899e-05
3.300000e+01 2.063774e-05
3.400000e+01 2.028860e-05
3.500000e+01 1.398391e-05
3.600000e+01 1.403894e-05
3.700000e+01 1.276800e-05
3.800000e+01 1.281705e-05
3.900000e+01 1.057688e-05
4.000000e+01 8.545222e-06
4.100000e+01 6.094793e-06
4.200000e+01 6.074685e-06
4.300000e+01 1.436738e-05
4.400000e+01 7.807061e-06
4.500000e+01 9.261058e-06
4.600000e+01 4.598380e-05
4.700000e+01 6.636866e-06
4.800000e+01 4.771030e-05
4.900000e+01 5.395707e-05
5.000000e+01 5.524079e-05
5.100000e+01 6.730922e-05
5.200000e+01 6.582668e-05
5.300000e+01 6.985490e-05
5.400000e+01 6.530019e-05
5.500000e+01 5.900285e-05
5.600000e+01 7.054186e-05
5.700000e+01 6.448602e-05
5.800000e+01 7.769504e-05
5.900000e+01 7.437975e-05
6.000000e+01 7.367946e-05
6.100000e+01 5.512118e-05
6.200000e+01 6.024295e-05
6.300000e+01 5.029970e-05
6.400000e+01 5.604321e-05
6.500000e+01 7.294315e-05
6.600000e+01 5.030973e-05
6.700000e+01 4.518332e-05
6.800000e+01 4.816504e-05
6.900000e+01 4.584315e-05
7.000000e+01 4.756963e-05
7.100000e+01 5.603105e-05
7.200000e+01 7.788077e-05
7.300000e+01 5.718882e-05
7.400000e+01 6.458370e-05
7.500000e+01 7.311906e-05
7.600000e+01 8.341253e-05
7.700000e+01 1.057750e-04
7.800000e+01 1.056959e-04
7.900000e+01 1.029088e-04
8.000000e+01 9.459490e-05
8.100000e+01 1.220670e-04
8.200000e+01 1.109419e-04
8.300000e+01 1.015937e-04
8.400000e+01 9.471299e-05
8.500000e+01 7.588115e-05
8.600000e+01 7.192058e-05
8.700000e+01 8.509753e-05
8.800000e+01 8.404792e-05
8.900000e+01 7.120398e-05
9.000000e+01 7.278498e-05
9.100000e+01 4.915573e-05
9.200000e+01 3.419193e-05
9.300000e+01 4.168039e-05
9.400000e+01 3.053957e-05
9.500000e+01 2.564222e-05
9.600000e+01 3.097441e-05
9.700000e+01 3.719329e-05
9.800000e+01 3.895685e-05
9.900000e+01 4.433501e-05
1.000000e+02 3.928287e-06
1.010000e+02 4.348264e-06
1.020000e+02 6.539872e-06
1.030000e+02 7.334814e-06
1.040000e+02 1.026559e-05
1.050000e+02 7.128667e-06
1.060000e+02 9.840502e-06
1.070000e+02 6.555378e-06
1.080000e+02 1.444193e-05
1.090000e+02 7.684834e-06
1.100000e+02 1.095247e-05
1.110000e+02 1.020037e-05
1.120000e+02 9.141789e-06
1.130000e+02 1.052877e-05
1.140000e+02 1.631239e-05
1.150000e+02 4.711267e-05
1.160000e+02 1.330451e-05
1.170000e+02 5.906670e-05
1.180000e+02 1.229432e-05
1.190000e+02 4.455154e-05
1.200000e+02 9.546280e-06
1.210000e+02 5.439703e-05
1.220000e+02 5.911151e-05
1.230000e+02 5.290929e-05
1.240000e+02 4.311038e-05
1.250000e+02 3.598878e-05
1.260000e+02 3.211580e-05
1.270000e+02 2.448268e-05
1.280000e+02 2.448439e-05
1.290000e+02 1.812660e-05
1.300000e+02 1.413089e-05
1.310000e+02 1.059998e-05
1.320000e+02 1.029758e-05
1.330000e+02 1.203489e-05
1.340000e+02 1.104506e-05
1.350000e+02 1.164562e-05
1.360000e+02 1.359562e-05
1.370000e+02 1.420252e-05
1.380000e+02 1.539237e-05
1.390000e+02 1.791761e-05
1.400000e+02 1.806137e-05
1.410000e+02 1.865411e-05
1.420000e+02 2.048875e-05
1.430000e+02 2.188822e-05
1.440000e+02 2.241979e-05
1.450000e+02 2.351570e-05
1.460000e+02 2.137831e-05
1.470000e+02 3.953029e-06
1.480000e+02 2.008299e-05
1.490000e+02 2.632521e-05
1.500000e+02 4.264444e-06
1.510000e+02 1.789889e-05
1.520000e+02 2.132381e-05
1.530000e+02 2.413246e-05
1.540000e+02 2.496614e-05
1.550000e+02 4.256982e-06
1.560000e+02 3.669404e-06
1.570000e+02 2.461238e-05
1.580000e+02 1.935559e-05
1.590000e+02 1.786993e-05
1.600000e+02 1.797428e-05
1.610000e+02 1.656887e-05
1.620000e+02 1.561096e-05
1.630000e+02 1.462431e-05
1.640000e+02 1.578024e-05
1.650000e+02 1.521180e-05
1.660000e+02 1.679084e-05
1.670000e+02 1.317256e-05
1.680000e+02 1.253008e-05
1.690000e+02 1.041409e-05
1.700000e+02 1.026356e-05
1.710000e+02 1.118689e-05
1.720000e+02 1.097580e-05
1.730000e+02 7.290878e-06
1.740000e+02 6.682826e-06
1.750000e+02 6.347686e-06
1.760000e+02 6.994453e-06
1.770000e+02 6.898132e-06
1.780000e+02 6.268401e-06
1.790000e+02 6.007669e-06
1.800000e+02 6.343475e-06
1.810000e+02 6.917138e-06
1.820000e+02 5.981870e-06
1.830000e+02 5.995016e-06
1.840000e+02 5.962774e-06
1.850000e+02 5.371753e-06
1.860000e+02 5.948077e-06
1.870000e+02 6.058369e-06
1.880000e+02 6.206932e-06
1.890000e+02 6.750438e-06
1.900000e+02 6.537705e-06
1.910000e+02 6.154490e-06
1.920000e+02 6.336720e-06
1.930000e+02 7.400819e-06
1.940000e+02 5.485467e-06
1.950000e+02 5.596251e-06
1.960000e+02 6.388124e-06
1.970000e+02 6.709526e-06
1.980000e+02 7.083019e-06
1.990000e+02 6.880073e-06
2.000000e+02 6.326987e-06
2.010000e+02 5.371358e-06
2.020000e+02 5.095224e-06
2.030000e+02 5.303041e-06
2.040000e+02 5.392980e-06
2.050000e+02 5.560814e-06
2.060000e+02 5.208640e-06
2.070000e+02 5.347089e-06
2.080000e+02 5.529908e-06
2.090000e+02 5.112269e-06
2.100000e+02 5.743598e-06
2.110000e+02 4.769224e-06
2.120000e+02 5.013627e-06
2.130000e+02 4.595488e-06
2.140000e+02 4.444853e-06
2.150000e+02 4.154932e-06
2.160000e+02 4.693609e-06
2.170000e+02 4.720567e-06
2.180000e+02 4.532824e-06
2.190000e+02 3.918970e-06
2.200000e+02 3.240170e-06
2.210000e+02 3.633897e-06
2.220000e+02 3.177692e-06
2.230000e+02 3.162009e-06
2.240000e+02 2.462129e-06
2.250000e+02 2.557680e-06
2.260000e+02 2.329185e-06
2.270000e+02 2.208631e-06
2.280000e+02 2.187000e-06
2.290000e+02 2.071079e-06
2.300000e+02 2.066309e-06
2.310000e+02 1.879520e-06
2.320000e+02 1.791453e-06
2.330000e+02 1.930378e-06
2.340000e+02 1.961980e-06
2.350000e+02 1.786448e-06
2.360000e+02 1.831150e-06
2.370000e+02 2.061259e-06
2.380000e+02 2.140603e-06
2.390000e+02 1.949814e-06
2.400000e+02 2.030476e-06
2.410000e+02 2.067526e-06
2.420000e+02 1.988865e-06
2.430000e+02 2.065754e-06
2.440000e+02 2.174423e-06
2.450000e+02 1.949756e-06
2.460000e+02 1.929215e-06
2.470000e+02 1.897232e-06
2.480000e+02 1.800879e-06
2.490000e+02 1.897474e-06
2.500000e+02 1.757562e-06
2.510000e+02 1.665087e-06
2.520000e+02 1.559562e-06
2.530000e+02 1.759748e-06
2.540000e+02 1.842267e-06
2.550000e+02 1.536707e-06
2.560000e+02 1.571026e-06
2.570000e+02 1.567701e-06
2.580000e+02 1.464143e-06
2.590000e+02 1.459354e-06
2.600000e+02 1.422509e-06
2.610000e+02 1.520571e-06
2.620000e+02 1.391422e-06
2.630000e+02 1.430822e-06
2.640000e+02 1.397511e-06
2.650000e+02 1.305227e-06
2.660000e+02 1.461435e-06
2.670000e+02 1.558317e-06
2.680000e+02 1.384897e-06
2.690000e+02 1.216762e-06
2.700000e+02 1.105446e-06
2.710000e+02 1.251458e-06
2.720000e+02 1.293612e-06
2.730000e+02 1.045620e-06
2.740000e+02 1.017732e-06
2.750000e+02 9.582019e-07
2.760000e+02 8.407312e-07
2.770000e+02 8.226483e-07
2.780000e+02 8.963712e-07
2.790000e+02 8.616446e-07
2.800000e+02 8.392348e-07
2.810000e+02 8.754858e-07
2.820000e+02 8.499053e-07
2.830000e+02 9.617701e-07
2.840000e+02 8.551119e-07
2.850000e+02 8.890240e-07
2.860000e+02 6.730432e-07
2.870000e+02 6.107089e-07
2.880000e+02 6.518918e-07
2.890000e+02 6.810018e-07
2.900000e+02 6.176723e-07
2.910000e+02 6.746523e-07
2.920000e+02 7.170616e-07
2.930000e+02 7.261007e-07
2.940000e+02 7.007810e-07
2.950000e+02 6.799953e-07
2.960000e+02 4.185809e-07
2.970000e+02 5.146216e-07
2.980000e+02 4.593978e-07
2.990000e+02 5.063204e-07
3.000000e+02 4.784697e-07
3.010000e+02 3.966586e-07
3.020000e+02 5.062071e-07
3.030000e+02 3.804364e-07
3.040000e+02 4.151709e-07
3.050000e+02 4.383794e-07
3.060000e+02 4.773972e-07
3.070000e+02 4.947773e-07
3.080000e+02 4.316156e-07
3.090000e+02 4.134138e-07
3.100000e+02 3.780792e-07
3.110000e+02 3.708748e-07
3.120000e+02 3.395333e-07
3.130000e+02 3.362846e-07
3.140000e+02 3.331172e-07
3.150000e+02 3.164120e-07
3.160000e+02 3.415007e-07
3.170000e+02 2.748613e-07
3.180000e+02 2.741852e-07
3.190000e+02 2.714519e-07
3.200000e+02 2.834760e-07
3.210000e+02 2.738413e-07
3.220000e+02 2.675006e-07
3.230000e+02 2.617313e-07
3.240000e+02 2.536952e-07
3.250000e+02 2.515696e-07
3.260000e+02 2.465377e-07
3.270000e+02 2.552958e-07
3.280000e+02 2.380984e-07
3.290000e+02 2.449007e-07
3.300000e+02 2.298191e-07
3.310000e+02 2.323661e-07
3.320000e+02 2.143035e-07
3.330000e+02 2.129623e-07
3.340000e+02 2.059446e-07
3.350000e+02 1.930134e-07
3.360000e+02 1.826610e-07
3.370000e+02 1.985114e-07
3.380000e+02 2.022359e-07
3.390000e+02 1.739792e-07
3.400000e+02 1.717662e-07
3.410000e+02 1.688773e-07
3.420000e+02 1.909088e-07
3.430000e+02 1.925289e-07
3.440000e+02 1.683305e-07
3.450000e+02 1.620475e-07
3.460000e+02 1.531960e-07
3.470000e+02 1.570852e-07
3.480000e+02 1.592940e-07
3.490000e+02 1.429598e-07
3.500000e+02 1.463952e-07
3.510000e+02 1.449475e-07
3.520000e+02 1.723963e-07
3.530000e+02 1.478238e-07
3.540000e+02 1.463190e-07
3.550000e+02 1.438274e-07
3.560000e+02 1.372136e-07
3.570000e+02 1.364329e-07
3.580000e+02 1.501686e-07
3.590000e+02 1.401274e-07
3.600000e+02 1.349091e-07
3.610000e+02 1.413175e-07
3.620000e+02 1.422152e-07
3.630000e+02 1.281718e-07
3.640000e+02 1.417583e-07
3.650000e+02 1.442553e-07
3.660000e+02 1.346699e-07
3.670000e+02 1.315365e-07
3.680000e+02 1.225744e-07
3.690000e+02 1.178448e-07
3.700000e+02 1.226514e-07
3.710000e+02 1.237770e-07
3.720000e+02 1.248806e-07
3.730000e+02 1.166541e-07
3.740000e+02 1.166578e-07
3.750000e+02 1.128848e-07
3.760000e+02 1.170424e-07
3.770000e+02 1.198294e-07
3.780000e+02 1.217825e-07
3.790000e+02 1.142827e-07
3.800000e+02 1.244043e-07
3.810000e+02 1.235220e-07
3.820000e+02 1.235235e-07
3.830000e+02 1.137712e-07
3.840000e+02 1.132935e-07
3.850000e+02 1.054327e-07
3.860000e+02 1.185340e-07
3.870000e+02 1.191015e-07
3.880000e+02 1.183543e-07
3.890000e+02 1.175245e-07
3.900000e+02 1.170994e-07
3.910000e+02 1.652370e-07
3.920000e+02 1.385204e-07
3.930000e+02 1.366006e-07
3.940000e+02 1.549070e-07
3.950000e+02 1.272593e-07
3.960000e+02 1.596382e-07
3.970000e+02 1.060796e-07
3.980000e+02 8.925139e-08
3.990000e+02 1.682450e-07
4.000000e+02 1.053245e-07
4.010000e+02 1.508967e-07
4.020000e+02 1.180570e-07
4.030000e+02 9.832397e-08
4.040000e+02 1.634578e-07
4.050000e+02 1.032819e-07
4.060000e+02 1.513403e-07
4.070000e+02 1.120000e-07
4.080000e+02 8.547489e-08
4.090000e+02 1.657797e-07
4.100000e+02 1.028453e-07
4.110000e+02 8.343931e-08
4.120000e+02 1.618735e-07
4.130000e+02 1.040597e-07
4.140000e+02 1.536315e-07
4.150000e+02 1.139844e-07
4.160000e+02 8.908855e-08
4.170000e+02 2.449889e-08
4.180000e+02 1.095821e-07
4.190000e+02 8.237768e-08
4.200000e+02 2.739157e-08
4.210000e+02 8.974457e-08
4.220000e+02 7.290861e-08
4.230000e+02 5.945726e-08
4.240000e+02 2.239380e-08
4.250000e+02 9.202531e-08
4.260000e+02 6.886351e-08
4.270000e+02 2.293852e-08
4.280000e+02 9.156202e-08
4.290000e+02 6.922114e-08
4.300000e+02 5.767608e-08
4.310000e+02 3.032553e-08
4.320000e+02 8.917758e-08
4.330000e+02 6.573236e-08
4.340000e+02 5.292713e-08
4.350000e+02 2.868705e-08
4.360000e+02 8.888907e-08
4.370000e+02 6.398708e-08
4.380000e+02 5.076200e-08
4.390000e+02 2.997186e-08
4.400000e+02 1.103531e-08
4.410000e+02 6.541509e-08
4.420000e+02 5.640962e-08
4.430000e+02 3.280403e-08
4.440000e+02 1.118795e-08
4.450000e+02 6.268270e-08
4.460000e+02 5.377869e-08
4.470000e+02 2.891992e-08
4.480000e+02 1.089433e-08
4.490000e+02 6.152574e-08
4.500000e+02 5.401818e-08
4.510000e+02 4.403969e-08
4.520000e+02 3.229383e-08
4.530000e+02 1.038682e-08
4.540000e+02 6.190613e-08
4.550000e+02 5.154337e-08
4.560000e+02 4.199952e-08
4.570000e+02 3.784087e-08
4.580000e+02 3.331401e-08
4.590000e+02 1.169881e-08
4.600000e+02 6.010370e-08
4.610000e+02 4.936364e-08
4.620000e+02 3.918600e-08
4.630000e+02 3.078713e-08
4.640000e+02 1.316065e-08
4.650000e+02 6.013692e-08
4.660000e+02 4.743106e-08
4.670000e+02 3.758533e-08
4.680000e+02 3.437951e-08
4.690000e+02 3.164192e-08
4.700000e+02 3.188478e-08
4.710000e+02 1.160097e-08
4.720000e+02 5.326259e-08
4.730000e+02 4.321793e-08
4.740000e+02 3.349995e-08
4.750000e+02 2.978672e-08
4.760000e+02 2.799146e-08
4.770000e+02 2.088949e-08
4.780000e+02 7.550806e-09
4.790000e+02 4.671584e-08
4.800000e+02 3.715745e-08
4.810000e+02 3.037926e-08
4.820000e+02 2.746386e-08
4.830000e+02 2.580757e-08
4.840000e+02 2.117609e-08
4.850000e+02 8.890061e-09
4.860000e+02 4.488918e-08
4.870000e+02 3.592334e-08
4.880000e+02 2.948514e-08
4.890000e+02 2.622134e-08
4.900000e+02 2.595805e-08
4.910000e+02 2.536665e-08
4.920000e+02 2.473497e-08
4.930000e+02 2.612024e-08
4.940000e+02 1.382738e-08
4.950000e+02 9.720014e-09
4.960000e+02 5.868126e-09
4.970000e+02 2.986863e-08
4.980000e+02 2.424335e-09
4.990000e+02 1.253871e-09
5.000000e+02 1.068893e-09
5.010000e+02 9.328428e-10
5.020000e+02 2.185515e-08
5.030000e+02 2.702355e-08
5.040000e+02 1.267439e-08
5.050000e+02 8.673277e-09
5.060000e+02 5.181186e-09
5.070000e+02 2.860006e-09
5.080000e+02 1.806566e-09
5.090000e+02 1.204165e-09
5.100000e+02 1.336400e-09
5.110000e+02 6.675253e-10
5.120000e+02 8.242587e-10
5.130000e+02 8.021785e-10
5.140000e+02 6.757368e-10
5.150000e+02 5.071213e-10
5.160000e+02 1.874028e-08
5.170000e+02 1.194303e-08
5.180000e+02 7.055713e-09
5.190000e+02 4.186756e-09
5.200000e+02 2.207358e-09
5.210000e+02 1.293414e-09
5.220000e+02 1.346723e-09
5.230000e+02 8.241485e-10
5.240000e+02 8.383140e-10
5.250000e+02 7.181903e-10
5.260000e+02 7.083998e-10
5.270000e+02 7.049678e-10
5.280000e+02 6.572268e-10
5.290000e+02 6.241276e-10
5.300000e+02 4.837668e-10
5.310000e+02 2.240880e-08
5.320000e+02 2.394176e-08
5.330000e+02 7.347044e-09
5.340000e+02 5.382053e-09
5.350000e+02 3.060037e-09
5.360000e+02 1.907536e-09
5.370000e+02 1.091881e-09
5.380000e+02 9.212784e-10
5.390000e+02 7.611278e-10
5.400000e+02 8.009196e-10
5.410000e+02 4.824109e-10
5.420000e+02 4.681226e-10
5.430000e+02 6.261233e-10
5.440000e+02 5.931795e-10
5.450000e+02 4.354004e-10
5.460000e+02 6.634783e-10
5.470000e+02 4.155312e-10
5.480000e+02 5.650478e-10
5.490000e+02 2.557788e-08
5.500000e+02 4.238932e-08
5.510000e+02 7.098447e-09
5.520000e+02 4.868929e-09
5.530000e+02 2.758779e-09
5.540000e+02 1.742835e-09
5.550000e+02 9.812769e-10
5.560000e+02 6.452181e-10
5.570000e+02 4.980167e-10
5.580000e+02 8.294793e-10
5.590000e+02 4.399805e-10
5.600000e+02 7.239373e-10
5.610000e+02 6.578638e-10
5.620000e+02 4.510143e-10
5.630000e+02 5.115907e-10
5.640000e+02 5.856686e-10
5.650000e+02 3.953871e-10
5.660000e+02 4.123112e-10
5.670000e+02 4.723414e-10
5.680000e+02 3.655319e-10
5.690000e+02 4.027497e-10
5.700000e+02 5.130598e-10
5.710000e+02 2.767306e-10
5.720000e+02 3.975473e-10
5.730000e+02 4.141352e-10
5.740000e+02 2.387324e-08
5.750000e+02 1.308009e-08
5.760000e+02 6.184832e-09
5.770000e+02 4.335766e-09
5.780000e+02 2.287033e-09
5.790000e+02 1.519004e-09
5.800000e+02 8.669626e-10
5.810000e+02 6.743474e-10
5.820000e+02 9.127889e-10
5.830000e+02 4.654930e-10
5.840000e+02 6.261748e-10
5.850000e+02 6.557905e-10
5.860000e+02 5.598096e-10
5.870000e+02 4.210479e-10
5.880000e+02 6.174286e-10
5.890000e+02 4.637111e-10
5.900000e+02 5.051587e-10
5.910000e+02 5.339473e-10
5.920000e+02 5.048602e-10
5.930000e+02 3.642504e-10
5.940000e+02 6.075261e-10
5.950000e+02 8.787502e-09
5.960000e+02 5.961868e-10
5.970000e+02 4.610147e-10
5.980000e+02 4.461041e-10
5.990000e+02 4.763830e-10
6.000000e+02 8.225812e-09
6.010000e+02 7.998542e-09
6.020000e+02 7.553314e-09
6.030000e+02 4.880104e-10
6.040000e+02 2.746387e-10
6.050000e+02 2.924790e-10
6.060000e+02 6.135501e-10
6.070000e+02 2.215028e-08
6.080000e+02 1.185739e-08
6.090000e+02 5.796484e-09
6.100000e+02 3.873292e-09
6.110000e+02 2.264422e-09
6.120000e+02 1.683566e-09
6.130000e+02 8.533043e-10
6.140000e+02 7.246175e-10
6.150000e+02 5.068124e-10
6.160000e+02 4.510286e-10
6.170000e+02 3.417466e-10
6.180000e+02 8.085401e-09
6.190000e+02 7.771828e-09
6.200000e+02 5.021269e-10
6.210000e+02 4.768378e-10
6.220000e+02 7.517937e-09
6.230000e+02 4.325821e-10
6.240000e+02 7.365836e-09
6.250000e+02 6.803464e-09
6.260000e+02 6.350622e-09
6.270000e+02 6.624719e-09
6.280000e+02 6.272397e-09
6.290000e+02 6.040996e-09
6.300000e+02 6.880179e-09
6.310000e+02 6.432796e-09
6.320000e+02 5.378350e-10
6.330000e+02 4.651634e-10
6.340000e+02 6.392322e-09
6.350000e+02 3.635967e-10
6.360000e+02 4.184344e-10
6.370000e+02 2.620272e-10
6.380000e+02 2.993148e-10
6.390000e+02 3.550084e-10
6.400000e+02 2.573863e-10
6.410000e+02 3.103667e-10
6.420000e+02 4.387431e-10
6.430000e+02 6.583614e-09
6.440000e+02 3.369338e-10
6.450000e+02 3.182925e-10
6.460000e+02 3.484150e-10
6.470000e+02 3.729736e-10
6.480000e+02 3.480206e-10
6.490000e+02 2.506112e-10
6.500000e+02 1.722793e-10
6.510000e+02 4.017472e-10
6.520000e+02 2.990080e-08
6.530000e+02 2.630819e-08
6.540000e+02 4.301605e-09
6.550000e+02 3.780042e-09
6.560000e+02 2.104126e-09
6.570000e+02 1.278027e-09
6.580000e+02 8.960547e-10
6.590000e+02 5.423698e-10
6.600000e+02 5.896967e-10
6.610000e+02 3.410990e-10
6.620000e+02 4.092184e-10
6.630000e+02 4.093177e-10
6.640000e+02 3.952366e-10
6.650000e+02 2.775487e-10
6.660000e+02 6.640785e-09
6.670000e+02 6.351027e-09
6.680000e+02 5.208548e-10
6.690000e+02 4.148346e-10
6.700000e+02 3.924703e-10
6.710000e+02 4.191674e-10
6.720000e+02 6.295835e-09
6.730000e+02 6.140779e-09
6.740000e+02 5.753280e-09
6.750000e+02 4.396845e-10
6.760000e+02 2.256699e-10
6.770000e+02 2.379871e-10
6.780000e+02 6.326193e-09
6.790000e+02 5.805943e-09
6.800000e+02 5.899988e-09
6.810000e+02 4.671956e-10
6.820000e+02 5.502334e-09
6.830000e+02 5.658702e-09
6.840000e+02 5.886427e-09
6.850000e+02 5.306493e-09
6.860000e+02 5.181975e-09
6.870000e+02 5.472313e-09
6.880000e+02 5.463833e-09
6.890000e+02 5.231011e-09
6.900000e+02 5.631098e-09
6.910000e+02 5.223107e-09
6.920000e+02 5.298459e-09
6.930000e+02 5.355116e-09
6.940000e+02 5.344253e-09
6.950000e+02 5.201494e-09
6.960000e+02 5.348443e-09
6.970000e+02 4.815439e-09
6.980000e+02 4.519529e-09
6.990000e+02 4.882906e-09
7.000000e+02 4.665832e-09
7.010000e+02 4.466202e-09
7.020000e+02 5.237336e-09
7.030000e+02 4.707508e-09
7.040000e+02 5.020535e-09
7.050000e+02 4.964822e-09
7.060000e+02 4.366319e-09
7.070000e+02 4.627081e-09
7.080000e+02 4.837708e-09
7.090000e+02 4.302427e-09
7.100000e+02 4.423803e-09
7.110000e+02 2.737522e-08
7.120000e+02 1.854915e-08
7.130000e+02 4.766389e-09
7.140000e+02 2.948086e-09
7.150000e+02 1.254178e-08
7.160000e+02 8.985374e-09
7.170000e+02 6.478926e-09
7.180000e+02 5.993506e-09
7.190000e+02 5.659018e-09
7.200000e+02 5.401797e-09
7.210000e+02 4.734085e-09
7.220000e+02 4.485346e-09
7.230000e+02 4.871651e-09
7.240000e+02 4.600495e-09
7.250000e+02 4.369539e-09
7.260000e+02 5.052826e-09
7.270000e+02 4.356877e-09
7.280000e+02 4.681103e-09
7.290000e+02 4.803860e-09
7.300000e+02 4.291368e-09
7.310000e+02 4.211290e-09
7.320000e+02 4.509651e-09
7.330000e+02 4.051903e-09
7.340000e+02 4.173245e-09
7.350000e+02 4.177480e-09
7.360000e+02 4.286647e-09
7.370000e+02 4.064609e-09
7.380000e+02 4.383483e-09
7.390000e+02 3.639643e-09
7.400000e+02 4.142018e-09
7.410000e+02 4.013819e-09
7.420000e+02 3.766627e-09
7.430000e+02 4.019230e-09
7.440000e+02 4.027110e-09
7.450000e+02 3.674667e-09
7.460000e+02 3.445568e-09
7.470000e+02 3.917875e-09
7.480000e+02 3.546184e-09
7.490000e+02 3.580565e-09
7.500000e+02 4.087087e-09
7.510000e+02 3.272745e-09
7.520000e+02 3.837602e-09
7.530000e+02 3.944263e-09
7.540000e+02 3.402461e-09
7.550000e+02 3.650841e-09
7.560000e+02 3.873089e-09
7.570000e+02 3.336341e-09
7.580000e+02 3.294754e-09
7.590000e+02 3.599133e-09
7.600000e+02 3.671757e-09
7.610000e+02 3.397808e-09
7.620000e+02 3.740246e-09
7.630000e+02 2.941430e-09
7.640000e+02 3.498678e-09
7.650000e+02 3.575111e-09
7.660000e+02 3.526822e-09
7.670000e+02 3.404569e-09
7.680000e+02 3.567677e-09
7.690000e+02 3.299437e-09
7.700000e+02 3.081213e-09
7.710000e+02 3.484178e-09
7.720000e+02 3.294259e-09
7.730000e+02 3.063451e-09
7.740000e+02 3.751191e-09
7.750000e+02 2.891422e-09
7.760000e+02 3.720517e-09
7.770000e+02 3.663788e-09
7.780000e+02 3.042670e-09
7.790000e+02 3.314006e-09
7.800000e+02 3.492436e-09
7.810000e+02 2.974022e-09
7.820000e+02 3.153393e-09
7.830000e+02 3.261582e-09
7.840000e+02 3.171985e-09
7.850000e+02 3.401230e-09
7.860000e+02 5.682406e-08
7.870000e+02 1.647691e-08
7.880000e+02 6.739847e-09
7.890000e+02 2.179873e-09
7.900000e+02 1.110967e-08
7.910000e+02 8.392428e-09
7.920000e+02 5.968895e-09
7.930000e+02 4.576245e-09
7.940000e+02 3.924432e-09
7.950000e+02 4.196198e-09
7.960000e+02 3.771854e-09
7.970000e+02 3.495877e-09
7.980000e+02 4.132426e-09
7.990000e+02 3.040679e-09
8.000000e+02 3.808847e-09
8.010000e+02 3.854240e-09
8.020000e+02 3.366516e-09
8.030000e+02 3.292276e-09
8.040000e+02 3.570039e-09
8.050000e+02 3.115997e-09
8.060000e+02 3.274536e-09
8.070000e+02 3.257905e-09
8.080000e+02 3.321445e-09
8.090000e+02 3.087148e-09
8.100000e+02 3.346720e-09
8.110000e+02 2.566764e-09
8.120000e+02 3.396632e-09
8.130000e+02 3.284263e-09
8.140000e+02 2.999486e-09
8.150000e+02 3.250698e-09
8.160000e+02 3.258980e-09
8.170000e+02 2.873468e-09
8.180000e+02 2.687593e-09
8.190000e+02 3.241685e-09
8.200000e+02 2.871600e-09
8.210000e+02 2.893702e-09
8.220000e+02 3.313575e-09
8.230000e+02 2.497653e-09
8.240000e+02 3.138484e-09
8.250000e+02 3.258419e-09
8.260000e+02 2.708258e-09
8.270000e+02 2.961499e-09
8.280000e+02 3.131762e-09
8.290000e+02 2.611908e-09
8.300000e+02 2.607143e-09
8.310000e+02 2.926553e-09
8.320000e+02 3.008986e-09
8.330000e+02 2.724923e-09
8.340000e+02 3.001061e-09
8.350000e+02 2.280589e-09
8.360000e+02 2.920184e-09
8.370000e+02 3.018833e-09
8.380000e+02 2.954060e-09
8.390000e+02 2.838803e-09
8.400000e+02 3.020231e-09
8.410000e+02 2.703544e-09
8.420000e+02 2.541551e-09
8.430000e+02 2.961775e-09
8.440000e+02 2.778505e-09
8.450000e+02 2.541811e-09
8.460000e+02 3.131131e-09
8.470000e+02 2.870165e-09
8.480000e+02 3.079099e-09
8.490000e+02 3.040601e-09
8.500000e+02 2.396446e-09
8.510000e+02 2.678207e-09
8.520000e+02 2.817499e-09
8.530000e+02 2.322181e-09
8.540000e+02 2.551900e-09
8.550000e+02 2.648117e-09
8.560000e+02 2.563928e-09
8.570000e+02 2.676454e-09
8.580000e+02 2.619835e-09
8.590000e+02 2.805230e-09
8.600000e+02 2.631847e-09
8.610000e+02 2.684991e-09
8.620000e+02 2.504015e-09
8.630000e+02 2.742872e-09
8.640000e+02 2.794231e-09
8.650000e+02 2.273571e-09
8.660000e+02 2.264036e-09
8.670000e+02 2.750705e-09
8.680000e+02 2.542513e-09
8.690000e+02 2.243377e-09
8.700000e+02 2.776252e-09
8.710000e+02 4.336041e-09
8.720000e+02 2.681022e-09
8.730000e+02 2.855988e-09
8.740000e+02 2.354669e-09
8.750000e+02 2.301502e-09
8.760000e+02 2.552129e-09
8.770000e+02 2.149517e-09
8.780000e+02 2.390278e-09
8.790000e+02 2.399226e-09
8.800000e+02 2.529313e-09
8.810000e+02 2.287514e-09
8.820000e+02 2.445942e-09
8.830000e+02 4.395019e-08
8.840000e+02 1.529145e-08
8.850000e+02 6.687104e-09
8.860000e+02 2.075750e-09
8.870000e+02 9.829591e-09
8.880000e+02 7.408634e-09
8.890000e+02 4.585418e-09
8.900000e+02 3.927404e-09
8.910000e+02 3.379804e-09
8.920000e+02 2.840568e-09
8.930000e+02 2.871412e-09
8.940000e+02 3.267143e-09
8.950000e+02 4.601114e-09
8.960000e+02 3.041060e-09
8.970000e+02 3.110391e-09
8.980000e+02 2.495434e-09
8.990000e+02 2.762836e-09
9.000000e+02 2.803959e-09
9.010000e+02 2.326099e-09
9.020000e+02 2.324376e-09
9.030000e+02 2.629693e-09
9.040000e+02 2.685495e-09
9.050000e+02 2.358493e-09
9.060000e+02 2.447435e-09
9.070000e+02 5.014716e-09
9.080000e+02 2.506929e-09
9.090000e+02 2.566499e-09
9.100000e+02 2.454253e-09
9.110000e+02 2.321741e-09
9.120000e+02 2.498135e-09
9.130000e+02 2.131914e-09
9.140000e+02 1.999014e-09
9.150000e+02 2.422200e-09
9.160000e+02 2.239534e-09
9.170000e+02 1.986806e-09
9.180000e+02 2.408992e-09
9.190000e+02 7.938811e-09
9.200000e+02 2.632721e-09
9.210000e+02 2.599329e-09
9.220000e+02 1.974378e-09
9.230000e+02 2.256773e-09
9.240000e+02 2.294348e-09
9.250000e+02 1.869460e-09
9.260000e+02 2.118075e-09
9.270000e+02 2.237413e-09
9.280000e+02 2.154596e-09
9.290000e+02 2.256867e-09
9.300000e+02 2.077953e-09
9.310000e+02 9.897298e-11
9.320000e+02 2.215549e-09
9.330000e+02 2.280010e-09
9.340000e+02 2.090829e-09
9.350000e+02 2.332627e-09
9.360000e+02 2.385187e-09
9.370000e+02 1.834624e-09
9.380000e+02 1.868742e-09
9.390000e+02 2.354322e-09
9.400000e+02 2.160567e-09
9.410000e+02 1.871662e-09
9.420000e+02 2.279514e-09
9.430000e+02 1.584187e-10
9.440000e+02 2.349423e-09
9.450000e+02 2.510692e-09
9.460000e+02 1.991909e-09
9.470000e+02 1.945242e-09
9.480000e+02 2.099382e-09
9.490000e+02 1.763725e-09
9.500000e+02 2.029959e-09
9.510000e+02 2.036968e-09
9.520000e+02 2.182857e-09
9.530000e+02 1.929416e-09
9.540000e+02 1.957529e-09
9.550000e+02 1.657203e-10
9.560000e+02 2.355020e-09
9.570000e+02 2.252872e-09
9.580000e+02 1.966421e-09
9.590000e+02 2.237530e-09
9.600000e+02 2.288622e-09
9.610000e+02 1.820152e-09
9.620000e+02 1.731085e-09
9.630000e+02 2.254960e-09
9.640000e+02 1.903006e-09
9.650000e+02 1.916351e-09
9.660000e+02 2.130188e-09
9.670000e+02 5.670952e-09
9.680000e+02 2.184092e-09
9.690000e+02 2.305918e-09
9.700000e+02 1.740923e-09
9.710000e+02 2.016795e-09
9.720000e+02 1.997652e-09
9.730000e+02 1.626811e-09
9.740000e+02 1.679769e-09
9.750000e+02 1.991256e-09
9.760000e+02 2.111730e-09
9.770000e+02 1.794334e-09
9.780000e+02 1.899525e-09
9.790000e+02 8.673614e-11
9.800000e+02 2.022521e-09
9.810000e+02 2.139492e-09
9.820000e+02 2.041751e-09
9.830000e+02 1.919647e-09
9.840000e+02 2.128248e-09
9.850000e+02 1.734615e-09
9.860000e+02 1.647278e-09
9.870000e+02 2.078582e-09
9.880000e+02 1.913203e-09
9.890000e+02 1.665754e-09
9.900000e+02 2.170511e-09
9.910000e+02 7.227107e-09
9.920000e+02 2.349186e-09
9.930000e+02 2.285002e-09
9.940000e+02 1.643519e-09
9.950000e+02 1.935251e-09
9.960000e+02 1.898889e-09
9.970000e+02 1.533383e-09
9.980000e+02 1.801094e-09
9.990000e+02 1.925153e-09
1.000000e+03 1.843274e-09
1.001000e+03 1.930522e-09
1.002000e+03 1.784574e-09
1.003000e+03 5.584540e-09
1.004000e+03 1.891804e-09
1.005000e+03 1.977463e-09
1.006000e+03 1.766567e-09
1.007000e+03 2.010180e-09
1.008000e+03 2.077905e-09
1.009000e+03 1.513904e-09
1.010000e+03 1.564043e-09
1.011000e+03 2.049423e-09
1.012000e+03 1.862161e-09
1.013000e+03 1.566787e-09
1.014000e+03 2.569055e-09
1.015000e+03 2.804208e-09
1.016000e+03 2.008315e-09
1.017000e+03 4.927921e-08
1.018000e+03 1.494899e-08
1.019000e+03 6.481152e-09
1.020000e+03 1.987046e-09
1.021000e+03 9.367997e-09
1.022000e+03 6.767008e-09
1.023000e+03 4.152995e-09
1.024000e+03 3.311101e-09
1.025000e+03 2.660603e-09
1.026000e+03 2.732111e-09
1.027000e+03 8.511321e-09
1.028000e+03 2.620167e-09
1.029000e+03 2.498875e-09
1.030000e+03 2.196063e-09
1.031000e+03 2.433978e-09
1.032000e+03 2.477420e-09
1.033000e+03 1.998649e-09
1.034000e+03 1.862944e-09
1.035000e+03 2.363238e-09
1.036000e+03 1.978822e-09
1.037000e+03 1.959274e-09
1.038000e+03 2.873805e-09
1.039000e+03 2.066331e-09
1.040000e+03 2.112277e-09
1.041000e+03 2.200785e-09
1.042000e+03 1.597379e-09
1.043000e+03 1.861815e-09
1.044000e+03 1.803785e-09
1.045000e+03 1.434284e-09
1.046000e+03 1.479383e-09
1.047000e+03 1.770399e-09
1.048000e+03 1.895151e-09
1.049000e+03 1.543668e-09
1.050000e+03 2.319922e-09
1.051000e+03 3.138099e-09
1.052000e+03 1.756665e-09
1.053000e+03 1.885274e-09
1.054000e+03 1.761528e-09
1.055000e+03 1.632396e-09
1.056000e+03 1.865635e-09
1.057000e+03 1.454670e-09
1.058000e+03 1.381433e-09
1.059000e+03 1.803669e-09
1.060000e+03 1.643137e-09
1.061000e+03 1.394083e-09
1.062000e+03 3.288173e-09
1.063000e+03 2.375384e-09
1.064000e+03 2.050748e-09
1.065000e+03 1.999602e-09
1.066000e+03 1.361596e-09
1.067000e+03 1.659363e-09
1.068000e+03 1.769838e-09
1.069000e+03 1.255891e-09
1.070000e+03 1.537440e-09
1.071000e+03 1.663899e-09
1.072000e+03 1.584868e-09
1.073000e+03 1.645957e-09
1.074000e+03 2.420562e-09
1.075000e+03 1.844553e-09
1.076000e+03 1.646470e-09
1.077000e+03 1.724839e-09
1.078000e+03 1.491587e-09
1.079000e+03 1.734917e-09
1.080000e+03 1.829052e-09
1.081000e+03 1.260551e-09
1.082000e+03 1.317585e-09
1.083000e+03 1.799722e-09
1.084000e+03 1.621942e-09
1.085000e+03 1.318775e-09
1.086000e+03 4.840468e-10
1.087000e+03 1.345027e-09
1.088000e+03 1.801677e-09
1.089000e+03 1.963465e-09
1.090000e+03 1.444596e-09
1.091000e+03 1.394612e-09
1.092000e+03 1.670987e-09
1.093000e+03 1.202841e-09
1.094000e+03 1.497685e-09
1.095000e+03 1.477928e-09
1.096000e+03 1.652432e-09
1.097000e+03 1.360067e-09
1.098000e+03 3.202344e-09
1.099000e+03 2.579022e-09
1.100000e+03 1.797830e-09
1.101000e+03 1.725819e-09
1.102000e+03 1.397679e-09
1.103000e+03 1.662043e-09
1.104000e+03 1.765066e-09
1.105000e+03 1.284776e-09
1.106000e+03 1.208656e-09
1.107000e+03 1.740920e-09
1.108000e+03 1.390969e-09
1.109000e+03 1.390240e-09
1.110000e+03 4.506459e-10
1.111000e+03 1.139334e-09
1.112000e+03 1.702466e-09
1.113000e+03 1.768421e-09
1.114000e+03 1.211641e-09
1.115000e+03 1.504322e-09
1.116000e+03 1.761563e-09
1.117000e+03 1.119163e-09
1.118000e+03 1.185153e-09
1.119000e+03 1.468788e-09
1.120000e+03 1.617805e-09
1.121000e+03 1.255050e-09
1.122000e+03 5.810672e-09
1.123000e+03 1.562304e-09
1.124000e+03 1.514913e-09
1.125000e+03 1.661169e-09
1.126000e+03 1.523637e-09
1.127000e+03 1.379075e-09
1.128000e+03 1.645746e-09
1.129000e+03 1.250402e-09
1.130000e+03 1.168521e-09
1.131000e+03 1.594467e-09
1.132000e+03 1.437836e-09
1.133000e+03 1.182265e-09
1.134000e+03 4.709721e-10
1.135000e+03 1.361277e-09
1.136000e+03 1.890144e-09
1.137000e+03 1.781759e-09
1.138000e+03 1.155790e-09
1.139000e+03 1.457335e-09
1.140000e+03 2.104677e-09
1.141000e+03 1.059157e-09
1.142000e+03 1.345913e-09
1.143000e+03 1.465479e-09
1.144000e+03 1.383592e-09
1.145000e+03 1.424857e-09
1.146000e+03 4.895180e-09
1.147000e+03 1.253024e-09
1.148000e+03 1.441375e-09
1.149000e+03 1.521564e-09
1.150000e+03 1.270847e-09
1.151000e+03 1.508667e-09
1.152000e+03 1.629282e-09
1.153000e+03 1.071842e-09
1.154000e+03 1.120825e-09
1.155000e+03 1.596389e-09
1.156000e+03 1.419200e-09
1.157000e+03 1.109393e-09
1.158000e+03 4.978585e-09
1.159000e+03 1.077779e-09
1.160000e+03 1.593384e-09
1.161000e+03 1.773041e-09
1.162000e+03 1.237396e-09
1.163000e+03 1.183782e-09
1.164000e+03 1.919765e-09
1.165000e+03 1.011008e-09
1.166000e+03 1.312041e-09
1.167000e+03 1.278175e-09
1.168000e+03 1.463031e-09
1.169000e+03 1.151878e-09
1.170000e+03 3.540487e-10
1.171000e+03 1.521312e-09
1.172000e+03 1.642904e-09
1.173000e+03 1.527449e-09
1.174000e+03 1.218425e-09
1.175000e+03 1.440496e-09
1.176000e+03 1.549016e-09
1.177000e+03 1.096080e-09
1.178000e+03 9.968876e-10
1.179000e+03 1.521034e-09
1.180000e+03 1.177646e-09
1.181000e+03 1.169329e-09
1.182000e+03 4.223319e-10
1.183000e+03 9.265756e-10
1.184000e+03 1.483333e-09
1.185000e+03 1.559472e-09
1.186000e+03 9.985921e-10
1.187000e+03 1.289185e-09
1.188000e+03 2.126831e-09
1.189000e+03 9.389106e-10
1.190000e+03 9.858635e-10
1.191000e+03 1.263093e-09
1.192000e+03 1.405172e-09
1.193000e+03 1.040871e-09
1.194000e+03 3.425227e-10
1.195000e+03 1.123234e-09
1.196000e+03 1.352979e-09
1.197000e+03 1.436296e-09
1.198000e+03 1.336450e-09
1.199000e+03 1.173082e-09
1.200000e+03 1.445695e-09
1.201000e+03 1.077615e-09
1.202000e+03 9.720360e-10
1.203000e+03 1.397183e-09
1.204000e+03 1.239504e-09
1.205000e+03 9.771107e-10
1.206000e+03 3.349412e-09
1.207000e+03 1.183066e-09
1.208000e+03 1.666645e-09
1.209000e+03 1.595171e-09
1.210000e+03 9.542974e-10
1.211000e+03 1.252962e-09
1.212000e+03 2.867961e-09
1.213000e+03 8.774209e-10
1.214000e+03 1.164317e-09
1.215000e+03 1.270846e-09
1.216000e+03 1.187806e-09
1.217000e+03 1.227320e-09
1.218000e+03 3.113342e-10
1.219000e+03 9.981926e-10
1.220000e+03 1.292410e-09
1.221000e+03 1.326475e-09
1.222000e+03 1.097139e-09
1.223000e+03 1.325320e-09
1.224000e+03 4.651885e-08
1.225000e+03 1.706777e-08
1.226000e+03 5.856578e-09
1.227000e+03 1.986429e-09
1.228000e+03 9.240463e-09
1.229000e+03 5.828591e-09
1.230000e+03 4.089734e-09
1.231000e+03 4.763881e-10
1.232000e+03 2.321398e-09
1.233000e+03 2.435317e-09
1.234000e+03 1.863933e-09
1.235000e+03 1.671551e-09
1.236000e+03 1.991948e-09
1.237000e+03 1.418282e-09
1.238000e+03 1.648684e-09
1.239000e+03 1.563455e-09
1.240000e+03 1.722608e-09
1.241000e+03 1.371549e-09
1.242000e+03 6.276586e-09
1.243000e+03 1.384264e-09
1.244000e+03 1.758105e-09
1.245000e+03 1.614844e-09
1.246000e+03 1.271752e-09
1.247000e+03 1.475532e-09
1.248000e+03 1.605099e-09
1.249000e+03 1.137226e-09
1.250000e+03 1.015506e-09
1.251000e+03 1.517968e-09
1.252000e+03 1.153039e-09
1.253000e+03 1.120765e-09
1.254000e+03 2.370186e-09
1.255000e+03 9.363729e-10
1.256000e+03 1.386901e-09
1.257000e+03 1.472623e-09
1.258000e+03 8.932030e-10
1.259000e+03 1.172910e-09
1.260000e+03 2.797965e-09
1.261000e+03 8.488853e-10
1.262000e+03 8.904868e-10
1.263000e+03 1.142932e-09
1.264000e+03 1.292568e-09
1.265000e+03 9.080763e-10
1.266000e+03 2.186380e-09
1.267000e+03 9.140722e-10
1.268000e+03 1.213149e-09
1.269000e+03 1.320372e-09
1.270000e+03 1.204610e-09
1.271000e+03 1.032981e-09
1.272000e+03 1.339137e-09
1.273000e+03 9.777593e-10
1.274000e+03 8.591416e-10
1.275000e+03 1.267085e-09
1.276000e+03 1.107931e-09
1.277000e+03 8.451250e-10
1.278000e+03 1.832767e-09
1.279000e+03 1.050802e-09
1.280000e+03 1.534488e-09
1.281000e+03 1.465514e-09
1.282000e+03 8.225378e-10
1.283000e+03 1.117816e-09
1.284000e+03 3.693370e-10
1.285000e+03 8.790080e-10
1.286000e+03 1.021847e-09
1.287000e+03 1.150684e-09
1.288000e+03 1.061209e-09
1.289000e+03 1.080724e-09
1.290000e+03 2.429277e-09
1.291000e+03 8.341761e-10
1.292000e+03 1.168390e-09
1.293000e+03 1.211227e-09
1.294000e+03 9.720559e-10
1.295000e+03 1.202341e-09
1.296000e+03 1.361021e-09
1.297000e+03 8.359002e-10
1.298000e+03 8.444720e-10
1.299000e+03 1.320176e-09
1.300000e+03 1.138254e-09
1.301000e+03 8.177495e-10
1.302000e+03 1.587496e-09
1.303000e+03 8.897114e-10
1.304000e+03 1.290331e-09
1.305000e+03 1.501547e-09
1.306000e+03 9.490905e-10
1.307000e+03 8.866415e-10
1.308000e+03 3.608293e-09
1.309000e+03 7.496528e-10
1.310000e+03 1.066752e-09
1.311000e+03 1.002229e-09
1.312000e+03 1.188317e-09
1.313000e+03 8.575472e-10
1.314000e+03 1.930815e-09
1.315000e+03 9.982985e-10
1.316000e+03 1.364750e-09
1.317000e+03 1.258469e-09
1.318000e+03 9.359863e-10
1.319000e+03 1.183102e-09
1.320000e+03 1.335152e-09
1.321000e+03 9.159185e-10
1.322000e+03 7.856714e-10
1.323000e+03 1.303279e-09
1.324000e+03 9.526671e-10
1.325000e+03 9.326372e-10
1.326000e+03 1.613706e-09
1.327000e+03 8.250533e-10
1.328000e+03 1.235558e-09
1.329000e+03 1.336723e-09
1.330000e+03 7.648588e-10
1.331000e+03 1.047823e-09
1.332000e+03 4.199888e-09
1.333000e+03 7.905648e-10
1.334000e+03 7.999495e-10
1.335000e+03 1.043364e-09
1.336000e+03 1.196763e-09
1.337000e+03 8.059450e-10
1.338000e+03 1.482355e-09
1.339000e+03 8.103985e-10
1.340000e+03 1.128327e-09
1.341000e+03 1.231738e-09
1.342000e+03 1.110289e-09
1.343000e+03 9.336180e-10
1.344000e+03 1.245066e-09
1.345000e+03 9.165909e-10
1.346000e+03 7.787695e-10
1.347000e+03 1.188675e-09
1.348000e+03 1.027853e-09
1.349000e+03 7.599886e-10
1.350000e+03 1.530605e-09
1.351000e+03 9.806176e-10
1.352000e+03 1.454464e-09
1.353000e+03 1.387757e-09
1.354000e+03 7.412202e-10
1.355000e+03 1.032909e-09
1.356000e+03 3.542498e-10
1.357000e+03 8.211229e-10
1.358000e+03 9.470072e-10
1.359000e+03 1.066600e-09
1.360000e+03 9.742885e-10
1.361000e+03 9.958421e-10
1.362000e+03 1.657469e-09
1.363000e+03 7.599400e-10
1.364000e+03 1.086717e-09
1.365000e+03 1.125708e-09
1.366000e+03 8.911457e-10
1.367000e+03 1.093760e-09
1.368000e+03 1.253480e-09
1.369000e+03 7.419436e-10
1.370000e+03 7.363612e-10
1.371000e+03 1.214340e-09
1.372000e+03 1.027057e-09
1.373000e+03 7.038843e-10
1.374000e+03 1.435529e-09
1.375000e+03 8.022154e-10
1.376000e+03 1.175353e-09
1.377000e+03 1.392138e-09
1.378000e+03 8.420686e-10
1.379000e+03 7.797296e-10
1.380000e+03 3.312671e-10
1.381000e+03 7.873562e-10
1.382000e+03 9.341779e-10
1.383000e+03 8.922303e-10
1.384000e+03 1.066164e-09
1.385000e+03 7.475488e-10
1.386000e+03 1.459425e-09
1.387000e+03 8.894001e-10
1.388000e+03 1.265609e-09
1.389000e+03 1.156003e-09
1.390000e+03 8.380680e-10
1.391000e+03 1.089426e-09
1.392000e+03 1.239205e-09
1.393000e+03 8.348308e-10
1.394000e+03 6.914187e-10
1.395000e+03 1.202294e-09
1.396000e+03 8.526778e-10
1.397000e+03 8.304230e-10
1.398000e+03 1.413098e-09
1.399000e+03 7.479123e-10
1.400000e+03 1.130923e-09
1.401000e+03 1.241401e-09
1.402000e+03 6.688446e-10
1.403000e+03 9.516030e-10
1.404000e+03 3.554417e-10
1.405000e+03 6.483967e-10
1.406000e+03 6.725644e-10
1.407000e+03 9.418174e-10
1.408000e+03 1.079575e-09
1.409000e+03 7.057830e-10
1.410000e+03 1.255967e-09
1.411000e+03 7.257182e-10
1.412000e+03 1.035609e-09
1.413000e+03 1.128966e-09
1.414000e+03 1.019013e-09
1.415000e+03 8.473706e-10
1.416000e+03 1.153899e-09
1.417000e+03 8.407344e-10
1.418000e+03 6.905853e-10
1.419000e+03 1.099523e-09
1.420000e+03 9.351673e-10
1.421000e+03 6.654402e-10
1.422000e+03 1.394624e-09
1.423000e+03 9.031845e-10
1.424000e+03 1.358493e-09
1.425000e+03 1.301172e-09
1.426000e+03 6.512236e-10
1.427000e+03 9.448195e-10
1.428000e+03 3.385574e-10
1.429000e+03 7.527670e-10
1.430000e+03 8.628500e-10
1.431000e+03 9.730457e-10
1.432000e+03 8.787530e-10
1.433000e+03 9.125723e-10
1.434000e+03 1.333253e-09
1.435000e+03 6.842167e-10
1.436000e+03 1.001262e-09
1.437000e+03 1.035717e-09
1.438000e+03 8.096682e-10
1.439000e+03 1.029918e-09
1.440000e+03 1.187397e-09
1.441000e+03 6.876349e-10
1.442000e+03 6.694820e-10
1.443000e+03 1.148483e-09
1.444000e+03 9.571067e-10
1.445000e+03 6.329421e-10
1.446000e+03 1.362485e-09
1.447000e+03 7.475958e-10
1.448000e+03 1.103350e-09
1.449000e+03 1.321502e-09
1.450000e+03 7.719314e-10
1.451000e+03 7.101455e-10
1.452000e+03 3.191215e-10
1.453000e+03 7.382209e-10
1.454000e+03 8.705936e-10
1.455000e+03 8.266826e-10
1.456000e+03 9.961470e-10
1.457000e+03 6.862895e-10
1.458000e+03 1.248973e-09
1.459000e+03 8.159102e-10
1.460000e+03 1.201848e-09
1.461000e+03 1.088255e-09
1.462000e+03 7.739554e-10
1.463000e+03 1.030473e-09
1.464000e+03 1.176647e-09
1.465000e+03 7.854819e-10
1.466000e+03 6.285240e-10
1.467000e+03 1.135870e-09
1.468000e+03 7.864158e-10
1.469000e+03 7.626832e-10
1.470000e+03 1.313461e-09
1.471000e+03 6.976753e-10
1.472000e+03 1.062697e-09
1.473000e+03 1.179131e-09
1.474000e+03 6.060548e-10
1.475000e+03 8.864957e-10
1.476000e+03 3.406599e-10
1.477000e+03 5.997589e-10
1.478000e+03 6.120392e-10
1.479000e+03 8.820402e-10
1.480000e+03 1.013623e-09
1.481000e+03 6.511413e-10
1.482000e+03 1.139998e-09
1.483000e+03 6.712339e-10
1.484000e+03 9.755373e-10
1.485000e+03 1.060773e-09
1.486000e+03 9.577889e-10
1.487000e+03 7.950885e-10
1.488000e+03 1.093736e-09
1.489000e+03 7.951692e-10
1.490000e+03 6.313497e-10
1.491000e+03 1.040639e-09
1.492000e+03 8.733840e-10
1.493000e+03 6.026800e-10
1.494000e+03 1.325111e-09
1.495000e+03 8.525396e-10
1.496000e+03 1.294614e-09
1.497000e+03 1.244521e-09
1.498000e+03 5.917971e-10
1.499000e+03 8.846822e-10
1.500000e+03 3.465787e-09
1.501000e+03 6.685434e-10
1.502000e+03 8.167231e-10
1.503000e+03 9.128744e-10
1.504000e+03 8.187608e-10
1.505000e+03 8.649024e-10
1.506000e+03 1.167435e-09
1.507000e+03 6.358116e-10
1.508000e+03 9.448127e-10
1.509000e+03 9.747145e-10
1.510000e+03 7.559179e-10
1.511000e+03 9.801053e-10
1.512000e+03 1.132529e-09
1.513000e+03 6.421480e-10
1.514000e+03 6.131636e-10
1.515000e+03 1.094895e-09
1.516000e+03 8.990576e-10
1.517000e+03 5.751210e-10
1.518000e+03 1.314623e-09
1.519000e+03 7.015439e-10
1.520000e+03 1.041797e-09
1.521000e+03 1.261640e-09
1.522000e+03 7.140303e-10
1.523000e+03 6.544697e-10
1.524000e+03 3.071601e-10
1.525000e+03 6.989809e-10
1.526000e+03 8.176185e-10
1.527000e+03 7.742376e-10
1.528000e+03 9.371459e-10
1.529000e+03 6.410243e-10
1.530000e+03 1.135203e-09
1.531000e+03 7.601882e-10
1.532000e+03 1.149215e-09
1.533000e+03 1.033316e-09
1.534000e+03 7.226677e-10
1.535000e+03 9.853290e-10
1.536000e+03 1.125102e-09
1.537000e+03 7.442789e-10
1.538000e+03 5.758651e-10
1.539000e+03 1.080071e-09
1.540000e+03 7.315401e-10
1.541000e+03 7.090159e-10
1.542000e+03 1.253404e-09
1.543000e+03 6.549548e-10
1.544000e+03 1.004549e-09
1.545000e+03 1.129522e-09
1.546000e+03 5.554769e-10
1.547000e+03 8.346374e-10
1.548000e+03 3.261822e-10
1.549000e+03 5.607420e-10
1.550000e+03 5.612817e-10
1.551000e+03 8.346925e-10
1.552000e+03 9.582656e-10
1.553000e+03 6.105279e-10
1.554000e+03 1.071271e-09
1.555000e+03 6.278286e-10
1.556000e+03 9.258978e-10
1.557000e+03 1.003255e-09
1.558000e+03 9.081548e-10
1.559000e+03 7.548402e-10
1.560000e+03 1.044278e-09
1.561000e+03 7.570114e-10
1.562000e+03 5.817656e-10
1.563000e+03 9.933892e-10
1.564000e+03 8.231010e-10
1.565000e+03 5.530093e-10
1.566000e+03 1.280430e-09
1.567000e+03 8.108485e-10
1.568000e+03 1.240591e-09
1.569000e+03 1.199918e-09
1.570000e+03 5.439267e-10
1.571000e+03 8.370652e-10
1.572000e+03 2.546519e-09
1.573000e+03 6.063959e-10
1.574000e+03 7.760140e-10
1.575000e+03 8.599487e-10
1.576000e+03 7.676077e-10
1.577000e+03 8.353998e-10
1.578000e+03 1.075368e-09
1.579000e+03 6.030829e-10
1.580000e+03 8.992634e-10
1.581000e+03 9.280918e-10
1.582000e+03 7.150248e-10
1.583000e+03 9.455159e-10
1.584000e+03 1.089183e-09
1.585000e+03 6.056102e-10
1.586000e+03 5.654953e-10
1.587000e+03 1.055419e-09
1.588000e+03 8.555977e-10
1.589000e+03 5.329001e-10
1.590000e+03 1.282521e-09
1.591000e+03 6.680107e-10
1.592000e+03 9.877423e-10
1.593000e+03 1.211425e-09
1.594000e+03 6.669525e-10
1.595000e+03 6.116145e-10
1.596000e+03 2.939538e-10
1.597000e+03 6.687313e-10
1.598000e+03 7.728588e-10
1.599000e+03 7.345657e-10
1.600000e+03 8.885596e-10
1.601000e+03 6.123707e-10
1.602000e+03 1.070333e-09
1.603000e+03 7.242677e-10
1.604000e+03 1.106170e-09
1.605000e+03 9.920528e-10
1.606000e+03 6.825116e-10
1.607000e+03 9.533599e-10
1.608000e+03 1.083939e-09
1.609000e+03 7.102096e-10
1.610000e+03 5.308879e-10
1.611000e+03 1.032938e-09
1.612000e+03 6.888483e-10
1.613000e+03 6.692115e-10
1.614000e+03 1.211833e-09
1.615000e+03 6.211408e-10
1.616000e+03 9.569083e-10
1.617000e+03 1.090891e-09
1.618000e+03 5.165321e-10
1.619000e+03 7.943601e-10
1.620000e+03 3.100878e-10
1.621000e+03 5.329426e-10
1.622000e+03 5.200201e-10
1.623000e+03 7.986795e-10
1.624000e+03 9.129582e-10
1.625000e+03 5.818389e-10
1.626000e+03 1.029107e-09
1.627000e+03 6.012256e-10
1.628000e+03 8.944965e-10
1.629000e+03 9.662558e-10
1.630000e+03 8.773226e-10
1.631000e+03 7.280524e-10
1.632000e+03 1.007796e-09
1.633000e+03 7.388218e-10
1.634000e+03 5.527952e-10
1.635000e+03 9.623547e-10
1.636000e+03 7.864761e-10
1.637000e+03 5.209541e-10
1.638000e+03 1.251162e-09
1.639000e+03 7.818773e-10
1.640000e+03 1.206845e-09
1.641000e+03 1.172105e-09
1.642000e+03 5.131154e-10
1.643000e+03 8.067003e-10
1.644000e+03 2.139618e-09
1.645000e+03 5.766125e-10
1.646000e+03 7.512953e-10
1.647000e+03 8.287122e-10
1.648000e+03 7.329347e-10
1.649000e+03 8.110296e-10
1.650000e+03 1.008961e-09
1.651000e+03 5.743847e-10
1.652000e+03 8.689825e-10
1.653000e+03 8.929764e-10
1.654000e+03 6.873134e-10
1.655000e+03 9.164556e-10
1.656000e+03 1.054171e-09
1.657000e+03 5.845881e-10
1.658000e+03 5.562512e-08
1.659000e+03 1.867193e-08
1.660000e+03 5.746613e-09
1.661000e+03 1.902943e-09
1.662000e+03 1.047579e-08
1.663000e+03 6.784422e-09
1.664000e+03 3.803557e-09
1.665000e+03 2.674312e-09
1.666000e+03 1.968628e-09
1.667000e+03 1.664385e-09
1.668000e+03 2.118982e-09
1.669000e+03 1.180122e-09
1.670000e+03 1.388503e-09
1.671000e+03 1.283417e-09
1.672000e+03 1.409268e-09
1.673000e+03 1.127775e-09
1.674000e+03 1.529955e-09
1.675000e+03 1.120641e-09
1.676000e+03 1.529448e-09
1.677000e+03 1.356470e-09
1.678000e+03 9.997418e-10
1.679000e+03 1.230916e-09
1.680000e+03 1.343330e-09
1.681000e+03 9.710542e-10
1.682000e+03 7.520399e-10
1.683000e+03 1.237876e-09
1.684000e+03 8.469468e-10
1.685000e+03 8.095482e-10
1.686000e+03 1.302070e-09
1.687000e+03 7.142833e-10
1.688000e+03 1.052070e-09
1.689000e+03 1.154607e-09
1.690000e+03 5.635580e-10
1.691000e+03 8.273572e-10
1.692000e+03 3.851633e-09
1.693000e+03 5.469361e-10
1.694000e+03 5.400612e-10
1.695000e+03 8.007974e-10
1.696000e+03 9.089158e-10
1.697000e+03 5.825855e-10
1.698000e+03 1.007997e-09
1.699000e+03 5.839067e-10
1.700000e+03 8.691472e-10
1.701000e+03 9.344766e-10
1.702000e+03 8.602261e-10
1.703000e+03 7.216439e-10
1.704000e+03 9.953978e-10
1.705000e+03 7.231057e-10
1.706000e+03 5.328970e-10
1.707000e+03 9.280413e-10
1.708000e+03 7.485974e-10
1.709000e+03 4.934377e-10
1.710000e+03 1.227779e-09
1.711000e+03 7.586573e-10
1.712000e+03 1.164229e-09
1.713000e+03 1.131223e-09
1.714000e+03 4.742509e-10
1.715000e+03 7.721321e-10
1.716000e+03 1.807319e-09
1.717000e+03 5.348556e-10
1.718000e+03 7.158331e-10
1.719000e+03 7.899293e-10
1.720000e+03 6.965494e-10
1.721000e+03 7.900514e-10
1.722000e+03 9.464207e-10
1.723000e+03 5.474137e-10
1.724000e+03 8.404873e-10
1.725000e+03 8.604495e-10
1.726000e+03 6.590727e-10
1.727000e+03 8.922365e-10
1.728000e+03 1.023067e-09
1.729000e+03 5.587330e-10
1.730000e+03 5.138026e-10
1.731000e+03 9.971629e-10
1.732000e+03 7.887275e-10
1.733000e+03 4.706767e-10
1.734000e+03 1.229600e-09
1.735000e+03 6.115165e-10
1.736000e+03 9.215227e-10
1.737000e+03 1.146581e-09
1.738000e+03 6.035935e-10
1.739000e+03 5.499958e-10
1.740000e+03 3.354009e-09
1.741000e+03 6.117054e-10
1.742000e+03 7.190954e-10
1.743000e+03 6.733757e-10
1.744000e+03 8.204948e-10
1.745000e+03 5.661533e-10
1.746000e+03 9.661690e-10
1.747000e+03 6.553306e-10
1.748000e+03 1.045824e-09
1.749000e+03 9.270543e-10
1.750000e+03 6.235336e-10
1.751000e+03 9.014336e-10
1.752000e+03 1.019991e-09
1.753000e+03 6.628809e-10
1.754000e+03 4.687832e-10
1.755000e+03 9.671381e-10
1.756000e+03 6.192291e-10
1.757000e+03 6.086682e-10
1.758000e+03 1.153071e-09
1.759000e+03 5.686023e-10
1.760000e+03 8.856515e-10
1.761000e+03 1.034154e-09
1.762000e+03 4.559796e-10
1.763000e+03 7.361921e-10
1.764000e+03 2.701005e-09
1.765000e+03 4.571192e-10
1.766000e+03 4.647177e-10
1.767000e+03 7.455606e-10
1.768000e+03 8.509342e-10
1.769000e+03 5.413709e-10
1.770000e+03 9.587682e-10
1.771000e+03 5.424495e-10
1.772000e+03 8.271422e-10
1.773000e+03 8.878326e-10
1.774000e+03 8.142254e-10
1.775000e+03 6.787281e-10
1.776000e+03 9.409860e-10
1.777000e+03 6.816083e-10
1.778000e+03 4.808009e-10
1.779000e+03 9.015165e-10
1.780000e+03 7.237777e-10
1.781000e+03 4.604565e-10
1.782000e+03 1.197041e-09
1.783000e+03 7.285287e-10
1.784000e+03 1.132992e-09
1.785000e+03 1.117040e-09
1.786000e+03 4.498987e-10
1.787000e+03 7.479767e-10
1.788000e+03 1.684833e-09
1.789000e+03 5.111469e-10
1.790000e+03 6.883140e-10
1.791000e+03 7.546461e-10
1.792000e+03 6.609143e-10
1.793000e+03 7.699065e-10
1.794000e+03 9.181954e-10
1.795000e+03 5.215200e-10
1.796000e+03 8.056904e-10
1.797000e+03 8.306248e-10
1.798000e+03 6.300624e-10
1.799000e+03 8.701761e-10
1.800000e+03 9.925805e-10
