Title ="THE FLUX ERR"
Variables=
iter
residual
1.000000e+00 3.794573e-03
2.000000e+00 2.825174e-03
3.000000e+00 8.091249e-04
4.000000e+00 2.754404e-03
5.000000e+00 1.159585e-04
6.000000e+00 1.444978e-03
7.000000e+00 7.246783e-04
8.000000e+00 9.640950e-04
9.000000e+00 3.005624e-05
1.000000e+01 1.202257e-04
1.100000e+01 2.208818e-04
1.200000e+01 3.904210e-04
1.300000e+01 2.725879e-04
1.400000e+01 4.709607e-05
1.500000e+01 3.706959e-05
1.600000e+01 6.710404e-05
1.700000e+01 8.383853e-05
1.800000e+01 6.813133e-05
1.900000e+01 8.266681e-05
2.000000e+01 5.007303e-05
2.100000e+01 3.537486e-05
2.200000e+01 2.844534e-05
2.300000e+01 3.051197e-05
2.400000e+01 4.177764e-05
2.500000e+01 3.828995e-05
2.600000e+01 4.347451e-05
2.700000e+01 5.016736e-05
2.800000e+01 4.240936e-05
2.900000e+01 4.211867e-05
3.000000e+01 5.263526e-05
3.100000e+01 4.403785e-05
3.200000e+01 3.077302e-05
3.300000e+01 3.335604e-05
3.400000e+01 4.829674e-05
3.500000e+01 2.718257e-05
3.600000e+01 3.918822e-05
3.700000e+01 4.293043e-05
3.800000e+01 3.869707e-05
3.900000e+01 7.612178e-05
4.000000e+01 3.964125e-05
4.100000e+01 1.678188e-05
4.200000e+01 2.487640e-05
4.300000e+01 1.376955e-05
4.400000e+01 2.483724e-05
4.500000e+01 1.314411e-05
4.600000e+01 2.609606e-05
4.700000e+01 2.152810e-05
4.800000e+01 1.187149e-04
4.900000e+01 1.351605e-04
5.000000e+01 2.310131e-05
5.100000e+01 1.279848e-04
5.200000e+01 1.552818e-04
5.300000e+01 1.505232e-04
5.400000e+01 1.483324e-04
5.500000e+01 1.469651e-04
5.600000e+01 1.650748e-04
5.700000e+01 1.550502e-04
5.800000e+01 1.532737e-04
5.900000e+01 1.637985e-04
6.000000e+01 1.815732e-04
6.100000e+01 1.653029e-04
6.200000e+01 1.623283e-04
6.300000e+01 1.466230e-04
6.400000e+01 1.513070e-04
6.500000e+01 1.206656e-04
6.600000e+01 1.117287e-04
6.700000e+01 1.234878e-04
6.800000e+01 1.026323e-04
6.900000e+01 1.045249e-04
7.000000e+01 1.151545e-04
7.100000e+01 1.179690e-04
7.200000e+01 1.188698e-04
7.300000e+01 1.585780e-04
7.400000e+01 1.800776e-04
7.500000e+01 2.156883e-04
7.600000e+01 2.317396e-04
7.700000e+01 2.190772e-04
7.800000e+01 1.559486e-04
7.900000e+01 1.655085e-04
8.000000e+01 2.319967e-04
8.100000e+01 3.056571e-04
8.200000e+01 2.429099e-04
8.300000e+01 2.515521e-04
8.400000e+01 2.303054e-04
8.500000e+01 2.300135e-04
8.600000e+01 2.669715e-04
8.700000e+01 2.389129e-04
8.800000e+01 2.595996e-04
8.900000e+01 2.170091e-04
9.000000e+01 1.888708e-04
9.100000e+01 1.242854e-04
9.200000e+01 1.057224e-04
9.300000e+01 8.032590e-05
9.400000e+01 6.749056e-05
9.500000e+01 6.575464e-05
9.600000e+01 6.441027e-05
9.700000e+01 9.317687e-05
9.800000e+01 1.006252e-04
9.900000e+01 1.285940e-04
1.000000e+02 1.329419e-04
1.010000e+02 1.390493e-04
1.020000e+02 1.609352e-05
1.030000e+02 1.484439e-04
1.040000e+02 1.766770e-05
1.050000e+02 1.296128e-04
1.060000e+02 1.619729e-04
1.070000e+02 1.731528e-04
1.080000e+02 2.010921e-04
1.090000e+02 2.158205e-04
1.100000e+02 1.915770e-04
1.110000e+02 2.760995e-05
1.120000e+02 2.080994e-04
1.130000e+02 1.820525e-04
1.140000e+02 1.902793e-04
1.150000e+02 1.778929e-04
1.160000e+02 1.713183e-04
1.170000e+02 1.707273e-04
1.180000e+02 1.480182e-04
1.190000e+02 1.411470e-04
1.200000e+02 1.196355e-04
1.210000e+02 1.075823e-04
1.220000e+02 1.204209e-04
1.230000e+02 1.108179e-04
1.240000e+02 7.662869e-05
1.250000e+02 6.106813e-05
1.260000e+02 5.629500e-05
1.270000e+02 4.656361e-05
1.280000e+02 4.090235e-05
1.290000e+02 3.810415e-05
1.300000e+02 2.615400e-05
1.310000e+02 2.503263e-05
1.320000e+02 3.080941e-05
1.330000e+02 2.904626e-05
1.340000e+02 3.696896e-05
1.350000e+02 4.324127e-05
1.360000e+02 4.277136e-05
1.370000e+02 4.624577e-05
1.380000e+02 5.721285e-05
1.390000e+02 5.805576e-05
1.400000e+02 5.124551e-05
1.410000e+02 5.840431e-05
1.420000e+02 4.690634e-05
1.430000e+02 5.873079e-05
1.440000e+02 5.590424e-05
1.450000e+02 5.784026e-05
1.460000e+02 6.643702e-05
1.470000e+02 5.018698e-05
1.480000e+02 6.289728e-05
1.490000e+02 5.675201e-05
1.500000e+02 6.328114e-05
1.510000e+02 5.880034e-05
1.520000e+02 5.014557e-05
1.530000e+02 5.106179e-05
1.540000e+02 6.192728e-05
1.550000e+02 5.922304e-05
1.560000e+02 5.420020e-05
1.570000e+02 5.849399e-05
1.580000e+02 6.016225e-05
1.590000e+02 5.500613e-05
1.600000e+02 4.439647e-05
1.610000e+02 4.444911e-05
1.620000e+02 4.043338e-05
1.630000e+02 2.791397e-05
1.640000e+02 2.753577e-05
1.650000e+02 2.549147e-05
1.660000e+02 2.558056e-05
1.670000e+02 3.342271e-05
1.680000e+02 3.147080e-05
1.690000e+02 2.878058e-05
1.700000e+02 2.999952e-05
1.710000e+02 2.318969e-05
1.720000e+02 1.968490e-05
1.730000e+02 2.254376e-05
1.740000e+02 1.874293e-05
1.750000e+02 1.864854e-05
1.760000e+02 1.700982e-05
1.770000e+02 1.610540e-05
1.780000e+02 1.685491e-05
1.790000e+02 1.689733e-05
1.800000e+02 1.595264e-05
1.810000e+02 1.653105e-05
1.820000e+02 1.619856e-05
1.830000e+02 1.663024e-05
1.840000e+02 1.569589e-05
1.850000e+02 1.647551e-05
1.860000e+02 1.618822e-05
1.870000e+02 1.898532e-05
1.880000e+02 1.850880e-05
1.890000e+02 1.518033e-05
1.900000e+02 1.711979e-05
1.910000e+02 1.387426e-05
1.920000e+02 1.491382e-05
1.930000e+02 1.475623e-05
1.940000e+02 1.706987e-05
1.950000e+02 1.779815e-05
1.960000e+02 1.608377e-05
1.970000e+02 1.640299e-05
1.980000e+02 1.625746e-05
1.990000e+02 1.575140e-05
2.000000e+02 1.675768e-05
2.010000e+02 1.406097e-05
2.020000e+02 1.273604e-05
2.030000e+02 1.217600e-05
2.040000e+02 1.252840e-05
2.050000e+02 1.452961e-05
2.060000e+02 1.106826e-05
2.070000e+02 1.210250e-05
2.080000e+02 1.049847e-05
2.090000e+02 9.615212e-06
2.100000e+02 1.148040e-05
2.110000e+02 9.955620e-06
2.120000e+02 9.505109e-06
2.130000e+02 9.208494e-06
2.140000e+02 8.776548e-06
2.150000e+02 8.081489e-06
2.160000e+02 7.753204e-06
2.170000e+02 5.580716e-06
2.180000e+02 7.522919e-06
2.190000e+02 6.192962e-06
2.200000e+02 6.550388e-06
2.210000e+02 8.034662e-06
2.220000e+02 7.320383e-06
2.230000e+02 5.044294e-06
2.240000e+02 4.555847e-06
2.250000e+02 5.108398e-06
2.260000e+02 4.976936e-06
2.270000e+02 5.137635e-06
2.280000e+02 5.202034e-06
2.290000e+02 4.927328e-06
2.300000e+02 4.692502e-06
2.310000e+02 4.478753e-06
2.320000e+02 4.377117e-06
2.330000e+02 4.019753e-06
2.340000e+02 4.328989e-06
2.350000e+02 3.942340e-06
2.360000e+02 3.740597e-06
2.370000e+02 3.724548e-06
2.380000e+02 4.018404e-06
2.390000e+02 4.017059e-06
2.400000e+02 3.715444e-06
2.410000e+02 3.712710e-06
2.420000e+02 3.753081e-06
2.430000e+02 3.789360e-06
2.440000e+02 3.224766e-06
2.450000e+02 3.371342e-06
2.460000e+02 3.283969e-06
2.470000e+02 3.335250e-06
2.480000e+02 3.317926e-06
2.490000e+02 3.020026e-06
2.500000e+02 3.386103e-06
2.510000e+02 3.540530e-06
2.520000e+02 3.122104e-06
2.530000e+02 2.807904e-06
2.540000e+02 3.413712e-06
2.550000e+02 3.485103e-06
2.560000e+02 2.781727e-06
2.570000e+02 2.905449e-06
2.580000e+02 2.965534e-06
2.590000e+02 3.063298e-06
2.600000e+02 2.866199e-06
2.610000e+02 2.738650e-06
2.620000e+02 2.956647e-06
2.630000e+02 3.032324e-06
2.640000e+02 2.969260e-06
2.650000e+02 2.738875e-06
2.660000e+02 2.714778e-06
2.670000e+02 2.707778e-06
2.680000e+02 2.677794e-06
2.690000e+02 2.638172e-06
2.700000e+02 2.657531e-06
2.710000e+02 2.445264e-06
2.720000e+02 2.005314e-06
2.730000e+02 2.208546e-06
2.740000e+02 2.180747e-06
2.750000e+02 2.110537e-06
2.760000e+02 2.041539e-06
2.770000e+02 1.973435e-06
2.780000e+02 1.853194e-06
2.790000e+02 1.716258e-06
2.800000e+02 1.668637e-06
2.810000e+02 1.605064e-06
2.820000e+02 1.528762e-06
2.830000e+02 1.472661e-06
2.840000e+02 1.478349e-06
2.850000e+02 1.372900e-06
2.860000e+02 1.298523e-06
2.870000e+02 1.420593e-06
2.880000e+02 1.400037e-06
2.890000e+02 1.323647e-06
2.900000e+02 8.967121e-07
2.910000e+02 8.865125e-07
2.920000e+02 8.641667e-07
2.930000e+02 8.959583e-07
2.940000e+02 8.749239e-07
2.950000e+02 8.611372e-07
2.960000e+02 8.611656e-07
2.970000e+02 8.631679e-07
2.980000e+02 8.573808e-07
2.990000e+02 9.104496e-07
3.000000e+02 8.953047e-07
3.010000e+02 7.649753e-07
3.020000e+02 7.562751e-07
3.030000e+02 8.705603e-07
3.040000e+02 9.049652e-07
3.050000e+02 9.059128e-07
3.060000e+02 9.160277e-07
3.070000e+02 8.638012e-07
3.080000e+02 7.848754e-07
3.090000e+02 7.897415e-07
3.100000e+02 7.141185e-07
3.110000e+02 8.181410e-07
3.120000e+02 7.202687e-07
3.130000e+02 7.489934e-07
3.140000e+02 6.919142e-07
3.150000e+02 6.721146e-07
3.160000e+02 6.509626e-07
3.170000e+02 6.516917e-07
3.180000e+02 6.516424e-07
3.190000e+02 6.225287e-07
3.200000e+02 5.720831e-07
3.210000e+02 5.602335e-07
3.220000e+02 5.447330e-07
3.230000e+02 5.235322e-07
3.240000e+02 5.152237e-07
3.250000e+02 5.565985e-07
3.260000e+02 5.258770e-07
3.270000e+02 5.080360e-07
3.280000e+02 5.525370e-07
3.290000e+02 4.684308e-07
3.300000e+02 5.160202e-07
3.310000e+02 5.063086e-07
3.320000e+02 4.871500e-07
3.330000e+02 4.898281e-07
3.340000e+02 5.071325e-07
3.350000e+02 5.042880e-07
3.360000e+02 4.560079e-07
3.370000e+02 4.477360e-07
3.380000e+02 4.450272e-07
3.390000e+02 4.344166e-07
3.400000e+02 4.535159e-07
3.410000e+02 4.347581e-07
3.420000e+02 4.716425e-07
3.430000e+02 5.028935e-07
3.440000e+02 5.026261e-07
3.450000e+02 5.027193e-07
3.460000e+02 4.443049e-07
3.470000e+02 4.470049e-07
3.480000e+02 3.880627e-07
3.490000e+02 4.104806e-07
3.500000e+02 4.192970e-07
3.510000e+02 4.200428e-07
3.520000e+02 4.232982e-07
3.530000e+02 4.171604e-07
3.540000e+02 4.114025e-07
3.550000e+02 5.071843e-07
3.560000e+02 4.956346e-07
3.570000e+02 3.974537e-07
3.580000e+02 4.566073e-07
3.590000e+02 3.729235e-07
3.600000e+02 3.600810e-07
3.610000e+02 8.481446e-07
3.620000e+02 6.373106e-07
3.630000e+02 7.548482e-07
3.640000e+02 7.479235e-07
3.650000e+02 6.057917e-07
3.660000e+02 6.913357e-07
3.670000e+02 6.985711e-07
3.680000e+02 6.993808e-07
3.690000e+02 7.773449e-07
3.700000e+02 7.180309e-07
3.710000e+02 7.660705e-07
3.720000e+02 6.921634e-07
3.730000e+02 7.383288e-07
3.740000e+02 7.354873e-07
3.750000e+02 7.299914e-07
3.760000e+02 5.499546e-07
3.770000e+02 1.154703e-07
3.780000e+02 6.692253e-08
3.790000e+02 7.934031e-07
3.800000e+02 6.147068e-08
3.810000e+02 4.579620e-07
3.820000e+02 1.178413e-07
3.830000e+02 6.722491e-08
3.840000e+02 4.740535e-07
3.850000e+02 1.055763e-07
3.860000e+02 7.525079e-08
3.870000e+02 4.502544e-07
3.880000e+02 1.092850e-07
3.890000e+02 5.675220e-08
3.900000e+02 3.880007e-07
3.910000e+02 1.269679e-07
3.920000e+02 6.736784e-08
3.930000e+02 4.066240e-07
3.940000e+02 1.322181e-07
3.950000e+02 6.425186e-08
3.960000e+02 3.764488e-07
3.970000e+02 9.122267e-08
3.980000e+02 7.936030e-08
3.990000e+02 3.505154e-07
4.000000e+02 2.821330e-07
4.010000e+02 1.182063e-07
4.020000e+02 7.584488e-08
4.030000e+02 3.368513e-07
4.040000e+02 2.695111e-07
4.050000e+02 9.789449e-08
4.060000e+02 7.368954e-08
4.070000e+02 3.190653e-07
4.080000e+02 2.508614e-07
4.090000e+02 1.972364e-07
4.100000e+02 9.749494e-08
4.110000e+02 7.117834e-08
4.120000e+02 4.264523e-08
4.130000e+02 2.212972e-07
4.140000e+02 1.828384e-07
4.150000e+02 1.654893e-07
4.160000e+02 6.285783e-08
4.170000e+02 3.064967e-08
4.180000e+02 2.014708e-07
4.190000e+02 1.688659e-07
4.200000e+02 2.044361e-07
4.210000e+02 5.467259e-08
4.220000e+02 2.955427e-08
4.230000e+02 1.902480e-07
4.240000e+02 1.675881e-07
4.250000e+02 1.395183e-07
4.260000e+02 1.398887e-07
4.270000e+02 6.546552e-08
4.280000e+02 3.614608e-08
4.290000e+02 1.895973e-07
4.300000e+02 1.528273e-07
4.310000e+02 1.241379e-07
4.320000e+02 1.093370e-07
4.330000e+02 1.162829e-07
4.340000e+02 7.867068e-08
4.350000e+02 3.297919e-08
4.360000e+02 1.805426e-07
4.370000e+02 1.402167e-07
4.380000e+02 1.130053e-07
4.390000e+02 9.838910e-08
4.400000e+02 9.614275e-08
4.410000e+02 8.790032e-08
4.420000e+02 1.306628e-07
4.430000e+02 8.566260e-08
4.440000e+02 3.073424e-08
4.450000e+02 2.369286e-08
4.460000e+02 1.181997e-07
4.470000e+02 1.004912e-07
4.480000e+02 8.665083e-08
4.490000e+02 8.064411e-08
4.500000e+02 8.199789e-08
4.510000e+02 1.242865e-07
4.520000e+02 9.375886e-08
4.530000e+02 2.824838e-08
4.540000e+02 1.575741e-07
4.550000e+02 1.228907e-07
4.560000e+02 9.279114e-08
4.570000e+02 7.520485e-08
4.580000e+02 7.209997e-08
4.590000e+02 6.417495e-08
4.600000e+02 6.087886e-08
4.610000e+02 5.852240e-08
4.620000e+02 6.023063e-08
4.630000e+02 7.369248e-08
4.640000e+02 6.739005e-09
4.650000e+02 3.037195e-08
4.660000e+02 1.671628e-08
4.670000e+02 1.034424e-07
4.680000e+02 8.317590e-08
4.690000e+02 6.776917e-08
4.700000e+02 5.756088e-08
4.710000e+02 5.569521e-08
4.720000e+02 5.252525e-08
4.730000e+02 4.955344e-08
4.740000e+02 5.146575e-08
4.750000e+02 6.168195e-08
4.760000e+02 5.411531e-08
4.770000e+02 4.755761e-08
4.780000e+02 4.806256e-08
4.790000e+02 8.896839e-08
4.800000e+02 6.957403e-09
4.810000e+02 4.037812e-08
4.820000e+02 1.404589e-08
4.830000e+02 8.348680e-08
4.840000e+02 7.365793e-08
4.850000e+02 5.675697e-08
4.860000e+02 5.206279e-08
4.870000e+02 5.268894e-08
4.880000e+02 4.685039e-08
4.890000e+02 4.228107e-08
4.900000e+02 4.248804e-08
4.910000e+02 4.313958e-08
4.920000e+02 3.923075e-08
4.930000e+02 3.989160e-08
4.940000e+02 4.198104e-08
4.950000e+02 3.970559e-08
4.960000e+02 4.057228e-08
4.970000e+02 3.401601e-08
4.980000e+02 3.878819e-08
4.990000e+02 4.338437e-08
5.000000e+02 8.001611e-08
5.010000e+02 5.812899e-09
5.020000e+02 5.111788e-08
5.030000e+02 1.161519e-08
5.040000e+02 7.439666e-08
5.050000e+02 5.711794e-08
5.060000e+02 4.476385e-08
5.070000e+02 3.786653e-08
5.080000e+02 3.272036e-08
5.090000e+02 3.133213e-08
5.100000e+02 3.355517e-08
5.110000e+02 4.238242e-08
5.120000e+02 3.914540e-08
5.130000e+02 3.055443e-08
5.140000e+02 3.382348e-08
5.150000e+02 3.370659e-08
5.160000e+02 3.170025e-08
5.170000e+02 3.269946e-08
5.180000e+02 3.396475e-08
5.190000e+02 3.335032e-08
5.200000e+02 3.275120e-08
5.210000e+02 2.844322e-08
5.220000e+02 3.127023e-08
5.230000e+02 3.831644e-08
5.240000e+02 3.114141e-08
5.250000e+02 2.942516e-08
5.260000e+02 2.866376e-08
5.270000e+02 2.890900e-08
5.280000e+02 2.973244e-08
5.290000e+02 2.941256e-08
5.300000e+02 2.907495e-08
5.310000e+02 2.843608e-08
5.320000e+02 2.442836e-08
5.330000e+02 6.737194e-08
5.340000e+02 5.632006e-08
5.350000e+02 2.335185e-08
5.360000e+02 8.735990e-08
5.370000e+02 6.138983e-08
5.380000e+02 4.677620e-08
5.390000e+02 3.278530e-08
5.400000e+02 2.794329e-08
5.410000e+02 2.788394e-08
5.420000e+02 2.603178e-08
5.430000e+02 2.561484e-08
5.440000e+02 2.420231e-08
5.450000e+02 2.217809e-08
5.460000e+02 2.669512e-08
5.470000e+02 3.367386e-08
5.480000e+02 3.002635e-08
5.490000e+02 2.428677e-08
5.500000e+02 2.402118e-08
5.510000e+02 2.377494e-08
5.520000e+02 2.210404e-08
5.530000e+02 2.591012e-08
5.540000e+02 2.360890e-08
5.550000e+02 2.205339e-08
5.560000e+02 1.997803e-08
5.570000e+02 1.971529e-08
5.580000e+02 2.190123e-08
5.590000e+02 2.770195e-08
5.600000e+02 2.127913e-08
5.610000e+02 2.078824e-08
5.620000e+02 2.075828e-08
5.630000e+02 2.168521e-08
5.640000e+02 1.998172e-08
5.650000e+02 2.046337e-08
5.660000e+02 2.290329e-08
5.670000e+02 2.257124e-08
5.680000e+02 1.723891e-08
5.690000e+02 1.863928e-08
5.700000e+02 2.477357e-08
5.710000e+02 2.392707e-08
5.720000e+02 1.933058e-08
5.730000e+02 1.864503e-08
5.740000e+02 2.009170e-08
5.750000e+02 1.914575e-08
5.760000e+02 1.818276e-08
5.770000e+02 1.930961e-08
5.780000e+02 1.855349e-08
5.790000e+02 1.993481e-08
5.800000e+02 1.732691e-08
5.810000e+02 1.708269e-08
5.820000e+02 1.961363e-08
5.830000e+02 2.681878e-08
5.840000e+02 2.267032e-08
5.850000e+02 1.758728e-08
5.860000e+02 6.238250e-08
5.870000e+02 9.544262e-08
5.880000e+02 4.743551e-08
5.890000e+02 1.320881e-08
5.900000e+02 6.264764e-08
5.910000e+02 4.432197e-08
5.920000e+02 2.966664e-08
5.930000e+02 2.332254e-08
5.940000e+02 2.347672e-08
5.950000e+02 2.576014e-08
5.960000e+02 2.131467e-08
5.970000e+02 2.045388e-08
5.980000e+02 1.911758e-08
5.990000e+02 1.946003e-08
6.000000e+02 1.814925e-08
6.010000e+02 1.849363e-08
6.020000e+02 2.139911e-08
6.030000e+02 2.301359e-08
6.040000e+02 1.684545e-08
6.050000e+02 1.561519e-08
6.060000e+02 1.865782e-08
6.070000e+02 2.128848e-08
6.080000e+02 1.795614e-08
6.090000e+02 1.716925e-08
6.100000e+02 1.771358e-08
6.110000e+02 1.819112e-08
6.120000e+02 1.560303e-08
6.130000e+02 1.644393e-08
6.140000e+02 1.347110e-08
6.150000e+02 1.598076e-08
6.160000e+02 1.377783e-08
6.170000e+02 1.353505e-08
6.180000e+02 1.718068e-08
6.190000e+02 2.284393e-08
6.200000e+02 2.182632e-08
6.210000e+02 1.548964e-08
6.220000e+02 1.429456e-08
6.230000e+02 1.513932e-08
6.240000e+02 1.467667e-08
6.250000e+02 1.604829e-08
6.260000e+02 1.533853e-08
6.270000e+02 1.680468e-08
6.280000e+02 1.251790e-08
6.290000e+02 1.245196e-08
6.300000e+02 1.530705e-08
6.310000e+02 2.063050e-08
6.320000e+02 1.514534e-08
6.330000e+02 1.521883e-08
6.340000e+02 1.385702e-08
6.350000e+02 1.455549e-08
6.360000e+02 1.302221e-08
6.370000e+02 1.551453e-08
6.380000e+02 1.858944e-08
6.390000e+02 1.636253e-08
6.400000e+02 1.289541e-08
6.410000e+02 1.228881e-08
6.420000e+02 1.574679e-08
6.430000e+02 1.849735e-08
6.440000e+02 1.388916e-08
6.450000e+02 1.299375e-08
6.460000e+02 1.313905e-08
6.470000e+02 1.457891e-08
6.480000e+02 1.276276e-08
6.490000e+02 1.451573e-08
6.500000e+02 1.156343e-08
6.510000e+02 1.408303e-08
6.520000e+02 1.115993e-08
6.530000e+02 1.155131e-08
6.540000e+02 1.669937e-08
6.550000e+02 2.073676e-08
6.560000e+02 1.862472e-08
6.570000e+02 1.308958e-08
6.580000e+02 1.239042e-08
6.590000e+02 1.381630e-08
6.600000e+02 1.246331e-08
6.610000e+02 1.374076e-08
6.620000e+02 1.026305e-07
6.630000e+02 1.120956e-07
6.640000e+02 4.329769e-08
6.650000e+02 1.620624e-08
6.660000e+02 5.228311e-08
6.670000e+02 3.865694e-08
6.680000e+02 2.594832e-08
6.690000e+02 2.041677e-08
6.700000e+02 1.658546e-08
6.710000e+02 1.927073e-08
6.720000e+02 1.510399e-08
6.730000e+02 1.530972e-08
6.740000e+02 1.660114e-08
6.750000e+02 1.551257e-08
6.760000e+02 1.384066e-08
6.770000e+02 1.247224e-08
6.780000e+02 1.555858e-08
6.790000e+02 1.718478e-08
6.800000e+02 1.300179e-08
6.810000e+02 1.191900e-08
6.820000e+02 1.279616e-08
6.830000e+02 1.406005e-08
6.840000e+02 1.151940e-08
6.850000e+02 1.279773e-08
6.860000e+02 1.054195e-09
6.870000e+02 1.243974e-08
6.880000e+02 1.045840e-08
6.890000e+02 9.754651e-09
6.900000e+02 1.327410e-08
6.910000e+02 1.998040e-08
6.920000e+02 1.658151e-08
6.930000e+02 1.110344e-08
6.940000e+02 1.010785e-08
6.950000e+02 1.129129e-08
6.960000e+02 9.797016e-09
6.970000e+02 1.118998e-08
6.980000e+02 1.040469e-08
6.990000e+02 1.238458e-08
7.000000e+02 9.113891e-09
7.010000e+02 8.807358e-09
7.020000e+02 1.160950e-08
7.030000e+02 1.705406e-08
7.040000e+02 1.185721e-08
7.050000e+02 1.266714e-08
7.060000e+02 1.092374e-08
7.070000e+02 1.454592e-08
7.080000e+02 1.058580e-08
7.090000e+02 1.059078e-08
7.100000e+02 1.376241e-08
7.110000e+02 1.200213e-08
7.120000e+02 1.093118e-08
7.130000e+02 9.064800e-09
7.140000e+02 1.277163e-08
7.150000e+02 1.594420e-08
7.160000e+02 1.030136e-08
7.170000e+02 9.690497e-09
7.180000e+02 9.397182e-09
7.190000e+02 1.121558e-08
7.200000e+02 9.897439e-09
7.210000e+02 1.125080e-08
7.220000e+02 1.738872e-08
7.230000e+02 1.157035e-08
7.240000e+02 8.712048e-09
7.250000e+02 8.697889e-09
7.260000e+02 1.113308e-08
7.270000e+02 1.852661e-08
7.280000e+02 1.561326e-08
7.290000e+02 1.109877e-08
7.300000e+02 1.068699e-08
7.310000e+02 1.370267e-08
7.320000e+02 1.029244e-08
7.330000e+02 1.102454e-08
7.340000e+02 1.065166e-08
7.350000e+02 1.007662e-08
7.360000e+02 1.105817e-08
7.370000e+02 8.435605e-09
7.380000e+02 1.108127e-08
7.390000e+02 1.811698e-08
7.400000e+02 1.261739e-08
7.410000e+02 1.041888e-08
7.420000e+02 9.421959e-09
7.430000e+02 1.323608e-08
7.440000e+02 1.038745e-08
7.450000e+02 9.066650e-09
7.460000e+02 1.136625e-08
7.470000e+02 1.170703e-08
7.480000e+02 8.786580e-09
7.490000e+02 7.961995e-09
7.500000e+02 1.141381e-08
7.510000e+02 1.374785e-08
7.520000e+02 9.762332e-09
7.530000e+02 9.016918e-09
7.540000e+02 9.448040e-09
7.550000e+02 1.093076e-08
7.560000e+02 9.871330e-09
7.570000e+02 1.060399e-08
7.580000e+02 8.684584e-10
7.590000e+02 1.067563e-08
7.600000e+02 6.683290e-09
7.610000e+02 7.561758e-09
7.620000e+02 1.082090e-08
7.630000e+02 1.792602e-08
7.640000e+02 1.531942e-08
7.650000e+02 9.310642e-09
7.660000e+02 1.172214e-08
7.670000e+02 1.239474e-08
7.680000e+02 9.459576e-09
7.690000e+02 1.130547e-08
7.700000e+02 1.710729e-07
7.710000e+02 4.995943e-08
7.720000e+02 2.464124e-08
7.730000e+02 1.286339e-08
7.740000e+02 4.679716e-08
7.750000e+02 3.473454e-08
7.760000e+02 2.202136e-08
7.770000e+02 1.733196e-08
7.780000e+02 1.348920e-08
7.790000e+02 1.561701e-08
7.800000e+02 1.199440e-08
7.810000e+02 1.020980e-08
7.820000e+02 1.299321e-08
7.830000e+02 1.269900e-08
7.840000e+02 1.251764e-08
7.850000e+02 1.037124e-08
7.860000e+02 1.274619e-08
7.870000e+02 1.602058e-08
7.880000e+02 1.193642e-08
7.890000e+02 1.045461e-08
7.900000e+02 1.128611e-08
7.910000e+02 1.169474e-08
7.920000e+02 1.006642e-08
7.930000e+02 1.094238e-08
7.940000e+02 3.961338e-08
7.950000e+02 1.047860e-08
7.960000e+02 6.262645e-09
7.970000e+02 7.913573e-09
7.980000e+02 1.028815e-08
7.990000e+02 1.765807e-08
8.000000e+02 1.539954e-08
8.010000e+02 9.211910e-09
8.020000e+02 9.396563e-09
8.030000e+02 1.345145e-08
8.040000e+02 8.687659e-09
8.050000e+02 9.830117e-09
8.060000e+02 9.442034e-10
8.070000e+02 1.007046e-08
8.080000e+02 9.470851e-09
8.090000e+02 7.282114e-09
8.100000e+02 9.371511e-09
8.110000e+02 1.597812e-08
8.120000e+02 9.162925e-09
8.130000e+02 9.006398e-09
8.140000e+02 9.381957e-09
8.150000e+02 9.536131e-09
8.160000e+02 8.353651e-09
8.170000e+02 7.666349e-09
8.180000e+02 1.204840e-08
8.190000e+02 1.142740e-08
8.200000e+02 5.851170e-09
8.210000e+02 6.476652e-09
8.220000e+02 9.265803e-09
8.230000e+02 1.247322e-08
8.240000e+02 9.212636e-09
8.250000e+02 8.537393e-09
8.260000e+02 9.933295e-09
8.270000e+02 1.197742e-08
8.280000e+02 6.872195e-09
8.290000e+02 9.627566e-09
8.300000e+02 1.041004e-08
8.310000e+02 6.727267e-09
8.320000e+02 8.832321e-09
8.330000e+02 6.444739e-09
8.340000e+02 9.869834e-09
8.350000e+02 1.719483e-08
8.360000e+02 1.408980e-08
8.370000e+02 7.842360e-09
8.380000e+02 1.367632e-08
8.390000e+02 1.088315e-08
8.400000e+02 7.447998e-09
8.410000e+02 9.716224e-09
8.420000e+02 1.291424e-08
8.430000e+02 8.212956e-09
8.440000e+02 8.293387e-09
8.450000e+02 6.685779e-09
8.460000e+02 7.925111e-09
8.470000e+02 1.540821e-08
8.480000e+02 9.559201e-09
8.490000e+02 9.335975e-09
8.500000e+02 1.012613e-08
8.510000e+02 1.183921e-08
8.520000e+02 7.469179e-09
8.530000e+02 7.989099e-09
8.540000e+02 2.142909e-08
8.550000e+02 8.511105e-09
8.560000e+02 1.301600e-08
8.570000e+02 5.454183e-09
8.580000e+02 1.054183e-08
8.590000e+02 1.319877e-08
8.600000e+02 9.070341e-09
8.610000e+02 6.656137e-09
8.620000e+02 8.406293e-09
8.630000e+02 1.253712e-08
8.640000e+02 7.750989e-09
8.650000e+02 8.978006e-09
8.660000e+02 6.476271e-09
8.670000e+02 6.993501e-09
8.680000e+02 6.545229e-09
8.690000e+02 5.024160e-09
8.700000e+02 8.428395e-09
8.710000e+02 1.657372e-08
8.720000e+02 1.342655e-08
8.730000e+02 7.442777e-09
8.740000e+02 1.347337e-08
8.750000e+02 1.220035e-08
8.760000e+02 7.491784e-09
8.770000e+02 8.490790e-09
8.780000e+02 7.909638e-09
8.790000e+02 7.656949e-09
8.800000e+02 8.655496e-09
8.810000e+02 5.586637e-09
8.820000e+02 7.970919e-09
8.830000e+02 1.506468e-08
8.840000e+02 8.423890e-09
8.850000e+02 8.008464e-09
8.860000e+02 1.740586e-08
8.870000e+02 1.086267e-08
8.880000e+02 6.654615e-09
8.890000e+02 8.677960e-09
8.900000e+02 1.079187e-08
8.910000e+02 9.353567e-09
8.920000e+02 8.087842e-09
8.930000e+02 6.168244e-09
8.940000e+02 9.347930e-09
8.950000e+02 1.209704e-08
8.960000e+02 7.709048e-09
8.970000e+02 6.701698e-09
8.980000e+02 1.241216e-08
8.990000e+02 7.895506e-09
9.000000e+02 5.439469e-09
9.010000e+02 6.693699e-09
9.020000e+02 5.880028e-09
9.030000e+02 7.283501e-09
9.040000e+02 8.262593e-09
9.050000e+02 5.378737e-09
9.060000e+02 9.634524e-09
9.070000e+02 1.693285e-08
9.080000e+02 1.523394e-08
9.090000e+02 8.779787e-09
9.100000e+02 1.092931e-08
9.110000e+02 1.056003e-08
9.120000e+02 7.372611e-09
9.130000e+02 8.481739e-09
9.140000e+02 1.430791e-08
9.150000e+02 7.519153e-09
9.160000e+02 6.601419e-09
9.170000e+02 4.589788e-09
9.180000e+02 7.238336e-09
9.190000e+02 1.445375e-08
9.200000e+02 8.820809e-09
9.210000e+02 7.680824e-09
9.220000e+02 8.849555e-09
9.230000e+02 1.223938e-08
9.240000e+02 6.577916e-09
9.250000e+02 8.922953e-09
9.260000e+02 1.002034e-08
9.270000e+02 8.621356e-09
9.280000e+02 7.338404e-09
9.290000e+02 5.352496e-09
9.300000e+02 8.481679e-09
9.310000e+02 1.597577e-08
9.320000e+02 1.014410e-08
9.330000e+02 6.881670e-09
9.340000e+02 7.994435e-09
9.350000e+02 7.810916e-09
9.360000e+02 5.930278e-09
9.370000e+02 7.901187e-09
9.380000e+02 1.570242e-07
9.390000e+02 3.422212e-08
9.400000e+02 2.128859e-08
9.410000e+02 1.255053e-08
9.420000e+02 4.359918e-08
9.430000e+02 3.262927e-08
9.440000e+02 2.354935e-08
9.450000e+02 1.391939e-08
9.460000e+02 1.781766e-08
9.470000e+02 1.374453e-08
9.480000e+02 8.942361e-09
9.490000e+02 1.057523e-08
9.500000e+02 9.378340e-09
9.510000e+02 1.013047e-08
9.520000e+02 1.002857e-08
9.530000e+02 8.252802e-09
9.540000e+02 1.017255e-08
9.550000e+02 1.744081e-08
9.560000e+02 1.044979e-08
9.570000e+02 9.515184e-09
9.580000e+02 1.687639e-08
9.590000e+02 1.163442e-08
9.600000e+02 9.408289e-09
9.610000e+02 7.936708e-09
9.620000e+02 1.054118e-08
9.630000e+02 9.344879e-09
9.640000e+02 7.110266e-09
9.650000e+02 6.045503e-09
9.660000e+02 8.696916e-09
9.670000e+02 1.237770e-08
9.680000e+02 7.768515e-09
9.690000e+02 6.565145e-09
9.700000e+02 1.762271e-08
9.710000e+02 1.066198e-08
9.720000e+02 5.507864e-09
9.730000e+02 7.085884e-09
9.740000e+02 5.780593e-09
9.750000e+02 5.323032e-09
9.760000e+02 6.665104e-09
9.770000e+02 5.557812e-09
9.780000e+02 8.862725e-09
9.790000e+02 1.650152e-08
9.800000e+02 1.400266e-08
9.810000e+02 6.392252e-09
9.820000e+02 9.351346e-09
9.830000e+02 1.082721e-08
9.840000e+02 6.005651e-09
9.850000e+02 7.486350e-09
9.860000e+02 6.352666e-09
9.870000e+02 6.459526e-09
9.880000e+02 6.044722e-09
9.890000e+02 4.703519e-09
9.900000e+02 7.399908e-09
9.910000e+02 1.429872e-08
9.920000e+02 7.813790e-09
9.930000e+02 7.382954e-09
9.940000e+02 9.025111e-09
9.950000e+02 1.181282e-08
9.960000e+02 6.038656e-09
9.970000e+02 5.587079e-09
9.980000e+02 1.093697e-08
9.990000e+02 7.307188e-09
1.000000e+03 1.161316e-08
1.001000e+03 3.747514e-09
1.002000e+03 7.686213e-09
1.003000e+03 1.160787e-08
1.004000e+03 6.270941e-09
1.005000e+03 5.441210e-09
1.006000e+03 9.521662e-10
1.007000e+03 1.009530e-08
1.008000e+03 5.994044e-09
1.009000e+03 8.053284e-09
1.010000e+03 1.321343e-08
1.011000e+03 6.755571e-09
1.012000e+03 6.173067e-09
1.013000e+03 4.211325e-09
1.014000e+03 7.851755e-09
1.015000e+03 1.597537e-08
1.016000e+03 1.250933e-08
1.017000e+03 6.112379e-09
1.018000e+03 1.950210e-08
1.019000e+03 6.326399e-09
1.020000e+03 4.883233e-09
1.021000e+03 5.987880e-09
1.022000e+03 5.997543e-09
1.023000e+03 6.849814e-09
1.024000e+03 5.533514e-09
1.025000e+03 4.860237e-09
1.026000e+03 9.336270e-09
1.027000e+03 1.511980e-08
1.028000e+03 9.558638e-09
1.029000e+03 8.374057e-09
1.030000e+03 9.620357e-09
1.031000e+03 9.762984e-09
1.032000e+03 5.300333e-09
1.033000e+03 1.879781e-08
1.034000e+03 2.639985e-08
1.035000e+03 7.966074e-09
1.036000e+03 1.290502e-08
1.037000e+03 3.421924e-09
1.038000e+03 8.243267e-09
1.039000e+03 1.107779e-08
1.040000e+03 7.396173e-09
1.041000e+03 5.195684e-09
1.042000e+03 8.779518e-09
1.043000e+03 1.161863e-08
1.044000e+03 4.536203e-09
1.045000e+03 7.795788e-09
1.046000e+03 6.754566e-09
1.047000e+03 5.180074e-09
1.048000e+03 6.172470e-09
1.049000e+03 3.456153e-09
1.050000e+03 1.532981e-08
1.051000e+03 1.625261e-08
1.052000e+03 1.266867e-08
1.053000e+03 5.931113e-09
1.054000e+03 1.803589e-08
1.055000e+03 9.627836e-09
1.056000e+03 6.220999e-09
1.057000e+03 7.441942e-09
1.058000e+03 2.841539e-08
1.059000e+03 5.883522e-09
1.060000e+03 5.582440e-09
1.061000e+03 7.011460e-09
1.062000e+03 7.759339e-09
1.063000e+03 1.461170e-08
1.064000e+03 7.506485e-09
1.065000e+03 6.890709e-09
1.066000e+03 2.379928e-08
1.067000e+03 9.777811e-09
1.068000e+03 4.924495e-09
1.069000e+03 1.353599e-08
1.070000e+03 9.516107e-09
1.071000e+03 1.008775e-08
1.072000e+03 6.783154e-09
1.073000e+03 4.463214e-09
1.074000e+03 7.687456e-09
1.075000e+03 1.506753e-08
1.076000e+03 9.261400e-09
1.077000e+03 5.718628e-09
1.078000e+03 1.241294e-08
1.079000e+03 9.885097e-09
1.080000e+03 5.207805e-09
1.081000e+03 6.866211e-09
1.082000e+03 5.432328e-09
1.083000e+03 5.384306e-09
1.084000e+03 6.768798e-09
1.085000e+03 4.210047e-09
1.086000e+03 1.033524e-08
1.087000e+03 1.204412e-08
1.088000e+03 9.578471e-09
1.089000e+03 5.285653e-09
1.090000e+03 1.114309e-09
1.091000e+03 1.042631e-08
1.092000e+03 6.594296e-09
1.093000e+03 6.486782e-09
1.094000e+03 5.658013e-09
1.095000e+03 5.015839e-09
1.096000e+03 7.077455e-09
1.097000e+03 4.277367e-09
1.098000e+03 6.820596e-09
1.099000e+03 1.482553e-08
1.100000e+03 8.763547e-09
1.101000e+03 6.520002e-09
1.102000e+03 7.935241e-09
1.103000e+03 1.055370e-08
1.104000e+03 5.821203e-09
1.105000e+03 8.681845e-09
1.106000e+03 2.022704e-08
1.107000e+03 7.818421e-09
1.108000e+03 7.998217e-10
1.109000e+03 3.345245e-09
1.110000e+03 1.035404e-08
1.111000e+03 1.471612e-08
1.112000e+03 8.720559e-09
1.113000e+03 6.995164e-09
1.114000e+03 8.013741e-09
1.115000e+03 1.004144e-08
1.116000e+03 4.941491e-09
1.117000e+03 6.835142e-09
1.118000e+03 5.929206e-09
1.119000e+03 5.081648e-09
1.120000e+03 5.974991e-09
1.121000e+03 3.188356e-09
1.122000e+03 7.823310e-09
1.123000e+03 1.239828e-08
1.124000e+03 9.383055e-09
1.125000e+03 4.541841e-09
1.126000e+03 1.246275e-08
1.127000e+03 9.631323e-09
1.128000e+03 5.181977e-09
1.129000e+03 6.619485e-09
1.130000e+03 7.103310e-09
1.131000e+03 7.201287e-09
1.132000e+03 5.930723e-09
1.133000e+03 4.103796e-09
1.134000e+03 7.492872e-09
1.135000e+03 1.425706e-08
1.136000e+03 7.566710e-09
1.137000e+03 6.683173e-09
1.138000e+03 1.514969e-08
1.139000e+03 9.166285e-09
1.140000e+03 4.631824e-09
1.141000e+03 4.355110e-08
1.142000e+03 1.387984e-08
1.143000e+03 6.826427e-09
1.144000e+03 1.548840e-08
1.145000e+03 4.304854e-09
1.146000e+03 1.095526e-08
1.147000e+03 1.636510e-08
1.148000e+03 1.140061e-08
1.149000e+03 6.336619e-09
1.150000e+03 7.839788e-09
1.151000e+03 8.652217e-09
1.152000e+03 5.522919e-09
1.153000e+03 6.865961e-09
1.154000e+03 5.304019e-09
1.155000e+03 5.033717e-09
1.156000e+03 2.079256e-08
1.157000e+03 2.770275e-09
1.158000e+03 7.864036e-09
1.159000e+03 1.170612e-08
1.160000e+03 9.314726e-09
1.161000e+03 4.208024e-09
1.162000e+03 2.143921e-08
1.163000e+03 1.100691e-08
1.164000e+03 5.800395e-09
1.165000e+03 6.750660e-09
1.166000e+03 7.747778e-09
1.167000e+03 5.140726e-09
1.168000e+03 6.418193e-09
1.169000e+03 3.817925e-09
1.170000e+03 1.135773e-08
1.171000e+03 1.469438e-08
1.172000e+03 7.422641e-09
1.173000e+03 6.303960e-09
1.174000e+03 1.533290e-08
1.175000e+03 9.352388e-09
1.176000e+03 5.210021e-09
1.177000e+03 5.881056e-09
1.178000e+03 1.430218e-08
1.179000e+03 6.487712e-09
1.180000e+03 7.817293e-10
1.181000e+03 4.635105e-09
1.182000e+03 7.859446e-09
1.183000e+03 1.464060e-08
1.184000e+03 9.118253e-09
1.185000e+03 5.807659e-09
1.186000e+03 1.167840e-08
1.187000e+03 8.842835e-09
1.188000e+03 4.159760e-09
1.189000e+03 6.922088e-09
1.190000e+03 1.233071e-08
1.191000e+03 6.616676e-09
1.192000e+03 5.358615e-09
1.193000e+03 3.478371e-09
1.194000e+03 8.382152e-09
1.195000e+03 1.215145e-08
1.196000e+03 9.005096e-09
1.197000e+03 4.427500e-09
1.198000e+03 1.264258e-08
1.199000e+03 9.493015e-09
1.200000e+03 5.250137e-09
1.201000e+03 5.976180e-09
1.202000e+03 5.735090e-09
1.203000e+03 5.378791e-09
1.204000e+03 5.236843e-09
1.205000e+03 4.289642e-09
1.206000e+03 8.411440e-10
1.207000e+03 1.478007e-08
1.208000e+03 8.175677e-09
1.209000e+03 6.858374e-09
1.210000e+03 1.776495e-08
1.211000e+03 9.048404e-09
1.212000e+03 4.393295e-09
1.213000e+03 5.036568e-10
1.214000e+03 9.854164e-09
1.215000e+03 7.833895e-09
1.216000e+03 6.290993e-09
1.217000e+03 3.565644e-09
1.218000e+03 7.282544e-09
1.219000e+03 1.498468e-08
1.220000e+03 9.685161e-09
1.221000e+03 5.210531e-09
1.222000e+03 6.783386e-09
1.223000e+03 9.608392e-09
1.224000e+03 4.162663e-09
1.225000e+03 6.187981e-09
1.226000e+03 4.892210e-09
1.227000e+03 4.823201e-09
1.228000e+03 2.340663e-08
1.229000e+03 3.245942e-09
1.230000e+03 2.148582e-08
1.231000e+03 1.159327e-08
1.232000e+03 1.002067e-08
1.233000e+03 5.599252e-09
1.234000e+03 1.524599e-08
1.235000e+03 1.003224e-08
1.236000e+03 8.307939e-09
1.237000e+03 5.826307e-09
1.238000e+03 6.774759e-09
1.239000e+03 4.805520e-09
1.240000e+03 6.329947e-09
1.241000e+03 6.890326e-09
1.242000e+03 2.657940e-08
1.243000e+03 1.392235e-08
1.244000e+03 7.322254e-09
1.245000e+03 6.074038e-09
1.246000e+03 3.264701e-08
1.247000e+03 8.436271e-09
1.248000e+03 5.133248e-09
1.249000e+03 6.788191e-09
1.250000e+03 1.028166e-08
1.251000e+03 7.445034e-09
1.252000e+03 4.966846e-09
1.253000e+03 3.814118e-09
1.254000e+03 6.959234e-09
1.255000e+03 1.443616e-08
1.256000e+03 8.329754e-09
1.257000e+03 5.258404e-09
1.258000e+03 1.364511e-08
1.259000e+03 7.995048e-09
1.260000e+03 4.841974e-09
1.261000e+03 5.703155e-09
1.262000e+03 4.751939e-09
1.263000e+03 4.215216e-09
1.264000e+03 5.849489e-09
1.265000e+03 3.874806e-09
1.266000e+03 7.737708e-09
1.267000e+03 1.285118e-08
1.268000e+03 1.057422e-08
1.269000e+03 4.597188e-09
1.270000e+03 9.686870e-10
1.271000e+03 9.305271e-09
1.272000e+03 7.529692e-09
1.273000e+03 8.072244e-09
1.274000e+03 5.458945e-09
1.275000e+03 5.419252e-09
1.276000e+03 1.007007e-08
1.277000e+03 1.105664e-08
1.278000e+03 8.075596e-10
1.279000e+03 1.419254e-08
1.280000e+03 8.357674e-09
1.281000e+03 6.415511e-09
1.282000e+03 8.359044e-09
1.283000e+03 1.462153e-07
1.284000e+03 4.144400e-08
1.285000e+03 1.836092e-08
1.286000e+03 8.053659e-08
1.287000e+03 4.806815e-08
1.288000e+03 2.746593e-08
1.289000e+03 1.649361e-08
1.290000e+03 1.452370e-08
1.291000e+03 1.803735e-08
1.292000e+03 1.272547e-08
1.293000e+03 7.907233e-09
1.294000e+03 1.375751e-08
1.295000e+03 1.130326e-08
1.296000e+03 8.196913e-09
1.297000e+03 9.375985e-09
1.298000e+03 8.350520e-09
1.299000e+03 7.663163e-09
1.300000e+03 8.168709e-09
1.301000e+03 5.493214e-09
1.302000e+03 8.656332e-09
1.303000e+03 1.395653e-08
1.304000e+03 1.062769e-08
1.305000e+03 5.971871e-09
1.306000e+03 1.226211e-08
1.307000e+03 1.049845e-08
1.308000e+03 2.382550e-08
1.309000e+03 7.955667e-09
1.310000e+03 6.765914e-09
1.311000e+03 1.809734e-08
1.312000e+03 7.163100e-09
1.313000e+03 4.444065e-09
1.314000e+03 9.315015e-09
1.315000e+03 1.470533e-08
1.316000e+03 7.244934e-09
1.317000e+03 7.143092e-09
1.318000e+03 1.120833e-08
1.319000e+03 8.740751e-09
1.320000e+03 4.325302e-09
1.321000e+03 4.818745e-10
1.322000e+03 9.496129e-09
1.323000e+03 6.960603e-09
1.324000e+03 2.074352e-08
1.325000e+03 3.918567e-09
1.326000e+03 1.057340e-08
1.327000e+03 1.440685e-08
1.328000e+03 9.335946e-09
1.329000e+03 5.819904e-09
1.330000e+03 1.150851e-08
1.331000e+03 8.137508e-09
1.332000e+03 4.010221e-09
1.333000e+03 5.539720e-09
1.334000e+03 8.436906e-09
1.335000e+03 5.233058e-09
1.336000e+03 6.771500e-09
1.337000e+03 2.694668e-09
1.338000e+03 1.066861e-08
1.339000e+03 1.527989e-08
1.340000e+03 1.234266e-08
1.341000e+03 4.910671e-09
1.342000e+03 1.136364e-08
1.343000e+03 9.500850e-09
1.344000e+03 5.116081e-09
1.345000e+03 6.123428e-09
1.346000e+03 5.272631e-09
1.347000e+03 5.627659e-09
1.348000e+03 5.497304e-09
1.349000e+03 2.994124e-10
1.350000e+03 1.499934e-08
1.351000e+03 1.465746e-08
1.352000e+03 7.293370e-09
1.353000e+03 6.299191e-09
1.354000e+03 1.014111e-08
1.355000e+03 9.467106e-09
1.356000e+03 5.342778e-09
1.357000e+03 4.910649e-09
1.358000e+03 1.532343e-08
1.359000e+03 5.506663e-09
1.360000e+03 4.935409e-09
1.361000e+03 2.698184e-09
1.362000e+03 8.372511e-09
1.363000e+03 1.470810e-08
1.364000e+03 8.791427e-09
1.365000e+03 5.032417e-09
1.366000e+03 1.826546e-08
1.367000e+03 7.517005e-09
1.368000e+03 5.464550e-09
1.369000e+03 7.084893e-09
1.370000e+03 7.363016e-09
1.371000e+03 5.080477e-09
1.372000e+03 4.475073e-09
1.373000e+03 3.052189e-09
1.374000e+03 7.865994e-09
1.375000e+03 1.497079e-08
1.376000e+03 1.110382e-08
1.377000e+03 4.936295e-09
1.378000e+03 3.369607e-08
1.379000e+03 7.981985e-09
1.380000e+03 4.284678e-09
1.381000e+03 4.910515e-09
1.382000e+03 4.853972e-09
1.383000e+03 4.984516e-09
1.384000e+03 5.253006e-09
1.385000e+03 4.797077e-09
1.386000e+03 7.395816e-09
1.387000e+03 1.449651e-08
1.388000e+03 7.836705e-09
1.389000e+03 6.041098e-09
1.390000e+03 2.059831e-08
1.391000e+03 8.170332e-09
1.392000e+03 4.713465e-09
1.393000e+03 7.738829e-09
1.394000e+03 1.182076e-08
1.395000e+03 6.918093e-09
1.396000e+03 5.609485e-09
1.397000e+03 3.436623e-09
1.398000e+03 1.313755e-08
1.399000e+03 1.370845e-08
1.400000e+03 8.738203e-09
1.401000e+03 4.925553e-09
1.402000e+03 6.739807e-09
1.403000e+03 1.022478e-08
1.404000e+03 4.290540e-09
1.405000e+03 5.832742e-09
1.406000e+03 4.355827e-09
1.407000e+03 4.195767e-09
1.408000e+03 5.169842e-09
1.409000e+03 2.396194e-09
1.410000e+03 1.045315e-08
1.411000e+03 1.562033e-08
1.412000e+03 1.148705e-08
1.413000e+03 4.631165e-09
1.414000e+03 4.013249e-08
1.415000e+03 8.060362e-09
1.416000e+03 5.347776e-09
1.417000e+03 5.969935e-09
1.418000e+03 7.286680e-09
1.419000e+03 6.309913e-09
1.420000e+03 5.342453e-09
1.421000e+03 2.723683e-09
1.422000e+03 5.607157e-09
1.423000e+03 1.377410e-08
1.424000e+03 6.692646e-09
1.425000e+03 5.962793e-09
1.426000e+03 2.954958e-08
1.427000e+03 8.407320e-09
1.428000e+03 4.390328e-09
1.429000e+03 5.791344e-10
1.430000e+03 8.408225e-09
1.431000e+03 1.600544e-08
1.432000e+03 5.788670e-09
1.433000e+03 3.058311e-09
1.434000e+03 8.714144e-09
1.435000e+03 1.447623e-08
1.436000e+03 9.167895e-09
1.437000e+03 5.695894e-09
1.438000e+03 7.297480e-09
1.439000e+03 7.649353e-09
1.440000e+03 4.554481e-09
1.441000e+03 5.639540e-09
1.442000e+03 4.510368e-09
1.443000e+03 4.208417e-09
1.444000e+03 1.827974e-08
1.445000e+03 3.267673e-09
1.446000e+03 2.617609e-08
1.447000e+03 1.480008e-08
1.448000e+03 1.291785e-08
1.449000e+03 5.342046e-09
1.450000e+03 4.137920e-08
1.451000e+03 7.625815e-09
1.452000e+03 4.122619e-09
1.453000e+03 6.891161e-09
1.454000e+03 8.554464e-10
1.455000e+03 4.958223e-09
1.456000e+03 5.896029e-09
1.457000e+03 2.869716e-09
1.458000e+03 8.727663e-09
1.459000e+03 1.370256e-08
1.460000e+03 7.499737e-09
1.461000e+03 5.440216e-09
1.462000e+03 9.630729e-09
1.463000e+03 9.861016e-09
1.464000e+03 3.718257e-09
1.465000e+03 2.195797e-08
1.466000e+03 7.786314e-09
1.467000e+03 6.870142e-09
1.468000e+03 1.577500e-08
1.469000e+03 4.136217e-09
1.470000e+03 7.903482e-09
1.471000e+03 1.494298e-08
1.472000e+03 8.343487e-09
1.473000e+03 5.161735e-09
1.474000e+03 9.433863e-09
1.475000e+03 8.818754e-09
1.476000e+03 4.885390e-09
1.477000e+03 5.939561e-09
1.478000e+03 5.017106e-09
1.479000e+03 3.905208e-09
1.480000e+03 7.467674e-10
1.481000e+03 4.844555e-09
1.482000e+03 1.082046e-08
1.483000e+03 1.532116e-08
1.484000e+03 1.166486e-08
1.485000e+03 4.589908e-09
1.486000e+03 4.388892e-08
1.487000e+03 1.043547e-08
1.488000e+03 5.534238e-09
1.489000e+03 6.822692e-09
1.490000e+03 6.007932e-09
1.491000e+03 7.639566e-09
1.492000e+03 5.091398e-09
1.493000e+03 2.845347e-09
1.494000e+03 7.427234e-09
1.495000e+03 1.340642e-08
1.496000e+03 6.020258e-09
1.497000e+03 5.746119e-09
1.498000e+03 2.240126e-08
1.499000e+03 7.973822e-09
1.500000e+03 6.261172e-09
1.501000e+03 9.476359e-09
1.502000e+03 7.747184e-09
1.503000e+03 7.709152e-09
1.504000e+03 6.623018e-09
1.505000e+03 4.648952e-09
1.506000e+03 6.829987e-09
1.507000e+03 1.503492e-08
1.508000e+03 9.657680e-09
1.509000e+03 5.180898e-09
1.510000e+03 1.162868e-08
1.511000e+03 7.326152e-09
1.512000e+03 3.582643e-09
1.513000e+03 5.726794e-09
1.514000e+03 4.565592e-09
1.515000e+03 3.999611e-09
1.516000e+03 5.417779e-09
1.517000e+03 2.917001e-09
1.518000e+03 3.412714e-08
1.519000e+03 1.401153e-08
1.520000e+03 1.167633e-08
1.521000e+03 5.832382e-09
1.522000e+03 8.073546e-09
1.523000e+03 1.007581e-08
1.524000e+03 4.420030e-09
1.525000e+03 5.241617e-09
1.526000e+03 4.652845e-09
1.527000e+03 4.712028e-09
1.528000e+03 5.181743e-09
1.529000e+03 3.332289e-10
1.530000e+03 1.606657e-08
1.531000e+03 1.477402e-08
1.532000e+03 6.498606e-09
1.533000e+03 5.574331e-09
1.534000e+03 1.849338e-08
1.535000e+03 8.455615e-09
1.536000e+03 4.556943e-09
1.537000e+03 4.509410e-09
1.538000e+03 1.037075e-08
1.539000e+03 6.925976e-09
1.540000e+03 4.724349e-09
1.541000e+03 2.325614e-09
1.542000e+03 7.173089e-09
1.543000e+03 1.427818e-08
1.544000e+03 8.068543e-09
1.545000e+03 4.868810e-09
1.546000e+03 2.042137e-08
1.547000e+03 7.618512e-09
1.548000e+03 3.685239e-09
1.549000e+03 5.870390e-09
1.550000e+03 1.067185e-08
1.551000e+03 6.195665e-09
1.552000e+03 5.373562e-09
1.553000e+03 2.796404e-09
1.554000e+03 7.831618e-09
1.555000e+03 1.622521e-08
1.556000e+03 1.234629e-08
1.557000e+03 4.710009e-09
1.558000e+03 1.317815e-08
1.559000e+03 7.544891e-09
1.560000e+03 4.046228e-09
1.561000e+03 5.153437e-09
1.562000e+03 4.889711e-09
1.563000e+03 5.479957e-09
1.564000e+03 4.466595e-09
1.565000e+03 3.560520e-09
1.566000e+03 2.988439e-08
1.567000e+03 1.314193e-08
1.568000e+03 6.785177e-09
1.569000e+03 5.965964e-09
1.570000e+03 1.817234e-08
1.571000e+03 8.399693e-09
1.572000e+03 5.532135e-09
1.573000e+03 6.868296e-09
1.574000e+03 1.537362e-08
1.575000e+03 5.349046e-09
1.576000e+03 6.212720e-09
1.577000e+03 2.954535e-09
1.578000e+03 9.870995e-09
1.579000e+03 1.417108e-08
1.580000e+03 8.821777e-09
1.581000e+03 4.551890e-09
1.582000e+03 6.821132e-09
1.583000e+03 8.913156e-09
1.584000e+03 4.420247e-09
1.585000e+03 5.912994e-09
1.586000e+03 4.257241e-09
1.587000e+03 4.264872e-09
1.588000e+03 1.199637e-08
1.589000e+03 3.545606e-09
1.590000e+03 7.797425e-09
1.591000e+03 1.530308e-08
1.592000e+03 1.086290e-08
1.593000e+03 4.488519e-09
1.594000e+03 2.957330e-08
1.595000e+03 8.413107e-09
1.596000e+03 5.040992e-09
1.597000e+03 5.538417e-09
1.598000e+03 6.774170e-09
1.599000e+03 4.333323e-09
1.600000e+03 5.333361e-09
1.601000e+03 3.342630e-09
1.602000e+03 9.840374e-09
1.603000e+03 1.378773e-08
1.604000e+03 6.643711e-09
1.605000e+03 5.303560e-09
1.606000e+03 9.072325e-09
1.607000e+03 9.105167e-09
1.608000e+03 4.118292e-09
1.609000e+03 6.517281e-09
1.610000e+03 8.606166e-09
1.611000e+03 1.432237e-08
1.612000e+03 4.640491e-09
1.613000e+03 2.816851e-09
1.614000e+03 8.163390e-09
1.615000e+03 1.392616e-08
1.616000e+03 7.771255e-09
1.617000e+03 4.988327e-09
1.618000e+03 1.111074e-08
1.619000e+03 7.411023e-09
1.620000e+03 4.082100e-09
1.621000e+03 6.320888e-09
1.622000e+03 4.077984e-09
1.623000e+03 4.947729e-09
1.624000e+03 5.414963e-09
1.625000e+03 3.507293e-09
1.626000e+03 6.941412e-09
1.627000e+03 1.581815e-08
1.628000e+03 1.324021e-08
1.629000e+03 4.886125e-09
1.630000e+03 4.248957e-08
1.631000e+03 7.013600e-09
1.632000e+03 4.457197e-09
1.633000e+03 5.660246e-09
1.634000e+03 5.083958e-09
1.635000e+03 4.666254e-09
1.636000e+03 1.981905e-08
1.637000e+03 1.694220e-08
1.638000e+03 7.397013e-10
1.639000e+03 1.350409e-08
1.640000e+03 7.518365e-09
1.641000e+03 6.729489e-09
1.642000e+03 6.762032e-09
1.643000e+03 9.989238e-09
1.644000e+03 3.819538e-09
1.645000e+03 3.414460e-08
1.646000e+03 8.340083e-09
1.647000e+03 6.911980e-09
1.648000e+03 4.711445e-09
1.649000e+03 2.277778e-09
1.650000e+03 1.201662e-08
1.651000e+03 1.454954e-08
1.652000e+03 8.142338e-09
1.653000e+03 4.504826e-09
1.654000e+03 1.197834e-08
1.655000e+03 7.979207e-09
1.656000e+03 5.325061e-09
1.657000e+03 7.414168e-09
1.658000e+03 9.995483e-09
1.659000e+03 4.539481e-09
1.660000e+03 4.321801e-09
1.661000e+03 2.995735e-09
1.662000e+03 9.728725e-09
1.663000e+03 1.484539e-08
1.664000e+03 1.094755e-08
1.665000e+03 4.456938e-09
1.666000e+03 7.790748e-10
1.667000e+03 8.584001e-09
1.668000e+03 3.987166e-09
1.669000e+03 5.728827e-09
1.670000e+03 5.439711e-09
1.671000e+03 8.559892e-09
1.672000e+03 5.287297e-09
1.673000e+03 2.984304e-09
1.674000e+03 6.996988e-09
1.675000e+03 1.436149e-08
1.676000e+03 6.633964e-09
1.677000e+03 5.204785e-09
1.678000e+03 1.853983e-08
1.679000e+03 7.676818e-09
1.680000e+03 4.292802e-09
1.681000e+03 1.218084e-08
1.682000e+03 9.039056e-09
1.683000e+03 7.789252e-09
1.684000e+03 8.936738e-09
1.685000e+03 3.134650e-09
1.686000e+03 9.568543e-09
1.687000e+03 1.414768e-08
1.688000e+03 8.844854e-09
1.689000e+03 5.180553e-09
1.690000e+03 1.189736e-08
1.691000e+03 9.505570e-09
1.692000e+03 4.227654e-09
1.693000e+03 5.939109e-09
1.694000e+03 4.441823e-09
1.695000e+03 3.520286e-09
1.696000e+03 4.801348e-09
1.697000e+03 1.936006e-09
1.698000e+03 1.081526e-08
1.699000e+03 1.480739e-08
1.700000e+03 1.168213e-08
1.701000e+03 4.543509e-09
1.702000e+03 1.063813e-08
1.703000e+03 9.022715e-09
1.704000e+03 3.766471e-09
1.705000e+03 5.355427e-09
1.706000e+03 4.633104e-09
1.707000e+03 5.519158e-09
1.708000e+03 5.777371e-09
1.709000e+03 3.515492e-09
1.710000e+03 6.117243e-09
1.711000e+03 1.369496e-08
1.712000e+03 6.209511e-09
1.713000e+03 5.596134e-09
1.714000e+03 1.459696e-08
1.715000e+03 8.769228e-09
1.716000e+03 5.510359e-09
1.717000e+03 4.952359e-09
1.718000e+03 1.451487e-08
1.719000e+03 5.046078e-09
1.720000e+03 5.784229e-09
1.721000e+03 6.787354e-09
1.722000e+03 1.650722e-08
1.723000e+03 1.409219e-08
1.724000e+03 8.315387e-09
1.725000e+03 5.700419e-09
1.726000e+03 9.771383e-09
1.727000e+03 7.836593e-09
1.728000e+03 4.141081e-09
1.729000e+03 6.527132e-09
1.730000e+03 8.743301e-09
1.731000e+03 6.076866e-09
1.732000e+03 4.046483e-09
1.733000e+03 2.397944e-09
1.734000e+03 9.638721e-09
1.735000e+03 1.466182e-08
1.736000e+03 1.055797e-08
1.737000e+03 4.253262e-09
1.738000e+03 7.992180e-10
1.739000e+03 8.175368e-09
1.740000e+03 4.970665e-09
1.741000e+03 4.840376e-09
1.742000e+03 1.251909e-08
1.743000e+03 4.715409e-09
1.744000e+03 5.716651e-09
1.745000e+03 3.959446e-09
1.746000e+03 7.578049e-09
1.747000e+03 1.417772e-08
1.748000e+03 7.339563e-09
1.749000e+03 5.595253e-09
1.750000e+03 2.485694e-08
1.751000e+03 7.479382e-09
1.752000e+03 4.113856e-09
1.753000e+03 1.474928e-08
1.754000e+03 7.768725e-09
1.755000e+03 6.672983e-09
1.756000e+03 4.204227e-09
1.757000e+03 3.287661e-09
1.758000e+03 9.811625e-09
1.759000e+03 1.441233e-08
1.760000e+03 9.626179e-09
1.761000e+03 5.150710e-09
1.762000e+03 5.482402e-09
1.763000e+03 9.400983e-09
1.764000e+03 3.431126e-09
1.765000e+03 5.276538e-09
1.766000e+03 3.862811e-09
1.767000e+03 3.593570e-09
1.768000e+03 7.074773e-09
1.769000e+03 3.812736e-09
1.770000e+03 1.449614e-08
1.771000e+03 1.614892e-08
1.772000e+03 1.117070e-08
1.773000e+03 4.412271e-09
1.774000e+03 2.091992e-08
1.775000e+03 7.889869e-09
1.776000e+03 5.628745e-09
1.777000e+03 6.805355e-09
1.778000e+03 8.056942e-09
1.779000e+03 4.646481e-09
1.780000e+03 4.214028e-09
1.781000e+03 2.574722e-10
1.782000e+03 1.670577e-08
1.783000e+03 1.299766e-08
1.784000e+03 6.001368e-09
1.785000e+03 5.471080e-09
1.786000e+03 7.811459e-10
1.787000e+03 8.708782e-09
1.788000e+03 3.701525e-09
1.789000e+03 1.621581e-08
1.790000e+03 8.436909e-09
1.791000e+03 1.635376e-08
1.792000e+03 5.438825e-09
1.793000e+03 4.427223e-09
1.794000e+03 7.620596e-09
1.795000e+03 1.448143e-08
1.796000e+03 8.085834e-09
1.797000e+03 4.343946e-09
1.798000e+03 1.221567e-08
1.799000e+03 6.951706e-09
1.800000e+03 4.291813e-09
