Title ="THE FLUX ERR"
Variables=
iter
residual
1.000000e+00 1.583197e-04
2.000000e+00 4.337226e-03
3.000000e+00 3.692499e-04
4.000000e+00 4.668308e-04
5.000000e+00 9.133619e-05
6.000000e+00 1.330092e-03
7.000000e+00 1.123795e-03
8.000000e+00 2.490477e-04
9.000000e+00 9.221404e-04
1.000000e+01 1.218225e-04
1.100000e+01 1.586660e-04
1.200000e+01 4.643514e-04
1.300000e+01 3.991943e-04
1.400000e+01 6.181063e-05
1.500000e+01 5.799175e-05
1.600000e+01 6.393700e-05
1.700000e+01 1.152549e-04
1.800000e+01 1.047248e-04
1.900000e+01 1.198957e-04
2.000000e+01 5.968705e-05
2.100000e+01 3.886551e-05
2.200000e+01 3.911404e-05
2.300000e+01 5.941023e-05
2.400000e+01 5.508564e-05
2.500000e+01 5.293835e-05
2.600000e+01 8.145740e-05
2.700000e+01 6.595530e-05
2.800000e+01 7.447565e-05
2.900000e+01 7.005061e-05
3.000000e+01 6.688666e-05
3.100000e+01 4.221723e-05
3.200000e+01 4.991662e-05
3.300000e+01 5.291438e-05
3.400000e+01 8.403893e-05
3.500000e+01 4.511205e-05
3.600000e+01 6.261964e-05
3.700000e+01 3.201147e-05
3.800000e+01 3.976781e-05
3.900000e+01 3.305907e-05
4.000000e+01 2.408969e-05
4.100000e+01 1.891116e-05
4.200000e+01 2.477901e-05
4.300000e+01 4.000183e-05
4.400000e+01 3.964360e-05
4.500000e+01 2.787301e-05
4.600000e+01 2.372908e-05
4.700000e+01 1.735754e-04
4.800000e+01 2.106130e-05
4.900000e+01 1.708394e-04
5.000000e+01 3.392831e-05
5.100000e+01 1.494016e-04
5.200000e+01 2.086714e-04
5.300000e+01 2.330670e-04
5.400000e+01 2.174712e-04
5.500000e+01 2.295075e-04
5.600000e+01 2.104306e-04
5.700000e+01 2.116381e-04
5.800000e+01 2.336351e-04
5.900000e+01 2.021588e-04
6.000000e+01 1.926205e-04
6.100000e+01 2.083199e-04
6.200000e+01 2.008181e-04
6.300000e+01 2.308605e-04
6.400000e+01 1.961033e-04
6.500000e+01 1.900740e-04
6.600000e+01 1.752186e-04
6.700000e+01 1.379372e-04
6.800000e+01 1.460950e-04
6.900000e+01 1.442805e-04
7.000000e+01 1.517866e-04
7.100000e+01 1.955322e-04
7.200000e+01 2.057882e-04
7.300000e+01 2.069985e-04
7.400000e+01 2.567127e-04
7.500000e+01 2.289156e-04
7.600000e+01 2.306724e-04
7.700000e+01 3.176451e-04
7.800000e+01 3.225821e-04
7.900000e+01 3.049004e-04
8.000000e+01 3.235690e-04
8.100000e+01 4.024243e-04
8.200000e+01 3.610119e-04
8.300000e+01 3.254991e-04
8.400000e+01 3.184825e-04
8.500000e+01 2.934400e-04
8.600000e+01 3.590531e-04
8.700000e+01 2.961394e-04
8.800000e+01 2.990361e-04
8.900000e+01 2.716708e-04
9.000000e+01 2.039300e-04
9.100000e+01 1.845156e-04
9.200000e+01 1.436320e-04
9.300000e+01 1.102036e-04
9.400000e+01 9.351730e-05
9.500000e+01 7.292397e-05
9.600000e+01 9.018168e-05
9.700000e+01 1.269806e-04
9.800000e+01 1.521641e-04
9.900000e+01 1.617621e-04
1.000000e+02 2.008394e-04
1.010000e+02 2.048312e-04
1.020000e+02 2.309115e-04
1.030000e+02 2.509638e-04
1.040000e+02 2.625689e-04
1.050000e+02 2.739951e-04
1.060000e+02 3.552217e-05
1.070000e+02 2.646367e-04
1.080000e+02 3.174775e-04
1.090000e+02 3.082092e-04
1.100000e+02 3.211207e-04
1.110000e+02 3.049293e-04
1.120000e+02 3.207849e-04
1.130000e+02 2.823433e-04
1.140000e+02 2.126002e-04
1.150000e+02 2.574562e-04
1.160000e+02 2.706829e-04
1.170000e+02 1.926915e-04
1.180000e+02 1.832180e-04
1.190000e+02 1.778414e-04
1.200000e+02 1.911726e-04
1.210000e+02 1.897035e-04
1.220000e+02 1.428962e-04
1.230000e+02 1.331440e-04
1.240000e+02 1.093323e-04
1.250000e+02 9.709124e-05
1.260000e+02 7.425250e-05
1.270000e+02 6.226202e-05
1.280000e+02 4.252186e-05
1.290000e+02 3.289372e-05
1.300000e+02 3.560359e-05
1.310000e+02 3.504638e-05
1.320000e+02 4.178693e-05
1.330000e+02 5.283565e-05
1.340000e+02 5.883895e-05
1.350000e+02 6.451130e-05
1.360000e+02 8.096457e-05
1.370000e+02 7.262851e-05
1.380000e+02 7.442042e-05
1.390000e+02 6.455892e-05
1.400000e+02 7.195194e-05
1.410000e+02 6.545635e-05
1.420000e+02 8.027181e-05
1.430000e+02 8.385900e-05
1.440000e+02 9.373307e-05
1.450000e+02 9.249710e-05
1.460000e+02 6.286048e-05
1.470000e+02 6.222997e-05
1.480000e+02 7.542191e-05
1.490000e+02 6.102946e-05
1.500000e+02 7.541592e-05
1.510000e+02 7.526165e-05
1.520000e+02 7.568082e-05
1.530000e+02 6.543238e-05
1.540000e+02 8.068943e-05
1.550000e+02 7.002089e-05
1.560000e+02 7.119619e-05
1.570000e+02 5.995930e-05
1.580000e+02 6.035462e-05
1.590000e+02 6.484535e-05
1.600000e+02 5.901069e-05
1.610000e+02 5.680396e-05
1.620000e+02 5.496512e-05
1.630000e+02 4.635161e-05
1.640000e+02 4.160785e-05
1.650000e+02 2.977242e-05
1.660000e+02 4.260752e-05
1.670000e+02 3.371717e-05
1.680000e+02 3.289680e-05
1.690000e+02 3.172006e-05
1.700000e+02 2.904925e-05
1.710000e+02 3.403159e-05
1.720000e+02 2.830292e-05
1.730000e+02 2.818500e-05
1.740000e+02 2.320408e-05
1.750000e+02 2.377802e-05
1.760000e+02 2.371522e-05
1.770000e+02 1.948289e-05
1.780000e+02 2.070919e-05
1.790000e+02 2.009585e-05
1.800000e+02 2.187961e-05
1.810000e+02 2.137499e-05
1.820000e+02 1.902162e-05
1.830000e+02 1.746646e-05
1.840000e+02 1.957007e-05
1.850000e+02 2.252244e-05
1.860000e+02 2.129838e-05
1.870000e+02 1.955821e-05
1.880000e+02 2.490227e-05
1.890000e+02 2.355719e-05
1.900000e+02 1.769500e-05
1.910000e+02 2.001315e-05
1.920000e+02 1.913102e-05
1.930000e+02 1.965240e-05
1.940000e+02 2.765003e-05
1.950000e+02 2.201305e-05
1.960000e+02 1.928794e-05
1.970000e+02 1.852015e-05
1.980000e+02 1.758747e-05
1.990000e+02 1.915400e-05
2.000000e+02 2.041235e-05
2.010000e+02 1.541930e-05
2.020000e+02 1.580180e-05
2.030000e+02 1.521104e-05
2.040000e+02 1.756740e-05
2.050000e+02 1.596031e-05
2.060000e+02 1.439822e-05
2.070000e+02 1.296432e-05
2.080000e+02 1.204930e-05
2.090000e+02 1.197014e-05
2.100000e+02 1.600381e-05
2.110000e+02 1.201908e-05
2.120000e+02 1.072594e-05
2.130000e+02 1.555675e-05
2.140000e+02 1.596397e-05
2.150000e+02 1.536731e-05
2.160000e+02 1.433637e-05
2.170000e+02 1.297524e-05
2.180000e+02 1.023840e-05
2.190000e+02 1.057782e-05
2.200000e+02 1.039206e-05
2.210000e+02 9.528724e-06
2.220000e+02 9.368383e-06
2.230000e+02 9.572919e-06
2.240000e+02 7.919705e-06
2.250000e+02 7.592429e-06
2.260000e+02 5.827630e-06
2.270000e+02 5.670862e-06
2.280000e+02 5.291151e-06
2.290000e+02 5.817659e-06
2.300000e+02 5.148403e-06
2.310000e+02 5.175758e-06
2.320000e+02 4.638431e-06
2.330000e+02 4.700884e-06
2.340000e+02 5.014639e-06
2.350000e+02 4.801016e-06
2.360000e+02 4.783020e-06
2.370000e+02 4.750045e-06
2.380000e+02 4.256211e-06
2.390000e+02 4.169431e-06
2.400000e+02 4.279772e-06
2.410000e+02 4.631225e-06
2.420000e+02 5.045455e-06
2.430000e+02 5.168668e-06
2.440000e+02 4.569730e-06
2.450000e+02 4.873186e-06
2.460000e+02 4.975126e-06
2.470000e+02 4.844096e-06
2.480000e+02 4.729198e-06
2.490000e+02 4.819594e-06
2.500000e+02 4.859782e-06
2.510000e+02 4.644389e-06
2.520000e+02 4.827776e-06
2.530000e+02 4.705471e-06
2.540000e+02 4.246239e-06
2.550000e+02 4.283763e-06
2.560000e+02 3.956303e-06
2.570000e+02 3.906584e-06
2.580000e+02 4.044971e-06
2.590000e+02 4.114145e-06
2.600000e+02 3.342995e-06
2.610000e+02 3.162452e-06
2.620000e+02 3.488697e-06
2.630000e+02 3.424426e-06
2.640000e+02 3.281029e-06
2.650000e+02 3.553899e-06
2.660000e+02 3.339194e-06
2.670000e+02 2.360064e-06
2.680000e+02 2.157757e-06
2.690000e+02 2.379726e-06
2.700000e+02 2.478170e-06
2.710000e+02 2.795763e-06
2.720000e+02 2.853139e-06
2.730000e+02 2.415170e-06
2.740000e+02 2.598641e-06
2.750000e+02 2.410727e-06
2.760000e+02 2.191727e-06
2.770000e+02 2.016651e-06
2.780000e+02 1.949252e-06
2.790000e+02 2.141080e-06
2.800000e+02 1.407587e-06
2.810000e+02 1.436440e-06
2.820000e+02 1.418452e-06
2.830000e+02 1.270486e-06
2.840000e+02 1.748830e-06
2.850000e+02 1.749743e-06
2.860000e+02 1.445196e-06
2.870000e+02 1.343041e-06
2.880000e+02 1.423806e-06
2.890000e+02 1.319351e-06
2.900000e+02 1.255323e-06
2.910000e+02 1.040902e-06
2.920000e+02 1.108276e-06
2.930000e+02 1.108779e-06
2.940000e+02 1.110315e-06
2.950000e+02 1.105157e-06
2.960000e+02 1.077270e-06
2.970000e+02 1.068562e-06
2.980000e+02 1.076995e-06
2.990000e+02 1.087069e-06
3.000000e+02 1.069394e-06
3.010000e+02 1.051052e-06
3.020000e+02 1.053289e-06
3.030000e+02 1.081151e-06
3.040000e+02 1.027635e-06
3.050000e+02 1.029846e-06
3.060000e+02 1.055541e-06
3.070000e+02 1.027518e-06
3.080000e+02 1.005642e-06
3.090000e+02 1.067664e-06
3.100000e+02 1.061761e-06
3.110000e+02 1.070266e-06
3.120000e+02 1.045191e-06
3.130000e+02 1.068709e-06
3.140000e+02 9.890203e-07
3.150000e+02 9.654059e-07
3.160000e+02 8.968585e-07
3.170000e+02 9.044223e-07
3.180000e+02 8.094807e-07
3.190000e+02 8.172259e-07
3.200000e+02 7.706488e-07
3.210000e+02 8.989715e-07
3.220000e+02 8.292359e-07
3.230000e+02 7.504162e-07
3.240000e+02 7.695213e-07
3.250000e+02 7.044894e-07
3.260000e+02 7.031833e-07
3.270000e+02 7.551689e-07
3.280000e+02 7.554279e-07
3.290000e+02 7.515104e-07
3.300000e+02 7.483601e-07
3.310000e+02 6.876524e-07
3.320000e+02 7.142930e-07
3.330000e+02 7.352827e-07
3.340000e+02 7.076961e-07
3.350000e+02 6.925854e-07
3.360000e+02 6.903909e-07
3.370000e+02 6.732519e-07
3.380000e+02 6.743000e-07
3.390000e+02 6.658944e-07
3.400000e+02 6.583875e-07
3.410000e+02 6.077435e-07
3.420000e+02 6.205980e-07
3.430000e+02 6.039448e-07
3.440000e+02 6.210774e-07
3.450000e+02 6.447803e-07
3.460000e+02 5.749186e-07
3.470000e+02 5.928192e-07
3.480000e+02 6.053223e-07
3.490000e+02 6.067101e-07
3.500000e+02 6.071625e-07
3.510000e+02 6.023271e-07
3.520000e+02 1.417358e-06
3.530000e+02 8.460826e-07
3.540000e+02 1.144524e-06
3.550000e+02 1.032036e-06
3.560000e+02 1.007431e-06
3.570000e+02 1.074762e-06
3.580000e+02 9.704825e-07
3.590000e+02 1.045736e-06
3.600000e+02 1.030314e-06
3.610000e+02 1.032895e-06
3.620000e+02 1.047826e-06
3.630000e+02 1.024589e-06
3.640000e+02 1.041871e-06
3.650000e+02 7.665941e-07
3.660000e+02 1.518590e-07
3.670000e+02 9.047092e-08
3.680000e+02 1.196569e-06
3.690000e+02 1.030257e-06
3.700000e+02 7.572306e-07
3.710000e+02 1.450363e-07
3.720000e+02 8.619262e-08
3.730000e+02 1.430065e-07
3.740000e+02 8.318404e-07
3.750000e+02 5.797915e-07
3.760000e+02 9.593091e-07
3.770000e+02 7.025287e-07
3.780000e+02 4.947330e-07
3.790000e+02 9.484684e-07
3.800000e+02 7.037468e-07
3.810000e+02 5.263041e-07
3.820000e+02 1.084067e-07
3.830000e+02 5.577871e-08
3.840000e+02 4.626118e-07
3.850000e+02 1.072859e-07
3.860000e+02 6.472907e-07
3.870000e+02 4.428992e-07
3.880000e+02 3.381719e-07
3.890000e+02 1.023302e-07
3.900000e+02 6.126923e-07
3.910000e+02 4.071927e-07
3.920000e+02 3.098856e-07
3.930000e+02 8.922136e-08
3.940000e+02 4.256860e-08
3.950000e+02 3.583502e-07
3.960000e+02 2.954818e-07
3.970000e+02 8.740753e-08
3.980000e+02 4.192898e-08
3.990000e+02 3.424884e-07
4.000000e+02 3.001149e-07
4.010000e+02 2.476332e-07
4.020000e+02 1.204597e-07
4.030000e+02 4.671895e-08
4.040000e+02 3.622576e-07
4.050000e+02 2.816984e-07
4.060000e+02 2.226561e-07
4.070000e+02 1.942996e-07
4.080000e+02 1.200211e-07
4.090000e+02 5.013439e-08
4.100000e+02 3.426465e-07
4.110000e+02 2.527945e-07
4.120000e+02 1.892326e-07
4.130000e+02 1.661300e-07
4.140000e+02 9.289609e-08
4.150000e+02 4.495722e-08
4.160000e+02 3.033178e-07
4.170000e+02 2.237471e-07
4.180000e+02 1.650553e-07
4.190000e+02 1.421603e-07
4.200000e+02 1.310328e-07
4.210000e+02 8.330594e-08
4.220000e+02 4.557052e-08
4.230000e+02 2.542200e-08
4.240000e+02 1.912428e-07
4.250000e+02 1.547477e-07
4.260000e+02 1.341907e-07
4.270000e+02 1.243983e-07
4.280000e+02 1.122384e-07
4.290000e+02 1.070512e-07
4.300000e+02 1.161882e-07
4.310000e+02 7.994506e-08
4.320000e+02 2.819383e-08
4.330000e+02 2.254027e-08
4.340000e+02 1.701571e-07
4.350000e+02 1.441780e-07
4.360000e+02 1.159989e-07
4.370000e+02 1.242015e-07
4.380000e+02 1.111330e-07
4.390000e+02 9.946883e-08
4.400000e+02 9.321933e-08
4.410000e+02 1.049524e-07
4.420000e+02 4.417659e-08
4.430000e+02 2.069754e-08
4.440000e+02 1.621825e-07
4.450000e+02 1.320386e-07
4.460000e+02 1.086242e-07
4.470000e+02 9.274818e-08
4.480000e+02 8.406066e-08
4.490000e+02 8.389853e-08
4.500000e+02 8.678547e-08
4.510000e+02 8.310366e-08
4.520000e+02 7.559814e-08
4.530000e+02 7.520565e-08
4.540000e+02 7.092049e-08
4.550000e+02 1.180277e-07
4.560000e+02 5.181690e-08
4.570000e+02 2.675217e-08
4.580000e+02 1.864770e-07
4.590000e+02 1.338710e-07
4.600000e+02 9.356195e-08
4.610000e+02 7.460571e-08
4.620000e+02 7.835248e-08
4.630000e+02 6.667896e-08
4.640000e+02 6.023335e-08
4.650000e+02 6.076146e-08
4.660000e+02 5.523599e-08
4.670000e+02 5.963134e-08
4.680000e+02 6.131819e-08
4.690000e+02 6.328904e-08
4.700000e+02 5.641329e-08
4.710000e+02 5.417547e-08
4.720000e+02 5.315083e-08
4.730000e+02 4.898659e-08
4.740000e+02 4.972986e-08
4.750000e+02 2.220514e-07
4.760000e+02 1.402832e-07
4.770000e+02 5.948033e-08
4.780000e+02 1.600694e-08
4.790000e+02 1.182957e-07
4.800000e+02 8.527638e-08
4.810000e+02 6.513464e-08
4.820000e+02 5.502347e-08
4.830000e+02 6.206185e-08
4.840000e+02 4.836883e-08
4.850000e+02 6.914575e-08
4.860000e+02 5.523285e-08
4.870000e+02 4.656750e-08
4.880000e+02 4.437677e-08
4.890000e+02 4.704643e-08
4.900000e+02 4.280093e-08
4.910000e+02 4.125982e-08
4.920000e+02 4.488457e-08
4.930000e+02 4.272375e-08
4.940000e+02 4.353416e-08
4.950000e+02 4.365226e-08
4.960000e+02 3.957997e-08
4.970000e+02 3.857309e-08
4.980000e+02 4.245342e-08
4.990000e+02 4.702826e-08
5.000000e+02 3.912693e-08
5.010000e+02 3.898440e-08
5.020000e+02 3.655842e-08
5.030000e+02 5.082480e-08
5.040000e+02 5.175599e-08
5.050000e+02 3.708081e-08
5.060000e+02 3.080887e-07
5.070000e+02 1.778104e-07
5.080000e+02 8.262985e-08
5.090000e+02 2.837047e-08
5.100000e+02 1.057368e-07
5.110000e+02 7.607039e-08
5.120000e+02 5.042010e-08
5.130000e+02 4.266559e-08
5.140000e+02 3.593999e-08
5.150000e+02 3.847938e-08
5.160000e+02 3.729597e-08
5.170000e+02 3.869408e-08
5.180000e+02 3.158646e-08
5.190000e+02 3.170969e-08
5.200000e+02 3.148931e-08
5.210000e+02 2.745490e-08
5.220000e+02 2.975003e-08
5.230000e+02 3.270685e-08
5.240000e+02 3.853039e-08
5.250000e+02 3.097261e-08
5.260000e+02 3.384149e-08
5.270000e+02 4.145837e-08
5.280000e+02 2.925464e-08
5.290000e+02 2.716393e-08
5.300000e+02 2.640292e-08
5.310000e+02 3.833481e-08
5.320000e+02 2.756953e-08
5.330000e+02 4.798011e-08
5.340000e+02 3.561230e-08
5.350000e+02 2.612775e-08
5.360000e+02 2.458588e-08
5.370000e+02 2.808234e-08
5.380000e+02 2.461771e-08
5.390000e+02 2.221287e-08
5.400000e+02 2.562039e-08
5.410000e+02 2.414260e-08
5.420000e+02 2.179029e-08
5.430000e+02 2.625770e-08
5.440000e+02 2.357440e-08
5.450000e+02 2.306787e-08
5.460000e+02 2.800247e-08
5.470000e+02 3.325738e-08
5.480000e+02 2.564026e-08
5.490000e+02 2.680957e-08
5.500000e+02 2.299697e-08
5.510000e+02 3.626739e-08
5.520000e+02 3.917961e-08
5.530000e+02 2.400276e-08
5.540000e+02 2.852547e-08
5.550000e+02 3.232816e-08
5.560000e+02 2.726408e-08
5.570000e+02 2.284112e-08
5.580000e+02 3.254776e-08
5.590000e+02 2.917891e-08
5.600000e+02 2.227594e-08
5.610000e+02 7.102609e-08
5.620000e+02 3.868629e-08
5.630000e+02 1.522372e-08
5.640000e+02 9.958172e-08
5.650000e+02 6.834795e-08
5.660000e+02 3.933112e-08
5.670000e+02 3.326602e-08
5.680000e+02 2.881999e-08
5.690000e+02 2.112284e-08
5.700000e+02 2.364044e-08
5.710000e+02 2.649286e-08
5.720000e+02 3.092222e-08
5.730000e+02 2.392798e-08
5.740000e+02 2.538949e-08
5.750000e+02 3.438692e-08
5.760000e+02 2.110854e-08
5.770000e+02 2.141834e-08
5.780000e+02 1.911919e-08
5.790000e+02 3.134929e-08
5.800000e+02 2.022430e-08
5.810000e+02 4.081344e-08
5.820000e+02 2.976880e-08
5.830000e+02 2.131694e-08
5.840000e+02 1.898147e-08
5.850000e+02 2.250771e-08
5.860000e+02 1.953828e-08
5.870000e+02 1.735258e-08
5.880000e+02 2.049522e-08
5.890000e+02 1.863075e-08
5.900000e+02 1.573487e-09
5.910000e+02 2.052475e-08
5.920000e+02 1.655287e-08
5.930000e+02 1.882174e-08
5.940000e+02 2.296336e-08
5.950000e+02 2.806000e-08
5.960000e+02 2.100707e-08
5.970000e+02 1.845253e-08
5.980000e+02 1.894960e-08
5.990000e+02 3.167759e-08
6.000000e+02 3.401964e-08
6.010000e+02 1.822814e-08
6.020000e+02 3.501638e-08
6.030000e+02 2.399777e-08
6.040000e+02 1.556140e-08
6.050000e+02 2.340922e-08
6.060000e+02 2.823350e-08
6.070000e+02 2.569612e-08
6.080000e+02 1.901377e-08
6.090000e+02 2.070173e-08
6.100000e+02 1.738350e-08
6.110000e+02 1.862596e-08
6.120000e+02 2.024638e-08
6.130000e+02 3.278234e-08
6.140000e+02 6.807125e-08
6.150000e+02 1.775144e-08
6.160000e+02 1.670360e-08
6.170000e+02 2.768826e-08
6.180000e+02 1.765376e-08
6.190000e+02 1.824239e-08
6.200000e+02 1.928271e-08
6.210000e+02 1.687116e-08
6.220000e+02 3.155082e-08
6.230000e+02 2.894569e-08
6.240000e+02 1.745476e-08
6.250000e+02 1.700838e-08
6.260000e+02 1.420154e-08
6.270000e+02 1.916648e-08
6.280000e+02 1.557781e-08
6.290000e+02 3.859116e-08
6.300000e+02 2.591127e-08
6.310000e+02 1.724509e-08
6.320000e+02 1.439053e-08
6.330000e+02 1.807704e-08
6.340000e+02 1.663589e-08
6.350000e+02 1.395080e-08
6.360000e+02 1.658888e-08
6.370000e+02 1.553366e-08
6.380000e+02 4.616903e-08
6.390000e+02 1.661381e-08
6.400000e+02 1.807793e-08
6.410000e+02 1.671842e-08
6.420000e+02 2.214261e-08
6.430000e+02 2.446888e-08
6.440000e+02 1.860014e-08
6.450000e+02 1.321418e-07
6.460000e+02 4.593571e-08
6.470000e+02 1.980410e-07
6.480000e+02 1.199462e-07
6.490000e+02 6.198419e-08
6.500000e+02 5.384901e-08
6.510000e+02 3.504437e-08
6.520000e+02 2.103024e-08
6.530000e+02 2.338350e-08
6.540000e+02 6.306117e-08
6.550000e+02 2.416991e-08
6.560000e+02 1.828909e-08
6.570000e+02 1.974900e-08
6.580000e+02 1.629473e-08
6.590000e+02 1.691527e-08
6.600000e+02 1.979299e-08
6.610000e+02 3.134987e-08
6.620000e+02 1.856563e-08
6.630000e+02 1.504892e-08
6.640000e+02 2.325946e-08
6.650000e+02 3.551933e-08
6.660000e+02 1.393427e-08
6.670000e+02 1.749340e-08
6.680000e+02 1.531946e-08
6.690000e+02 1.449896e-08
6.700000e+02 6.529432e-08
6.710000e+02 3.911941e-08
6.720000e+02 2.695439e-08
6.730000e+02 1.848723e-08
6.740000e+02 1.466761e-08
6.750000e+02 1.577932e-08
6.760000e+02 1.685031e-08
6.770000e+02 2.346789e-08
6.780000e+02 1.532396e-08
6.790000e+02 1.466571e-08
6.800000e+02 1.295168e-08
6.810000e+02 2.533176e-08
6.820000e+02 2.669774e-08
6.830000e+02 2.671033e-08
6.840000e+02 1.641737e-08
6.850000e+02 1.401887e-08
6.860000e+02 3.135959e-08
6.870000e+02 1.534598e-08
6.880000e+02 9.948167e-10
6.890000e+02 1.482311e-08
6.900000e+02 1.939636e-08
6.910000e+02 1.811967e-08
6.920000e+02 1.390927e-08
6.930000e+02 1.615769e-08
6.940000e+02 1.312500e-08
6.950000e+02 1.284531e-08
6.960000e+02 3.662476e-08
6.970000e+02 1.344668e-09
6.980000e+02 1.270961e-08
6.990000e+02 1.491218e-08
7.000000e+02 1.346016e-08
7.010000e+02 1.338431e-08
7.020000e+02 1.961739e-08
7.030000e+02 2.195628e-08
7.040000e+02 1.088113e-08
7.050000e+02 1.488692e-08
7.060000e+02 1.782735e-08
7.070000e+02 2.927851e-08
7.080000e+02 1.488436e-08
7.090000e+02 2.137907e-08
7.100000e+02 1.267584e-08
7.110000e+02 1.856668e-08
7.120000e+02 1.509527e-08
7.130000e+02 1.088529e-09
7.140000e+02 1.223765e-08
7.150000e+02 1.517668e-08
7.160000e+02 1.872097e-08
7.170000e+02 2.915096e-08
7.180000e+02 3.431836e-08
7.190000e+02 2.193675e-08
7.200000e+02 1.464957e-08
7.210000e+02 1.382928e-08
7.220000e+02 1.431388e-08
7.230000e+02 2.315890e-08
7.240000e+02 1.421957e-08
7.250000e+02 2.025972e-08
7.260000e+02 1.206602e-08
7.270000e+02 1.272132e-08
7.280000e+02 1.149141e-08
7.290000e+02 1.333537e-08
7.300000e+02 1.529173e-08
7.310000e+02 1.583738e-08
7.320000e+02 1.553528e-08
7.330000e+02 2.172540e-08
7.340000e+02 2.857649e-08
7.350000e+02 2.191113e-08
7.360000e+02 1.044256e-09
7.370000e+02 1.538186e-08
7.380000e+02 1.537465e-08
7.390000e+02 2.088331e-08
7.400000e+02 1.146325e-08
7.410000e+02 1.712754e-08
7.420000e+02 1.275718e-08
7.430000e+02 1.710909e-08
7.440000e+02 2.184078e-08
7.450000e+02 1.024383e-08
7.460000e+02 3.653936e-08
7.470000e+02 1.551981e-08
7.480000e+02 1.578147e-08
7.490000e+02 1.137585e-08
7.500000e+02 2.157043e-08
7.510000e+02 2.433171e-08
7.520000e+02 1.271696e-08
7.530000e+02 1.138618e-08
7.540000e+02 1.307620e-08
7.550000e+02 1.544791e-08
7.560000e+02 1.296930e-08
7.570000e+02 1.625106e-08
7.580000e+02 2.921950e-08
7.590000e+02 1.955630e-08
7.600000e+02 4.096325e-08
7.610000e+02 1.317283e-08
7.620000e+02 1.559543e-08
7.630000e+02 1.712832e-08
7.640000e+02 1.885858e-08
7.650000e+02 1.157886e-08
7.660000e+02 1.745491e-08
7.670000e+02 2.345969e-08
7.680000e+02 1.627337e-08
7.690000e+02 1.124212e-07
7.700000e+02 4.472640e-08
7.710000e+02 1.954218e-08
7.720000e+02 9.797540e-08
7.730000e+02 6.098160e-08
7.740000e+02 3.674362e-08
7.750000e+02 2.472002e-08
7.760000e+02 1.747981e-08
7.770000e+02 2.441760e-08
7.780000e+02 1.497862e-08
7.790000e+02 1.312542e-08
7.800000e+02 1.944620e-08
7.810000e+02 1.229240e-08
7.820000e+02 1.738884e-08
7.830000e+02 1.885768e-08
7.840000e+02 1.842046e-08
7.850000e+02 1.229352e-08
7.860000e+02 1.847324e-08
7.870000e+02 2.359101e-08
7.880000e+02 1.646582e-08
7.890000e+02 1.361699e-08
7.900000e+02 1.224770e-08
7.910000e+02 2.244691e-08
7.920000e+02 1.589455e-08
7.930000e+02 1.066613e-08
7.940000e+02 3.462726e-08
7.950000e+02 2.354370e-08
7.960000e+02 2.851074e-08
7.970000e+02 2.498536e-08
7.980000e+02 3.317828e-08
7.990000e+02 2.223108e-08
8.000000e+02 1.399366e-08
8.010000e+02 1.587912e-08
8.020000e+02 1.148032e-08
8.030000e+02 1.462981e-08
8.040000e+02 1.280525e-08
8.050000e+02 1.722907e-08
8.060000e+02 1.032997e-08
8.070000e+02 1.328012e-08
8.080000e+02 2.952535e-08
8.090000e+02 9.082050e-09
8.100000e+02 1.068434e-08
8.110000e+02 1.493832e-08
8.120000e+02 1.714150e-08
8.130000e+02 2.323998e-08
8.140000e+02 1.807070e-08
8.150000e+02 2.499977e-08
8.160000e+02 3.708941e-08
8.170000e+02 1.287074e-08
8.180000e+02 9.305736e-09
8.190000e+02 1.903432e-08
8.200000e+02 1.611837e-08
8.210000e+02 2.117236e-08
8.220000e+02 2.973917e-08
8.230000e+02 1.259399e-08
8.240000e+02 1.728954e-08
8.250000e+02 2.522793e-08
8.260000e+02 1.234085e-08
8.270000e+02 1.410817e-08
8.280000e+02 1.194907e-08
8.290000e+02 9.045759e-09
8.300000e+02 1.347848e-08
8.310000e+02 1.399710e-08
8.320000e+02 1.108532e-08
8.330000e+02 1.077223e-08
8.340000e+02 1.340324e-08
8.350000e+02 1.529193e-08
8.360000e+02 1.035167e-08
8.370000e+02 1.673377e-08
8.380000e+02 8.453672e-09
8.390000e+02 1.579853e-08
8.400000e+02 1.402605e-08
8.410000e+02 9.076475e-09
8.420000e+02 1.005691e-08
8.430000e+02 2.561102e-08
8.440000e+02 1.317528e-08
8.450000e+02 1.616323e-08
8.460000e+02 1.771437e-08
8.470000e+02 1.904994e-08
8.480000e+02 6.851871e-10
8.490000e+02 1.175802e-08
8.500000e+02 1.670648e-08
8.510000e+02 2.692532e-08
8.520000e+02 1.214394e-08
8.530000e+02 1.806341e-08
8.540000e+02 8.425420e-09
8.550000e+02 1.032993e-08
8.560000e+02 1.629153e-08
8.570000e+02 1.035771e-08
8.580000e+02 1.455286e-08
8.590000e+02 1.216093e-08
8.600000e+02 1.545915e-08
8.610000e+02 2.957499e-08
8.620000e+02 4.031713e-08
8.630000e+02 2.125308e-08
8.640000e+02 1.823126e-08
8.650000e+02 1.066806e-08
8.660000e+02 9.436951e-09
8.670000e+02 2.962861e-08
8.680000e+02 8.955982e-09
8.690000e+02 1.347411e-08
8.700000e+02 1.155405e-08
8.710000e+02 2.317401e-08
8.720000e+02 2.659373e-08
8.730000e+02 2.988611e-08
8.740000e+02 1.196147e-08
8.750000e+02 7.092292e-09
8.760000e+02 1.567399e-08
8.770000e+02 1.002124e-08
8.780000e+02 1.470729e-08
8.790000e+02 1.703442e-08
8.800000e+02 8.055132e-09
8.810000e+02 1.047298e-08
8.820000e+02 1.351645e-08
8.830000e+02 1.543940e-08
8.840000e+02 3.793181e-08
8.850000e+02 1.546360e-08
8.860000e+02 1.065051e-08
8.870000e+02 2.520955e-08
8.880000e+02 2.731296e-08
8.890000e+02 1.312348e-08
8.900000e+02 2.080616e-08
8.910000e+02 1.522407e-08
8.920000e+02 5.548269e-08
8.930000e+02 2.146238e-08
8.940000e+02 2.251407e-08
8.950000e+02 1.893279e-08
8.960000e+02 9.311754e-09
8.970000e+02 1.291524e-08
8.980000e+02 8.697100e-09
8.990000e+02 1.699995e-08
9.000000e+02 2.589461e-08
9.010000e+02 2.804155e-08
9.020000e+02 1.157002e-08
9.030000e+02 1.738328e-08
9.040000e+02 1.124147e-08
9.050000e+02 6.610111e-09
9.060000e+02 8.902057e-09
9.070000e+02 1.262447e-08
9.080000e+02 8.727611e-09
9.090000e+02 1.466331e-08
9.100000e+02 1.666048e-08
9.110000e+02 3.720501e-08
9.120000e+02 2.179697e-08
9.130000e+02 1.484825e-08
9.140000e+02 9.438079e-09
9.150000e+02 1.363306e-09
9.160000e+02 1.392940e-09
9.170000e+02 1.864729e-08
9.180000e+02 1.207530e-09
9.190000e+02 8.128107e-09
9.200000e+02 3.724806e-08
9.210000e+02 1.020475e-08
9.220000e+02 2.381656e-08
9.230000e+02 2.286668e-08
9.240000e+02 1.114421e-08
9.250000e+02 8.845447e-09
9.260000e+02 1.132118e-08
9.270000e+02 1.426647e-09
9.280000e+02 8.215144e-09
9.290000e+02 1.078515e-08
9.300000e+02 1.390777e-08
9.310000e+02 1.391619e-08
9.320000e+02 9.470353e-09
9.330000e+02 5.676209e-08
9.340000e+02 7.381840e-09
9.350000e+02 4.219033e-08
9.360000e+02 1.255337e-08
9.370000e+02 7.980766e-09
9.380000e+02 1.168035e-08
9.390000e+02 3.593902e-08
9.400000e+02 2.115883e-08
9.410000e+02 2.892201e-08
9.420000e+02 1.756188e-08
9.430000e+02 1.692461e-08
9.440000e+02 9.393676e-09
9.450000e+02 1.068344e-08
9.460000e+02 1.657861e-08
9.470000e+02 2.600197e-08
9.480000e+02 1.222318e-08
9.490000e+02 1.693772e-08
9.500000e+02 8.713256e-09
9.510000e+02 1.128401e-08
9.520000e+02 2.461146e-08
9.530000e+02 9.212402e-09
9.540000e+02 9.294341e-09
9.550000e+02 1.150812e-08
9.560000e+02 1.445461e-08
9.570000e+02 2.905871e-08
9.580000e+02 3.993917e-08
9.590000e+02 2.034830e-08
9.600000e+02 2.149875e-08
9.610000e+02 9.790974e-09
9.620000e+02 8.367140e-09
9.630000e+02 2.654287e-09
9.640000e+02 9.161220e-09
9.650000e+02 1.734024e-08
9.660000e+02 1.053467e-08
9.670000e+02 2.259037e-08
9.680000e+02 2.517675e-08
9.690000e+02 2.582001e-08
9.700000e+02 1.215707e-08
9.710000e+02 9.417293e-09
9.720000e+02 2.346845e-08
9.730000e+02 7.928727e-09
9.740000e+02 1.516748e-08
9.750000e+02 2.515818e-09
9.760000e+02 8.520163e-09
9.770000e+02 8.557082e-09
9.780000e+02 1.863245e-08
9.790000e+02 3.222660e-08
9.800000e+02 1.140577e-08
9.810000e+02 8.210322e-08
9.820000e+02 2.934806e-08
9.830000e+02 1.845177e-08
9.840000e+02 9.049990e-08
9.850000e+02 5.413852e-08
9.860000e+02 3.036398e-08
9.870000e+02 2.344920e-08
9.880000e+02 1.835660e-08
9.890000e+02 1.658068e-09
9.900000e+02 2.098178e-08
9.910000e+02 2.030706e-08
9.920000e+02 1.566198e-08
9.930000e+02 1.154563e-08
9.940000e+02 1.309099e-08
9.950000e+02 2.329654e-08
9.960000e+02 1.333628e-08
9.970000e+02 1.810852e-08
9.980000e+02 2.040240e-08
9.990000e+02 9.295532e-09
1.000000e+03 1.345940e-08
1.001000e+03 7.459563e-09
1.002000e+03 4.065402e-08
1.003000e+03 2.455139e-08
1.004000e+03 1.774406e-08
1.005000e+03 4.388390e-08
1.006000e+03 1.716794e-08
1.007000e+03 1.906421e-08
1.008000e+03 1.217844e-08
1.009000e+03 1.396686e-08
1.010000e+03 6.995489e-09
1.011000e+03 1.995113e-08
1.012000e+03 1.321447e-08
1.013000e+03 4.261936e-08
1.014000e+03 2.928768e-08
1.015000e+03 1.241374e-08
1.016000e+03 7.289391e-09
1.017000e+03 1.084348e-08
1.018000e+03 7.231870e-09
1.019000e+03 1.001499e-08
1.020000e+03 1.123264e-08
1.021000e+03 8.445979e-09
1.022000e+03 1.260620e-08
1.023000e+03 3.483102e-08
1.024000e+03 2.114707e-08
1.025000e+03 1.249258e-08
1.026000e+03 1.083708e-08
1.027000e+03 1.719678e-08
1.028000e+03 6.659173e-09
1.029000e+03 1.609122e-08
1.030000e+03 9.134091e-09
1.031000e+03 2.238793e-08
1.032000e+03 1.134897e-08
1.033000e+03 7.325820e-09
1.034000e+03 2.561517e-08
1.035000e+03 2.615335e-08
1.036000e+03 1.157485e-08
1.037000e+03 1.546878e-08
1.038000e+03 1.768323e-08
1.039000e+03 1.349351e-08
1.040000e+03 2.453926e-08
1.041000e+03 9.329847e-09
1.042000e+03 1.044420e-08
1.043000e+03 9.711947e-09
1.044000e+03 1.440309e-08
1.045000e+03 1.285541e-08
1.046000e+03 8.756939e-09
1.047000e+03 6.455990e-09
1.048000e+03 1.113889e-08
1.049000e+03 5.490275e-09
1.050000e+03 7.950339e-09
1.051000e+03 8.374509e-09
1.052000e+03 1.107932e-08
1.053000e+03 6.893749e-09
1.054000e+03 1.388703e-08
1.055000e+03 2.876718e-08
1.056000e+03 8.953081e-09
1.057000e+03 9.807262e-09
1.058000e+03 2.004629e-08
1.059000e+03 2.666646e-08
1.060000e+03 1.174483e-08
1.061000e+03 2.429960e-08
1.062000e+03 1.361002e-08
1.063000e+03 3.530404e-08
1.064000e+03 1.606335e-08
1.065000e+03 1.144260e-08
1.066000e+03 8.124545e-09
1.067000e+03 6.529331e-09
1.068000e+03 1.627445e-09
1.069000e+03 2.865563e-08
1.070000e+03 3.544071e-08
1.071000e+03 1.596003e-08
1.072000e+03 2.226808e-08
1.073000e+03 7.252357e-09
1.074000e+03 2.537603e-08
1.075000e+03 1.811827e-08
1.076000e+03 8.864721e-09
1.077000e+03 1.236566e-08
1.078000e+03 7.163291e-09
1.079000e+03 2.446209e-08
1.080000e+03 2.567807e-08
1.081000e+03 1.202337e-08
1.082000e+03 1.493277e-08
1.083000e+03 5.402584e-08
1.084000e+03 1.648398e-08
1.085000e+03 1.967462e-08
1.086000e+03 1.911334e-08
1.087000e+03 1.817284e-08
1.088000e+03 4.298175e-08
1.089000e+03 8.378340e-09
1.090000e+03 1.741800e-08
1.091000e+03 2.758327e-08
1.092000e+03 1.083041e-08
1.093000e+03 1.643923e-08
1.094000e+03 2.213811e-08
1.095000e+03 8.773212e-09
1.096000e+03 1.120697e-08
1.097000e+03 5.665068e-09
1.098000e+03 7.002231e-09
1.099000e+03 8.461055e-09
1.100000e+03 1.403556e-08
1.101000e+03 1.051768e-08
1.102000e+03 1.298711e-08
1.103000e+03 1.962749e-08
1.104000e+03 8.494457e-09
1.105000e+03 8.949300e-09
1.106000e+03 7.073682e-09
1.107000e+03 1.480015e-08
1.108000e+03 2.128638e-08
1.109000e+03 2.296148e-08
1.110000e+03 7.613159e-09
1.111000e+03 6.179299e-09
1.112000e+03 7.883842e-09
1.113000e+03 1.022984e-08
1.114000e+03 2.538704e-08
1.115000e+03 2.016073e-08
1.116000e+03 1.226379e-08
1.117000e+03 6.801349e-09
1.118000e+03 1.313210e-08
1.119000e+03 1.508081e-08
1.120000e+03 6.736674e-09
1.121000e+03 1.050575e-08
1.122000e+03 1.226387e-08
1.123000e+03 1.666224e-08
1.124000e+03 1.226560e-08
1.125000e+03 1.924961e-08
1.126000e+03 1.111944e-08
1.127000e+03 8.851791e-09
1.128000e+03 1.091373e-08
1.129000e+03 6.066887e-09
1.130000e+03 7.350589e-09
1.131000e+03 2.060156e-08
1.132000e+03 4.325333e-08
1.133000e+03 2.465198e-08
1.134000e+03 1.827164e-08
1.135000e+03 3.586353e-08
1.136000e+03 2.086687e-08
1.137000e+03 1.221942e-08
1.138000e+03 6.935984e-09
1.139000e+03 3.521578e-08
1.140000e+03 2.967681e-08
1.141000e+03 1.467991e-08
1.142000e+03 7.997401e-09
1.143000e+03 5.354485e-09
1.144000e+03 9.614561e-09
1.145000e+03 5.126458e-09
1.146000e+03 2.301860e-08
1.147000e+03 2.637334e-08
1.148000e+03 1.425170e-08
1.149000e+03 1.169946e-08
1.150000e+03 1.383725e-08
1.151000e+03 1.775285e-08
1.152000e+03 7.812672e-09
1.153000e+03 8.134774e-09
1.154000e+03 6.650447e-09
1.155000e+03 3.807549e-08
1.156000e+03 1.359899e-08
1.157000e+03 5.398783e-08
1.158000e+03 8.568791e-09
1.159000e+03 1.164747e-08
1.160000e+03 7.177633e-09
1.161000e+03 9.559151e-09
1.162000e+03 4.726651e-09
1.163000e+03 5.504481e-09
1.164000e+03 3.618261e-08
1.165000e+03 1.131683e-08
1.166000e+03 8.922637e-09
1.167000e+03 1.469788e-08
1.168000e+03 6.709773e-09
1.169000e+03 8.831392e-09
1.170000e+03 3.231362e-08
1.171000e+03 6.987072e-08
1.172000e+03 2.306722e-08
1.173000e+03 1.079561e-08
1.174000e+03 8.332829e-09
1.175000e+03 9.293364e-09
1.176000e+03 3.691951e-08
1.177000e+03 6.678070e-09
1.178000e+03 1.880276e-08
1.179000e+03 2.372401e-08
1.180000e+03 2.212956e-08
1.181000e+03 8.167663e-09
1.182000e+03 1.723454e-08
1.183000e+03 2.019874e-08
1.184000e+03 1.016159e-08
1.185000e+03 1.071497e-08
1.186000e+03 6.420238e-09
1.187000e+03 6.114319e-08
1.188000e+03 8.801151e-10
1.189000e+03 1.125785e-08
1.190000e+03 1.559955e-08
1.191000e+03 1.223445e-08
1.192000e+03 1.418934e-08
1.193000e+03 6.804342e-09
1.194000e+03 8.051848e-09
1.195000e+03 1.025670e-08
1.196000e+03 1.170246e-08
1.197000e+03 7.881076e-09
1.198000e+03 1.655880e-08
1.199000e+03 2.949605e-08
1.200000e+03 1.872369e-08
1.201000e+03 2.158019e-08
1.202000e+03 8.436712e-09
1.203000e+03 1.787605e-08
1.204000e+03 8.294321e-09
1.205000e+03 1.801522e-08
1.206000e+03 2.053266e-08
1.207000e+03 8.454732e-09
1.208000e+03 9.209984e-10
1.209000e+03 8.347695e-09
1.210000e+03 5.947714e-09
1.211000e+03 5.459740e-09
1.212000e+03 1.265811e-08
1.213000e+03 6.652422e-09
1.214000e+03 9.361874e-09
1.215000e+03 1.538023e-08
1.216000e+03 5.906807e-09
1.217000e+03 8.455428e-09
1.218000e+03 1.430184e-08
1.219000e+03 1.485623e-08
1.220000e+03 6.134014e-09
1.221000e+03 1.313831e-08
1.222000e+03 5.785729e-09
1.223000e+03 8.213118e-09
1.224000e+03 1.231442e-08
1.225000e+03 6.916045e-09
1.226000e+03 3.271608e-08
1.227000e+03 2.088230e-08
1.228000e+03 1.842819e-08
1.229000e+03 5.527118e-08
1.230000e+03 1.781373e-08
1.231000e+03 1.286963e-08
1.232000e+03 1.920210e-08
1.233000e+03 1.035815e-08
1.234000e+03 6.725910e-09
1.235000e+03 1.454973e-09
1.236000e+03 1.198399e-08
1.237000e+03 1.578863e-08
1.238000e+03 8.886744e-09
1.239000e+03 3.915623e-08
1.240000e+03 9.122473e-09
1.241000e+03 4.331960e-09
1.242000e+03 6.349980e-09
1.243000e+03 1.178558e-08
1.244000e+03 1.381394e-08
1.245000e+03 9.297016e-09
1.246000e+03 1.432153e-08
1.247000e+03 3.760188e-08
1.248000e+03 2.164248e-08
1.249000e+03 1.245371e-08
1.250000e+03 8.365724e-09
1.251000e+03 2.282623e-08
1.252000e+03 1.270083e-08
1.253000e+03 1.869831e-08
1.254000e+03 1.122944e-08
1.255000e+03 1.212616e-08
1.256000e+03 1.065806e-08
1.257000e+03 8.434740e-09
1.258000e+03 2.304352e-08
1.259000e+03 2.226731e-08
1.260000e+03 1.007977e-08
1.261000e+03 6.608259e-09
1.262000e+03 1.064012e-08
1.263000e+03 1.343387e-08
1.264000e+03 6.001991e-09
1.265000e+03 6.934593e-09
1.266000e+03 1.033135e-08
1.267000e+03 1.232635e-08
1.268000e+03 7.104403e-09
1.269000e+03 1.074690e-08
1.270000e+03 4.982290e-09
1.271000e+03 1.190614e-08
1.272000e+03 1.150798e-08
1.273000e+03 6.193803e-09
1.274000e+03 1.054526e-08
1.275000e+03 8.202140e-10
1.276000e+03 2.780229e-08
1.277000e+03 2.492686e-08
1.278000e+03 1.625947e-08
1.279000e+03 1.812021e-08
1.280000e+03 5.305249e-09
1.281000e+03 8.823706e-09
1.282000e+03 1.384482e-08
1.283000e+03 2.441733e-08
1.284000e+03 1.158417e-08
1.285000e+03 1.487815e-08
1.286000e+03 1.285575e-08
1.287000e+03 7.443655e-09
1.288000e+03 8.357582e-09
1.289000e+03 7.536973e-09
1.290000e+03 6.917296e-09
1.291000e+03 8.965129e-09
1.292000e+03 1.772089e-08
1.293000e+03 2.424587e-08
1.294000e+03 8.644173e-08
1.295000e+03 2.383649e-08
1.296000e+03 9.814237e-09
1.297000e+03 7.596090e-09
1.298000e+03 1.012255e-08
1.299000e+03 1.682989e-08
1.300000e+03 8.358393e-10
1.301000e+03 2.048973e-08
1.302000e+03 8.894462e-09
1.303000e+03 2.232199e-08
1.304000e+03 2.492301e-08
1.305000e+03 2.104780e-08
1.306000e+03 1.011347e-08
1.307000e+03 7.553732e-09
1.308000e+03 1.130672e-09
1.309000e+03 5.722834e-09
1.310000e+03 1.357943e-08
1.311000e+03 3.049981e-08
1.312000e+03 5.708479e-09
1.313000e+03 6.646246e-09
1.314000e+03 1.735216e-08
1.315000e+03 3.106032e-08
1.316000e+03 9.078711e-09
1.317000e+03 1.401923e-08
1.318000e+03 5.853811e-09
1.319000e+03 2.375375e-08
1.320000e+03 1.114745e-08
1.321000e+03 5.240693e-09
1.322000e+03 2.189987e-08
1.323000e+03 1.075934e-08
1.324000e+03 3.732132e-08
1.325000e+03 7.361521e-09
1.326000e+03 1.544547e-08
1.327000e+03 1.587505e-08
1.328000e+03 6.118272e-09
1.329000e+03 8.807285e-09
1.330000e+03 9.092339e-09
1.331000e+03 3.651459e-08
1.332000e+03 8.292770e-10
1.333000e+03 1.303160e-08
1.334000e+03 1.211229e-08
1.335000e+03 6.257002e-09
1.336000e+03 1.102049e-08
1.337000e+03 5.169027e-09
1.338000e+03 4.805103e-09
1.339000e+03 8.535169e-09
1.340000e+03 3.048931e-08
1.341000e+03 2.031399e-08
1.342000e+03 2.229937e-08
1.343000e+03 1.786870e-08
1.344000e+03 2.943843e-08
1.345000e+03 7.522551e-09
1.346000e+03 4.585083e-09
1.347000e+03 1.848348e-08
1.348000e+03 2.439147e-08
1.349000e+03 1.652337e-08
1.350000e+03 7.767471e-09
1.351000e+03 6.904050e-09
1.352000e+03 1.215035e-08
1.353000e+03 8.209276e-09
1.354000e+03 6.338567e-09
1.355000e+03 6.156352e-09
1.356000e+03 2.392781e-08
1.357000e+03 6.163398e-09
1.358000e+03 1.186065e-08
1.359000e+03 2.337914e-08
1.360000e+03 9.795854e-09
1.361000e+03 9.099726e-09
1.362000e+03 2.163745e-08
1.363000e+03 1.874751e-08
1.364000e+03 6.390068e-09
1.365000e+03 2.339716e-08
1.366000e+03 9.819154e-09
1.367000e+03 7.250750e-09
1.368000e+03 1.197174e-08
1.369000e+03 1.966117e-08
1.370000e+03 1.259294e-08
1.371000e+03 1.255493e-08
1.372000e+03 9.566110e-09
1.373000e+03 1.253107e-08
1.374000e+03 1.591511e-08
1.375000e+03 1.281202e-08
1.376000e+03 1.445761e-08
1.377000e+03 6.957258e-09
1.378000e+03 8.321868e-09
1.379000e+03 7.917703e-09
1.380000e+03 1.209630e-08
1.381000e+03 1.384863e-08
1.382000e+03 7.568964e-09
1.383000e+03 4.753015e-09
1.384000e+03 9.541615e-09
1.385000e+03 3.874632e-09
1.386000e+03 8.391806e-09
1.387000e+03 7.127781e-09
1.388000e+03 9.845024e-09
1.389000e+03 5.558749e-09
1.390000e+03 1.256333e-08
1.391000e+03 4.090365e-08
1.392000e+03 7.323401e-09
1.393000e+03 8.147466e-09
1.394000e+03 1.914727e-08
1.395000e+03 2.632186e-08
1.396000e+03 1.194978e-08
1.397000e+03 2.579044e-08
1.398000e+03 8.436066e-09
1.399000e+03 7.811629e-09
1.400000e+03 2.511530e-08
1.401000e+03 1.027662e-08
1.402000e+03 6.402720e-09
1.403000e+03 5.184406e-09
1.404000e+03 1.430929e-08
1.405000e+03 7.935306e-09
1.406000e+03 2.241983e-08
1.407000e+03 2.299408e-08
1.408000e+03 5.155212e-09
1.409000e+03 7.667586e-09
1.410000e+03 1.181287e-08
1.411000e+03 1.828312e-08
1.412000e+03 7.130636e-09
1.413000e+03 1.246907e-08
1.414000e+03 4.823818e-09
1.415000e+03 2.419182e-08
1.416000e+03 2.649315e-08
1.417000e+03 9.627832e-09
1.418000e+03 1.366989e-08
1.419000e+03 7.969568e-08
1.420000e+03 7.820692e-09
1.421000e+03 2.317936e-08
1.422000e+03 1.814103e-08
1.423000e+03 1.615768e-08
1.424000e+03 1.085064e-08
1.425000e+03 7.456783e-09
1.426000e+03 1.663995e-08
1.427000e+03 2.618114e-08
1.428000e+03 9.414381e-09
1.429000e+03 1.541876e-08
1.430000e+03 3.293129e-08
1.431000e+03 7.754889e-09
1.432000e+03 9.818788e-09
1.433000e+03 4.452645e-09
1.434000e+03 5.454729e-09
1.435000e+03 7.093957e-09
1.436000e+03 1.279576e-08
1.437000e+03 6.304550e-09
1.438000e+03 1.174337e-08
1.439000e+03 2.228993e-08
1.440000e+03 7.149123e-09
1.441000e+03 7.458266e-09
1.442000e+03 5.551618e-09
1.443000e+03 1.279693e-08
1.444000e+03 2.598576e-08
1.445000e+03 2.620227e-08
1.446000e+03 7.054916e-09
1.447000e+03 7.912935e-09
1.448000e+03 6.857210e-09
1.449000e+03 9.002924e-09
1.450000e+03 2.442955e-08
1.451000e+03 1.894255e-08
1.452000e+03 1.253743e-08
1.453000e+03 8.423666e-09
1.454000e+03 1.170344e-08
1.455000e+03 1.207206e-08
1.456000e+03 5.354353e-09
1.457000e+03 9.453090e-09
1.458000e+03 1.551512e-08
1.459000e+03 2.251452e-08
1.460000e+03 1.069198e-08
1.461000e+03 1.573996e-08
1.462000e+03 9.878435e-09
1.463000e+03 7.852698e-09
1.464000e+03 9.966601e-09
1.465000e+03 4.796417e-09
1.466000e+03 6.339491e-09
1.467000e+03 1.920728e-08
1.468000e+03 1.125033e-08
1.469000e+03 6.964170e-10
1.470000e+03 1.746621e-08
1.471000e+03 3.506502e-08
1.472000e+03 1.959597e-08
1.473000e+03 1.096765e-08
1.474000e+03 5.472723e-09
1.475000e+03 5.525150e-08
1.476000e+03 1.622820e-08
1.477000e+03 1.397451e-08
1.478000e+03 6.748308e-09
1.479000e+03 4.300820e-09
1.480000e+03 8.479954e-09
1.481000e+03 4.127131e-09
1.482000e+03 2.194236e-08
1.483000e+03 2.491021e-08
1.484000e+03 1.289282e-08
1.485000e+03 1.180368e-08
1.486000e+03 1.259721e-08
1.487000e+03 1.873393e-08
1.488000e+03 6.719735e-09
1.489000e+03 6.818291e-09
1.490000e+03 5.501321e-09
1.491000e+03 1.900723e-08
1.492000e+03 8.268355e-09
1.493000e+03 1.954337e-09
1.494000e+03 7.279356e-09
1.495000e+03 6.425477e-09
1.496000e+03 6.160089e-09
1.497000e+03 8.501586e-09
1.498000e+03 3.907540e-09
1.499000e+03 4.723932e-09
1.500000e+03 1.350073e-08
1.501000e+03 2.051787e-08
1.502000e+03 7.767107e-09
1.503000e+03 1.354755e-08
1.504000e+03 5.636333e-09
1.505000e+03 8.012978e-09
1.506000e+03 1.381655e-08
1.507000e+03 1.506001e-08
1.508000e+03 2.369799e-08
1.509000e+03 9.826105e-09
1.510000e+03 7.424680e-09
1.511000e+03 8.348514e-09
1.512000e+03 1.672598e-08
1.513000e+03 4.720137e-09
1.514000e+03 4.299464e-08
1.515000e+03 2.684389e-08
1.516000e+03 1.147147e-08
1.517000e+03 8.358879e-09
1.518000e+03 1.641524e-08
1.519000e+03 1.922766e-08
1.520000e+03 1.068171e-08
1.521000e+03 7.688808e-09
1.522000e+03 6.024812e-09
1.523000e+03 3.335244e-08
1.524000e+03 8.412334e-10
1.525000e+03 1.058579e-08
1.526000e+03 3.884895e-08
1.527000e+03 7.509737e-09
1.528000e+03 1.325914e-08
1.529000e+03 5.968390e-09
1.530000e+03 7.182116e-09
1.531000e+03 9.108131e-09
1.532000e+03 1.091673e-08
1.533000e+03 6.669810e-09
1.534000e+03 1.558222e-08
1.535000e+03 3.499682e-08
1.536000e+03 1.847079e-08
1.537000e+03 2.034694e-08
1.538000e+03 7.848219e-09
1.539000e+03 1.697374e-08
1.540000e+03 8.111387e-09
1.541000e+03 1.775457e-08
1.542000e+03 1.190588e-08
1.543000e+03 1.196095e-08
1.544000e+03 7.846516e-09
1.545000e+03 7.725691e-09
1.546000e+03 5.269890e-09
1.547000e+03 4.542744e-09
1.548000e+03 1.257141e-08
1.549000e+03 5.551506e-09
1.550000e+03 8.462742e-09
1.551000e+03 2.804938e-08
1.552000e+03 5.794457e-09
1.553000e+03 7.506288e-09
1.554000e+03 1.433591e-08
1.555000e+03 1.528898e-08
1.556000e+03 5.039519e-09
1.557000e+03 2.511829e-08
1.558000e+03 1.276859e-08
1.559000e+03 5.328643e-09
1.560000e+03 1.219323e-08
1.561000e+03 4.404157e-09
1.562000e+03 5.919407e-09
1.563000e+03 1.029031e-08
1.564000e+03 2.668895e-08
1.565000e+03 1.529288e-08
1.566000e+03 5.855123e-08
1.567000e+03 1.551338e-08
1.568000e+03 6.275837e-09
1.569000e+03 6.719226e-09
1.570000e+03 5.976732e-09
1.571000e+03 1.933811e-08
1.572000e+03 1.998178e-08
1.573000e+03 1.386714e-08
1.574000e+03 8.199951e-09
1.575000e+03 5.335889e-08
1.576000e+03 8.690927e-09
1.577000e+03 4.530287e-09
1.578000e+03 6.551029e-09
1.579000e+03 9.549370e-09
1.580000e+03 1.220740e-08
1.581000e+03 1.353558e-08
1.582000e+03 1.402346e-08
1.583000e+03 2.609724e-08
1.584000e+03 8.481000e-09
1.585000e+03 8.849539e-09
1.586000e+03 4.583977e-09
1.587000e+03 1.571503e-08
1.588000e+03 1.320835e-08
1.589000e+03 4.537592e-08
1.590000e+03 6.166061e-09
1.591000e+03 4.979641e-09
1.592000e+03 1.403057e-08
1.593000e+03 2.131814e-08
1.594000e+03 9.276070e-09
1.595000e+03 1.016470e-08
1.596000e+03 8.726454e-09
1.597000e+03 4.685396e-09
1.598000e+03 9.518547e-09
1.599000e+03 2.663091e-08
1.600000e+03 5.628008e-09
1.601000e+03 6.492667e-09
1.602000e+03 1.114290e-08
1.603000e+03 1.101401e-08
1.604000e+03 6.326011e-09
1.605000e+03 9.908844e-09
1.606000e+03 4.363254e-09
1.607000e+03 8.703105e-09
1.608000e+03 1.077415e-08
1.609000e+03 5.485949e-09
1.610000e+03 7.027273e-09
1.611000e+03 2.525894e-08
1.612000e+03 2.575209e-08
1.613000e+03 6.474497e-10
1.614000e+03 1.445741e-08
1.615000e+03 1.741295e-08
1.616000e+03 4.411649e-09
1.617000e+03 1.024471e-08
1.618000e+03 9.882747e-09
1.619000e+03 1.308384e-08
1.620000e+03 2.108718e-08
1.621000e+03 9.278578e-09
1.622000e+03 1.001107e-08
1.623000e+03 6.320949e-09
1.624000e+03 1.190036e-08
1.625000e+03 4.386088e-09
1.626000e+03 9.210934e-10
1.627000e+03 1.391067e-08
1.628000e+03 1.305271e-08
1.629000e+03 1.908490e-08
1.630000e+03 1.366259e-08
1.631000e+03 2.141849e-08
1.632000e+03 7.937783e-09
1.633000e+03 8.015442e-09
1.634000e+03 1.132304e-08
1.635000e+03 1.445355e-08
1.636000e+03 1.339250e-08
1.637000e+03 1.849424e-09
1.638000e+03 8.379950e-09
1.639000e+03 2.809388e-08
1.640000e+03 9.454172e-09
1.641000e+03 6.454551e-09
1.642000e+03 6.778254e-09
1.643000e+03 6.189887e-09
1.644000e+03 1.045245e-08
1.645000e+03 2.154615e-08
1.646000e+03 1.209265e-08
1.647000e+03 1.468732e-08
1.648000e+03 1.750076e-08
1.649000e+03 1.766243e-08
1.650000e+03 1.165811e-08
1.651000e+03 1.804410e-08
1.652000e+03 6.044556e-09
1.653000e+03 1.027698e-08
1.654000e+03 4.866606e-09
1.655000e+03 1.764346e-08
1.656000e+03 9.987684e-09
1.657000e+03 4.619827e-09
1.658000e+03 1.429249e-08
1.659000e+03 8.873957e-09
1.660000e+03 1.764383e-08
1.661000e+03 6.855971e-09
1.662000e+03 1.496054e-08
1.663000e+03 1.471633e-08
1.664000e+03 5.007934e-09
1.665000e+03 8.390203e-09
1.666000e+03 8.120045e-09
1.667000e+03 5.671260e-08
1.668000e+03 7.908031e-10
1.669000e+03 1.247760e-08
1.670000e+03 8.935963e-09
1.671000e+03 5.624724e-09
1.672000e+03 1.031139e-08
1.673000e+03 4.843082e-09
1.674000e+03 4.295633e-09
1.675000e+03 7.849626e-09
1.676000e+03 2.973088e-08
1.677000e+03 1.946370e-08
1.678000e+03 2.513160e-08
1.679000e+03 1.707729e-08
1.680000e+03 1.635459e-08
1.681000e+03 6.966976e-09
1.682000e+03 3.893483e-09
1.683000e+03 1.767070e-08
1.684000e+03 2.692258e-08
1.685000e+03 1.593014e-08
1.686000e+03 2.197578e-08
1.687000e+03 6.376660e-09
1.688000e+03 9.611859e-09
1.689000e+03 7.596912e-09
1.690000e+03 5.875145e-09
1.691000e+03 5.601055e-09
1.692000e+03 1.110992e-08
1.693000e+03 6.732239e-09
1.694000e+03 1.113373e-08
1.695000e+03 1.955174e-08
1.696000e+03 9.072015e-09
1.697000e+03 8.636775e-09
1.698000e+03 3.281169e-08
1.699000e+03 1.515696e-08
1.700000e+03 5.886712e-09
1.701000e+03 2.212874e-08
1.702000e+03 5.530664e-09
1.703000e+03 7.396000e-09
1.704000e+03 9.316314e-08
1.705000e+03 3.174448e-08
1.706000e+03 1.363760e-08
1.707000e+03 9.133037e-08
1.708000e+03 5.283504e-08
1.709000e+03 3.026444e-08
1.710000e+03 2.730012e-08
1.711000e+03 1.917048e-08
1.712000e+03 1.341380e-08
1.713000e+03 1.146958e-08
1.714000e+03 1.212958e-08
1.715000e+03 9.949964e-09
1.716000e+03 1.093512e-08
1.717000e+03 1.332843e-08
1.718000e+03 9.290625e-09
1.719000e+03 6.516371e-09
1.720000e+03 1.116948e-08
1.721000e+03 5.706493e-09
1.722000e+03 8.048010e-09
1.723000e+03 8.202362e-09
1.724000e+03 1.134395e-08
1.725000e+03 6.544170e-09
1.726000e+03 1.179724e-08
1.727000e+03 4.077912e-08
1.728000e+03 8.236816e-09
1.729000e+03 7.222482e-09
1.730000e+03 8.063554e-09
1.731000e+03 1.395366e-08
1.732000e+03 2.117017e-08
1.733000e+03 9.929349e-09
1.734000e+03 1.185030e-08
1.735000e+03 1.027376e-08
1.736000e+03 1.105635e-08
1.737000e+03 7.809213e-09
1.738000e+03 6.133419e-09
1.739000e+03 9.330376e-09
1.740000e+03 3.793895e-08
1.741000e+03 6.294488e-09
1.742000e+03 1.051954e-08
1.743000e+03 2.304198e-08
1.744000e+03 5.801827e-09
1.745000e+03 9.317093e-09
1.746000e+03 1.226780e-09
1.747000e+03 1.388453e-08
1.748000e+03 6.450579e-09
1.749000e+03 2.387453e-08
1.750000e+03 4.609956e-09
1.751000e+03 1.119640e-09
1.752000e+03 1.406554e-08
1.753000e+03 6.381136e-09
1.754000e+03 8.965115e-09
1.755000e+03 1.105981e-08
1.756000e+03 8.198282e-09
1.757000e+03 1.242711e-08
1.758000e+03 1.798866e-08
1.759000e+03 1.864956e-08
1.760000e+03 2.094122e-08
1.761000e+03 2.082790e-08
1.762000e+03 7.205050e-09
1.763000e+03 1.468700e-08
1.764000e+03 1.024310e-08
1.765000e+03 1.178272e-08
1.766000e+03 1.297489e-08
1.767000e+03 6.783621e-09
1.768000e+03 8.797675e-09
1.769000e+03 4.347215e-09
1.770000e+03 4.983060e-09
1.771000e+03 6.544108e-09
1.772000e+03 1.241368e-08
1.773000e+03 5.704045e-09
1.774000e+03 1.138136e-08
1.775000e+03 2.172078e-08
1.776000e+03 6.714655e-09
1.777000e+03 7.264637e-09
1.778000e+03 5.283355e-09
1.779000e+03 1.252669e-08
1.780000e+03 5.436695e-10
1.781000e+03 2.416857e-08
1.782000e+03 7.097704e-09
1.783000e+03 4.260358e-09
1.784000e+03 6.954309e-09
1.785000e+03 7.343024e-09
1.786000e+03 5.104361e-09
1.787000e+03 5.617382e-09
1.788000e+03 2.543191e-08
1.789000e+03 1.724896e-08
1.790000e+03 2.884279e-08
1.791000e+03 1.253860e-08
1.792000e+03 1.289627e-08
1.793000e+03 6.288507e-09
1.794000e+03 1.375715e-08
1.795000e+03 1.732566e-08
1.796000e+03 6.833475e-09
1.797000e+03 1.133677e-08
1.798000e+03 5.262599e-09
1.799000e+03 9.994004e-09
1.800000e+03 1.041831e-08
