Title ="THE FLUX ERR"
Variables=
iter
residual
1.000000e+00 1.789921e-03
2.000000e+00 5.548345e-04
3.000000e+00 1.162125e-03
4.000000e+00 1.352210e-03
5.000000e+00 4.432571e-04
6.000000e+00 3.232293e-04
7.000000e+00 2.961741e-04
8.000000e+00 2.058788e-04
9.000000e+00 1.654271e-04
1.000000e+01 1.201504e-04
1.100000e+01 1.507380e-04
1.200000e+01 8.148672e-05
1.300000e+01 1.349860e-05
1.400000e+01 1.156372e-04
1.500000e+01 7.447037e-05
1.600000e+01 6.187180e-05
1.700000e+01 2.167808e-04
1.800000e+01 1.008402e-04
1.900000e+01 5.821072e-05
2.000000e+01 4.467528e-05
2.100000e+01 8.119697e-05
2.200000e+01 9.613683e-05
2.300000e+01 7.797665e-05
2.400000e+01 1.985371e-05
2.500000e+01 2.174565e-05
2.600000e+01 8.780660e-06
2.700000e+01 7.216044e-06
2.800000e+01 7.665678e-06
2.900000e+01 3.315810e-05
3.000000e+01 5.322504e-06
3.100000e+01 2.896707e-06
3.200000e+01 8.398867e-06
3.300000e+01 7.562066e-06
3.400000e+01 5.020886e-06
3.500000e+01 3.283547e-06
3.600000e+01 3.226505e-06
3.700000e+01 2.768430e-06
3.800000e+01 1.871852e-06
3.900000e+01 1.163161e-05
4.000000e+01 2.258451e-06
4.100000e+01 5.927688e-06
4.200000e+01 4.837362e-06
4.300000e+01 4.445565e-06
4.400000e+01 2.166515e-06
4.500000e+01 3.082612e-06
4.600000e+01 4.568324e-06
4.700000e+01 9.495361e-06
4.800000e+01 8.673996e-06
4.900000e+01 6.622071e-06
5.000000e+01 9.302885e-06
5.100000e+01 6.164975e-06
5.200000e+01 8.141579e-06
5.300000e+01 1.793638e-06
5.400000e+01 7.633939e-06
5.500000e+01 8.850305e-06
5.600000e+01 1.686730e-06
5.700000e+01 7.018010e-06
5.800000e+01 9.604522e-06
5.900000e+01 7.023628e-06
6.000000e+01 8.349575e-06
6.100000e+01 8.098458e-06
6.200000e+01 2.181693e-06
6.300000e+01 2.059975e-06
6.400000e+01 2.449685e-06
6.500000e+01 2.051364e-06
6.600000e+01 5.352558e-06
6.700000e+01 3.978466e-07
6.800000e+01 3.210437e-06
6.900000e+01 5.633120e-06
7.000000e+01 1.449428e-06
7.100000e+01 3.919313e-07
7.200000e+01 3.064599e-07
7.300000e+01 4.169770e-07
7.400000e+01 4.440585e-07
7.500000e+01 2.701182e-06
7.600000e+01 1.947241e-06
7.700000e+01 2.055681e-06
7.800000e+01 3.841197e-07
7.900000e+01 7.311915e-07
8.000000e+01 2.809471e-06
8.100000e+01 6.142371e-06
8.200000e+01 4.114551e-07
8.300000e+01 9.492758e-07
8.400000e+01 7.456538e-06
8.500000e+01 3.582963e-06
8.600000e+01 4.786802e-07
8.700000e+01 5.236956e-06
8.800000e+01 3.767032e-07
8.900000e+01 5.643989e-07
9.000000e+01 5.744050e-06
9.100000e+01 1.255302e-06
9.200000e+01 7.752831e-07
9.300000e+01 3.858856e-06
9.400000e+01 6.400079e-06
9.500000e+01 4.111286e-06
9.600000e+01 3.703564e-06
9.700000e+01 1.762232e-06
9.800000e+01 4.481782e-06
9.900000e+01 4.385057e-06
1.000000e+02 2.784310e-06
1.010000e+02 2.590512e-06
1.020000e+02 3.819705e-06
1.030000e+02 2.624057e-06
1.040000e+02 3.310104e-06
1.050000e+02 4.027126e-06
1.060000e+02 3.046871e-06
1.070000e+02 2.652884e-06
1.080000e+02 1.323898e-06
1.090000e+02 2.967458e-06
1.100000e+02 3.043923e-06
1.110000e+02 2.602660e-06
1.120000e+02 2.292630e-06
1.130000e+02 2.850744e-06
1.140000e+02 5.604099e-06
1.150000e+02 3.961484e-06
1.160000e+02 5.055357e-06
1.170000e+02 1.643373e-06
1.180000e+02 2.462703e-06
1.190000e+02 2.604261e-06
1.200000e+02 3.692550e-06
1.210000e+02 1.488622e-06
1.220000e+02 1.967074e-06
1.230000e+02 2.024843e-06
1.240000e+02 4.280585e-06
1.250000e+02 3.541689e-06
1.260000e+02 2.274863e-06
1.270000e+02 3.332026e-06
1.280000e+02 5.686880e-06
1.290000e+02 2.299115e-07
1.300000e+02 2.179909e-06
1.310000e+02 5.112578e-06
1.320000e+02 2.217964e-06
1.330000e+02 1.752012e-06
1.340000e+02 2.579793e-06
1.350000e+02 1.873509e-06
1.360000e+02 3.790810e-06
1.370000e+02 3.737757e-06
1.380000e+02 2.584807e-06
1.390000e+02 2.056402e-06
1.400000e+02 2.492559e-06
1.410000e+02 2.284628e-06
1.420000e+02 3.265050e-06
1.430000e+02 1.505494e-06
1.440000e+02 5.001074e-06
1.450000e+02 2.352247e-06
1.460000e+02 9.282271e-06
1.470000e+02 2.726535e-06
1.480000e+02 3.005789e-06
1.490000e+02 7.280148e-06
1.500000e+02 1.607895e-06
1.510000e+02 4.110522e-06
1.520000e+02 8.864971e-06
1.530000e+02 1.825329e-06
1.540000e+02 4.049623e-06
1.550000e+02 2.894186e-06
1.560000e+02 2.167575e-06
1.570000e+02 2.096948e-06
1.580000e+02 3.281181e-06
1.590000e+02 2.756431e-06
1.600000e+02 2.726170e-06
1.610000e+02 2.381800e-06
1.620000e+02 1.410785e-06
1.630000e+02 2.057974e-06
1.640000e+02 2.015862e-06
1.650000e+02 8.851607e-06
1.660000e+02 2.411513e-06
1.670000e+02 1.147811e-05
1.680000e+02 1.172418e-05
1.690000e+02 9.614431e-06
1.700000e+02 7.309205e-06
1.710000e+02 8.813228e-06
1.720000e+02 1.022899e-05
1.730000e+02 9.636726e-06
1.740000e+02 9.871511e-06
1.750000e+02 8.656867e-06
1.760000e+02 9.879424e-06
1.770000e+02 1.098697e-05
1.780000e+02 9.708364e-06
1.790000e+02 8.434242e-06
1.800000e+02 6.893371e-06
1.810000e+02 1.083201e-05
1.820000e+02 8.698185e-06
1.830000e+02 6.696146e-06
1.840000e+02 7.687526e-06
1.850000e+02 8.102239e-06
1.860000e+02 8.498550e-06
1.870000e+02 5.269834e-06
1.880000e+02 4.312330e-06
1.890000e+02 3.848206e-06
1.900000e+02 2.972149e-06
1.910000e+02 5.716971e-06
1.920000e+02 4.268255e-06
1.930000e+02 3.690782e-06
1.940000e+02 6.075251e-06
1.950000e+02 5.392711e-06
1.960000e+02 4.894402e-06
1.970000e+02 3.962904e-06
1.980000e+02 4.026965e-06
1.990000e+02 5.750446e-06
2.000000e+02 8.539347e-06
2.010000e+02 4.814196e-06
2.020000e+02 4.210000e-06
2.030000e+02 5.207089e-06
2.040000e+02 5.913492e-06
2.050000e+02 6.762726e-06
2.060000e+02 6.639298e-06
2.070000e+02 6.231425e-06
2.080000e+02 2.172911e-05
2.090000e+02 6.253207e-06
2.100000e+02 2.045574e-05
2.110000e+02 2.205656e-05
2.120000e+02 2.269561e-05
2.130000e+02 2.319312e-05
2.140000e+02 2.247251e-05
2.150000e+02 7.575988e-06
2.160000e+02 2.009281e-05
2.170000e+02 2.480242e-05
2.180000e+02 2.656935e-05
2.190000e+02 5.861939e-06
2.200000e+02 2.106750e-05
2.210000e+02 2.359864e-05
2.220000e+02 2.411367e-05
2.230000e+02 2.522598e-05
2.240000e+02 2.802679e-05
2.250000e+02 2.358481e-05
2.260000e+02 2.439438e-05
2.270000e+02 2.556368e-05
2.280000e+02 2.672236e-05
2.290000e+02 2.902625e-05
2.300000e+02 2.435542e-05
2.310000e+02 2.520027e-05
2.320000e+02 2.482756e-05
2.330000e+02 2.751492e-05
2.340000e+02 2.842186e-05
2.350000e+02 2.973353e-05
2.360000e+02 2.873084e-05
2.370000e+02 7.977008e-06
2.380000e+02 2.275515e-05
2.390000e+02 3.009769e-05
2.400000e+02 2.690089e-05
2.410000e+02 2.767742e-05
2.420000e+02 2.778288e-05
2.430000e+02 3.209691e-05
2.440000e+02 3.323371e-05
2.450000e+02 3.441430e-05
2.460000e+02 1.198177e-05
2.470000e+02 2.457513e-05
2.480000e+02 3.010943e-05
2.490000e+02 1.125006e-05
2.500000e+02 2.774824e-05
2.510000e+02 3.438026e-05
2.520000e+02 8.140222e-06
2.530000e+02 2.493556e-05
2.540000e+02 2.930402e-05
2.550000e+02 3.180890e-05
2.560000e+02 2.914240e-05
2.570000e+02 2.680213e-05
2.580000e+02 2.902527e-05
2.590000e+02 3.197518e-05
2.600000e+02 4.043412e-05
2.610000e+02 3.377287e-05
2.620000e+02 3.320029e-05
2.630000e+02 9.020968e-06
2.640000e+02 2.210874e-05
2.650000e+02 2.673996e-05
2.660000e+02 3.257263e-05
2.670000e+02 3.136653e-05
2.680000e+02 2.921000e-05
2.690000e+02 3.206414e-05
2.700000e+02 3.125347e-05
2.710000e+02 2.840410e-05
2.720000e+02 2.910475e-05
2.730000e+02 2.730910e-05
2.740000e+02 3.187425e-05
2.750000e+02 3.281951e-05
2.760000e+02 3.122622e-05
2.770000e+02 2.918493e-05
2.780000e+02 2.902241e-05
2.790000e+02 2.743925e-05
2.800000e+02 2.346464e-05
2.810000e+02 2.736075e-05
2.820000e+02 2.685898e-05
2.830000e+02 2.805679e-05
2.840000e+02 2.848569e-05
2.850000e+02 2.512369e-05
2.860000e+02 1.931514e-05
2.870000e+02 2.419560e-05
2.880000e+02 2.130546e-05
2.890000e+02 1.960963e-05
2.900000e+02 2.290562e-05
2.910000e+02 2.264681e-05
2.920000e+02 2.257913e-05
2.930000e+02 2.062633e-05
2.940000e+02 2.280764e-05
2.950000e+02 1.910911e-05
2.960000e+02 2.027566e-05
2.970000e+02 1.922594e-05
2.980000e+02 1.712753e-05
2.990000e+02 1.676589e-05
3.000000e+02 1.936706e-05
3.010000e+02 1.745902e-05
3.020000e+02 1.808221e-05
3.030000e+02 1.807641e-05
3.040000e+02 1.795219e-05
3.050000e+02 1.905334e-05
3.060000e+02 1.860555e-05
3.070000e+02 2.292742e-05
3.080000e+02 2.061538e-05
3.090000e+02 2.435390e-05
3.100000e+02 2.170317e-05
3.110000e+02 2.707211e-05
3.120000e+02 2.907708e-05
3.130000e+02 2.977144e-05
3.140000e+02 3.354980e-05
3.150000e+02 3.011779e-05
3.160000e+02 2.304110e-05
3.170000e+02 2.589257e-05
3.180000e+02 3.100130e-05
3.190000e+02 2.702805e-05
3.200000e+02 2.693243e-05
3.210000e+02 2.486555e-05
3.220000e+02 3.159063e-05
3.230000e+02 3.240780e-05
3.240000e+02 2.660183e-05
3.250000e+02 3.083882e-05
3.260000e+02 2.961096e-05
3.270000e+02 3.689648e-05
3.280000e+02 3.245740e-05
3.290000e+02 3.573740e-05
3.300000e+02 3.197661e-05
3.310000e+02 4.114813e-05
3.320000e+02 1.122089e-05
3.330000e+02 3.382485e-05
3.340000e+02 4.218213e-05
3.350000e+02 3.656962e-05
3.360000e+02 4.098739e-05
3.370000e+02 4.153314e-05
3.380000e+02 1.015093e-05
3.390000e+02 3.896201e-05
3.400000e+02 4.031921e-05
3.410000e+02 3.408540e-05
3.420000e+02 4.093914e-05
3.430000e+02 7.745311e-06
3.440000e+02 3.735258e-05
3.450000e+02 4.453615e-05
3.460000e+02 7.599484e-06
3.470000e+02 3.921621e-05
3.480000e+02 3.511351e-05
3.490000e+02 9.489232e-06
3.500000e+02 4.101231e-05
3.510000e+02 7.581019e-06
3.520000e+02 8.882046e-06
3.530000e+02 6.285086e-06
3.540000e+02 1.322709e-05
3.550000e+02 6.796959e-06
3.560000e+02 3.392331e-05
3.570000e+02 1.090575e-05
3.580000e+02 6.133405e-06
3.590000e+02 5.289493e-06
3.600000e+02 8.173715e-06
3.610000e+02 4.880718e-06
3.620000e+02 7.942912e-06
3.630000e+02 6.730364e-06
3.640000e+02 8.221569e-06
3.650000e+02 6.711928e-06
3.660000e+02 6.701250e-06
3.670000e+02 6.561895e-06
3.680000e+02 1.239431e-05
3.690000e+02 1.220206e-05
3.700000e+02 1.107019e-05
3.710000e+02 7.983369e-06
3.720000e+02 1.090252e-05
3.730000e+02 5.808332e-06
3.740000e+02 6.237062e-06
3.750000e+02 1.201151e-05
3.760000e+02 1.062134e-05
3.770000e+02 7.484444e-06
3.780000e+02 9.934058e-06
3.790000e+02 8.122721e-06
3.800000e+02 4.524486e-06
3.810000e+02 8.951398e-06
3.820000e+02 1.064340e-05
3.830000e+02 9.167262e-06
3.840000e+02 9.909007e-06
3.850000e+02 8.675745e-06
3.860000e+02 9.053369e-06
3.870000e+02 6.307300e-06
3.880000e+02 2.037966e-06
3.890000e+02 5.306100e-06
3.900000e+02 7.283479e-06
3.910000e+02 7.543492e-06
3.920000e+02 7.386077e-06
3.930000e+02 5.994348e-06
3.940000e+02 5.075446e-06
3.950000e+02 4.167456e-06
3.960000e+02 5.270348e-06
3.970000e+02 5.822179e-06
3.980000e+02 5.912057e-06
3.990000e+02 4.897550e-06
4.000000e+02 5.571289e-06
4.010000e+02 4.438349e-06
4.020000e+02 4.038302e-06
4.030000e+02 3.250327e-06
4.040000e+02 4.173620e-06
4.050000e+02 3.116798e-06
4.060000e+02 3.370076e-06
4.070000e+02 2.379726e-06
4.080000e+02 2.229399e-06
4.090000e+02 2.680629e-06
4.100000e+02 2.406049e-06
4.110000e+02 1.615965e-06
4.120000e+02 3.085635e-06
4.130000e+02 2.899584e-06
4.140000e+02 4.772212e-06
4.150000e+02 2.473039e-06
4.160000e+02 4.704702e-06
4.170000e+02 3.190416e-06
4.180000e+02 3.899784e-06
4.190000e+02 4.983686e-06
4.200000e+02 5.233864e-06
4.210000e+02 5.298580e-06
4.220000e+02 5.645835e-06
4.230000e+02 4.744032e-06
4.240000e+02 4.438822e-06
4.250000e+02 5.022119e-06
4.260000e+02 4.621589e-06
4.270000e+02 4.097750e-06
4.280000e+02 3.688982e-06
4.290000e+02 4.588390e-06
4.300000e+02 5.783478e-06
4.310000e+02 6.457774e-06
4.320000e+02 3.580064e-06
4.330000e+02 3.791942e-06
4.340000e+02 3.814017e-06
4.350000e+02 5.966917e-06
4.360000e+02 2.521572e-06
4.370000e+02 2.736085e-06
4.380000e+02 2.946884e-07
4.390000e+02 2.722348e-06
4.400000e+02 4.183040e-06
4.410000e+02 3.389064e-07
4.420000e+02 1.771913e-06
4.430000e+02 5.165346e-07
4.440000e+02 4.099018e-06
4.450000e+02 3.605099e-06
4.460000e+02 2.927379e-06
4.470000e+02 1.752640e-06
4.480000e+02 1.842708e-06
4.490000e+02 2.134615e-06
4.500000e+02 2.057649e-06
4.510000e+02 2.217563e-06
4.520000e+02 1.444831e-06
4.530000e+02 2.524876e-06
4.540000e+02 2.207361e-06
4.550000e+02 8.050346e-07
4.560000e+02 2.160280e-06
4.570000e+02 2.136457e-06
4.580000e+02 3.516551e-06
4.590000e+02 4.330920e-06
4.600000e+02 1.416603e-06
4.610000e+02 2.716070e-06
4.620000e+02 2.826098e-06
4.630000e+02 1.612571e-06
4.640000e+02 3.188564e-06
4.650000e+02 2.913951e-06
4.660000e+02 4.043521e-06
4.670000e+02 4.254066e-06
4.680000e+02 1.524063e-06
4.690000e+02 2.631999e-06
4.700000e+02 1.659456e-06
4.710000e+02 2.560550e-06
4.720000e+02 2.074580e-06
4.730000e+02 4.018174e-06
4.740000e+02 2.174113e-06
4.750000e+02 1.306288e-06
4.760000e+02 2.222150e-06
4.770000e+02 3.911507e-06
4.780000e+02 2.968908e-06
4.790000e+02 1.131438e-06
4.800000e+02 2.586682e-06
4.810000e+02 3.923123e-06
4.820000e+02 2.420352e-06
4.830000e+02 1.291440e-06
4.840000e+02 1.497188e-06
4.850000e+02 1.208315e-06
4.860000e+02 1.584571e-06
4.870000e+02 1.564992e-06
4.880000e+02 5.348107e-06
4.890000e+02 1.042382e-06
4.900000e+02 1.690091e-06
4.910000e+02 2.268156e-06
4.920000e+02 1.899832e-06
4.930000e+02 5.031676e-06
4.940000e+02 4.577240e-06
4.950000e+02 1.583869e-06
4.960000e+02 4.639032e-06
4.970000e+02 9.768956e-07
4.980000e+02 2.761354e-06
4.990000e+02 4.901261e-06
5.000000e+02 1.086753e-06
5.010000e+02 4.642843e-06
5.020000e+02 1.119210e-06
5.030000e+02 1.375886e-06
5.040000e+02 1.080650e-06
5.050000e+02 4.867915e-07
5.060000e+02 1.308395e-06
5.070000e+02 4.942089e-06
5.080000e+02 4.104732e-06
5.090000e+02 1.354370e-06
5.100000e+02 4.534869e-06
5.110000e+02 2.796193e-06
5.120000e+02 1.587006e-06
5.130000e+02 3.700391e-06
5.140000e+02 3.420408e-06
5.150000e+02 2.735636e-06
5.160000e+02 2.382749e-06
5.170000e+02 2.877633e-06
5.180000e+02 3.518110e-06
5.190000e+02 7.094428e-07
5.200000e+02 2.338855e-06
5.210000e+02 1.880497e-06
5.220000e+02 1.742972e-06
5.230000e+02 2.371585e-06
5.240000e+02 2.573624e-06
5.250000e+02 1.483590e-06
5.260000e+02 3.017192e-06
5.270000e+02 2.494526e-06
5.280000e+02 1.209830e-06
5.290000e+02 1.178751e-06
5.300000e+02 8.611395e-07
5.310000e+02 1.747113e-06
5.320000e+02 2.053221e-06
5.330000e+02 1.979437e-06
5.340000e+02 1.368686e-06
5.350000e+02 1.494789e-06
5.360000e+02 1.535191e-06
5.370000e+02 1.369343e-06
5.380000e+02 1.128410e-06
5.390000e+02 1.351106e-06
5.400000e+02 8.809549e-07
5.410000e+02 8.887213e-07
5.420000e+02 9.756487e-07
5.430000e+02 7.212462e-07
5.440000e+02 7.755284e-07
5.450000e+02 6.693717e-07
5.460000e+02 6.173859e-07
5.470000e+02 5.680708e-07
5.480000e+02 6.779937e-07
5.490000e+02 1.005394e-06
5.500000e+02 7.391980e-07
5.510000e+02 7.843964e-07
5.520000e+02 5.067336e-07
5.530000e+02 1.246679e-06
5.540000e+02 7.424765e-07
5.550000e+02 1.211250e-06
5.560000e+02 4.363138e-06
5.570000e+02 1.492774e-06
5.580000e+02 7.147093e-07
5.590000e+02 4.185816e-06
5.600000e+02 1.063327e-06
5.610000e+02 9.775908e-07
5.620000e+02 4.188992e-06
5.630000e+02 1.373827e-06
5.640000e+02 8.097486e-07
5.650000e+02 1.138104e-06
5.660000e+02 1.014907e-06
5.670000e+02 6.985227e-07
5.680000e+02 9.217559e-07
5.690000e+02 4.425276e-06
5.700000e+02 4.003901e-06
5.710000e+02 4.959876e-06
5.720000e+02 7.008768e-07
5.730000e+02 4.117888e-06
5.740000e+02 7.846114e-07
5.750000e+02 9.024968e-07
5.760000e+02 4.341355e-06
5.770000e+02 9.067610e-07
5.780000e+02 1.518817e-06
5.790000e+02 4.706987e-06
5.800000e+02 1.675383e-06
5.810000e+02 4.863443e-06
5.820000e+02 1.500409e-06
5.830000e+02 9.321466e-07
5.840000e+02 2.103206e-06
5.850000e+02 4.443894e-06
5.860000e+02 8.449581e-07
5.870000e+02 1.031442e-06
5.880000e+02 8.905946e-07
5.890000e+02 9.285615e-07
5.900000e+02 4.748763e-06
5.910000e+02 1.307678e-06
5.920000e+02 1.462631e-06
5.930000e+02 5.078209e-06
5.940000e+02 1.541324e-06
5.950000e+02 4.898297e-06
5.960000e+02 1.729763e-06
5.970000e+02 1.077316e-06
5.980000e+02 4.670107e-06
5.990000e+02 1.423445e-06
6.000000e+02 1.379010e-06
6.010000e+02 6.858407e-07
6.020000e+02 1.666841e-06
6.030000e+02 5.042912e-06
6.040000e+02 1.487208e-06
6.050000e+02 1.129266e-06
6.060000e+02 1.244849e-06
6.070000e+02 1.161789e-06
6.080000e+02 1.037992e-06
6.090000e+02 1.065245e-06
6.100000e+02 1.494178e-06
6.110000e+02 1.676567e-06
6.120000e+02 1.249789e-06
6.130000e+02 1.710206e-06
6.140000e+02 1.845325e-06
6.150000e+02 1.769974e-06
6.160000e+02 1.444158e-06
6.170000e+02 1.665654e-06
6.180000e+02 1.878481e-06
6.190000e+02 1.735137e-06
6.200000e+02 1.527547e-06
6.210000e+02 1.762150e-06
6.220000e+02 1.745958e-06
6.230000e+02 1.211357e-06
6.240000e+02 1.937478e-06
6.250000e+02 1.916510e-06
6.260000e+02 1.113622e-06
6.270000e+02 1.289180e-06
6.280000e+02 1.683744e-06
6.290000e+02 2.024541e-06
6.300000e+02 1.519441e-06
6.310000e+02 1.698247e-06
6.320000e+02 1.771763e-06
6.330000e+02 1.498141e-06
6.340000e+02 2.058460e-06
6.350000e+02 3.268967e-06
6.360000e+02 1.534046e-06
6.370000e+02 2.135657e-06
6.380000e+02 2.134543e-06
6.390000e+02 2.147974e-06
6.400000e+02 2.288077e-06
6.410000e+02 2.463471e-06
6.420000e+02 2.403536e-06
6.430000e+02 2.101264e-06
6.440000e+02 2.365527e-06
6.450000e+02 2.580418e-06
6.460000e+02 2.733108e-06
6.470000e+02 2.952854e-06
6.480000e+02 2.211187e-06
6.490000e+02 2.623230e-06
6.500000e+02 2.088889e-06
6.510000e+02 2.366388e-06
6.520000e+02 2.343722e-06
6.530000e+02 2.979635e-06
6.540000e+02 3.501828e-06
6.550000e+02 2.622727e-06
6.560000e+02 2.322439e-06
6.570000e+02 3.045807e-06
6.580000e+02 3.063732e-06
6.590000e+02 2.160083e-06
6.600000e+02 2.721464e-06
6.610000e+02 2.586785e-06
6.620000e+02 1.903518e-06
6.630000e+02 1.201271e-06
6.640000e+02 1.980219e-06
6.650000e+02 2.441427e-06
6.660000e+02 2.128295e-06
6.670000e+02 1.610164e-06
6.680000e+02 1.660138e-06
6.690000e+02 1.697111e-06
6.700000e+02 2.347290e-06
6.710000e+02 3.166987e-06
6.720000e+02 1.713835e-06
6.730000e+02 5.852141e-07
6.740000e+02 2.265135e-06
6.750000e+02 2.709872e-06
6.760000e+02 2.804178e-06
6.770000e+02 2.574860e-06
6.780000e+02 2.872964e-06
6.790000e+02 2.989152e-06
6.800000e+02 2.598880e-06
6.810000e+02 6.833247e-07
6.820000e+02 2.272265e-06
6.830000e+02 1.712353e-06
6.840000e+02 2.085125e-06
6.850000e+02 1.487913e-06
6.860000e+02 1.433151e-06
6.870000e+02 2.485460e-06
6.880000e+02 2.452827e-06
6.890000e+02 2.488684e-06
6.900000e+02 1.733744e-06
6.910000e+02 2.698360e-06
6.920000e+02 1.111682e-06
6.930000e+02 4.255978e-07
6.940000e+02 2.563720e-06
6.950000e+02 1.496376e-06
6.960000e+02 1.221450e-06
6.970000e+02 1.339865e-06
6.980000e+02 9.118657e-07
6.990000e+02 1.494122e-06
7.000000e+02 2.236223e-06
7.010000e+02 1.977802e-06
7.020000e+02 1.166349e-06
7.030000e+02 1.141413e-06
7.040000e+02 1.355577e-06
7.050000e+02 1.938497e-06
7.060000e+02 1.404684e-06
7.070000e+02 1.747271e-06
7.080000e+02 1.511406e-06
7.090000e+02 1.353437e-06
7.100000e+02 1.133584e-06
7.110000e+02 1.965496e-06
7.120000e+02 1.324147e-06
7.130000e+02 1.590557e-06
7.140000e+02 8.841758e-07
7.150000e+02 9.790528e-07
7.160000e+02 1.040375e-06
7.170000e+02 1.288482e-06
7.180000e+02 1.093595e-06
7.190000e+02 1.347430e-06
7.200000e+02 1.422883e-06
7.210000e+02 1.160027e-06
7.220000e+02 8.844139e-07
7.230000e+02 1.040717e-06
7.240000e+02 1.032070e-06
7.250000e+02 1.127229e-06
7.260000e+02 1.058243e-06
7.270000e+02 8.777393e-07
7.280000e+02 9.078750e-07
7.290000e+02 7.870292e-07
7.300000e+02 8.922768e-07
7.310000e+02 1.094547e-06
7.320000e+02 8.144017e-07
7.330000e+02 7.237830e-07
7.340000e+02 8.094462e-07
7.350000e+02 5.703602e-07
7.360000e+02 4.503675e-07
7.370000e+02 7.381912e-07
7.380000e+02 6.185532e-07
7.390000e+02 6.786518e-07
7.400000e+02 6.619967e-07
7.410000e+02 6.080656e-07
7.420000e+02 6.420279e-07
7.430000e+02 7.536519e-07
7.440000e+02 5.272942e-07
7.450000e+02 5.084411e-07
7.460000e+02 4.975015e-07
7.470000e+02 5.949249e-07
7.480000e+02 6.860445e-07
7.490000e+02 4.805663e-07
7.500000e+02 4.356279e-07
7.510000e+02 4.791168e-07
7.520000e+02 4.919483e-07
7.530000e+02 3.930298e-07
7.540000e+02 8.477010e-07
7.550000e+02 4.136789e-07
7.560000e+02 4.813986e-07
7.570000e+02 4.557800e-07
7.580000e+02 4.367742e-07
7.590000e+02 5.198460e-07
7.600000e+02 3.951461e-07
7.610000e+02 6.184388e-07
7.620000e+02 4.048360e-07
7.630000e+02 4.787307e-07
7.640000e+02 1.842008e-06
7.650000e+02 5.000341e-07
7.660000e+02 4.050951e-07
7.670000e+02 4.167431e-07
7.680000e+02 4.785863e-07
7.690000e+02 6.165786e-07
7.700000e+02 6.194401e-07
7.710000e+02 6.156226e-07
7.720000e+02 5.103656e-07
7.730000e+02 7.538526e-07
7.740000e+02 4.713049e-07
7.750000e+02 3.392225e-07
7.760000e+02 3.247505e-07
7.770000e+02 5.868836e-07
7.780000e+02 3.389042e-07
7.790000e+02 3.767572e-07
7.800000e+02 4.189364e-07
7.810000e+02 2.891110e-07
7.820000e+02 2.822623e-07
7.830000e+02 3.073474e-07
7.840000e+02 4.950926e-07
7.850000e+02 2.745640e-07
7.860000e+02 3.750350e-07
7.870000e+02 1.833680e-06
7.880000e+02 7.795703e-07
7.890000e+02 4.574010e-07
7.900000e+02 5.334425e-07
7.910000e+02 1.033122e-06
7.920000e+02 3.913478e-07
7.930000e+02 4.017619e-07
7.940000e+02 3.265223e-07
7.950000e+02 3.401535e-07
7.960000e+02 4.301398e-07
7.970000e+02 3.886324e-07
7.980000e+02 3.166748e-07
7.990000e+02 3.255269e-07
8.000000e+02 3.801350e-07
8.010000e+02 3.211298e-07
8.020000e+02 3.378009e-07
8.030000e+02 3.551757e-07
8.040000e+02 6.604043e-07
8.050000e+02 6.007669e-07
8.060000e+02 6.788245e-07
8.070000e+02 4.583594e-07
8.080000e+02 1.011085e-06
8.090000e+02 1.083313e-06
8.100000e+02 7.287314e-07
8.110000e+02 3.797931e-07
8.120000e+02 6.832302e-08
8.130000e+02 1.248297e-06
8.140000e+02 5.327209e-07
8.150000e+02 7.068531e-07
8.160000e+02 9.673549e-07
8.170000e+02 1.681780e-07
8.180000e+02 6.447800e-07
8.190000e+02 3.500389e-07
8.200000e+02 9.301471e-07
8.210000e+02 6.120632e-07
8.220000e+02 1.303503e-06
8.230000e+02 8.187862e-07
8.240000e+02 1.995888e-07
8.250000e+02 4.631533e-07
8.260000e+02 6.490535e-07
8.270000e+02 6.782729e-07
8.280000e+02 1.060740e-06
8.290000e+02 9.218174e-07
8.300000e+02 4.994365e-07
8.310000e+02 9.451450e-08
8.320000e+02 8.500095e-07
8.330000e+02 8.888247e-07
8.340000e+02 8.545471e-07
8.350000e+02 6.052272e-07
8.360000e+02 5.708617e-07
8.370000e+02 1.929385e-07
8.380000e+02 1.006153e-06
8.390000e+02 2.640244e-07
8.400000e+02 4.486789e-07
8.410000e+02 6.445402e-07
8.420000e+02 6.369312e-07
8.430000e+02 1.066878e-06
8.440000e+02 7.281669e-07
8.450000e+02 2.497973e-08
8.460000e+02 9.756489e-07
8.470000e+02 6.657570e-07
8.480000e+02 4.290705e-07
8.490000e+02 4.348026e-07
8.500000e+02 5.001544e-07
8.510000e+02 2.058480e-07
8.520000e+02 1.045769e-06
8.530000e+02 9.165323e-07
8.540000e+02 1.629776e-07
8.550000e+02 2.925364e-07
8.560000e+02 3.083257e-07
8.570000e+02 8.811012e-08
8.580000e+02 7.540416e-07
8.590000e+02 4.687713e-08
8.600000e+02 4.034298e-07
8.610000e+02 2.761727e-07
8.620000e+02 8.347236e-07
8.630000e+02 8.998641e-07
8.640000e+02 2.335863e-07
8.650000e+02 4.333983e-07
8.660000e+02 3.927647e-07
8.670000e+02 5.899578e-07
8.680000e+02 7.188028e-07
8.690000e+02 2.201833e-07
8.700000e+02 9.253716e-08
8.710000e+02 7.090991e-07
8.720000e+02 6.264675e-07
8.730000e+02 5.811708e-07
8.740000e+02 2.269038e-07
8.750000e+02 1.537353e-07
8.760000e+02 3.115833e-07
8.770000e+02 7.125965e-07
8.780000e+02 6.288478e-07
8.790000e+02 5.637908e-07
8.800000e+02 4.230898e-07
8.810000e+02 5.597869e-07
8.820000e+02 7.251937e-07
8.830000e+02 6.891320e-07
8.840000e+02 5.154934e-07
8.850000e+02 3.368722e-07
8.860000e+02 3.062547e-08
8.870000e+02 7.826087e-07
8.880000e+02 2.126979e-07
8.890000e+02 8.735379e-07
8.900000e+02 4.261357e-07
8.910000e+02 2.942436e-07
8.920000e+02 6.955606e-07
8.930000e+02 4.783442e-07
8.940000e+02 6.588247e-07
8.950000e+02 4.196804e-07
8.960000e+02 8.660157e-08
8.970000e+02 3.866569e-07
8.980000e+02 1.924651e-07
8.990000e+02 3.584829e-07
9.000000e+02 1.851862e-07
9.010000e+02 2.253528e-07
9.020000e+02 3.056040e-07
9.030000e+02 2.972523e-07
9.040000e+02 3.074089e-07
9.050000e+02 2.136061e-07
9.060000e+02 2.218298e-07
9.070000e+02 2.244064e-07
9.080000e+02 1.395637e-07
9.090000e+02 1.241464e-07
9.100000e+02 2.135359e-07
9.110000e+02 2.914907e-07
9.120000e+02 3.117691e-07
9.130000e+02 2.945870e-07
9.140000e+02 3.033385e-07
9.150000e+02 2.477474e-07
9.160000e+02 3.829786e-07
9.170000e+02 4.146418e-07
9.180000e+02 2.877304e-07
9.190000e+02 3.204232e-07
9.200000e+02 3.245802e-07
9.210000e+02 1.976621e-07
9.220000e+02 3.390065e-07
9.230000e+02 3.851281e-07
9.240000e+02 2.796966e-07
9.250000e+02 2.902492e-07
9.260000e+02 3.182699e-07
9.270000e+02 3.860994e-07
9.280000e+02 3.171016e-07
9.290000e+02 3.227748e-07
9.300000e+02 5.101046e-07
9.310000e+02 3.655006e-07
9.320000e+02 2.547985e-07
9.330000e+02 3.153567e-07
9.340000e+02 3.310357e-07
9.350000e+02 2.855263e-07
9.360000e+02 3.624540e-07
9.370000e+02 3.965833e-07
9.380000e+02 3.059357e-07
9.390000e+02 4.759118e-07
9.400000e+02 2.527469e-07
9.410000e+02 4.741292e-07
9.420000e+02 2.967445e-07
9.430000e+02 6.341873e-07
9.440000e+02 2.431291e-07
9.450000e+02 4.283705e-07
9.460000e+02 2.917102e-07
9.470000e+02 1.589460e-07
9.480000e+02 3.695360e-07
9.490000e+02 6.711792e-07
9.500000e+02 5.525633e-07
9.510000e+02 5.389409e-07
9.520000e+02 3.061552e-07
9.530000e+02 6.183657e-07
9.540000e+02 3.515138e-07
9.550000e+02 6.984644e-07
9.560000e+02 2.460296e-07
9.570000e+02 4.315490e-07
9.580000e+02 5.225514e-07
9.590000e+02 6.859028e-07
9.600000e+02 6.764969e-07
9.610000e+02 1.486859e-07
9.620000e+02 1.642770e-07
9.630000e+02 2.456050e-07
9.640000e+02 2.296312e-07
9.650000e+02 5.138909e-07
9.660000e+02 2.583820e-07
9.670000e+02 2.549224e-07
9.680000e+02 1.942374e-07
9.690000e+02 4.444974e-07
9.700000e+02 1.554047e-07
9.710000e+02 5.296334e-07
9.720000e+02 1.033603e-06
9.730000e+02 1.878041e-07
9.740000e+02 5.719696e-07
9.750000e+02 4.192233e-07
9.760000e+02 3.360493e-07
9.770000e+02 6.178920e-07
9.780000e+02 3.158757e-07
9.790000e+02 8.564233e-07
9.800000e+02 6.185625e-07
9.810000e+02 6.849388e-07
9.820000e+02 4.506023e-07
9.830000e+02 3.533868e-07
9.840000e+02 4.441912e-07
9.850000e+02 3.738508e-07
9.860000e+02 9.158306e-07
9.870000e+02 4.281597e-07
9.880000e+02 3.704518e-07
9.890000e+02 3.149183e-07
9.900000e+02 1.004758e-06
9.910000e+02 4.092246e-07
9.920000e+02 3.493744e-07
9.930000e+02 8.733015e-07
9.940000e+02 3.762882e-07
9.950000e+02 4.511727e-07
9.960000e+02 4.304955e-07
9.970000e+02 8.167886e-07
9.980000e+02 4.279331e-07
9.990000e+02 3.412914e-07
1.000000e+03 3.133592e-07
1.001000e+03 8.411667e-07
1.002000e+03 2.813100e-07
1.003000e+03 3.833995e-07
1.004000e+03 8.971299e-07
1.005000e+03 4.465003e-07
1.006000e+03 3.946156e-07
1.007000e+03 3.216646e-07
1.008000e+03 1.190484e-06
1.009000e+03 4.060337e-07
1.010000e+03 3.170302e-07
1.011000e+03 9.570090e-07
1.012000e+03 4.156576e-07
1.013000e+03 3.815995e-07
1.014000e+03 3.466128e-07
1.015000e+03 8.161988e-07
1.016000e+03 4.604032e-07
1.017000e+03 3.088558e-07
1.018000e+03 3.307135e-07
1.019000e+03 6.853050e-07
1.020000e+03 2.473617e-07
1.021000e+03 2.287599e-07
1.022000e+03 4.722444e-07
1.023000e+03 2.760079e-07
1.024000e+03 2.748500e-07
1.025000e+03 1.642117e-07
1.026000e+03 6.791324e-07
1.027000e+03 2.590487e-07
1.028000e+03 2.123336e-07
1.029000e+03 7.262644e-07
1.030000e+03 2.933244e-07
1.031000e+03 2.287705e-07
1.032000e+03 2.286059e-07
1.033000e+03 4.828943e-07
1.034000e+03 2.477194e-07
1.035000e+03 2.280109e-07
1.036000e+03 6.674711e-07
1.037000e+03 2.587409e-07
1.038000e+03 1.954568e-07
1.039000e+03 1.737819e-07
1.040000e+03 5.362715e-07
1.041000e+03 1.844152e-07
1.042000e+03 2.165915e-07
1.043000e+03 1.682625e-07
1.044000e+03 5.887239e-07
1.045000e+03 1.762708e-07
1.046000e+03 1.528877e-07
1.047000e+03 3.883006e-07
1.048000e+03 1.691750e-07
1.049000e+03 2.040420e-07
1.050000e+03 1.383500e-07
1.051000e+03 4.324767e-07
1.052000e+03 1.826450e-07
1.053000e+03 1.417044e-07
1.054000e+03 2.886296e-07
1.055000e+03 3.381847e-07
1.056000e+03 1.463592e-07
1.057000e+03 1.122101e-07
1.058000e+03 4.284709e-07
1.059000e+03 2.216142e-07
1.060000e+03 1.976467e-07
1.061000e+03 4.146031e-07
1.062000e+03 1.824603e-07
1.063000e+03 1.376616e-07
1.064000e+03 1.396409e-07
1.065000e+03 3.311037e-07
1.066000e+03 1.413084e-07
1.067000e+03 2.968317e-07
1.068000e+03 1.445925e-07
1.069000e+03 4.355944e-07
1.070000e+03 2.482284e-07
1.071000e+03 1.671008e-07
1.072000e+03 6.602279e-07
1.073000e+03 2.263533e-07
1.074000e+03 1.260857e-07
1.075000e+03 1.634092e-07
1.076000e+03 3.179520e-07
1.077000e+03 2.165333e-07
1.078000e+03 1.596244e-07
1.079000e+03 1.918876e-07
1.080000e+03 8.343449e-07
1.081000e+03 1.645136e-07
1.082000e+03 1.785089e-07
1.083000e+03 4.452044e-07
1.084000e+03 2.263393e-07
1.085000e+03 1.994425e-07
1.086000e+03 1.745305e-07
1.087000e+03 4.864533e-07
1.088000e+03 2.483407e-07
1.089000e+03 2.585844e-07
1.090000e+03 1.789961e-07
1.091000e+03 5.314712e-07
1.092000e+03 1.564201e-07
1.093000e+03 1.786241e-07
1.094000e+03 1.368440e-07
1.095000e+03 4.600144e-07
1.096000e+03 2.143932e-07
1.097000e+03 2.091612e-07
1.098000e+03 9.992073e-08
1.099000e+03 4.322757e-07
1.100000e+03 2.556969e-07
1.101000e+03 2.133239e-07
1.102000e+03 1.691469e-07
1.103000e+03 2.171078e-07
1.104000e+03 6.328408e-07
1.105000e+03 2.386283e-07
1.106000e+03 1.395888e-07
1.107000e+03 6.556759e-07
1.108000e+03 5.359372e-07
1.109000e+03 1.868519e-07
1.110000e+03 2.571185e-07
1.111000e+03 2.083134e-07
1.112000e+03 1.037769e-07
1.113000e+03 8.418656e-07
1.114000e+03 1.783156e-07
1.115000e+03 1.804428e-07
1.116000e+03 1.454547e-07
1.117000e+03 5.291435e-07
1.118000e+03 1.984447e-07
1.119000e+03 1.737130e-07
1.120000e+03 2.364163e-07
1.121000e+03 1.138506e-07
1.122000e+03 4.553432e-07
1.123000e+03 2.167293e-07
1.124000e+03 1.900676e-07
1.125000e+03 1.810279e-07
1.126000e+03 1.152013e-07
1.127000e+03 1.153100e-07
1.128000e+03 6.752789e-07
1.129000e+03 3.043662e-07
1.130000e+03 1.677265e-07
1.131000e+03 1.232897e-07
1.132000e+03 9.711363e-08
1.133000e+03 6.518267e-07
1.134000e+03 2.316759e-07
1.135000e+03 1.976755e-07
1.136000e+03 1.355004e-07
1.137000e+03 1.126591e-07
1.138000e+03 1.024715e-07
1.139000e+03 5.678360e-07
1.140000e+03 1.702591e-07
1.141000e+03 1.798610e-07
1.142000e+03 1.492174e-07
1.143000e+03 1.491009e-07
1.144000e+03 9.949590e-08
1.145000e+03 6.908018e-07
1.146000e+03 2.608477e-07
1.147000e+03 1.643764e-07
1.148000e+03 9.457087e-08
1.149000e+03 1.203620e-07
1.150000e+03 1.178425e-07
1.151000e+03 4.244327e-07
1.152000e+03 5.572613e-07
1.153000e+03 1.407776e-07
1.154000e+03 1.162145e-07
1.155000e+03 9.767032e-08
1.156000e+03 4.335426e-07
1.157000e+03 4.197823e-07
1.158000e+03 4.339406e-07
1.159000e+03 7.274946e-08
1.160000e+03 6.061523e-07
1.161000e+03 1.558045e-07
1.162000e+03 1.522300e-07
1.163000e+03 1.037571e-07
1.164000e+03 7.389223e-08
1.165000e+03 3.940016e-07
1.166000e+03 3.528983e-07
1.167000e+03 3.462266e-07
1.168000e+03 4.616831e-07
1.169000e+03 1.324537e-07
1.170000e+03 1.303155e-07
1.171000e+03 2.359199e-07
1.172000e+03 1.108375e-07
1.173000e+03 6.737364e-08
1.174000e+03 6.806976e-08
1.175000e+03 4.881374e-08
1.176000e+03 6.299876e-08
1.177000e+03 5.568310e-07
1.178000e+03 1.460545e-07
1.179000e+03 1.230004e-07
1.180000e+03 1.057881e-07
1.181000e+03 8.501711e-08
1.182000e+03 1.197800e-07
1.183000e+03 1.160661e-07
1.184000e+03 5.776418e-08
1.185000e+03 4.922926e-08
1.186000e+03 3.961193e-08
1.187000e+03 5.122329e-07
1.188000e+03 1.457666e-07
1.189000e+03 1.169636e-07
1.190000e+03 1.282188e-07
1.191000e+03 9.709560e-08
1.192000e+03 7.512750e-08
1.193000e+03 6.568616e-08
1.194000e+03 4.416353e-08
1.195000e+03 5.044787e-08
1.196000e+03 4.602546e-08
1.197000e+03 8.883097e-08
1.198000e+03 1.954065e-07
1.199000e+03 9.572644e-08
1.200000e+03 7.794658e-08
1.201000e+03 7.684208e-08
1.202000e+03 6.923662e-08
1.203000e+03 6.115986e-08
1.204000e+03 5.591685e-08
1.205000e+03 5.625744e-08
1.206000e+03 5.439920e-08
1.207000e+03 4.858342e-08
1.208000e+03 5.485023e-08
1.209000e+03 1.185996e-07
1.210000e+03 2.286800e-07
1.211000e+03 1.471911e-07
1.212000e+03 1.079303e-07
1.213000e+03 8.402515e-08
1.214000e+03 6.717356e-08
1.215000e+03 6.398944e-08
1.216000e+03 6.405148e-08
1.217000e+03 4.957654e-08
1.218000e+03 5.361693e-08
1.219000e+03 4.802911e-08
1.220000e+03 1.399263e-07
1.221000e+03 2.303483e-07
1.222000e+03 1.606733e-07
1.223000e+03 1.282274e-07
1.224000e+03 8.069798e-08
1.225000e+03 6.062048e-08
1.226000e+03 6.021548e-08
1.227000e+03 5.842081e-08
1.228000e+03 4.648274e-08
1.229000e+03 4.169174e-08
1.230000e+03 4.409531e-08
1.231000e+03 1.285230e-07
1.232000e+03 2.335184e-07
1.233000e+03 1.727410e-07
1.234000e+03 1.360330e-07
1.235000e+03 8.709034e-08
1.236000e+03 5.966785e-08
1.237000e+03 5.831712e-08
1.238000e+03 4.406500e-08
1.239000e+03 4.462276e-08
1.240000e+03 4.668706e-08
1.241000e+03 4.337032e-08
1.242000e+03 7.788495e-07
1.243000e+03 1.477658e-07
1.244000e+03 1.289033e-07
1.245000e+03 1.293826e-07
1.246000e+03 1.085183e-07
1.247000e+03 5.744801e-08
1.248000e+03 5.228975e-08
1.249000e+03 4.728213e-08
1.250000e+03 3.926308e-08
1.251000e+03 5.155064e-08
1.252000e+03 5.389688e-07
1.253000e+03 1.565293e-07
1.254000e+03 1.388958e-07
1.255000e+03 1.109530e-07
1.256000e+03 8.172266e-08
1.257000e+03 6.556243e-08
1.258000e+03 7.735384e-08
1.259000e+03 6.268231e-08
1.260000e+03 4.930819e-08
1.261000e+03 4.849910e-08
1.262000e+03 8.337022e-08
1.263000e+03 1.583434e-07
1.264000e+03 1.572379e-07
1.265000e+03 1.323730e-07
1.266000e+03 9.297647e-08
1.267000e+03 7.500383e-08
1.268000e+03 7.089857e-08
1.269000e+03 6.791670e-08
1.270000e+03 5.818407e-08
1.271000e+03 1.138466e-07
1.272000e+03 2.451476e-07
1.273000e+03 1.301633e-07
1.274000e+03 1.048203e-07
1.275000e+03 8.274971e-08
1.276000e+03 6.520805e-08
1.277000e+03 7.544456e-08
1.278000e+03 4.366623e-08
1.279000e+03 4.666447e-08
1.280000e+03 1.157209e-07
1.281000e+03 1.336655e-07
1.282000e+03 1.132567e-07
1.283000e+03 9.652568e-08
1.284000e+03 7.985395e-08
1.285000e+03 9.200414e-08
1.286000e+03 4.812434e-08
1.287000e+03 3.682062e-08
1.288000e+03 4.991916e-08
1.289000e+03 9.797859e-08
1.290000e+03 1.174424e-07
1.291000e+03 9.675548e-08
1.292000e+03 7.133373e-08
1.293000e+03 4.798414e-08
1.294000e+03 4.667668e-08
1.295000e+03 6.513472e-08
1.296000e+03 4.896001e-08
1.297000e+03 5.551419e-07
1.298000e+03 1.123832e-07
1.299000e+03 1.016358e-07
1.300000e+03 7.410064e-08
1.301000e+03 6.671722e-08
1.302000e+03 4.655137e-08
1.303000e+03 4.482163e-08
1.304000e+03 4.493098e-08
1.305000e+03 3.711074e-07
1.306000e+03 1.060418e-07
1.307000e+03 9.577663e-08
1.308000e+03 6.700020e-08
1.309000e+03 7.071485e-08
1.310000e+03 5.934173e-08
1.311000e+03 4.736472e-08
1.312000e+03 4.862277e-08
1.313000e+03 4.805068e-07
1.314000e+03 9.751002e-08
1.315000e+03 7.925976e-08
1.316000e+03 7.204699e-08
1.317000e+03 6.318993e-08
1.318000e+03 5.577160e-08
1.319000e+03 4.560126e-08
1.320000e+03 4.094768e-08
1.321000e+03 4.294741e-07
1.322000e+03 1.242572e-07
1.323000e+03 9.617209e-08
1.324000e+03 8.475071e-08
1.325000e+03 7.299361e-08
1.326000e+03 6.754558e-08
1.327000e+03 7.254095e-08
1.328000e+03 6.864789e-08
1.329000e+03 1.796106e-07
1.330000e+03 1.204903e-07
1.331000e+03 1.232861e-07
1.332000e+03 9.896938e-08
1.333000e+03 8.727325e-08
1.334000e+03 4.972191e-08
1.335000e+03 3.626364e-08
1.336000e+03 4.336240e-07
1.337000e+03 9.246577e-08
1.338000e+03 8.016461e-08
1.339000e+03 6.582804e-08
1.340000e+03 5.477899e-08
1.341000e+03 5.976785e-08
1.342000e+03 6.828805e-08
1.343000e+03 4.540162e-07
1.344000e+03 1.723435e-07
1.345000e+03 1.388529e-07
1.346000e+03 1.208551e-07
1.347000e+03 9.107236e-08
1.348000e+03 6.105494e-08
1.349000e+03 6.208968e-08
1.350000e+03 7.653549e-07
1.351000e+03 1.519365e-07
1.352000e+03 7.961571e-08
1.353000e+03 8.333170e-08
1.354000e+03 9.388528e-08
1.355000e+03 9.027834e-08
1.356000e+03 7.468973e-08
1.357000e+03 6.172878e-07
1.358000e+03 1.165386e-07
1.359000e+03 1.516444e-07
1.360000e+03 8.830577e-08
1.361000e+03 5.947324e-08
1.362000e+03 5.754712e-08
1.363000e+03 2.364802e-07
1.364000e+03 4.607254e-07
1.365000e+03 1.022961e-07
1.366000e+03 1.421269e-07
1.367000e+03 8.547971e-08
1.368000e+03 6.738989e-08
1.369000e+03 6.965593e-08
1.370000e+03 6.159842e-08
1.371000e+03 5.701987e-07
1.372000e+03 1.238194e-07
1.373000e+03 1.017606e-07
1.374000e+03 8.581140e-08
1.375000e+03 7.115829e-08
1.376000e+03 6.832011e-08
1.377000e+03 5.289585e-08
1.378000e+03 3.106899e-07
1.379000e+03 2.223750e-07
1.380000e+03 9.908817e-08
1.381000e+03 6.826490e-08
1.382000e+03 6.365810e-08
1.383000e+03 6.334312e-08
1.384000e+03 5.252788e-07
1.385000e+03 1.326511e-07
1.386000e+03 1.040841e-07
1.387000e+03 7.412945e-08
1.388000e+03 6.327051e-08
1.389000e+03 7.510203e-08
1.390000e+03 7.232217e-08
1.391000e+03 2.158697e-07
1.392000e+03 1.264596e-07
1.393000e+03 1.092698e-07
1.394000e+03 9.287991e-08
1.395000e+03 8.124636e-08
1.396000e+03 7.473569e-08
1.397000e+03 5.334302e-07
1.398000e+03 1.134081e-07
1.399000e+03 8.735616e-08
1.400000e+03 9.018038e-08
1.401000e+03 7.608535e-08
1.402000e+03 6.886071e-08
1.403000e+03 6.188333e-07
1.404000e+03 1.955693e-07
1.405000e+03 1.442088e-07
1.406000e+03 1.221036e-07
1.407000e+03 1.026184e-07
1.408000e+03 9.255998e-08
1.409000e+03 7.721697e-08
1.410000e+03 5.467918e-07
1.411000e+03 1.425797e-07
1.412000e+03 9.994460e-08
1.413000e+03 7.209059e-08
1.414000e+03 5.849102e-08
1.415000e+03 7.251466e-08
1.416000e+03 6.101775e-07
1.417000e+03 1.133331e-07
1.418000e+03 9.974647e-08
1.419000e+03 9.066485e-08
1.420000e+03 7.880808e-08
1.421000e+03 7.097914e-08
1.422000e+03 5.177405e-07
1.423000e+03 1.258975e-07
1.424000e+03 1.756309e-07
1.425000e+03 6.068205e-08
1.426000e+03 6.728036e-08
1.427000e+03 6.201565e-08
1.428000e+03 5.547212e-07
1.429000e+03 1.291657e-07
1.430000e+03 1.024107e-07
1.431000e+03 8.533351e-08
1.432000e+03 8.264095e-08
1.433000e+03 7.463555e-08
1.434000e+03 7.015861e-08
1.435000e+03 1.265381e-07
1.436000e+03 1.416090e-07
1.437000e+03 1.172943e-07
1.438000e+03 9.015583e-08
1.439000e+03 4.649706e-08
1.440000e+03 4.661945e-08
1.441000e+03 1.435836e-07
1.442000e+03 1.304670e-07
1.443000e+03 8.021889e-08
1.444000e+03 6.345016e-08
1.445000e+03 4.233278e-08
1.446000e+03 4.533547e-08
1.447000e+03 4.660470e-07
1.448000e+03 1.053103e-07
1.449000e+03 1.183713e-07
1.450000e+03 8.547036e-08
1.451000e+03 1.000839e-07
1.452000e+03 9.270948e-08
1.453000e+03 7.269459e-08
1.454000e+03 6.451301e-07
1.455000e+03 1.029473e-07
1.456000e+03 1.004379e-07
1.457000e+03 6.634088e-08
1.458000e+03 7.569287e-08
1.459000e+03 5.489249e-08
1.460000e+03 2.894202e-07
1.461000e+03 9.501064e-08
1.462000e+03 8.231614e-08
1.463000e+03 8.383800e-08
1.464000e+03 1.107521e-07
1.465000e+03 5.909312e-08
1.466000e+03 4.970159e-08
1.467000e+03 4.691359e-07
1.468000e+03 9.266263e-08
1.469000e+03 8.007188e-08
1.470000e+03 6.203145e-08
1.471000e+03 5.520920e-08
1.472000e+03 6.110853e-08
1.473000e+03 6.166104e-08
1.474000e+03 5.247169e-07
1.475000e+03 7.271615e-08
1.476000e+03 7.751185e-08
1.477000e+03 6.895916e-08
1.478000e+03 7.301284e-08
1.479000e+03 5.652890e-08
1.480000e+03 4.403264e-08
1.481000e+03 5.095965e-07
1.482000e+03 1.008994e-07
1.483000e+03 9.313203e-08
1.484000e+03 9.595417e-08
1.485000e+03 6.957532e-08
1.486000e+03 7.807126e-08
1.487000e+03 5.164700e-08
1.488000e+03 5.720591e-07
1.489000e+03 1.046725e-07
1.490000e+03 1.204369e-07
1.491000e+03 1.055279e-07
1.492000e+03 8.912852e-08
1.493000e+03 7.118694e-08
1.494000e+03 6.455729e-08
1.495000e+03 4.572436e-07
1.496000e+03 1.093204e-07
1.497000e+03 1.088529e-07
1.498000e+03 1.038716e-07
1.499000e+03 8.180911e-08
1.500000e+03 6.386401e-08
1.501000e+03 5.371045e-08
1.502000e+03 5.230727e-08
1.503000e+03 6.113276e-07
1.504000e+03 1.058508e-07
1.505000e+03 8.841531e-08
1.506000e+03 7.989432e-08
1.507000e+03 1.498602e-07
1.508000e+03 1.587028e-07
1.509000e+03 7.123960e-08
1.510000e+03 5.187307e-08
1.511000e+03 5.280069e-07
1.512000e+03 1.290934e-07
1.513000e+03 7.164407e-08
1.514000e+03 6.159716e-08
1.515000e+03 6.780419e-08
1.516000e+03 5.115653e-08
1.517000e+03 6.878772e-08
1.518000e+03 1.257026e-07
1.519000e+03 5.347553e-07
1.520000e+03 9.398632e-08
1.521000e+03 8.208919e-08
1.522000e+03 6.967411e-08
1.523000e+03 6.791003e-08
1.524000e+03 6.194508e-08
1.525000e+03 5.178273e-08
1.526000e+03 4.951031e-08
1.527000e+03 2.860990e-07
1.528000e+03 8.668183e-08
1.529000e+03 8.287575e-08
1.530000e+03 7.470052e-08
1.531000e+03 9.843276e-08
1.532000e+03 5.826027e-08
1.533000e+03 5.035668e-08
1.534000e+03 4.555943e-08
1.535000e+03 1.968721e-07
1.536000e+03 3.097067e-07
1.537000e+03 9.049742e-08
1.538000e+03 8.271301e-08
1.539000e+03 6.643849e-08
1.540000e+03 5.526458e-08
1.541000e+03 4.364901e-08
1.542000e+03 2.179165e-07
1.543000e+03 2.147610e-07
1.544000e+03 1.973752e-07
1.545000e+03 4.403092e-07
1.546000e+03 8.662589e-08
1.547000e+03 8.031110e-08
1.548000e+03 5.939689e-08
1.549000e+03 5.216253e-08
1.550000e+03 4.232649e-08
1.551000e+03 3.942171e-08
1.552000e+03 4.534898e-08
1.553000e+03 4.721690e-08
1.554000e+03 2.011275e-07
1.555000e+03 3.721017e-07
1.556000e+03 8.452776e-08
1.557000e+03 7.510089e-08
1.558000e+03 7.710925e-08
1.559000e+03 5.872061e-08
1.560000e+03 5.324095e-08
1.561000e+03 4.823375e-08
1.562000e+03 2.166107e-07
1.563000e+03 2.320818e-07
1.564000e+03 2.175946e-07
1.565000e+03 1.977926e-07
1.566000e+03 5.041560e-07
1.567000e+03 1.033588e-07
1.568000e+03 8.758161e-08
1.569000e+03 7.660811e-08
1.570000e+03 6.491326e-08
1.571000e+03 8.260661e-08
1.572000e+03 9.065448e-08
1.573000e+03 7.105588e-08
1.574000e+03 1.803782e-07
1.575000e+03 1.659322e-07
1.576000e+03 1.546818e-07
1.577000e+03 5.105032e-07
1.578000e+03 7.688577e-08
1.579000e+03 6.395913e-08
1.580000e+03 6.338314e-08
1.581000e+03 5.433865e-08
1.582000e+03 2.327274e-07
1.583000e+03 5.300519e-08
1.584000e+03 3.620502e-08
1.585000e+03 3.250340e-08
1.586000e+03 1.402299e-07
1.587000e+03 1.583304e-07
1.588000e+03 3.930815e-07
1.589000e+03 8.657694e-08
1.590000e+03 8.070000e-08
1.591000e+03 7.126968e-08
1.592000e+03 6.661030e-08
1.593000e+03 7.217076e-08
1.594000e+03 4.651120e-08
1.595000e+03 4.183420e-08
1.596000e+03 4.773657e-08
1.597000e+03 1.839676e-07
1.598000e+03 4.877860e-08
1.599000e+03 1.489926e-07
1.600000e+03 5.269124e-07
1.601000e+03 8.589848e-08
1.602000e+03 7.768937e-08
1.603000e+03 6.872483e-08
1.604000e+03 5.942382e-08
1.605000e+03 5.939344e-08
1.606000e+03 5.729900e-08
1.607000e+03 1.806581e-07
1.608000e+03 6.149894e-08
1.609000e+03 1.673443e-07
1.610000e+03 1.736078e-07
1.611000e+03 7.559195e-08
1.612000e+03 1.362328e-07
1.613000e+03 5.273766e-07
1.614000e+03 1.540704e-07
1.615000e+03 8.727792e-08
1.616000e+03 1.014806e-07
1.617000e+03 4.217215e-08
1.618000e+03 2.062625e-07
1.619000e+03 2.075198e-07
1.620000e+03 1.915662e-07
1.621000e+03 1.729576e-07
1.622000e+03 1.602690e-07
1.623000e+03 1.632602e-07
1.624000e+03 1.564202e-07
1.625000e+03 1.318268e-07
1.626000e+03 1.179713e-07
1.627000e+03 5.260081e-07
1.628000e+03 8.232148e-08
1.629000e+03 5.914693e-08
1.630000e+03 5.313680e-08
1.631000e+03 5.419505e-08
1.632000e+03 3.844415e-08
1.633000e+03 1.911616e-07
1.634000e+03 4.336079e-08
1.635000e+03 1.514092e-07
1.636000e+03 1.561745e-07
1.637000e+03 1.411196e-07
1.638000e+03 1.163981e-07
1.639000e+03 9.969738e-08
1.640000e+03 9.406518e-08
1.641000e+03 8.640061e-08
1.642000e+03 4.235968e-07
1.643000e+03 6.004987e-08
1.644000e+03 4.587035e-08
1.645000e+03 3.711355e-08
1.646000e+03 3.256418e-08
1.647000e+03 2.951531e-08
1.648000e+03 1.667180e-07
1.649000e+03 2.840576e-08
1.650000e+03 1.272123e-07
1.651000e+03 1.234702e-07
1.652000e+03 1.242011e-07
1.653000e+03 1.181617e-07
1.654000e+03 9.903563e-08
1.655000e+03 8.832830e-08
1.656000e+03 8.330986e-08
1.657000e+03 4.248154e-07
1.658000e+03 8.322936e-08
1.659000e+03 8.130304e-08
1.660000e+03 6.344588e-08
1.661000e+03 5.730322e-08
1.662000e+03 5.288311e-08
1.663000e+03 3.706459e-08
1.664000e+03 1.442972e-07
1.665000e+03 1.427724e-07
1.666000e+03 1.367536e-07
1.667000e+03 1.353744e-07
1.668000e+03 1.131488e-07
1.669000e+03 1.028669e-07
1.670000e+03 9.526483e-08
1.671000e+03 9.494008e-08
1.672000e+03 8.463825e-08
1.673000e+03 7.599152e-08
1.674000e+03 7.564007e-08
1.675000e+03 3.732150e-07
1.676000e+03 7.008280e-08
1.677000e+03 6.802539e-08
1.678000e+03 5.370971e-08
1.679000e+03 4.429879e-08
1.680000e+03 3.119387e-08
1.681000e+03 1.578453e-07
1.682000e+03 1.622670e-07
1.683000e+03 1.600242e-07
1.684000e+03 1.486216e-07
1.685000e+03 1.310358e-07
1.686000e+03 1.055746e-07
1.687000e+03 9.190410e-08
1.688000e+03 8.332232e-08
1.689000e+03 8.075235e-08
1.690000e+03 7.725516e-08
1.691000e+03 6.853554e-08
1.692000e+03 7.135419e-08
1.693000e+03 5.289032e-07
1.694000e+03 6.248834e-08
1.695000e+03 7.191822e-08
1.696000e+03 6.157540e-08
1.697000e+03 5.302802e-08
1.698000e+03 6.878470e-08
1.699000e+03 5.447679e-08
1.700000e+03 4.433144e-08
1.701000e+03 1.281473e-07
1.702000e+03 1.398574e-07
1.703000e+03 4.108566e-08
1.704000e+03 9.666339e-08
1.705000e+03 9.858005e-08
1.706000e+03 9.457789e-08
1.707000e+03 8.906622e-08
1.708000e+03 8.597955e-08
1.709000e+03 7.893335e-08
1.710000e+03 7.163388e-08
1.711000e+03 6.576803e-08
1.712000e+03 6.669596e-08
1.713000e+03 6.255906e-08
1.714000e+03 6.196611e-07
1.715000e+03 8.186844e-08
1.716000e+03 6.956968e-08
1.717000e+03 7.352492e-08
1.718000e+03 6.735712e-08
1.719000e+03 6.034378e-08
1.720000e+03 5.204365e-08
1.721000e+03 4.752235e-08
1.722000e+03 1.473686e-07
1.723000e+03 4.803481e-08
1.724000e+03 1.043981e-07
1.725000e+03 1.072271e-07
1.726000e+03 1.037184e-07
1.727000e+03 9.324480e-08
1.728000e+03 8.654326e-08
1.729000e+03 8.405710e-08
1.730000e+03 7.651560e-08
1.731000e+03 6.986909e-08
1.732000e+03 6.825963e-08
1.733000e+03 6.330957e-08
1.734000e+03 5.739270e-08
1.735000e+03 5.608748e-08
1.736000e+03 3.924659e-07
1.737000e+03 6.894239e-08
1.738000e+03 4.831003e-08
1.739000e+03 5.111338e-08
1.740000e+03 4.568669e-08
1.741000e+03 4.054930e-08
1.742000e+03 3.240524e-08
1.743000e+03 2.887875e-08
1.744000e+03 2.999319e-08
1.745000e+03 2.143419e-08
1.746000e+03 1.779863e-08
1.747000e+03 2.332928e-08
1.748000e+03 7.685573e-08
1.749000e+03 2.309098e-08
1.750000e+03 1.850658e-08
1.751000e+03 1.681656e-08
1.752000e+03 1.518997e-08
1.753000e+03 5.547309e-08
1.754000e+03 5.705428e-08
1.755000e+03 5.843362e-08
1.756000e+03 5.720300e-08
1.757000e+03 5.210453e-08
1.758000e+03 4.790362e-08
1.759000e+03 4.959748e-08
1.760000e+03 9.428729e-09
1.761000e+03 7.635379e-09
1.762000e+03 4.445204e-08
1.763000e+03 6.120403e-07
1.764000e+03 1.041556e-07
1.765000e+03 1.126115e-07
1.766000e+03 9.484019e-08
1.767000e+03 8.583155e-08
1.768000e+03 7.509923e-08
1.769000e+03 6.638116e-08
1.770000e+03 5.955897e-08
1.771000e+03 5.431013e-08
1.772000e+03 4.572387e-08
1.773000e+03 3.965479e-08
1.774000e+03 3.537645e-08
1.775000e+03 3.205413e-08
1.776000e+03 7.961221e-08
1.777000e+03 3.174004e-08
1.778000e+03 6.427940e-08
1.779000e+03 6.457074e-08
1.780000e+03 6.210238e-08
1.781000e+03 5.850973e-08
1.782000e+03 5.519072e-08
1.783000e+03 5.269190e-08
1.784000e+03 5.004750e-08
1.785000e+03 4.952286e-08
1.786000e+03 4.779196e-08
1.787000e+03 4.691578e-08
1.788000e+03 4.403045e-08
1.789000e+03 4.233534e-08
1.790000e+03 4.053335e-08
1.791000e+03 4.001838e-08
1.792000e+03 5.600355e-07
1.793000e+03 9.544640e-08
1.794000e+03 8.459041e-08
1.795000e+03 7.056031e-08
1.796000e+03 5.581565e-08
1.797000e+03 4.582421e-08
1.798000e+03 3.788103e-08
1.799000e+03 3.217510e-08
1.800000e+03 2.990526e-08
1.801000e+03 2.497408e-08
1.802000e+03 2.576629e-08
1.803000e+03 2.356292e-08
1.804000e+03 2.119188e-08
1.805000e+03 7.261896e-08
1.806000e+03 7.544840e-08
1.807000e+03 7.158137e-08
1.808000e+03 6.575629e-08
1.809000e+03 6.157963e-08
1.810000e+03 5.847290e-08
1.811000e+03 5.568822e-08
1.812000e+03 5.719969e-08
1.813000e+03 4.789492e-08
1.814000e+03 4.474784e-08
1.815000e+03 4.323672e-08
1.816000e+03 4.267987e-08
1.817000e+03 4.186438e-08
1.818000e+03 4.306964e-08
1.819000e+03 4.454191e-08
1.820000e+03 4.310799e-08
1.821000e+03 4.327212e-08
1.822000e+03 4.006239e-08
1.823000e+03 4.034643e-08
1.824000e+03 6.488674e-07
1.825000e+03 9.021363e-08
1.826000e+03 8.567139e-08
1.827000e+03 7.066174e-08
1.828000e+03 6.148990e-08
1.829000e+03 5.435613e-08
1.830000e+03 4.774989e-08
1.831000e+03 4.378817e-08
1.832000e+03 3.776056e-08
1.833000e+03 3.308727e-08
1.834000e+03 9.121311e-08
1.835000e+03 2.266863e-08
1.836000e+03 7.650658e-08
1.837000e+03 7.579065e-08
1.838000e+03 7.037114e-08
1.839000e+03 6.090841e-08
1.840000e+03 5.403229e-08
1.841000e+03 4.886994e-08
1.842000e+03 4.929591e-08
1.843000e+03 4.665487e-08
1.844000e+03 4.623321e-08
1.845000e+03 4.012762e-08
1.846000e+03 3.757633e-08
1.847000e+03 3.868536e-08
1.848000e+03 3.678709e-08
1.849000e+03 3.458350e-08
1.850000e+03 3.551036e-08
1.851000e+03 3.507210e-08
1.852000e+03 3.464934e-08
1.853000e+03 3.504952e-08
1.854000e+03 3.500933e-08
1.855000e+03 3.338567e-08
1.856000e+03 3.490069e-08
1.857000e+03 3.609886e-08
1.858000e+03 3.102019e-08
1.859000e+03 2.805665e-07
1.860000e+03 4.958796e-08
1.861000e+03 4.164680e-08
1.862000e+03 3.491815e-08
1.863000e+03 3.017004e-08
1.864000e+03 2.841185e-08
1.865000e+03 2.612687e-08
1.866000e+03 2.245961e-08
1.867000e+03 2.470997e-08
1.868000e+03 2.293690e-08
1.869000e+03 8.456201e-08
1.870000e+03 8.609045e-08
1.871000e+03 8.004496e-08
1.872000e+03 3.525900e-08
1.873000e+03 7.489748e-08
1.874000e+03 3.224098e-08
1.875000e+03 4.700227e-08
1.876000e+03 4.616115e-08
1.877000e+03 4.511312e-08
1.878000e+03 4.301408e-08
1.879000e+03 4.138739e-08
1.880000e+03 3.909080e-08
1.881000e+03 3.765824e-08
1.882000e+03 3.539167e-08
1.883000e+03 3.585783e-08
1.884000e+03 4.120358e-08
1.885000e+03 4.265534e-08
1.886000e+03 4.010345e-08
1.887000e+03 3.917108e-08
1.888000e+03 3.756319e-08
1.889000e+03 3.679801e-08
1.890000e+03 3.661281e-08
1.891000e+03 3.502830e-08
1.892000e+03 2.988045e-08
1.893000e+03 3.487082e-08
1.894000e+03 2.786253e-08
1.895000e+03 3.123364e-08
1.896000e+03 3.494287e-07
1.897000e+03 6.761634e-08
1.898000e+03 5.200522e-08
1.899000e+03 4.317647e-08
1.900000e+03 3.631205e-08
1.901000e+03 3.083738e-08
1.902000e+03 2.501640e-08
1.903000e+03 2.599327e-08
1.904000e+03 2.064917e-08
1.905000e+03 1.837704e-08
1.906000e+03 7.738238e-08
1.907000e+03 7.653786e-08
1.908000e+03 6.958872e-08
1.909000e+03 6.134725e-08
1.910000e+03 5.496630e-08
1.911000e+03 5.222660e-08
1.912000e+03 4.640138e-08
1.913000e+03 4.361865e-08
1.914000e+03 4.180263e-08
1.915000e+03 3.890837e-08
1.916000e+03 3.763958e-08
1.917000e+03 3.472368e-08
1.918000e+03 3.206394e-08
1.919000e+03 3.166222e-08
1.920000e+03 3.103250e-08
1.921000e+03 2.976381e-08
1.922000e+03 3.182866e-08
1.923000e+03 3.187795e-08
1.924000e+03 3.060775e-08
1.925000e+03 3.026497e-08
1.926000e+03 2.882140e-08
1.927000e+03 2.985384e-08
1.928000e+03 3.054771e-08
1.929000e+03 3.002927e-08
1.930000e+03 2.906593e-08
1.931000e+03 2.909111e-08
1.932000e+03 2.982774e-08
1.933000e+03 2.998155e-08
1.934000e+03 2.931159e-08
1.935000e+03 2.884259e-08
1.936000e+03 2.802241e-08
1.937000e+03 5.063409e-07
1.938000e+03 7.920982e-08
1.939000e+03 4.646360e-08
1.940000e+03 3.669997e-08
1.941000e+03 3.113042e-08
1.942000e+03 2.756034e-08
1.943000e+03 2.392146e-08
1.944000e+03 2.205983e-08
1.945000e+03 1.943505e-08
1.946000e+03 1.786944e-08
1.947000e+03 1.574253e-08
1.948000e+03 6.950362e-08
1.949000e+03 7.308333e-08
1.950000e+03 6.197146e-08
1.951000e+03 6.456451e-08
1.952000e+03 6.160362e-08
1.953000e+03 5.795345e-08
1.954000e+03 5.322249e-08
1.955000e+03 4.919409e-08
1.956000e+03 4.400502e-08
1.957000e+03 4.182737e-08
1.958000e+03 3.941505e-08
1.959000e+03 3.754415e-08
1.960000e+03 3.531605e-08
1.961000e+03 3.396418e-08
1.962000e+03 3.266904e-08
1.963000e+03 3.183800e-08
1.964000e+03 3.020720e-08
1.965000e+03 3.055139e-08
1.966000e+03 3.074176e-08
1.967000e+03 3.047236e-08
1.968000e+03 2.916950e-08
1.969000e+03 3.003144e-08
1.970000e+03 2.985454e-08
1.971000e+03 2.982501e-08
1.972000e+03 2.854576e-08
1.973000e+03 2.931143e-08
1.974000e+03 2.941429e-08
1.975000e+03 2.924605e-08
1.976000e+03 2.805946e-08
1.977000e+03 3.068575e-08
1.978000e+03 3.081419e-08
1.979000e+03 3.083991e-08
1.980000e+03 3.012318e-08
1.981000e+03 3.687229e-08
1.982000e+03 3.680480e-08
1.983000e+03 6.053950e-07
1.984000e+03 9.164879e-08
1.985000e+03 7.390392e-08
1.986000e+03 5.154470e-08
1.987000e+03 2.871617e-08
1.988000e+03 8.730605e-08
1.989000e+03 7.158034e-08
1.990000e+03 5.285860e-08
1.991000e+03 4.195934e-08
1.992000e+03 2.579657e-08
1.993000e+03 2.032464e-08
1.994000e+03 2.013035e-08
1.995000e+03 6.924876e-08
1.996000e+03 6.972970e-08
1.997000e+03 6.435379e-08
1.998000e+03 5.850607e-08
1.999000e+03 5.330007e-08
2.000000e+03 4.745318e-08
2.001000e+03 4.357615e-08
2.002000e+03 1.508347e-08
2.003000e+03 3.777155e-08
2.004000e+03 3.680317e-08
2.005000e+03 3.689723e-08
2.006000e+03 3.586624e-08
2.007000e+03 3.500721e-08
2.008000e+03 2.936673e-08
2.009000e+03 2.935109e-08
2.010000e+03 2.870529e-08
2.011000e+03 2.840922e-08
2.012000e+03 2.771504e-08
2.013000e+03 2.867358e-08
2.014000e+03 2.885283e-08
2.015000e+03 2.867997e-08
2.016000e+03 2.744930e-08
2.017000e+03 2.782275e-08
2.018000e+03 2.781169e-08
2.019000e+03 2.759053e-08
2.020000e+03 3.139179e-08
2.021000e+03 3.261467e-08
2.022000e+03 2.977368e-08
2.023000e+03 2.949979e-08
2.024000e+03 2.830802e-08
2.025000e+03 2.902867e-08
2.026000e+03 2.504372e-08
2.027000e+03 2.471333e-08
2.028000e+03 2.423557e-08
2.029000e+03 6.374331e-09
2.030000e+03 2.937034e-08
2.031000e+03 3.043390e-08
2.032000e+03 2.060883e-08
2.033000e+03 2.038374e-08
2.034000e+03 4.262812e-07
2.035000e+03 5.863118e-08
2.036000e+03 4.298450e-08
2.037000e+03 5.197436e-08
2.038000e+03 4.489838e-08
2.039000e+03 4.026115e-08
2.040000e+03 3.730804e-08
2.041000e+03 2.847716e-08
2.042000e+03 2.853428e-08
2.043000e+03 2.490982e-08
2.044000e+03 2.168702e-08
2.045000e+03 1.870867e-08
2.046000e+03 6.559198e-08
2.047000e+03 1.832242e-08
2.048000e+03 5.077398e-08
2.049000e+03 5.205930e-08
2.050000e+03 4.791881e-08
2.051000e+03 4.327075e-08
2.052000e+03 3.843302e-08
2.053000e+03 3.624689e-08
2.054000e+03 3.368932e-08
2.055000e+03 3.167326e-08
2.056000e+03 2.896621e-08
2.057000e+03 2.752088e-08
2.058000e+03 2.621991e-08
2.059000e+03 2.543034e-08
2.060000e+03 2.385415e-08
2.061000e+03 2.375792e-08
2.062000e+03 2.362585e-08
2.063000e+03 2.241392e-08
2.064000e+03 2.143257e-08
2.065000e+03 2.187851e-08
2.066000e+03 2.179973e-08
2.067000e+03 2.171801e-08
2.068000e+03 2.133419e-08
2.069000e+03 2.158683e-08
2.070000e+03 2.159300e-08
2.071000e+03 2.311835e-08
2.072000e+03 2.288664e-08
2.073000e+03 2.106305e-08
2.074000e+03 2.596023e-08
2.075000e+03 2.657003e-08
2.076000e+03 2.022353e-08
2.077000e+03 2.064605e-08
2.078000e+03 2.072662e-08
2.079000e+03 2.065500e-08
2.080000e+03 1.993512e-08
2.081000e+03 1.862403e-08
2.082000e+03 1.822386e-08
2.083000e+03 1.815919e-08
2.084000e+03 1.768850e-08
2.085000e+03 1.780689e-08
2.086000e+03 1.773984e-08
2.087000e+03 1.889524e-08
2.088000e+03 1.828335e-08
2.089000e+03 1.896424e-08
2.090000e+03 2.043130e-08
2.091000e+03 1.902542e-08
2.092000e+03 4.070775e-07
2.093000e+03 6.174276e-08
2.094000e+03 4.719474e-08
2.095000e+03 4.160172e-08
2.096000e+03 3.516208e-08
2.097000e+03 3.076762e-08
2.098000e+03 2.521421e-08
2.099000e+03 2.294361e-08
2.100000e+03 2.014950e-08
2.101000e+03 1.781599e-08
2.102000e+03 1.645131e-08
2.103000e+03 6.734389e-08
2.104000e+03 6.839131e-08
2.105000e+03 6.189972e-08
2.106000e+03 5.421961e-08
2.107000e+03 4.778043e-08
2.108000e+03 4.378929e-08
2.109000e+03 4.008642e-08
2.110000e+03 3.607377e-08
2.111000e+03 3.160759e-08
2.112000e+03 2.900260e-08
2.113000e+03 2.698707e-08
2.114000e+03 2.427275e-08
2.115000e+03 2.288258e-08
2.116000e+03 2.180583e-08
2.117000e+03 2.077459e-08
2.118000e+03 2.036415e-08
2.119000e+03 1.996080e-08
2.120000e+03 2.028110e-08
2.121000e+03 2.006930e-08
2.122000e+03 1.992774e-08
2.123000e+03 1.961058e-08
2.124000e+03 1.940488e-08
2.125000e+03 1.962530e-08
2.126000e+03 1.950840e-08
2.127000e+03 1.965565e-08
2.128000e+03 1.845021e-08
2.129000e+03 1.829055e-08
2.130000e+03 1.817313e-08
2.131000e+03 1.827086e-08
2.132000e+03 1.811870e-08
2.133000e+03 1.814954e-08
2.134000e+03 1.764912e-08
2.135000e+03 1.793951e-08
2.136000e+03 1.796389e-08
2.137000e+03 1.814131e-08
2.138000e+03 1.778091e-08
2.139000e+03 1.775945e-08
2.140000e+03 1.776498e-08
2.141000e+03 1.743515e-08
2.142000e+03 1.738219e-08
2.143000e+03 1.742837e-08
2.144000e+03 1.707449e-08
2.145000e+03 1.694240e-08
2.146000e+03 1.692898e-08
2.147000e+03 1.680379e-08
2.148000e+03 1.679294e-08
2.149000e+03 1.721445e-08
2.150000e+03 1.705453e-08
2.151000e+03 1.696995e-08
2.152000e+03 1.692829e-08
2.153000e+03 1.711931e-08
2.154000e+03 1.733777e-08
2.155000e+03 1.743303e-08
2.156000e+03 1.668107e-08
2.157000e+03 1.608669e-08
2.158000e+03 1.600397e-08
2.159000e+03 1.597157e-08
2.160000e+03 1.616732e-08
2.161000e+03 1.611193e-08
2.162000e+03 5.219219e-07
2.163000e+03 8.616148e-08
2.164000e+03 6.566819e-08
2.165000e+03 5.598748e-08
2.166000e+03 4.735785e-08
2.167000e+03 4.138052e-08
2.168000e+03 3.671809e-08
2.169000e+03 2.933163e-08
2.170000e+03 2.499804e-08
2.171000e+03 2.242284e-08
2.172000e+03 1.959124e-08
2.173000e+03 1.717022e-08
2.174000e+03 1.687880e-08
2.175000e+03 5.305044e-08
2.176000e+03 5.409834e-08
2.177000e+03 4.956892e-08
2.178000e+03 4.439548e-08
2.179000e+03 3.519116e-08
2.180000e+03 3.388285e-08
2.181000e+03 2.947376e-08
2.182000e+03 2.755024e-08
2.183000e+03 2.532682e-08
2.184000e+03 2.365301e-08
2.185000e+03 2.149252e-08
2.186000e+03 2.025091e-08
2.187000e+03 1.956491e-08
2.188000e+03 1.871624e-08
2.189000e+03 1.811451e-08
2.190000e+03 1.859031e-08
2.191000e+03 1.854110e-08
2.192000e+03 1.813195e-08
2.193000e+03 1.794288e-08
2.194000e+03 1.773685e-08
2.195000e+03 1.778455e-08
2.196000e+03 1.738635e-08
2.197000e+03 1.747358e-08
2.198000e+03 1.644561e-08
2.199000e+03 1.632632e-08
2.200000e+03 1.623068e-08
2.201000e+03 1.610862e-08
2.202000e+03 1.601906e-08
2.203000e+03 1.623178e-08
2.204000e+03 1.600645e-08
2.205000e+03 1.591920e-08
2.206000e+03 1.577703e-08
2.207000e+03 1.571138e-08
2.208000e+03 1.563981e-08
2.209000e+03 1.596413e-08
2.210000e+03 1.578912e-08
2.211000e+03 1.565498e-08
2.212000e+03 1.564605e-08
2.213000e+03 1.553959e-08
2.214000e+03 1.564791e-08
2.215000e+03 1.559097e-08
2.216000e+03 1.546857e-08
2.217000e+03 1.546308e-08
2.218000e+03 1.476702e-08
2.219000e+03 1.467599e-08
2.220000e+03 1.461170e-08
2.221000e+03 1.465956e-08
2.222000e+03 1.456561e-08
2.223000e+03 1.460679e-08
2.224000e+03 1.467336e-08
2.225000e+03 1.468288e-08
2.226000e+03 1.463390e-08
2.227000e+03 1.474474e-08
2.228000e+03 1.467142e-08
2.229000e+03 1.459057e-08
2.230000e+03 1.468012e-08
2.231000e+03 1.452196e-08
2.232000e+03 1.499528e-08
2.233000e+03 1.488606e-08
2.234000e+03 1.484993e-08
2.235000e+03 1.372366e-08
2.236000e+03 1.383752e-08
2.237000e+03 1.385024e-08
2.238000e+03 1.389408e-08
2.239000e+03 1.395309e-08
2.240000e+03 1.379480e-08
2.241000e+03 1.396711e-08
2.242000e+03 1.379310e-08
2.243000e+03 1.371395e-08
2.244000e+03 1.383050e-08
2.245000e+03 1.383716e-08
2.246000e+03 1.372981e-08
2.247000e+03 1.369962e-08
2.248000e+03 1.368867e-08
2.249000e+03 4.027763e-07
2.250000e+03 6.461348e-08
2.251000e+03 6.173921e-08
2.252000e+03 5.324687e-08
2.253000e+03 4.572106e-08
2.254000e+03 4.076939e-08
2.255000e+03 3.340940e-08
2.256000e+03 2.828281e-08
2.257000e+03 2.398404e-08
2.258000e+03 1.973854e-08
2.259000e+03 1.689296e-08
2.260000e+03 1.474859e-08
2.261000e+03 5.305827e-08
2.262000e+03 5.276657e-08
2.263000e+03 4.771529e-08
2.264000e+03 4.289976e-08
2.265000e+03 3.770977e-08
2.266000e+03 3.369688e-08
2.267000e+03 3.000284e-08
2.268000e+03 2.716603e-08
2.269000e+03 2.448456e-08
2.270000e+03 2.176183e-08
2.271000e+03 1.964868e-08
2.272000e+03 1.839801e-08
2.273000e+03 1.724295e-08
2.274000e+03 1.647008e-08
2.275000e+03 1.592682e-08
2.276000e+03 1.553322e-08
2.277000e+03 1.513120e-08
2.278000e+03 1.518620e-08
2.279000e+03 1.505498e-08
2.280000e+03 1.501267e-08
2.281000e+03 1.498625e-08
2.282000e+03 1.481965e-08
2.283000e+03 1.424697e-08
2.284000e+03 1.433787e-08
2.285000e+03 1.411483e-08
2.286000e+03 1.387005e-08
2.287000e+03 1.369778e-08
2.288000e+03 1.367972e-08
2.289000e+03 1.349454e-08
2.290000e+03 1.366659e-08
2.291000e+03 1.344865e-08
2.292000e+03 1.348641e-08
2.293000e+03 1.351949e-08
2.294000e+03 1.339718e-08
2.295000e+03 1.343227e-08
2.296000e+03 1.328896e-08
2.297000e+03 1.310267e-08
2.298000e+03 1.339444e-08
2.299000e+03 1.338080e-08
2.300000e+03 1.327885e-08
2.301000e+03 1.321237e-08
2.302000e+03 1.273221e-08
2.303000e+03 1.241726e-08
2.304000e+03 1.247782e-08
2.305000e+03 1.251930e-08
2.306000e+03 1.255722e-08
2.307000e+03 1.274109e-08
2.308000e+03 1.283168e-08
2.309000e+03 1.269277e-08
2.310000e+03 1.276026e-08
2.311000e+03 1.282740e-08
2.312000e+03 1.214808e-08
2.313000e+03 1.160515e-08
2.314000e+03 1.167998e-08
2.315000e+03 1.158475e-08
2.316000e+03 1.163126e-08
2.317000e+03 1.204748e-08
2.318000e+03 1.198238e-08
2.319000e+03 1.180246e-08
2.320000e+03 1.188987e-08
2.321000e+03 1.175745e-08
2.322000e+03 1.193679e-08
2.323000e+03 1.182343e-08
2.324000e+03 1.178028e-08
2.325000e+03 1.179661e-08
2.326000e+03 1.184034e-08
2.327000e+03 1.142499e-08
2.328000e+03 1.140557e-08
2.329000e+03 1.148700e-08
2.330000e+03 1.140301e-08
2.331000e+03 1.120794e-08
2.332000e+03 1.134479e-08
2.333000e+03 1.118797e-08
2.334000e+03 1.118813e-08
2.335000e+03 1.126401e-08
2.336000e+03 1.111754e-08
2.337000e+03 1.128699e-08
2.338000e+03 1.142654e-08
2.339000e+03 1.130104e-08
2.340000e+03 1.133922e-08
2.341000e+03 1.123753e-08
2.342000e+03 1.125106e-08
2.343000e+03 1.115972e-08
2.344000e+03 1.158661e-08
2.345000e+03 1.120328e-08
2.346000e+03 1.132364e-08
2.347000e+03 1.176219e-08
2.348000e+03 1.168119e-08
2.349000e+03 1.254297e-08
2.350000e+03 1.233729e-08
2.351000e+03 1.234778e-08
2.352000e+03 1.249418e-08
2.353000e+03 1.244242e-08
2.354000e+03 1.230163e-08
2.355000e+03 1.213480e-08
2.356000e+03 1.181952e-08
2.357000e+03 1.166571e-08
2.358000e+03 1.169318e-08
2.359000e+03 1.180032e-08
2.360000e+03 1.171589e-08
2.361000e+03 3.830832e-07
2.362000e+03 5.109399e-08
2.363000e+03 4.141467e-08
2.364000e+03 3.475778e-08
2.365000e+03 2.945344e-08
2.366000e+03 2.436330e-08
2.367000e+03 2.211014e-08
2.368000e+03 1.892131e-08
2.369000e+03 1.589315e-08
2.370000e+03 1.378254e-08
2.371000e+03 6.481076e-08
2.372000e+03 1.109659e-08
2.373000e+03 4.822302e-08
2.374000e+03 4.583847e-08
2.375000e+03 4.038017e-08
2.376000e+03 3.526314e-08
2.377000e+03 3.093207e-08
2.378000e+03 2.732898e-08
2.379000e+03 2.471277e-08
2.380000e+03 2.169579e-08
2.381000e+03 1.987084e-08
2.382000e+03 1.811806e-08
2.383000e+03 1.689586e-08
2.384000e+03 1.593208e-08
2.385000e+03 1.486817e-08
2.386000e+03 1.445178e-08
2.387000e+03 1.427209e-08
2.388000e+03 1.392805e-08
2.389000e+03 1.383500e-08
2.390000e+03 1.324598e-08
2.391000e+03 1.304507e-08
2.392000e+03 1.276579e-08
2.393000e+03 1.250364e-08
2.394000e+03 1.257590e-08
2.395000e+03 1.217529e-08
2.396000e+03 1.224131e-08
2.397000e+03 1.206979e-08
2.398000e+03 1.215384e-08
2.399000e+03 1.212588e-08
2.400000e+03 1.185944e-08
2.401000e+03 1.205613e-08
2.402000e+03 1.133806e-08
2.403000e+03 1.152397e-08
2.404000e+03 1.213753e-08
2.405000e+03 1.185612e-08
2.406000e+03 1.213777e-08
2.407000e+03 1.190891e-08
2.408000e+03 1.178859e-08
2.409000e+03 1.162561e-08
2.410000e+03 1.161829e-08
2.411000e+03 1.173623e-08
2.412000e+03 1.196441e-08
2.413000e+03 1.219303e-08
2.414000e+03 1.204822e-08
2.415000e+03 1.159829e-08
2.416000e+03 1.151437e-08
2.417000e+03 1.142163e-08
2.418000e+03 1.157143e-08
2.419000e+03 1.145902e-08
2.420000e+03 1.151128e-08
2.421000e+03 1.134905e-08
2.422000e+03 1.144412e-08
2.423000e+03 1.125830e-08
2.424000e+03 1.119758e-08
2.425000e+03 1.157063e-08
2.426000e+03 1.129439e-08
2.427000e+03 1.134379e-08
2.428000e+03 1.117178e-08
2.429000e+03 1.085961e-08
2.430000e+03 1.091894e-08
2.431000e+03 1.094994e-08
2.432000e+03 1.106112e-08
2.433000e+03 1.115055e-08
2.434000e+03 1.115062e-08
2.435000e+03 1.097665e-08
2.436000e+03 1.103471e-08
2.437000e+03 1.103824e-08
2.438000e+03 1.096105e-08
2.439000e+03 1.106025e-08
2.440000e+03 1.094538e-08
2.441000e+03 1.104353e-08
2.442000e+03 1.087333e-08
2.443000e+03 1.106854e-08
2.444000e+03 1.013429e-08
2.445000e+03 9.986754e-09
2.446000e+03 1.022241e-08
2.447000e+03 9.917299e-09
2.448000e+03 1.013495e-08
2.449000e+03 9.868863e-09
2.450000e+03 9.954989e-09
2.451000e+03 9.811405e-09
2.452000e+03 9.907782e-09
2.453000e+03 9.913085e-09
2.454000e+03 9.736110e-09
2.455000e+03 9.948790e-09
2.456000e+03 9.680236e-09
2.457000e+03 9.957895e-09
2.458000e+03 9.686322e-09
2.459000e+03 1.028063e-08
2.460000e+03 1.062979e-08
2.461000e+03 1.036781e-08
2.462000e+03 1.045226e-08
2.463000e+03 1.054081e-08
2.464000e+03 1.074461e-08
2.465000e+03 1.063464e-08
2.466000e+03 1.059519e-08
2.467000e+03 1.082558e-08
2.468000e+03 1.063325e-08
2.469000e+03 1.057412e-08
2.470000e+03 1.006331e-08
2.471000e+03 1.015043e-08
2.472000e+03 9.661292e-09
2.473000e+03 9.830252e-09
2.474000e+03 9.807834e-09
2.475000e+03 9.687963e-09
2.476000e+03 9.764001e-09
2.477000e+03 9.587868e-09
2.478000e+03 9.982560e-09
2.479000e+03 1.009490e-08
2.480000e+03 9.970004e-09
2.481000e+03 9.932686e-09
2.482000e+03 9.751031e-09
2.483000e+03 1.010465e-08
2.484000e+03 1.074896e-08
2.485000e+03 1.076954e-08
2.486000e+03 1.069233e-08
2.487000e+03 1.078191e-08
2.488000e+03 1.078180e-08
2.489000e+03 1.062520e-08
2.490000e+03 1.071070e-08
2.491000e+03 1.004300e-08
2.492000e+03 1.014156e-08
2.493000e+03 1.014779e-08
2.494000e+03 1.022422e-08
2.495000e+03 1.027068e-08
2.496000e+03 1.002683e-08
2.497000e+03 1.024649e-08
2.498000e+03 1.003239e-08
2.499000e+03 9.668465e-09
2.500000e+03 9.677303e-09
2.501000e+03 9.551979e-09
2.502000e+03 9.746682e-09
2.503000e+03 9.553612e-09
2.504000e+03 9.682079e-09
2.505000e+03 9.479080e-09
2.506000e+03 9.615925e-09
2.507000e+03 9.592831e-09
2.508000e+03 9.615630e-09
2.509000e+03 9.949125e-09
2.510000e+03 9.596697e-09
2.511000e+03 9.875736e-09
2.512000e+03 9.552901e-09
2.513000e+03 9.504720e-09
2.514000e+03 9.593034e-09
2.515000e+03 9.511050e-09
2.516000e+03 6.298826e-07
2.517000e+03 1.017748e-07
2.518000e+03 8.786562e-08
2.519000e+03 6.800703e-08
2.520000e+03 5.484309e-08
2.521000e+03 4.597007e-08
2.522000e+03 3.878096e-08
2.523000e+03 3.435801e-08
2.524000e+03 2.844523e-08
2.525000e+03 2.400861e-08
2.526000e+03 2.011141e-08
2.527000e+03 1.716595e-08
2.528000e+03 1.503109e-08
2.529000e+03 1.287342e-08
2.530000e+03 4.073382e-08
2.531000e+03 3.910689e-08
2.532000e+03 3.470478e-08
2.533000e+03 3.027393e-08
2.534000e+03 2.650050e-08
2.535000e+03 2.317866e-08
2.536000e+03 2.061248e-08
2.537000e+03 1.873908e-08
2.538000e+03 1.695572e-08
2.539000e+03 1.567522e-08
2.540000e+03 1.455011e-08
2.541000e+03 1.369250e-08
2.542000e+03 1.308869e-08
2.543000e+03 1.232776e-08
2.544000e+03 1.191713e-08
2.545000e+03 1.163608e-08
2.546000e+03 1.138275e-08
2.547000e+03 1.138785e-08
2.548000e+03 1.164772e-08
2.549000e+03 1.166007e-08
2.550000e+03 1.164171e-08
2.551000e+03 1.159307e-08
2.552000e+03 1.150289e-08
2.553000e+03 1.143148e-08
2.554000e+03 1.139502e-08
2.555000e+03 1.131105e-08
2.556000e+03 1.128693e-08
2.557000e+03 1.067588e-08
2.558000e+03 1.062830e-08
2.559000e+03 1.044255e-08
2.560000e+03 1.058204e-08
2.561000e+03 1.029546e-08
2.562000e+03 1.025934e-08
2.563000e+03 1.029106e-08
2.564000e+03 1.031603e-08
2.565000e+03 1.014710e-08
2.566000e+03 9.921006e-09
2.567000e+03 9.862734e-09
2.568000e+03 9.919786e-09
2.569000e+03 9.919592e-09
2.570000e+03 9.906353e-09
2.571000e+03 9.996221e-09
2.572000e+03 1.002620e-08
2.573000e+03 1.015425e-08
2.574000e+03 1.031950e-08
2.575000e+03 1.015711e-08
2.576000e+03 1.018428e-08
2.577000e+03 1.006827e-08
2.578000e+03 1.011918e-08
2.579000e+03 1.002781e-08
2.580000e+03 9.969641e-09
2.581000e+03 1.023325e-08
2.582000e+03 9.715801e-09
2.583000e+03 9.632801e-09
2.584000e+03 9.645264e-09
2.585000e+03 9.714639e-09
2.586000e+03 9.707113e-09
2.587000e+03 9.709412e-09
2.588000e+03 9.611796e-09
2.589000e+03 9.357033e-09
2.590000e+03 9.517646e-09
2.591000e+03 9.366760e-09
2.592000e+03 9.242297e-09
2.593000e+03 9.384162e-09
2.594000e+03 9.270282e-09
2.595000e+03 9.294481e-09
2.596000e+03 9.191637e-09
2.597000e+03 9.163018e-09
2.598000e+03 9.184862e-09
2.599000e+03 9.194102e-09
2.600000e+03 9.334264e-09
2.601000e+03 9.255613e-09
2.602000e+03 9.190965e-09
2.603000e+03 9.087853e-09
2.604000e+03 9.063505e-09
2.605000e+03 9.298752e-09
2.606000e+03 9.280136e-09
2.607000e+03 9.138811e-09
2.608000e+03 9.091799e-09
2.609000e+03 9.064830e-09
2.610000e+03 9.166890e-09
2.611000e+03 8.982464e-09
2.612000e+03 9.077693e-09
2.613000e+03 8.976784e-09
2.614000e+03 9.027194e-09
2.615000e+03 8.989495e-09
2.616000e+03 8.890106e-09
2.617000e+03 8.972821e-09
2.618000e+03 9.018514e-09
2.619000e+03 9.087164e-09
2.620000e+03 9.356016e-09
2.621000e+03 9.527147e-09
2.622000e+03 9.133486e-09
2.623000e+03 9.059136e-09
2.624000e+03 8.951225e-09
2.625000e+03 8.850444e-09
2.626000e+03 9.025039e-09
2.627000e+03 8.832037e-09
2.628000e+03 8.799887e-09
2.629000e+03 9.003848e-09
2.630000e+03 8.952435e-09
2.631000e+03 8.972818e-09
2.632000e+03 9.093526e-09
2.633000e+03 8.896296e-09
2.634000e+03 7.697944e-09
2.635000e+03 7.648096e-09
2.636000e+03 7.598559e-09
2.637000e+03 7.813824e-09
2.638000e+03 7.774656e-09
2.639000e+03 7.742348e-09
2.640000e+03 7.752206e-09
2.641000e+03 7.931132e-09
2.642000e+03 7.850574e-09
2.643000e+03 7.784702e-09
2.644000e+03 7.874972e-09
2.645000e+03 8.064479e-09
2.646000e+03 8.077146e-09
2.647000e+03 8.110995e-09
2.648000e+03 8.020684e-09
2.649000e+03 8.131458e-09
2.650000e+03 7.912352e-09
2.651000e+03 7.834824e-09
2.652000e+03 7.815940e-09
2.653000e+03 7.775794e-09
2.654000e+03 7.863470e-09
2.655000e+03 7.880409e-09
2.656000e+03 7.920774e-09
2.657000e+03 8.127572e-09
2.658000e+03 7.920564e-09
2.659000e+03 7.932714e-09
2.660000e+03 7.853896e-09
2.661000e+03 7.785244e-09
2.662000e+03 7.907830e-09
2.663000e+03 7.881420e-09
2.664000e+03 7.828543e-09
2.665000e+03 7.955276e-09
2.666000e+03 7.847381e-09
2.667000e+03 7.815994e-09
2.668000e+03 7.802297e-09
2.669000e+03 7.825512e-09
2.670000e+03 7.830883e-09
2.671000e+03 7.905348e-09
2.672000e+03 7.916201e-09
2.673000e+03 7.882041e-09
2.674000e+03 7.832331e-09
2.675000e+03 7.784590e-09
2.676000e+03 7.830223e-09
2.677000e+03 8.037723e-09
2.678000e+03 7.917892e-09
2.679000e+03 7.798044e-09
2.680000e+03 7.754841e-09
2.681000e+03 7.773855e-09
2.682000e+03 7.740593e-09
2.683000e+03 7.810147e-09
2.684000e+03 7.647774e-09
2.685000e+03 7.745802e-09
2.686000e+03 7.691700e-09
2.687000e+03 7.680026e-09
2.688000e+03 7.698173e-09
2.689000e+03 7.690373e-09
2.690000e+03 7.675947e-09
2.691000e+03 7.705020e-09
2.692000e+03 7.765567e-09
2.693000e+03 7.926618e-09
2.694000e+03 7.776001e-09
2.695000e+03 7.646067e-09
2.696000e+03 7.791401e-09
2.697000e+03 7.667505e-09
2.698000e+03 7.761343e-09
2.699000e+03 7.664732e-09
2.700000e+03 7.776945e-09
2.701000e+03 7.866963e-09
2.702000e+03 7.718688e-09
2.703000e+03 7.771249e-09
2.704000e+03 7.703079e-09
2.705000e+03 7.731199e-09
2.706000e+03 7.600107e-09
2.707000e+03 7.507032e-09
2.708000e+03 7.480362e-09
2.709000e+03 7.563662e-09
2.710000e+03 7.603107e-09
2.711000e+03 7.136136e-09
2.712000e+03 7.144285e-09
2.713000e+03 7.394230e-09
2.714000e+03 7.334918e-09
2.715000e+03 7.223037e-09
2.716000e+03 7.120344e-09
2.717000e+03 7.220570e-09
2.718000e+03 7.276862e-09
2.719000e+03 7.216751e-09
2.720000e+03 7.124750e-09
2.721000e+03 7.174238e-09
2.722000e+03 7.128514e-09
2.723000e+03 7.165623e-09
2.724000e+03 7.459560e-09
2.725000e+03 7.279541e-09
2.726000e+03 7.375195e-09
2.727000e+03 7.314350e-09
2.728000e+03 7.298082e-09
2.729000e+03 7.473550e-09
2.730000e+03 7.345009e-09
2.731000e+03 7.128351e-09
2.732000e+03 7.440815e-09
2.733000e+03 7.316774e-09
2.734000e+03 7.224834e-09
2.735000e+03 7.221776e-09
2.736000e+03 7.048930e-09
2.737000e+03 7.164048e-09
2.738000e+03 7.043203e-09
2.739000e+03 7.104897e-09
2.740000e+03 7.081983e-09
2.741000e+03 7.133790e-09
2.742000e+03 7.102622e-09
2.743000e+03 7.034381e-09
2.744000e+03 7.021357e-09
2.745000e+03 7.209931e-09
2.746000e+03 7.199250e-09
2.747000e+03 7.063054e-09
2.748000e+03 7.109053e-09
2.749000e+03 7.270719e-09
2.750000e+03 7.214875e-09
2.751000e+03 7.068356e-09
2.752000e+03 7.010992e-09
2.753000e+03 7.069274e-09
2.754000e+03 4.804967e-07
2.755000e+03 9.036992e-08
2.756000e+03 7.684102e-08
2.757000e+03 4.843163e-08
2.758000e+03 3.763171e-08
2.759000e+03 3.003818e-08
2.760000e+03 2.552863e-08
2.761000e+03 2.109712e-08
2.762000e+03 1.749670e-08
2.763000e+03 1.456363e-08
2.764000e+03 1.629790e-08
2.765000e+03 1.437787e-08
2.766000e+03 5.353063e-08
2.767000e+03 4.918289e-08
2.768000e+03 4.315249e-08
2.769000e+03 3.683832e-08
2.770000e+03 3.139550e-08
2.771000e+03 2.685993e-08
2.772000e+03 2.318198e-08
2.773000e+03 2.026619e-08
2.774000e+03 1.757114e-08
2.775000e+03 1.554505e-08
2.776000e+03 1.424640e-08
2.777000e+03 1.296719e-08
2.778000e+03 1.198038e-08
2.779000e+03 1.243824e-08
2.780000e+03 1.212028e-08
2.781000e+03 1.028434e-08
2.782000e+03 9.566574e-09
2.783000e+03 9.325853e-09
2.784000e+03 9.157743e-09
2.785000e+03 9.124239e-09
2.786000e+03 8.897761e-09
2.787000e+03 8.796522e-09
2.788000e+03 8.652509e-09
2.789000e+03 8.557856e-09
2.790000e+03 8.450717e-09
2.791000e+03 1.015263e-08
2.792000e+03 1.085228e-08
2.793000e+03 1.107295e-08
2.794000e+03 1.111079e-08
2.795000e+03 9.086357e-09
2.796000e+03 8.344968e-09
2.797000e+03 8.308688e-09
2.798000e+03 8.138799e-09
2.799000e+03 7.865190e-09
2.800000e+03 7.693249e-09
2.801000e+03 7.641808e-09
2.802000e+03 7.606067e-09
2.803000e+03 7.766137e-09
2.804000e+03 7.681542e-09
2.805000e+03 7.499469e-09
2.806000e+03 7.505460e-09
2.807000e+03 7.692789e-09
2.808000e+03 7.535349e-09
2.809000e+03 7.429537e-09
2.810000e+03 7.348172e-09
2.811000e+03 7.313950e-09
2.812000e+03 7.251472e-09
2.813000e+03 7.220544e-09
2.814000e+03 7.409218e-09
2.815000e+03 7.294946e-09
2.816000e+03 7.251668e-09
2.817000e+03 7.144450e-09
2.818000e+03 7.198546e-09
2.819000e+03 7.215101e-09
2.820000e+03 7.142719e-09
2.821000e+03 7.128155e-09
2.822000e+03 7.103203e-09
2.823000e+03 6.991859e-09
2.824000e+03 7.160493e-09
2.825000e+03 7.235446e-09
2.826000e+03 7.500527e-09
2.827000e+03 7.569480e-09
2.828000e+03 7.673620e-09
2.829000e+03 7.719590e-09
2.830000e+03 7.611963e-09
2.831000e+03 7.608972e-09
2.832000e+03 7.576530e-09
2.833000e+03 7.676976e-09
2.834000e+03 7.602402e-09
2.835000e+03 7.562514e-09
2.836000e+03 7.505373e-09
2.837000e+03 7.468364e-09
2.838000e+03 7.459951e-09
2.839000e+03 7.604785e-09
2.840000e+03 7.439222e-09
2.841000e+03 7.283323e-09
2.842000e+03 7.282153e-09
2.843000e+03 7.291390e-09
2.844000e+03 7.382369e-09
2.845000e+03 7.194755e-09
2.846000e+03 7.196945e-09
2.847000e+03 7.171252e-09
2.848000e+03 7.140016e-09
2.849000e+03 7.111220e-09
2.850000e+03 7.096423e-09
2.851000e+03 7.043388e-09
2.852000e+03 7.206271e-09
2.853000e+03 7.034444e-09
2.854000e+03 7.062982e-09
2.855000e+03 7.158481e-09
2.856000e+03 7.082810e-09
2.857000e+03 6.915485e-09
2.858000e+03 6.967905e-09
2.859000e+03 6.844590e-09
2.860000e+03 6.872015e-09
2.861000e+03 6.945936e-09
2.862000e+03 6.746232e-09
2.863000e+03 6.963363e-09
2.864000e+03 6.769851e-09
2.865000e+03 6.834414e-09
2.866000e+03 6.680905e-09
2.867000e+03 6.705176e-09
2.868000e+03 6.722529e-09
2.869000e+03 6.740522e-09
2.870000e+03 6.677839e-09
2.871000e+03 6.684601e-09
2.872000e+03 6.659530e-09
2.873000e+03 6.613436e-09
2.874000e+03 6.610914e-09
2.875000e+03 6.857351e-09
2.876000e+03 6.782616e-09
2.877000e+03 5.890762e-09
2.878000e+03 5.831070e-09
2.879000e+03 5.829463e-09
2.880000e+03 5.969037e-09
2.881000e+03 5.886799e-09
2.882000e+03 5.842297e-09
2.883000e+03 5.877531e-09
2.884000e+03 5.843630e-09
2.885000e+03 5.793243e-09
2.886000e+03 6.284074e-09
2.887000e+03 6.319546e-09
2.888000e+03 6.280219e-09
2.889000e+03 6.360530e-09
2.890000e+03 6.346899e-09
2.891000e+03 6.513728e-09
2.892000e+03 6.448253e-09
2.893000e+03 6.411709e-09
2.894000e+03 6.311617e-09
2.895000e+03 6.264984e-09
2.896000e+03 6.390009e-09
2.897000e+03 6.070499e-09
2.898000e+03 6.076958e-09
2.899000e+03 6.160943e-09
2.900000e+03 6.111535e-09
2.901000e+03 6.037808e-09
2.902000e+03 6.027649e-09
2.903000e+03 6.094073e-09
2.904000e+03 6.066431e-09
2.905000e+03 6.046594e-09
2.906000e+03 6.011706e-09
2.907000e+03 5.977026e-09
2.908000e+03 5.986886e-09
2.909000e+03 5.939532e-09
2.910000e+03 5.989467e-09
2.911000e+03 6.422301e-09
2.912000e+03 6.379826e-09
2.913000e+03 6.224687e-09
2.914000e+03 6.164071e-09
2.915000e+03 6.142381e-09
2.916000e+03 6.100284e-09
2.917000e+03 6.222616e-09
2.918000e+03 6.195072e-09
2.919000e+03 6.151450e-09
2.920000e+03 6.108287e-09
2.921000e+03 6.112263e-09
2.922000e+03 6.137991e-09
2.923000e+03 6.088345e-09
2.924000e+03 6.283636e-09
2.925000e+03 6.291631e-09
2.926000e+03 6.097471e-09
2.927000e+03 6.257315e-09
2.928000e+03 6.039294e-09
2.929000e+03 5.968647e-09
2.930000e+03 6.013716e-09
2.931000e+03 5.917216e-09
2.932000e+03 5.989203e-09
2.933000e+03 5.846006e-09
2.934000e+03 5.975772e-09
2.935000e+03 6.003548e-09
2.936000e+03 6.058149e-09
2.937000e+03 6.212494e-09
2.938000e+03 6.067873e-09
2.939000e+03 6.138543e-09
2.940000e+03 6.122357e-09
2.941000e+03 6.104734e-09
2.942000e+03 6.137627e-09
2.943000e+03 6.052807e-09
2.944000e+03 6.075582e-09
2.945000e+03 5.995685e-09
2.946000e+03 6.062365e-09
2.947000e+03 6.267189e-09
2.948000e+03 6.221547e-09
2.949000e+03 6.004733e-09
2.950000e+03 5.990644e-09
2.951000e+03 6.197470e-09
2.952000e+03 6.247637e-09
2.953000e+03 5.801737e-09
2.954000e+03 5.882031e-09
2.955000e+03 5.961238e-09
2.956000e+03 5.719699e-09
2.957000e+03 5.724753e-09
2.958000e+03 5.753580e-09
2.959000e+03 5.689144e-09
2.960000e+03 5.869479e-09
2.961000e+03 5.769417e-09
2.962000e+03 5.786308e-09
2.963000e+03 5.916637e-09
2.964000e+03 5.822534e-09
2.965000e+03 5.689284e-09
2.966000e+03 5.708738e-09
2.967000e+03 5.615555e-09
2.968000e+03 5.685168e-09
2.969000e+03 5.782668e-09
2.970000e+03 5.611890e-09
2.971000e+03 5.830207e-09
2.972000e+03 5.687118e-09
2.973000e+03 5.772439e-09
2.974000e+03 5.662837e-09
2.975000e+03 5.753122e-09
2.976000e+03 5.697542e-09
2.977000e+03 5.605279e-09
2.978000e+03 5.590249e-09
2.979000e+03 5.555291e-09
2.980000e+03 5.579618e-09
2.981000e+03 5.532458e-09
2.982000e+03 5.542357e-09
2.983000e+03 6.070711e-09
2.984000e+03 5.815278e-09
2.985000e+03 5.666112e-09
2.986000e+03 5.601639e-09
2.987000e+03 5.684863e-09
2.988000e+03 5.745015e-09
2.989000e+03 5.673369e-09
2.990000e+03 5.628076e-09
2.991000e+03 5.770712e-09
2.992000e+03 5.739936e-09
2.993000e+03 5.780989e-09
2.994000e+03 5.722812e-09
2.995000e+03 5.710161e-09
2.996000e+03 5.848601e-09
2.997000e+03 5.805009e-09
2.998000e+03 5.800095e-09
2.999000e+03 5.915557e-09
3.000000e+03 5.817102e-09
3.001000e+03 5.695651e-09
3.002000e+03 5.498385e-09
3.003000e+03 5.407527e-09
3.004000e+03 5.531871e-09
3.005000e+03 5.543288e-09
3.006000e+03 5.414090e-09
3.007000e+03 5.543976e-09
3.008000e+03 5.424225e-09
3.009000e+03 5.595307e-09
3.010000e+03 5.485936e-09
3.011000e+03 5.546858e-09
3.012000e+03 5.524605e-09
3.013000e+03 5.491323e-09
3.014000e+03 5.490506e-09
3.015000e+03 5.437553e-09
3.016000e+03 5.436396e-09
3.017000e+03 5.390026e-09
3.018000e+03 5.453168e-09
3.019000e+03 5.610301e-09
3.020000e+03 5.601025e-09
3.021000e+03 5.415524e-09
3.022000e+03 5.363061e-09
3.023000e+03 5.487919e-09
3.024000e+03 5.520690e-09
3.025000e+03 5.501832e-09
3.026000e+03 5.416116e-09
3.027000e+03 5.421998e-09
3.028000e+03 5.335381e-09
3.029000e+03 5.351600e-09
3.030000e+03 5.389934e-09
3.031000e+03 5.327133e-09
3.032000e+03 5.458481e-09
3.033000e+03 5.303148e-09
3.034000e+03 5.508482e-09
3.035000e+03 5.701093e-09
3.036000e+03 5.504419e-09
3.037000e+03 5.248415e-09
3.038000e+03 5.300578e-09
3.039000e+03 5.226526e-09
3.040000e+03 5.320497e-09
3.041000e+03 5.264394e-09
3.042000e+03 5.104391e-09
3.043000e+03 5.204931e-09
3.044000e+03 5.071474e-09
3.045000e+03 5.196822e-09
3.046000e+03 5.088456e-09
3.047000e+03 5.177859e-09
3.048000e+03 5.124160e-09
3.049000e+03 5.136801e-09
3.050000e+03 5.261227e-09
3.051000e+03 5.191922e-09
3.052000e+03 5.197394e-09
3.053000e+03 5.142701e-09
3.054000e+03 5.202996e-09
3.055000e+03 5.393530e-09
3.056000e+03 5.311058e-09
3.057000e+03 5.150024e-09
3.058000e+03 5.111307e-09
3.059000e+03 5.181261e-09
3.060000e+03 5.246662e-09
3.061000e+03 5.156250e-09
3.062000e+03 5.116849e-09
3.063000e+03 5.158572e-09
3.064000e+03 5.306618e-09
3.065000e+03 5.443190e-09
3.066000e+03 5.490722e-09
3.067000e+03 5.447718e-09
3.068000e+03 5.648443e-09
3.069000e+03 5.525782e-09
3.070000e+03 5.539882e-09
3.071000e+03 5.639217e-09
3.072000e+03 5.571295e-09
3.073000e+03 5.452002e-09
3.074000e+03 5.519495e-09
3.075000e+03 5.413548e-09
3.076000e+03 5.453593e-09
3.077000e+03 5.579012e-09
3.078000e+03 5.354366e-09
3.079000e+03 5.567254e-09
3.080000e+03 5.381851e-09
3.081000e+03 5.456456e-09
3.082000e+03 5.381677e-09
3.083000e+03 5.455955e-09
3.084000e+03 5.422164e-09
3.085000e+03 5.301042e-09
3.086000e+03 5.319179e-09
3.087000e+03 5.294094e-09
3.088000e+03 5.330560e-09
3.089000e+03 5.281880e-09
3.090000e+03 5.207927e-09
3.091000e+03 5.459045e-09
3.092000e+03 5.418672e-09
3.093000e+03 5.239654e-09
3.094000e+03 5.170432e-09
3.095000e+03 5.321177e-09
3.096000e+03 5.397338e-09
3.097000e+03 5.322527e-09
3.098000e+03 5.151157e-09
3.099000e+03 5.135680e-09
3.100000e+03 5.089946e-09
3.101000e+03 5.114807e-09
3.102000e+03 5.088499e-09
3.103000e+03 5.070388e-09
3.104000e+03 5.203188e-09
3.105000e+03 5.145463e-09
3.106000e+03 5.119396e-09
3.107000e+03 5.279415e-09
3.108000e+03 5.194331e-09
3.109000e+03 5.039134e-09
3.110000e+03 5.085262e-09
3.111000e+03 4.997815e-09
3.112000e+03 5.127634e-09
3.113000e+03 5.098594e-09
3.114000e+03 4.963728e-09
3.115000e+03 5.049478e-09
3.116000e+03 4.948003e-09
3.117000e+03 5.041679e-09
3.118000e+03 4.932004e-09
3.119000e+03 5.013617e-09
3.120000e+03 4.963845e-09
3.121000e+03 4.948808e-09
3.122000e+03 5.027385e-09
3.123000e+03 4.981304e-09
3.124000e+03 4.981018e-09
3.125000e+03 4.940952e-09
3.126000e+03 5.016694e-09
3.127000e+03 5.168500e-09
3.128000e+03 5.139946e-09
3.129000e+03 4.971465e-09
3.130000e+03 4.909117e-09
3.131000e+03 5.008310e-09
3.132000e+03 4.899712e-09
3.133000e+03 4.871976e-09
3.134000e+03 4.827848e-09
3.135000e+03 4.800331e-09
3.136000e+03 4.754994e-09
3.137000e+03 4.734645e-09
3.138000e+03 4.754728e-09
3.139000e+03 4.701280e-09
3.140000e+03 4.926376e-09
3.141000e+03 4.746010e-09
3.142000e+03 4.810345e-09
3.143000e+03 4.991338e-09
3.144000e+03 4.822257e-09
3.145000e+03 4.730121e-09
3.146000e+03 4.782885e-09
3.147000e+03 4.684160e-09
3.148000e+03 4.780696e-09
3.149000e+03 4.868965e-09
3.150000e+03 4.707159e-09
3.151000e+03 4.817173e-09
3.152000e+03 4.679188e-09
3.153000e+03 4.790213e-09
3.154000e+03 4.663102e-09
3.155000e+03 4.718946e-09
3.156000e+03 4.194944e-09
3.157000e+03 4.186601e-09
3.158000e+03 4.210747e-09
3.159000e+03 4.127948e-09
3.160000e+03 4.089643e-09
3.161000e+03 4.017509e-09
3.162000e+03 4.069895e-09
3.163000e+03 4.244861e-09
3.164000e+03 4.257557e-09
3.165000e+03 4.080463e-09
3.166000e+03 4.057891e-09
3.167000e+03 4.040072e-09
3.168000e+03 4.094624e-09
3.169000e+03 3.993115e-09
3.170000e+03 3.939155e-09
3.171000e+03 4.012654e-09
3.172000e+03 3.905303e-09
3.173000e+03 3.923514e-09
3.174000e+03 3.948371e-09
3.175000e+03 3.957939e-09
3.176000e+03 4.156659e-09
3.177000e+03 4.062388e-09
3.178000e+03 4.077328e-09
3.179000e+03 4.226142e-09
3.180000e+03 4.122088e-09
3.181000e+03 4.001609e-09
3.182000e+03 4.072178e-09
3.183000e+03 3.965419e-09
3.184000e+03 4.025653e-09
3.185000e+03 4.148766e-09
3.186000e+03 3.968574e-09
3.187000e+03 4.158408e-09
3.188000e+03 3.990283e-09
3.189000e+03 3.887938e-09
3.190000e+03 3.771474e-09
3.191000e+03 3.879501e-09
3.192000e+03 3.826074e-09
3.193000e+03 4.073104e-07
3.194000e+03 9.303212e-08
3.195000e+03 8.445907e-08
3.196000e+03 3.716474e-08
3.197000e+03 1.874342e-07
3.198000e+03 1.733218e-07
3.199000e+03 1.873594e-07
3.200000e+03 1.815867e-07
3.201000e+03 4.277199e-08
3.202000e+03 1.062893e-07
3.203000e+03 1.090480e-07
3.204000e+03 9.895890e-08
3.205000e+03 8.582939e-08
3.206000e+03 7.331484e-08
3.207000e+03 4.424666e-08
3.208000e+03 3.229935e-08
3.209000e+03 2.623928e-08
3.210000e+03 2.210617e-08
3.211000e+03 1.977758e-08
3.212000e+03 1.749943e-08
3.213000e+03 1.510513e-08
3.214000e+03 1.320051e-08
3.215000e+03 1.170709e-08
3.216000e+03 1.038328e-08
3.217000e+03 9.255995e-09
3.218000e+03 8.551945e-09
3.219000e+03 7.842340e-09
3.220000e+03 7.518798e-09
3.221000e+03 7.120347e-09
3.222000e+03 6.765808e-09
3.223000e+03 6.637628e-09
3.224000e+03 6.390191e-09
3.225000e+03 6.293876e-09
3.226000e+03 6.420497e-09
3.227000e+03 6.302727e-09
3.228000e+03 6.201875e-09
3.229000e+03 6.059421e-09
3.230000e+03 6.029020e-09
3.231000e+03 5.868469e-09
3.232000e+03 5.790627e-09
3.233000e+03 5.659767e-09
3.234000e+03 5.659355e-09
3.235000e+03 5.719572e-09
3.236000e+03 5.656293e-09
3.237000e+03 5.418342e-09
3.238000e+03 5.328909e-09
3.239000e+03 5.385442e-09
3.240000e+03 5.384213e-09
3.241000e+03 5.268309e-09
3.242000e+03 5.176044e-09
3.243000e+03 5.150395e-09
3.244000e+03 5.044228e-09
3.245000e+03 5.023710e-09
3.246000e+03 5.058295e-09
3.247000e+03 4.967216e-09
3.248000e+03 5.160699e-09
3.249000e+03 4.972831e-09
3.250000e+03 5.011920e-09
3.251000e+03 5.183793e-09
3.252000e+03 5.002361e-09
3.253000e+03 4.875423e-09
3.254000e+03 4.917686e-09
3.255000e+03 4.807508e-09
3.256000e+03 4.871127e-09
3.257000e+03 4.942128e-09
3.258000e+03 4.828131e-09
3.259000e+03 4.866613e-09
3.260000e+03 4.950195e-09
3.261000e+03 5.059118e-09
3.262000e+03 4.912067e-09
3.263000e+03 4.970349e-09
3.264000e+03 4.914508e-09
3.265000e+03 4.913508e-09
3.266000e+03 4.928055e-09
3.267000e+03 4.835704e-09
3.268000e+03 4.817032e-09
3.269000e+03 4.760432e-09
3.270000e+03 4.813586e-09
3.271000e+03 4.953108e-09
3.272000e+03 4.897070e-09
3.273000e+03 4.727838e-09
3.274000e+03 4.667779e-09
3.275000e+03 4.740870e-09
3.276000e+03 4.851870e-09
3.277000e+03 4.738262e-09
3.278000e+03 4.659677e-09
3.279000e+03 4.637246e-09
3.280000e+03 4.552770e-09
3.281000e+03 4.547371e-09
3.282000e+03 4.545260e-09
3.283000e+03 4.474307e-09
3.284000e+03 4.671978e-09
3.285000e+03 4.513753e-09
3.286000e+03 4.599902e-09
3.287000e+03 4.695147e-09
3.288000e+03 4.538382e-09
3.289000e+03 4.396387e-09
3.290000e+03 4.465387e-09
3.291000e+03 4.354985e-09
3.292000e+03 4.394742e-09
3.293000e+03 4.293416e-09
3.294000e+03 4.095547e-09
3.295000e+03 4.234164e-09
3.296000e+03 4.087797e-09
3.297000e+03 4.218970e-09
3.298000e+03 4.036131e-09
3.299000e+03 4.114093e-09
3.300000e+03 4.384770e-09
3.301000e+03 4.300850e-09
3.302000e+03 4.308210e-09
3.303000e+03 4.275267e-09
3.304000e+03 4.258185e-09
3.305000e+03 4.206998e-09
3.306000e+03 4.234763e-09
3.307000e+03 4.433466e-09
3.308000e+03 4.362616e-09
3.309000e+03 4.180624e-09
3.310000e+03 4.231760e-09
3.311000e+03 4.292759e-09
3.312000e+03 4.408791e-09
3.313000e+03 4.306664e-09
3.314000e+03 4.266139e-09
3.315000e+03 4.304844e-09
3.316000e+03 4.212829e-09
3.317000e+03 4.235291e-09
3.318000e+03 4.233975e-09
3.319000e+03 4.204186e-09
3.320000e+03 4.346059e-09
3.321000e+03 4.251943e-09
3.322000e+03 4.242009e-09
3.323000e+03 4.379890e-09
3.324000e+03 4.274485e-09
3.325000e+03 4.124028e-09
3.326000e+03 4.185962e-09
3.327000e+03 4.101432e-09
3.328000e+03 4.189580e-09
3.329000e+03 4.235325e-09
3.330000e+03 4.120838e-09
3.331000e+03 4.233216e-09
3.332000e+03 4.137133e-09
3.333000e+03 4.214948e-09
3.334000e+03 4.076343e-09
3.335000e+03 4.187105e-09
3.336000e+03 4.136769e-09
3.337000e+03 3.712352e-09
3.338000e+03 3.694659e-09
3.339000e+03 3.684028e-09
3.340000e+03 3.662922e-09
3.341000e+03 3.667808e-09
3.342000e+03 3.722023e-09
3.343000e+03 3.884567e-09
3.344000e+03 3.872418e-09
3.345000e+03 3.748909e-09
3.346000e+03 3.562596e-09
3.347000e+03 3.613394e-09
3.348000e+03 3.719672e-09
3.349000e+03 3.669381e-09
3.350000e+03 3.686165e-09
3.351000e+03 3.653443e-09
3.352000e+03 3.575332e-09
3.353000e+03 3.640753e-09
3.354000e+03 3.645026e-09
3.355000e+03 3.577262e-09
3.356000e+03 3.719158e-09
3.357000e+03 3.677734e-09
3.358000e+03 3.640370e-09
3.359000e+03 3.784417e-09
3.360000e+03 3.693886e-09
3.361000e+03 3.605713e-09
3.362000e+03 3.588109e-09
3.363000e+03 3.518854e-09
3.364000e+03 3.626867e-09
3.365000e+03 3.571166e-09
3.366000e+03 3.545795e-09
3.367000e+03 3.562909e-09
3.368000e+03 3.479615e-09
3.369000e+03 3.579545e-09
3.370000e+03 3.497805e-09
3.371000e+03 3.591163e-09
3.372000e+03 3.682811e-09
3.373000e+03 3.569663e-09
3.374000e+03 3.596704e-09
3.375000e+03 3.648563e-09
3.376000e+03 3.537123e-09
3.377000e+03 3.551267e-09
3.378000e+03 3.620182e-09
3.379000e+03 3.755319e-09
3.380000e+03 3.809833e-09
3.381000e+03 3.631376e-09
3.382000e+03 3.521743e-09
3.383000e+03 3.638599e-09
3.384000e+03 3.725124e-09
3.385000e+03 3.764994e-09
3.386000e+03 3.701802e-09
3.387000e+03 3.571123e-09
3.388000e+03 3.412810e-09
3.389000e+03 3.491827e-09
3.390000e+03 3.541559e-09
3.391000e+03 3.468513e-09
3.392000e+03 3.552227e-09
3.393000e+03 3.556185e-09
3.394000e+03 3.492058e-09
3.395000e+03 3.680935e-09
3.396000e+03 3.500961e-09
3.397000e+03 3.393325e-09
3.398000e+03 3.508200e-09
3.399000e+03 3.427120e-09
3.400000e+03 3.453097e-09
3.401000e+03 3.416650e-09
3.402000e+03 3.414679e-09
3.403000e+03 3.490637e-09
3.404000e+03 3.449277e-09
3.405000e+03 3.549496e-09
3.406000e+03 3.367885e-09
3.407000e+03 3.540802e-09
3.408000e+03 3.494414e-09
3.409000e+03 3.350159e-09
3.410000e+03 3.358362e-09
3.411000e+03 3.304828e-09
3.412000e+03 3.202522e-09
3.413000e+03 3.264614e-09
3.414000e+03 3.319816e-09
3.415000e+03 3.519747e-09
3.416000e+03 3.447014e-09
3.417000e+03 3.357914e-09
3.418000e+03 3.200718e-09
3.419000e+03 3.155956e-09
3.420000e+03 3.414155e-09
3.421000e+03 3.253609e-09
3.422000e+03 3.332925e-09
3.423000e+03 3.406001e-09
3.424000e+03 3.275858e-09
3.425000e+03 3.452684e-09
3.426000e+03 3.512673e-09
3.427000e+03 3.445733e-09
3.428000e+03 3.468882e-09
3.429000e+03 3.545713e-09
3.430000e+03 3.548602e-09
3.431000e+03 3.634515e-09
3.432000e+03 3.569744e-09
3.433000e+03 3.490038e-09
3.434000e+03 3.599636e-09
3.435000e+03 3.444352e-09
3.436000e+03 3.362125e-09
3.437000e+03 3.324423e-09
3.438000e+03 3.377284e-09
3.439000e+03 3.527680e-09
3.440000e+03 3.359637e-09
3.441000e+03 3.502586e-09
3.442000e+03 3.364259e-09
3.443000e+03 3.574648e-09
3.444000e+03 3.559668e-09
3.445000e+03 3.358954e-09
3.446000e+03 3.321655e-09
3.447000e+03 3.349644e-09
3.448000e+03 3.344863e-09
3.449000e+03 3.326348e-09
3.450000e+03 3.292956e-09
3.451000e+03 3.527770e-09
3.452000e+03 3.552388e-09
3.453000e+03 3.374298e-09
3.454000e+03 3.218141e-09
3.455000e+03 3.111646e-09
3.456000e+03 3.356227e-09
3.457000e+03 3.302197e-09
3.458000e+03 3.356239e-09
3.459000e+03 3.413838e-09
3.460000e+03 3.244349e-09
3.461000e+03 3.398570e-09
3.462000e+03 3.339138e-09
3.463000e+03 3.365728e-09
3.464000e+03 3.161791e-09
3.465000e+03 3.474594e-09
3.466000e+03 3.318726e-09
3.467000e+03 3.545862e-09
3.468000e+03 3.474082e-09
3.469000e+03 3.284935e-09
3.470000e+03 3.448494e-09
3.471000e+03 3.449339e-09
3.472000e+03 3.437373e-09
3.473000e+03 3.240853e-09
3.474000e+03 3.467437e-09
3.475000e+03 3.470664e-09
3.476000e+03 3.509745e-09
3.477000e+03 3.524482e-09
3.478000e+03 3.381750e-09
3.479000e+03 3.611162e-09
3.480000e+03 3.560429e-09
3.481000e+03 3.487032e-09
3.482000e+03 3.440357e-09
3.483000e+03 3.410037e-09
3.484000e+03 3.331669e-09
3.485000e+03 3.458876e-09
3.486000e+03 3.450465e-09
3.487000e+03 3.663220e-09
3.488000e+03 3.618096e-09
3.489000e+03 3.579057e-09
3.490000e+03 3.357810e-09
3.491000e+03 3.182349e-09
3.492000e+03 3.463184e-09
3.493000e+03 3.366920e-09
3.494000e+03 3.483390e-09
3.495000e+03 3.485074e-09
3.496000e+03 3.354900e-09
3.497000e+03 3.471145e-09
3.498000e+03 3.527802e-09
3.499000e+03 3.402117e-09
3.500000e+03 3.314587e-09
