Title ="THE FLUX ERR"
Variables=
iter
residual
1.000000e+00 5.570172e-04
2.000000e+00 1.006843e-03
3.000000e+00 1.020363e-03
4.000000e+00 2.293427e-04
5.000000e+00 6.171096e-04
6.000000e+00 2.847815e-04
7.000000e+00 3.574074e-04
8.000000e+00 2.298456e-04
9.000000e+00 1.175800e-04
1.000000e+01 2.053609e-04
1.100000e+01 1.094712e-04
1.200000e+01 4.546950e-05
1.300000e+01 1.638061e-04
1.400000e+01 1.188185e-04
1.500000e+01 4.588643e-05
1.600000e+01 1.044642e-04
1.700000e+01 1.490406e-04
1.800000e+01 9.790666e-05
1.900000e+01 1.261404e-04
2.000000e+01 4.365113e-05
2.100000e+01 7.185658e-05
2.200000e+01 4.932788e-05
2.300000e+01 6.258865e-05
2.400000e+01 4.545492e-05
2.500000e+01 1.292059e-05
2.600000e+01 7.268881e-06
2.700000e+01 4.576696e-05
2.800000e+01 1.051718e-05
2.900000e+01 9.797865e-06
3.000000e+01 7.105039e-06
3.100000e+01 2.379765e-05
3.200000e+01 2.205151e-05
3.300000e+01 7.805781e-06
3.400000e+01 9.838330e-06
3.500000e+01 5.434233e-06
3.600000e+01 5.568739e-06
3.700000e+01 6.000173e-06
3.800000e+01 2.277269e-06
3.900000e+01 9.980563e-06
4.000000e+01 3.510780e-06
4.100000e+01 5.014741e-06
4.200000e+01 4.358323e-06
4.300000e+01 5.943802e-06
4.400000e+01 2.945247e-06
4.500000e+01 2.676140e-06
4.600000e+01 3.529835e-06
4.700000e+01 1.017046e-05
4.800000e+01 1.541504e-06
4.900000e+01 7.151621e-06
5.000000e+01 1.010547e-05
5.100000e+01 2.497260e-06
5.200000e+01 1.744967e-06
5.300000e+01 1.039314e-05
5.400000e+01 5.925549e-06
5.500000e+01 7.994196e-06
5.600000e+01 1.039250e-05
5.700000e+01 2.238656e-06
5.800000e+01 1.018917e-05
5.900000e+01 3.921394e-06
6.000000e+01 5.079408e-06
6.100000e+01 7.015777e-07
6.200000e+01 4.662351e-07
6.300000e+01 1.004282e-05
6.400000e+01 7.917851e-06
6.500000e+01 5.214133e-06
6.600000e+01 1.592161e-06
6.700000e+01 5.177797e-06
6.800000e+01 4.460684e-07
6.900000e+01 9.426629e-07
7.000000e+01 5.570765e-07
7.100000e+01 5.292109e-07
7.200000e+01 4.786386e-06
7.300000e+01 6.087394e-07
7.400000e+01 3.057246e-06
7.500000e+01 1.017981e-06
7.600000e+01 1.265208e-06
7.700000e+01 6.833070e-06
7.800000e+01 5.784661e-06
7.900000e+01 6.855608e-06
8.000000e+01 2.628817e-06
8.100000e+01 4.324881e-07
8.200000e+01 1.722590e-06
8.300000e+01 3.814633e-06
8.400000e+01 4.364283e-07
8.500000e+01 6.340536e-07
8.600000e+01 7.763066e-06
8.700000e+01 5.816864e-06
8.800000e+01 4.508429e-07
8.900000e+01 2.536153e-06
9.000000e+01 9.590511e-07
9.100000e+01 7.630493e-07
9.200000e+01 4.316978e-06
9.300000e+01 6.825039e-06
9.400000e+01 5.934398e-07
9.500000e+01 3.862615e-06
9.600000e+01 5.350707e-06
9.700000e+01 4.195878e-06
9.800000e+01 2.263256e-06
9.900000e+01 4.210753e-06
1.000000e+02 3.115908e-06
1.010000e+02 2.205542e-06
1.020000e+02 3.864055e-06
1.030000e+02 2.652535e-06
1.040000e+02 5.678618e-06
1.050000e+02 5.449613e-06
1.060000e+02 3.560990e-06
1.070000e+02 3.634458e-06
1.080000e+02 2.921661e-06
1.090000e+02 2.912327e-06
1.100000e+02 5.128882e-06
1.110000e+02 3.830870e-06
1.120000e+02 1.972817e-06
1.130000e+02 3.333703e-06
1.140000e+02 4.030714e-06
1.150000e+02 4.004216e-06
1.160000e+02 5.756226e-06
1.170000e+02 4.787523e-06
1.180000e+02 5.392639e-06
1.190000e+02 5.588702e-06
1.200000e+02 3.790113e-06
1.210000e+02 4.050771e-06
1.220000e+02 1.957536e-06
1.230000e+02 3.613100e-06
1.240000e+02 1.949108e-06
1.250000e+02 2.715951e-06
1.260000e+02 4.240125e-06
1.270000e+02 3.864793e-06
1.280000e+02 2.237545e-06
1.290000e+02 1.846395e-07
1.300000e+02 2.184405e-06
1.310000e+02 4.680096e-06
1.320000e+02 5.252897e-06
1.330000e+02 2.266674e-06
1.340000e+02 2.581913e-06
1.350000e+02 1.786775e-06
1.360000e+02 2.529409e-06
1.370000e+02 2.946351e-06
1.380000e+02 3.232616e-06
1.390000e+02 4.750588e-06
1.400000e+02 3.103299e-06
1.410000e+02 4.380965e-06
1.420000e+02 2.251056e-06
1.430000e+02 2.801976e-06
1.440000e+02 2.586324e-06
1.450000e+02 5.593149e-06
1.460000e+02 2.009372e-06
1.470000e+02 2.483675e-06
1.480000e+02 2.182602e-06
1.490000e+02 3.311287e-06
1.500000e+02 2.964897e-06
1.510000e+02 7.718304e-06
1.520000e+02 2.557674e-06
1.530000e+02 3.100074e-06
1.540000e+02 2.101136e-06
1.550000e+02 2.320580e-06
1.560000e+02 2.646156e-06
1.570000e+02 2.570606e-06
1.580000e+02 1.418922e-06
1.590000e+02 2.712666e-06
1.600000e+02 4.331909e-06
1.610000e+02 1.179873e-05
1.620000e+02 1.031775e-05
1.630000e+02 1.953807e-06
1.640000e+02 8.334417e-06
1.650000e+02 1.230928e-05
1.660000e+02 1.108906e-05
1.670000e+02 8.948549e-06
1.680000e+02 1.000126e-05
1.690000e+02 1.047219e-05
1.700000e+02 9.745279e-06
1.710000e+02 1.038523e-05
1.720000e+02 1.093879e-05
1.730000e+02 9.820688e-06
1.740000e+02 1.063161e-05
1.750000e+02 1.135654e-05
1.760000e+02 7.393715e-06
1.770000e+02 8.218198e-06
1.780000e+02 7.719883e-06
1.790000e+02 1.140706e-05
1.800000e+02 9.369092e-06
1.810000e+02 8.053178e-06
1.820000e+02 6.645574e-06
1.830000e+02 7.251980e-06
1.840000e+02 5.534643e-06
1.850000e+02 5.812338e-06
1.860000e+02 7.149309e-06
1.870000e+02 7.559775e-06
1.880000e+02 6.896581e-06
1.890000e+02 9.106491e-06
1.900000e+02 5.373997e-06
1.910000e+02 5.124458e-06
1.920000e+02 5.227572e-06
1.930000e+02 5.534867e-06
1.940000e+02 7.533290e-06
1.950000e+02 4.361983e-06
1.960000e+02 4.785429e-06
1.970000e+02 3.866232e-06
1.980000e+02 7.193109e-06
1.990000e+02 3.563167e-06
2.000000e+02 3.515922e-06
2.010000e+02 5.809807e-06
2.020000e+02 4.483319e-06
2.030000e+02 4.246247e-06
2.040000e+02 5.227470e-06
2.050000e+02 5.970486e-06
2.060000e+02 4.016217e-06
2.070000e+02 2.335737e-05
2.080000e+02 6.427522e-06
2.090000e+02 2.280997e-05
2.100000e+02 2.427686e-05
2.110000e+02 2.554866e-05
2.120000e+02 2.797093e-05
2.130000e+02 2.362936e-05
2.140000e+02 2.351433e-05
2.150000e+02 2.559871e-05
2.160000e+02 1.005304e-05
2.170000e+02 2.261903e-05
2.180000e+02 2.807243e-05
2.190000e+02 7.496556e-06
2.200000e+02 2.357753e-05
2.210000e+02 2.407770e-05
2.220000e+02 9.732436e-06
2.230000e+02 2.708984e-05
2.240000e+02 3.056518e-05
2.250000e+02 5.953188e-06
2.260000e+02 2.192757e-05
2.270000e+02 2.674787e-05
2.280000e+02 2.572117e-05
2.290000e+02 2.702052e-05
2.300000e+02 2.887908e-05
2.310000e+02 3.023804e-05
2.320000e+02 2.646803e-05
2.330000e+02 2.954155e-05
2.340000e+02 2.745931e-05
2.350000e+02 2.663907e-05
2.360000e+02 2.906355e-05
2.370000e+02 2.522677e-05
2.380000e+02 3.116551e-05
2.390000e+02 3.028907e-05
2.400000e+02 2.925507e-05
2.410000e+02 3.188788e-05
2.420000e+02 3.164447e-05
2.430000e+02 3.426267e-05
2.440000e+02 3.455445e-05
2.450000e+02 3.541108e-05
2.460000e+02 3.576153e-05
2.470000e+02 3.416742e-05
2.480000e+02 3.467732e-05
2.490000e+02 3.773623e-05
2.500000e+02 3.640271e-05
2.510000e+02 9.585050e-06
2.520000e+02 2.604650e-05
2.530000e+02 3.287583e-05
2.540000e+02 3.316679e-05
2.550000e+02 3.247119e-05
2.560000e+02 3.586072e-05
2.570000e+02 3.975288e-05
2.580000e+02 3.945922e-05
2.590000e+02 3.742083e-05
2.600000e+02 4.075406e-05
2.610000e+02 3.800147e-05
2.620000e+02 3.783552e-05
2.630000e+02 3.603003e-05
2.640000e+02 3.972207e-05
2.650000e+02 3.777239e-05
2.660000e+02 3.070403e-05
2.670000e+02 3.496979e-05
2.680000e+02 4.068719e-05
2.690000e+02 4.185679e-05
2.700000e+02 3.654263e-05
2.710000e+02 3.473766e-05
2.720000e+02 3.065199e-05
2.730000e+02 3.018537e-05
2.740000e+02 3.111577e-05
2.750000e+02 3.156632e-05
2.760000e+02 3.031736e-05
2.770000e+02 2.744865e-05
2.780000e+02 2.445182e-05
2.790000e+02 2.863475e-05
2.800000e+02 2.855127e-05
2.810000e+02 3.226347e-05
2.820000e+02 2.900665e-05
2.830000e+02 2.879445e-05
2.840000e+02 2.918567e-05
2.850000e+02 2.352228e-05
2.860000e+02 2.209040e-05
2.870000e+02 2.304127e-05
2.880000e+02 2.253748e-05
2.890000e+02 2.532690e-05
2.900000e+02 2.295796e-05
2.910000e+02 1.994776e-05
2.920000e+02 2.135657e-05
2.930000e+02 2.182884e-05
2.940000e+02 2.181690e-05
2.950000e+02 2.184624e-05
2.960000e+02 2.259681e-05
2.970000e+02 1.873236e-05
2.980000e+02 2.222846e-05
2.990000e+02 1.979086e-05
3.000000e+02 2.028783e-05
3.010000e+02 1.946464e-05
3.020000e+02 2.288328e-05
3.030000e+02 2.162230e-05
3.040000e+02 2.297178e-05
3.050000e+02 2.347767e-05
3.060000e+02 2.365140e-05
3.070000e+02 2.614612e-05
3.080000e+02 2.409026e-05
3.090000e+02 2.490751e-05
3.100000e+02 2.857265e-05
3.110000e+02 2.904493e-05
3.120000e+02 2.682863e-05
3.130000e+02 3.062015e-05
3.140000e+02 2.555807e-05
3.150000e+02 2.971962e-05
3.160000e+02 3.075181e-05
3.170000e+02 3.304756e-05
3.180000e+02 2.936275e-05
3.190000e+02 3.374380e-05
3.200000e+02 3.221953e-05
3.210000e+02 3.261662e-05
3.220000e+02 3.912145e-05
3.230000e+02 2.989842e-05
3.240000e+02 3.385476e-05
3.250000e+02 3.590257e-05
3.260000e+02 3.744239e-05
3.270000e+02 3.365514e-05
3.280000e+02 3.993716e-05
3.290000e+02 3.615045e-05
3.300000e+02 3.559615e-05
3.310000e+02 4.334979e-05
3.320000e+02 3.766427e-05
3.330000e+02 3.591771e-05
3.340000e+02 4.738916e-05
3.350000e+02 1.289487e-05
3.360000e+02 3.402154e-05
3.370000e+02 4.384984e-05
3.380000e+02 4.091593e-05
3.390000e+02 3.628700e-05
3.400000e+02 4.142778e-05
3.410000e+02 2.152641e-05
3.420000e+02 4.417033e-05
3.430000e+02 9.766114e-06
3.440000e+02 4.284657e-05
3.450000e+02 9.823053e-06
3.460000e+02 4.036521e-05
3.470000e+02 1.312064e-05
3.480000e+02 3.276079e-05
3.490000e+02 3.522103e-05
3.500000e+02 1.750487e-05
3.510000e+02 3.058189e-05
3.520000e+02 6.519505e-06
3.530000e+02 3.754027e-05
3.540000e+02 7.505023e-06
3.550000e+02 6.856136e-06
3.560000e+02 8.580996e-06
3.570000e+02 5.410065e-06
3.580000e+02 7.655444e-06
3.590000e+02 8.377798e-06
3.600000e+02 6.436955e-06
3.610000e+02 6.291561e-06
3.620000e+02 9.912605e-06
3.630000e+02 8.646163e-06
3.640000e+02 1.152176e-05
3.650000e+02 1.655875e-05
3.660000e+02 1.192050e-05
3.670000e+02 4.313767e-06
3.680000e+02 7.750545e-06
3.690000e+02 1.127750e-05
3.700000e+02 8.133874e-06
3.710000e+02 8.492333e-06
3.720000e+02 8.296862e-06
3.730000e+02 1.059591e-05
3.740000e+02 8.789282e-06
3.750000e+02 1.405169e-05
3.760000e+02 8.842018e-06
3.770000e+02 1.143067e-05
3.780000e+02 9.911892e-06
3.790000e+02 8.845052e-06
3.800000e+02 9.883883e-06
3.810000e+02 6.693897e-06
3.820000e+02 9.144892e-06
3.830000e+02 7.722813e-06
3.840000e+02 7.386411e-06
3.850000e+02 8.026334e-06
3.860000e+02 6.221060e-06
3.870000e+02 6.492913e-06
3.880000e+02 7.598263e-06
3.890000e+02 4.806970e-06
3.900000e+02 7.785340e-06
3.910000e+02 8.695127e-06
3.920000e+02 4.696355e-06
3.930000e+02 6.031454e-06
3.940000e+02 5.844233e-06
3.950000e+02 6.093732e-06
3.960000e+02 4.994263e-06
3.970000e+02 5.325641e-06
3.980000e+02 7.127130e-06
3.990000e+02 5.044034e-06
4.000000e+02 5.876502e-06
4.010000e+02 4.558554e-06
4.020000e+02 3.044196e-06
4.030000e+02 3.421545e-06
4.040000e+02 3.282984e-06
4.050000e+02 3.126313e-06
4.060000e+02 2.448500e-06
4.070000e+02 3.874665e-06
4.080000e+02 2.712740e-06
4.090000e+02 2.881808e-06
4.100000e+02 2.642948e-06
4.110000e+02 2.675679e-06
4.120000e+02 3.489446e-06
4.130000e+02 2.906509e-06
4.140000e+02 3.531444e-06
4.150000e+02 3.736129e-06
4.160000e+02 4.122046e-06
4.170000e+02 5.285232e-06
4.180000e+02 4.476923e-06
4.190000e+02 4.319332e-06
4.200000e+02 6.261929e-06
4.210000e+02 5.935783e-06
4.220000e+02 4.715491e-06
4.230000e+02 6.807978e-06
4.240000e+02 4.613510e-06
4.250000e+02 4.200080e-06
4.260000e+02 3.874122e-06
4.270000e+02 6.343363e-06
4.280000e+02 4.134936e-06
4.290000e+02 4.470195e-06
4.300000e+02 5.277509e-06
4.310000e+02 4.381906e-07
4.320000e+02 2.099370e-06
4.330000e+02 3.785198e-06
4.340000e+02 4.209516e-06
4.350000e+02 2.133881e-06
4.360000e+02 2.762066e-07
4.370000e+02 1.780127e-06
4.380000e+02 2.241444e-06
4.390000e+02 6.170477e-06
4.400000e+02 3.028308e-06
4.410000e+02 1.152761e-06
4.420000e+02 1.861716e-06
4.430000e+02 5.441413e-06
4.440000e+02 4.717600e-06
4.450000e+02 3.722288e-06
4.460000e+02 1.589984e-06
4.470000e+02 1.790362e-06
4.480000e+02 6.949221e-07
4.490000e+02 3.590452e-06
4.500000e+02 4.426881e-06
4.510000e+02 1.942018e-06
4.520000e+02 2.589981e-06
4.530000e+02 2.778810e-06
4.540000e+02 2.767422e-06
4.550000e+02 6.327892e-07
4.560000e+02 1.538484e-06
4.570000e+02 1.488674e-06
4.580000e+02 5.030081e-06
4.590000e+02 4.431581e-06
4.600000e+02 5.756524e-07
4.610000e+02 1.231176e-06
4.620000e+02 3.381840e-06
4.630000e+02 2.991990e-06
4.640000e+02 1.937693e-06
4.650000e+02 1.747078e-06
4.660000e+02 2.890724e-06
4.670000e+02 1.784023e-06
4.680000e+02 3.189539e-06
4.690000e+02 2.304851e-06
4.700000e+02 1.536108e-06
4.710000e+02 2.728302e-06
4.720000e+02 2.607965e-06
4.730000e+02 2.377657e-06
4.740000e+02 1.334398e-06
4.750000e+02 3.093037e-06
4.760000e+02 1.476826e-06
4.770000e+02 1.620885e-06
4.780000e+02 2.304059e-06
4.790000e+02 5.097201e-06
4.800000e+02 4.466419e-06
4.810000e+02 2.233407e-06
4.820000e+02 1.844122e-06
4.830000e+02 1.305088e-06
4.840000e+02 2.827643e-06
4.850000e+02 3.261317e-06
4.860000e+02 2.234347e-06
4.870000e+02 5.692031e-06
4.880000e+02 6.634726e-06
4.890000e+02 2.555168e-06
4.900000e+02 1.410519e-06
4.910000e+02 6.110618e-06
4.920000e+02 5.454008e-06
4.930000e+02 4.461329e-06
4.940000e+02 1.239057e-06
4.950000e+02 2.760158e-06
4.960000e+02 4.156772e-06
4.970000e+02 1.910624e-06
4.980000e+02 6.381555e-06
4.990000e+02 5.383577e-06
5.000000e+02 3.473131e-06
5.010000e+02 1.300850e-06
5.020000e+02 5.527896e-06
5.030000e+02 1.321181e-06
5.040000e+02 3.676930e-06
5.050000e+02 5.183372e-06
5.060000e+02 8.704543e-07
5.070000e+02 1.279761e-06
5.080000e+02 5.281744e-06
5.090000e+02 1.561172e-06
5.100000e+02 2.765615e-06
5.110000e+02 4.828612e-06
5.120000e+02 4.426234e-06
5.130000e+02 1.468663e-06
5.140000e+02 4.886716e-06
5.150000e+02 3.954087e-06
5.160000e+02 3.659619e-06
5.170000e+02 3.494762e-06
5.180000e+02 4.698206e-06
5.190000e+02 3.685221e-06
5.200000e+02 2.366715e-06
5.210000e+02 2.723223e-06
5.220000e+02 1.631972e-06
5.230000e+02 3.259797e-06
5.240000e+02 2.852261e-06
5.250000e+02 1.234530e-06
5.260000e+02 3.179792e-06
5.270000e+02 1.615676e-06
5.280000e+02 1.787076e-06
5.290000e+02 2.132881e-06
5.300000e+02 1.592162e-06
5.310000e+02 1.669096e-06
5.320000e+02 1.459322e-06
5.330000e+02 1.295325e-06
5.340000e+02 1.542372e-06
5.350000e+02 9.946099e-07
5.360000e+02 2.036904e-06
5.370000e+02 1.389320e-06
5.380000e+02 1.258171e-06
5.390000e+02 7.355068e-07
5.400000e+02 8.743866e-07
5.410000e+02 1.026705e-06
5.420000e+02 1.233981e-06
5.430000e+02 7.141930e-07
5.440000e+02 1.193296e-06
5.450000e+02 1.683636e-06
5.460000e+02 9.065503e-07
5.470000e+02 9.629954e-07
5.480000e+02 4.980510e-07
5.490000e+02 9.020810e-07
5.500000e+02 1.269765e-06
5.510000e+02 8.264936e-07
5.520000e+02 4.599218e-06
5.530000e+02 8.527316e-07
5.540000e+02 1.127133e-06
5.550000e+02 8.718360e-07
5.560000e+02 1.006863e-06
5.570000e+02 1.106844e-06
5.580000e+02 1.733031e-06
5.590000e+02 1.372051e-06
5.600000e+02 8.986878e-07
5.610000e+02 4.882857e-06
5.620000e+02 9.541677e-07
5.630000e+02 1.137915e-06
5.640000e+02 9.233311e-07
5.650000e+02 1.350595e-06
5.660000e+02 9.304353e-07
5.670000e+02 9.441677e-07
5.680000e+02 5.120290e-06
5.690000e+02 6.450917e-07
5.700000e+02 4.960990e-06
5.710000e+02 5.300476e-06
5.720000e+02 9.965738e-07
5.730000e+02 4.389615e-06
5.740000e+02 4.738690e-06
5.750000e+02 1.011730e-06
5.760000e+02 1.269701e-06
5.770000e+02 4.813274e-06
5.780000e+02 1.490502e-06
5.790000e+02 5.337653e-06
5.800000e+02 1.033956e-06
5.810000e+02 1.244837e-06
5.820000e+02 5.228263e-06
5.830000e+02 1.585625e-06
5.840000e+02 5.120024e-06
5.850000e+02 1.081306e-06
5.860000e+02 4.944965e-06
5.870000e+02 8.366565e-07
5.880000e+02 1.267172e-06
5.890000e+02 1.303999e-06
5.900000e+02 1.445403e-06
5.910000e+02 9.186456e-07
5.920000e+02 8.941728e-07
5.930000e+02 2.287907e-06
5.940000e+02 1.304458e-06
5.950000e+02 1.364712e-06
5.960000e+02 1.662435e-06
5.970000e+02 1.313743e-06
5.980000e+02 1.170952e-06
5.990000e+02 8.378933e-07
6.000000e+02 1.386174e-06
6.010000e+02 1.026439e-06
6.020000e+02 2.166965e-06
6.030000e+02 9.899260e-07
6.040000e+02 2.245183e-06
6.050000e+02 1.829715e-06
6.060000e+02 1.451246e-06
6.070000e+02 1.346296e-06
6.080000e+02 1.392965e-06
6.090000e+02 1.688402e-06
6.100000e+02 1.740613e-06
6.110000e+02 1.813858e-06
6.120000e+02 1.547983e-06
6.130000e+02 1.832651e-06
6.140000e+02 1.633922e-06
6.150000e+02 1.461226e-06
6.160000e+02 1.808762e-06
6.170000e+02 1.967443e-06
6.180000e+02 1.979878e-06
6.190000e+02 1.917741e-06
6.200000e+02 1.941050e-06
6.210000e+02 2.074840e-06
6.220000e+02 1.887616e-06
6.230000e+02 1.925652e-06
6.240000e+02 1.860235e-06
6.250000e+02 1.682432e-06
6.260000e+02 2.194129e-06
6.270000e+02 2.216744e-06
6.280000e+02 2.687799e-06
6.290000e+02 1.956027e-06
6.300000e+02 1.889770e-06
6.310000e+02 2.152439e-06
6.320000e+02 1.677871e-06
6.330000e+02 2.831446e-06
6.340000e+02 2.580729e-06
6.350000e+02 2.409690e-06
6.360000e+02 2.959997e-06
6.370000e+02 2.538166e-06
6.380000e+02 2.265721e-06
6.390000e+02 1.669455e-06
6.400000e+02 2.236841e-06
6.410000e+02 3.190622e-06
6.420000e+02 2.783139e-06
6.430000e+02 2.781321e-06
6.440000e+02 2.964044e-06
6.450000e+02 2.651839e-06
6.460000e+02 2.263826e-06
6.470000e+02 2.849444e-06
6.480000e+02 3.121128e-06
6.490000e+02 3.100228e-06
6.500000e+02 3.308906e-06
6.510000e+02 3.559106e-06
6.520000e+02 3.241418e-06
6.530000e+02 3.617228e-06
6.540000e+02 2.741592e-06
6.550000e+02 3.129679e-06
6.560000e+02 2.483290e-06
6.570000e+02 3.023742e-06
6.580000e+02 3.128393e-06
6.590000e+02 3.595481e-06
6.600000e+02 3.078256e-06
6.610000e+02 3.394623e-06
6.620000e+02 3.182610e-06
6.630000e+02 3.368402e-06
6.640000e+02 3.535645e-06
6.650000e+02 2.142159e-06
6.660000e+02 2.323083e-06
6.670000e+02 1.490892e-06
6.680000e+02 1.987094e-06
6.690000e+02 1.793300e-06
6.700000e+02 1.494641e-06
6.710000e+02 2.674964e-06
6.720000e+02 2.737615e-06
6.730000e+02 3.490909e-06
6.740000e+02 3.268174e-06
6.750000e+02 2.723522e-06
6.760000e+02 2.634826e-06
6.770000e+02 2.348865e-06
6.780000e+02 2.203254e-06
6.790000e+02 2.827167e-06
6.800000e+02 2.876654e-06
6.810000e+02 3.295428e-06
6.820000e+02 2.487563e-06
6.830000e+02 9.024002e-07
6.840000e+02 2.637626e-06
6.850000e+02 3.106549e-06
6.860000e+02 2.253479e-06
6.870000e+02 2.558252e-06
6.880000e+02 3.134578e-06
6.890000e+02 2.099990e-06
6.900000e+02 1.908505e-06
6.910000e+02 1.753198e-06
6.920000e+02 2.219443e-06
6.930000e+02 2.227404e-06
6.940000e+02 2.297185e-06
6.950000e+02 2.533805e-06
6.960000e+02 1.561014e-06
6.970000e+02 1.403205e-06
6.980000e+02 1.608619e-06
6.990000e+02 9.045920e-07
7.000000e+02 7.665615e-07
7.010000e+02 2.688227e-06
7.020000e+02 1.554328e-06
7.030000e+02 1.235160e-06
7.040000e+02 1.029931e-06
7.050000e+02 1.608042e-06
7.060000e+02 1.767743e-06
7.070000e+02 1.520395e-06
7.080000e+02 9.505662e-07
7.090000e+02 1.193600e-06
7.100000e+02 1.206931e-06
7.110000e+02 8.455785e-07
7.120000e+02 1.479408e-06
7.130000e+02 1.463105e-06
7.140000e+02 9.315256e-07
7.150000e+02 1.030766e-06
7.160000e+02 1.287502e-06
7.170000e+02 9.164543e-07
7.180000e+02 7.037929e-07
7.190000e+02 1.235489e-06
7.200000e+02 1.340810e-06
7.210000e+02 6.658252e-07
7.220000e+02 1.084223e-06
7.230000e+02 9.351637e-07
7.240000e+02 1.027155e-06
7.250000e+02 8.730834e-07
7.260000e+02 1.015628e-06
7.270000e+02 7.991604e-07
7.280000e+02 9.255286e-07
7.290000e+02 8.440012e-07
7.300000e+02 6.586874e-07
7.310000e+02 1.618747e-06
7.320000e+02 6.878453e-07
7.330000e+02 6.347178e-07
7.340000e+02 6.805672e-07
7.350000e+02 8.044346e-07
7.360000e+02 7.797405e-07
7.370000e+02 8.415207e-07
7.380000e+02 1.401909e-06
7.390000e+02 5.802192e-07
7.400000e+02 4.568929e-07
7.410000e+02 5.674640e-07
7.420000e+02 7.029843e-07
7.430000e+02 6.493556e-07
7.440000e+02 5.216550e-07
7.450000e+02 8.790912e-07
7.460000e+02 5.702658e-07
7.470000e+02 5.337266e-07
7.480000e+02 2.654351e-06
7.490000e+02 6.227795e-07
7.500000e+02 4.627792e-07
7.510000e+02 3.827162e-07
7.520000e+02 6.759224e-07
7.530000e+02 4.067065e-07
7.540000e+02 4.448790e-07
7.550000e+02 5.344817e-07
7.560000e+02 4.128160e-07
7.570000e+02 2.416056e-06
7.580000e+02 5.263462e-07
7.590000e+02 4.959028e-07
7.600000e+02 2.280151e-06
7.610000e+02 6.172532e-07
7.620000e+02 5.411333e-07
7.630000e+02 2.144029e-06
7.640000e+02 6.028855e-07
7.650000e+02 4.188482e-07
7.660000e+02 4.714522e-07
7.670000e+02 7.939190e-07
7.680000e+02 6.261265e-07
7.690000e+02 7.237576e-07
7.700000e+02 5.332124e-07
7.710000e+02 6.849848e-07
7.720000e+02 5.402208e-07
7.730000e+02 4.226849e-07
7.740000e+02 6.519027e-07
7.750000e+02 3.560731e-07
7.760000e+02 5.973456e-07
7.770000e+02 3.978321e-07
7.780000e+02 7.252650e-07
7.790000e+02 7.368405e-07
7.800000e+02 4.508369e-07
7.810000e+02 6.312220e-07
7.820000e+02 3.856954e-07
7.830000e+02 8.227025e-07
7.840000e+02 5.185195e-07
7.850000e+02 6.626000e-07
7.860000e+02 6.815608e-07
7.870000e+02 1.786315e-06
7.880000e+02 1.944733e-06
7.890000e+02 4.352730e-07
7.900000e+02 3.600184e-07
7.910000e+02 4.781588e-07
7.920000e+02 1.688364e-06
7.930000e+02 5.067697e-07
7.940000e+02 1.606329e-06
7.950000e+02 4.150387e-07
7.960000e+02 3.961705e-07
7.970000e+02 4.096119e-07
7.980000e+02 3.582119e-07
7.990000e+02 2.758172e-07
8.000000e+02 3.547677e-07
8.010000e+02 2.001671e-07
8.020000e+02 8.184610e-07
8.030000e+02 9.748396e-07
8.040000e+02 5.779047e-07
8.050000e+02 2.001492e-06
8.060000e+02 7.611259e-07
8.070000e+02 6.348682e-07
8.080000e+02 1.236981e-06
8.090000e+02 8.017643e-07
8.100000e+02 6.213795e-07
8.110000e+02 1.028392e-06
8.120000e+02 9.779258e-07
8.130000e+02 8.817646e-07
8.140000e+02 9.109016e-07
8.150000e+02 6.802443e-07
8.160000e+02 7.090785e-07
8.170000e+02 1.635312e-07
8.180000e+02 1.229021e-06
8.190000e+02 2.123512e-07
8.200000e+02 9.968852e-07
8.210000e+02 1.591633e-07
8.220000e+02 2.213851e-07
8.230000e+02 1.015558e-06
8.240000e+02 6.447596e-07
8.250000e+02 4.548871e-07
8.260000e+02 9.219097e-07
8.270000e+02 4.847482e-07
8.280000e+02 7.479498e-07
8.290000e+02 8.619786e-07
8.300000e+02 7.063188e-07
8.310000e+02 6.386253e-07
8.320000e+02 7.054327e-07
8.330000e+02 2.993163e-07
8.340000e+02 7.346100e-08
8.350000e+02 3.813774e-07
8.360000e+02 2.419360e-07
8.370000e+02 3.809328e-07
8.380000e+02 1.989913e-07
8.390000e+02 5.621913e-07
8.400000e+02 2.347209e-07
8.410000e+02 5.560036e-07
8.420000e+02 2.461966e-07
8.430000e+02 7.802431e-07
8.440000e+02 3.095555e-07
8.450000e+02 3.445254e-07
8.460000e+02 9.669079e-07
8.470000e+02 7.508409e-07
8.480000e+02 2.832985e-07
8.490000e+02 3.461060e-07
8.500000e+02 9.472935e-07
8.510000e+02 6.673420e-07
8.520000e+02 2.189396e-07
8.530000e+02 6.242172e-07
8.540000e+02 1.896832e-07
8.550000e+02 7.892155e-07
8.560000e+02 3.779071e-07
8.570000e+02 5.207737e-07
8.580000e+02 5.283372e-07
8.590000e+02 5.124756e-07
8.600000e+02 2.765897e-07
8.610000e+02 4.173182e-07
8.620000e+02 3.485723e-07
8.630000e+02 2.270975e-07
8.640000e+02 3.187341e-07
8.650000e+02 2.117200e-07
8.660000e+02 3.487264e-07
8.670000e+02 3.660831e-07
8.680000e+02 3.400968e-07
8.690000e+02 4.466915e-07
8.700000e+02 8.562020e-07
8.710000e+02 5.037622e-07
8.720000e+02 6.696428e-07
8.730000e+02 4.927586e-07
8.740000e+02 7.856512e-07
8.750000e+02 5.264840e-07
8.760000e+02 5.956658e-07
8.770000e+02 2.883314e-07
8.780000e+02 2.284403e-07
8.790000e+02 8.729678e-07
8.800000e+02 4.264479e-07
8.810000e+02 6.766973e-07
8.820000e+02 5.509740e-07
8.830000e+02 5.978654e-07
8.840000e+02 5.392690e-07
8.850000e+02 8.554522e-07
8.860000e+02 7.133080e-07
8.870000e+02 4.323942e-07
8.880000e+02 5.441097e-07
8.890000e+02 4.996189e-07
8.900000e+02 4.942540e-08
8.910000e+02 8.633023e-07
8.920000e+02 5.766826e-08
8.930000e+02 7.680750e-07
8.940000e+02 8.322798e-07
8.950000e+02 8.028147e-07
8.960000e+02 4.345659e-08
8.970000e+02 4.138531e-07
8.980000e+02 1.457633e-07
8.990000e+02 4.627656e-07
9.000000e+02 6.087828e-07
9.010000e+02 3.375863e-07
9.020000e+02 1.053700e-07
9.030000e+02 1.626001e-07
9.040000e+02 1.729588e-07
9.050000e+02 1.849364e-07
9.060000e+02 5.363172e-07
9.070000e+02 2.578831e-07
9.080000e+02 3.046445e-07
9.090000e+02 6.540055e-07
9.100000e+02 7.401019e-07
9.110000e+02 1.550551e-07
9.120000e+02 1.734919e-07
9.130000e+02 5.025143e-07
9.140000e+02 4.777140e-07
9.150000e+02 2.979774e-07
9.160000e+02 4.439823e-07
9.170000e+02 4.952127e-07
9.180000e+02 5.298614e-07
9.190000e+02 4.491599e-07
9.200000e+02 2.199273e-07
9.210000e+02 3.429225e-07
9.220000e+02 3.376831e-07
9.230000e+02 4.282649e-07
9.240000e+02 5.181407e-07
9.250000e+02 4.135997e-07
9.260000e+02 4.303193e-07
9.270000e+02 4.681394e-07
9.280000e+02 3.369520e-07
9.290000e+02 2.628708e-07
9.300000e+02 3.429770e-07
9.310000e+02 3.298412e-07
9.320000e+02 7.016787e-07
9.330000e+02 3.379867e-07
9.340000e+02 3.184192e-07
9.350000e+02 4.353326e-07
9.360000e+02 2.655100e-07
9.370000e+02 3.594040e-07
9.380000e+02 4.142098e-07
9.390000e+02 1.869069e-07
9.400000e+02 1.292416e-07
9.410000e+02 1.879755e-07
9.420000e+02 2.022259e-07
9.430000e+02 1.869603e-07
9.440000e+02 2.303577e-07
9.450000e+02 2.866994e-07
9.460000e+02 2.039041e-07
9.470000e+02 3.628670e-07
9.480000e+02 5.768256e-07
9.490000e+02 2.576476e-07
9.500000e+02 3.769849e-07
9.510000e+02 3.927132e-07
9.520000e+02 2.715016e-07
9.530000e+02 5.051576e-07
9.540000e+02 3.819842e-07
9.550000e+02 9.128869e-07
9.560000e+02 7.504248e-07
9.570000e+02 5.747240e-07
9.580000e+02 3.311619e-07
9.590000e+02 3.210665e-07
9.600000e+02 6.294970e-07
9.610000e+02 4.240583e-07
9.620000e+02 3.557497e-07
9.630000e+02 4.877911e-07
9.640000e+02 7.897347e-07
9.650000e+02 6.391134e-07
9.660000e+02 2.017991e-07
9.670000e+02 6.750047e-07
9.680000e+02 8.065580e-07
9.690000e+02 6.491807e-07
9.700000e+02 1.687383e-07
9.710000e+02 3.236086e-07
9.720000e+02 5.623450e-07
9.730000e+02 2.949268e-07
9.740000e+02 2.760538e-07
9.750000e+02 6.994352e-07
9.760000e+02 3.717127e-07
9.770000e+02 4.366303e-07
9.780000e+02 1.097045e-06
9.790000e+02 5.382035e-07
9.800000e+02 4.921368e-07
9.810000e+02 4.984351e-07
9.820000e+02 7.050210e-07
9.830000e+02 3.012976e-07
9.840000e+02 2.813928e-07
9.850000e+02 4.151674e-07
9.860000e+02 8.321805e-07
9.870000e+02 4.780564e-07
9.880000e+02 4.260259e-07
9.890000e+02 1.056008e-06
9.900000e+02 5.834145e-07
9.910000e+02 4.465012e-07
9.920000e+02 3.254696e-07
9.930000e+02 9.042309e-07
9.940000e+02 5.454225e-07
9.950000e+02 4.467424e-07
9.960000e+02 3.188095e-07
9.970000e+02 1.128482e-06
9.980000e+02 4.306439e-07
9.990000e+02 3.398344e-07
1.000000e+03 2.470318e-07
1.001000e+03 9.465425e-07
1.002000e+03 4.011937e-07
1.003000e+03 3.532667e-07
1.004000e+03 3.633252e-07
1.005000e+03 8.874959e-07
1.006000e+03 3.581590e-07
1.007000e+03 3.717395e-07
1.008000e+03 2.701508e-07
1.009000e+03 6.064375e-07
1.010000e+03 3.911895e-07
1.011000e+03 3.333940e-07
1.012000e+03 2.596148e-07
1.013000e+03 9.781350e-07
1.014000e+03 2.871810e-07
1.015000e+03 3.036682e-07
1.016000e+03 2.502601e-07
1.017000e+03 9.873998e-07
1.018000e+03 1.784325e-07
1.019000e+03 3.694389e-07
1.020000e+03 5.049619e-07
1.021000e+03 7.915965e-07
1.022000e+03 3.772916e-07
1.023000e+03 3.975971e-07
1.024000e+03 2.951088e-07
1.025000e+03 8.983319e-07
1.026000e+03 2.534235e-07
1.027000e+03 3.565262e-07
1.028000e+03 2.335956e-07
1.029000e+03 7.759034e-07
1.030000e+03 2.245615e-07
1.031000e+03 2.068279e-07
1.032000e+03 2.334061e-07
1.033000e+03 8.592761e-07
1.034000e+03 3.148201e-07
1.035000e+03 3.140608e-07
1.036000e+03 1.495857e-07
1.037000e+03 6.175687e-07
1.038000e+03 2.578508e-07
1.039000e+03 2.311386e-07
1.040000e+03 1.720168e-07
1.041000e+03 8.556781e-07
1.042000e+03 2.788579e-07
1.043000e+03 1.950491e-07
1.044000e+03 1.807930e-07
1.045000e+03 7.633572e-07
1.046000e+03 3.373125e-07
1.047000e+03 2.010766e-07
1.048000e+03 1.760398e-07
1.049000e+03 6.923825e-07
1.050000e+03 1.635183e-07
1.051000e+03 1.512524e-07
1.052000e+03 1.354465e-07
1.053000e+03 5.929671e-07
1.054000e+03 1.681595e-07
1.055000e+03 2.066941e-07
1.056000e+03 1.650334e-07
1.057000e+03 3.259496e-07
1.058000e+03 1.444403e-07
1.059000e+03 1.653846e-07
1.060000e+03 1.213669e-07
1.061000e+03 3.880456e-07
1.062000e+03 1.665557e-07
1.063000e+03 1.546923e-07
1.064000e+03 1.378342e-07
1.065000e+03 3.488166e-07
1.066000e+03 2.946550e-07
1.067000e+03 3.778311e-07
1.068000e+03 3.067349e-07
1.069000e+03 4.692777e-07
1.070000e+03 1.537912e-07
1.071000e+03 1.760879e-07
1.072000e+03 2.778275e-07
1.073000e+03 4.761812e-07
1.074000e+03 2.852292e-07
1.075000e+03 1.903314e-07
1.076000e+03 1.307054e-07
1.077000e+03 9.346685e-07
1.078000e+03 2.995300e-07
1.079000e+03 2.714374e-07
1.080000e+03 2.262953e-07
1.081000e+03 8.616077e-07
1.082000e+03 1.988874e-07
1.083000e+03 1.397017e-07
1.084000e+03 1.215453e-07
1.085000e+03 3.556651e-07
1.086000e+03 1.705043e-07
1.087000e+03 1.291598e-07
1.088000e+03 1.155103e-07
1.089000e+03 4.144931e-07
1.090000e+03 1.734634e-07
1.091000e+03 1.446806e-07
1.092000e+03 1.323774e-07
1.093000e+03 1.688086e-07
1.094000e+03 4.373066e-07
1.095000e+03 1.836708e-07
1.096000e+03 1.606922e-07
1.097000e+03 1.225242e-07
1.098000e+03 4.668842e-07
1.099000e+03 2.301224e-07
1.100000e+03 2.010848e-07
1.101000e+03 2.041229e-07
1.102000e+03 1.733210e-07
1.103000e+03 4.922401e-07
1.104000e+03 1.958629e-07
1.105000e+03 2.001044e-07
1.106000e+03 1.671071e-07
1.107000e+03 5.312306e-07
1.108000e+03 3.025694e-07
1.109000e+03 2.089946e-07
1.110000e+03 1.294818e-07
1.111000e+03 1.360937e-07
1.112000e+03 5.043144e-07
1.113000e+03 1.590872e-07
1.114000e+03 2.553601e-07
1.115000e+03 2.111603e-07
1.116000e+03 1.445010e-07
1.117000e+03 4.493576e-07
1.118000e+03 2.311281e-07
1.119000e+03 2.097355e-07
1.120000e+03 1.809826e-07
1.121000e+03 1.405484e-07
1.122000e+03 5.170112e-07
1.123000e+03 2.200088e-07
1.124000e+03 2.211750e-07
1.125000e+03 1.876429e-07
1.126000e+03 1.695105e-07
1.127000e+03 1.289048e-07
1.128000e+03 4.934129e-07
1.129000e+03 2.254151e-07
1.130000e+03 3.362221e-07
1.131000e+03 2.788311e-07
1.132000e+03 1.253907e-07
1.133000e+03 8.482816e-07
1.134000e+03 3.531330e-07
1.135000e+03 2.188476e-07
1.136000e+03 2.039487e-07
1.137000e+03 1.931948e-07
1.138000e+03 1.710756e-07
1.139000e+03 8.094719e-07
1.140000e+03 2.546105e-07
1.141000e+03 2.057683e-07
1.142000e+03 1.646107e-07
1.143000e+03 1.290124e-07
1.144000e+03 1.128969e-07
1.145000e+03 9.638813e-08
1.146000e+03 5.452895e-07
1.147000e+03 2.433831e-07
1.148000e+03 1.824714e-07
1.149000e+03 1.908708e-07
1.150000e+03 1.062203e-07
1.151000e+03 8.042613e-08
1.152000e+03 8.625372e-08
1.153000e+03 7.835116e-07
1.154000e+03 1.598054e-07
1.155000e+03 1.377912e-07
1.156000e+03 1.050414e-07
1.157000e+03 8.989082e-08
1.158000e+03 4.475039e-07
1.159000e+03 8.264161e-08
1.160000e+03 8.156447e-07
1.161000e+03 1.757949e-07
1.162000e+03 1.314473e-07
1.163000e+03 1.043678e-07
1.164000e+03 1.702511e-07
1.165000e+03 9.716434e-08
1.166000e+03 8.288583e-08
1.167000e+03 3.821067e-07
1.168000e+03 5.956670e-07
1.169000e+03 2.740713e-07
1.170000e+03 1.559191e-07
1.171000e+03 1.110098e-07
1.172000e+03 1.114489e-07
1.173000e+03 7.338897e-08
1.174000e+03 8.283107e-08
1.175000e+03 6.740209e-08
1.176000e+03 6.935506e-07
1.177000e+03 1.375705e-07
1.178000e+03 1.580628e-07
1.179000e+03 1.052983e-07
1.180000e+03 7.975602e-08
1.181000e+03 7.234188e-08
1.182000e+03 5.575449e-08
1.183000e+03 4.946572e-08
1.184000e+03 6.140266e-08
1.185000e+03 5.310411e-07
1.186000e+03 1.741370e-07
1.187000e+03 1.282199e-07
1.188000e+03 9.009788e-08
1.189000e+03 9.473023e-08
1.190000e+03 7.103366e-08
1.191000e+03 8.517362e-08
1.192000e+03 7.246507e-08
1.193000e+03 5.184457e-08
1.194000e+03 4.215590e-08
1.195000e+03 6.888530e-07
1.196000e+03 1.316523e-07
1.197000e+03 1.734388e-07
1.198000e+03 1.257658e-07
1.199000e+03 9.487370e-08
1.200000e+03 9.835233e-08
1.201000e+03 6.442538e-08
1.202000e+03 5.196196e-08
1.203000e+03 7.038352e-08
1.204000e+03 4.553846e-08
1.205000e+03 4.080848e-08
1.206000e+03 5.905835e-07
1.207000e+03 1.944486e-07
1.208000e+03 1.604935e-07
1.209000e+03 1.242528e-07
1.210000e+03 9.958188e-08
1.211000e+03 7.690330e-08
1.212000e+03 5.540057e-08
1.213000e+03 4.523993e-08
1.214000e+03 5.482415e-08
1.215000e+03 4.564288e-08
1.216000e+03 4.554384e-08
1.217000e+03 6.169800e-07
1.218000e+03 1.355853e-07
1.219000e+03 1.189071e-07
1.220000e+03 1.309580e-07
1.221000e+03 7.265140e-08
1.222000e+03 6.676026e-08
1.223000e+03 5.907074e-08
1.224000e+03 5.135266e-08
1.225000e+03 6.611197e-08
1.226000e+03 3.846633e-08
1.227000e+03 3.923784e-08
1.228000e+03 1.135723e-07
1.229000e+03 1.886088e-07
1.230000e+03 1.516570e-07
1.231000e+03 1.408481e-07
1.232000e+03 1.025832e-07
1.233000e+03 8.123766e-08
1.234000e+03 7.099727e-08
1.235000e+03 7.299432e-08
1.236000e+03 6.630598e-08
1.237000e+03 3.951197e-08
1.238000e+03 7.433591e-08
1.239000e+03 2.065801e-07
1.240000e+03 1.879563e-07
1.241000e+03 9.639514e-08
1.242000e+03 9.962269e-08
1.243000e+03 8.886717e-08
1.244000e+03 7.688064e-08
1.245000e+03 4.701483e-08
1.246000e+03 3.655148e-08
1.247000e+03 3.973373e-08
1.248000e+03 3.675184e-08
1.249000e+03 8.585134e-08
1.250000e+03 2.016087e-07
1.251000e+03 6.073195e-08
1.252000e+03 1.651407e-07
1.253000e+03 8.928820e-08
1.254000e+03 1.339428e-07
1.255000e+03 9.577826e-08
1.256000e+03 3.931748e-08
1.257000e+03 3.739758e-08
1.258000e+03 2.864317e-08
1.259000e+03 6.101722e-07
1.260000e+03 1.747515e-07
1.261000e+03 1.480370e-07
1.262000e+03 1.020793e-07
1.263000e+03 6.877348e-08
1.264000e+03 4.621879e-08
1.265000e+03 5.196779e-08
1.266000e+03 4.447543e-08
1.267000e+03 5.793787e-08
1.268000e+03 4.326281e-08
1.269000e+03 6.502480e-07
1.270000e+03 1.428142e-07
1.271000e+03 1.411361e-07
1.272000e+03 9.504667e-08
1.273000e+03 6.959632e-08
1.274000e+03 5.191319e-08
1.275000e+03 4.580709e-08
1.276000e+03 6.272837e-08
1.277000e+03 6.323027e-08
1.278000e+03 4.951336e-07
1.279000e+03 1.380613e-07
1.280000e+03 1.183378e-07
1.281000e+03 9.881637e-08
1.282000e+03 8.106508e-08
1.283000e+03 6.025732e-08
1.284000e+03 4.760687e-08
1.285000e+03 4.274396e-08
1.286000e+03 6.175250e-08
1.287000e+03 7.709798e-07
1.288000e+03 1.083871e-07
1.289000e+03 1.692662e-07
1.290000e+03 1.553839e-07
1.291000e+03 1.162559e-07
1.292000e+03 8.498971e-08
1.293000e+03 6.289632e-08
1.294000e+03 4.457335e-08
1.295000e+03 4.559531e-08
1.296000e+03 6.472099e-07
1.297000e+03 9.044819e-08
1.298000e+03 9.878974e-08
1.299000e+03 8.046239e-08
1.300000e+03 6.183254e-08
1.301000e+03 6.060443e-08
1.302000e+03 4.921460e-08
1.303000e+03 4.166622e-08
1.304000e+03 6.151452e-07
1.305000e+03 1.133919e-07
1.306000e+03 1.099272e-07
1.307000e+03 8.634367e-08
1.308000e+03 6.089373e-08
1.309000e+03 5.681571e-08
1.310000e+03 6.203549e-08
1.311000e+03 5.219975e-08
1.312000e+03 4.931370e-08
1.313000e+03 1.047290e-07
1.314000e+03 1.172108e-07
1.315000e+03 9.766884e-08
1.316000e+03 6.699766e-08
1.317000e+03 5.621078e-08
1.318000e+03 4.630952e-08
1.319000e+03 4.689397e-08
1.320000e+03 3.968903e-08
1.321000e+03 5.096860e-07
1.322000e+03 1.285982e-07
1.323000e+03 9.006017e-08
1.324000e+03 7.071742e-08
1.325000e+03 5.941883e-08
1.326000e+03 5.685488e-08
1.327000e+03 2.392054e-07
1.328000e+03 4.897189e-08
1.329000e+03 4.936184e-07
1.330000e+03 9.852006e-08
1.331000e+03 4.783775e-08
1.332000e+03 1.298987e-07
1.333000e+03 7.151925e-08
1.334000e+03 5.004785e-08
1.335000e+03 6.438181e-08
1.336000e+03 5.419603e-07
1.337000e+03 1.364836e-07
1.338000e+03 9.042058e-08
1.339000e+03 1.043874e-07
1.340000e+03 7.204273e-08
1.341000e+03 5.296001e-08
1.342000e+03 2.437628e-07
1.343000e+03 2.400629e-07
1.344000e+03 5.207576e-07
1.345000e+03 1.269957e-07
1.346000e+03 8.661163e-08
1.347000e+03 8.232088e-08
1.348000e+03 6.169395e-08
1.349000e+03 4.803597e-08
1.350000e+03 4.326309e-08
1.351000e+03 5.649530e-07
1.352000e+03 1.909215e-07
1.353000e+03 8.363332e-08
1.354000e+03 7.310685e-08
1.355000e+03 6.872615e-08
1.356000e+03 8.835696e-08
1.357000e+03 8.206496e-08
1.358000e+03 9.188092e-07
1.359000e+03 1.361095e-07
1.360000e+03 1.057505e-07
1.361000e+03 8.482307e-08
1.362000e+03 6.867489e-08
1.363000e+03 7.169591e-08
1.364000e+03 2.545736e-07
1.365000e+03 6.236196e-07
1.366000e+03 1.411747e-07
1.367000e+03 1.654221e-07
1.368000e+03 1.299221e-07
1.369000e+03 1.128839e-07
1.370000e+03 9.268107e-08
1.371000e+03 8.298174e-08
1.372000e+03 6.690952e-07
1.373000e+03 1.288670e-07
1.374000e+03 1.166111e-07
1.375000e+03 1.089022e-07
1.376000e+03 6.823683e-08
1.377000e+03 6.986068e-08
1.378000e+03 5.309081e-07
1.379000e+03 1.246739e-07
1.380000e+03 9.346046e-08
1.381000e+03 8.999113e-08
1.382000e+03 7.076853e-08
1.383000e+03 6.585158e-08
1.384000e+03 5.338031e-08
1.385000e+03 5.759574e-07
1.386000e+03 1.214413e-07
1.387000e+03 9.286585e-08
1.388000e+03 1.100375e-07
1.389000e+03 6.431305e-08
1.390000e+03 5.818905e-08
1.391000e+03 6.623650e-07
1.392000e+03 1.646963e-07
1.393000e+03 9.688360e-08
1.394000e+03 7.986703e-08
1.395000e+03 6.113963e-08
1.396000e+03 5.315924e-08
1.397000e+03 5.704178e-08
1.398000e+03 5.281798e-07
1.399000e+03 1.348832e-07
1.400000e+03 8.281441e-08
1.401000e+03 6.065909e-08
1.402000e+03 5.216496e-08
1.403000e+03 5.140841e-08
1.404000e+03 4.838028e-07
1.405000e+03 1.042934e-07
1.406000e+03 8.853394e-08
1.407000e+03 8.281505e-08
1.408000e+03 6.130881e-08
1.409000e+03 5.714511e-08
1.410000e+03 4.469285e-07
1.411000e+03 1.229863e-07
1.412000e+03 5.581248e-08
1.413000e+03 5.409804e-08
1.414000e+03 4.052831e-08
1.415000e+03 4.830954e-08
1.416000e+03 4.707775e-08
1.417000e+03 4.992373e-07
1.418000e+03 1.170113e-07
1.419000e+03 6.478409e-08
1.420000e+03 5.168503e-08
1.421000e+03 5.663939e-08
1.422000e+03 4.890673e-08
1.423000e+03 5.039357e-07
1.424000e+03 7.231896e-08
1.425000e+03 7.505440e-08
1.426000e+03 7.967587e-08
1.427000e+03 8.119448e-08
1.428000e+03 7.411905e-08
1.429000e+03 7.791120e-07
1.430000e+03 1.140467e-07
1.431000e+03 9.990803e-08
1.432000e+03 7.995105e-08
1.433000e+03 6.304492e-08
1.434000e+03 6.955922e-08
1.435000e+03 6.642138e-08
1.436000e+03 5.989654e-07
1.437000e+03 1.300740e-07
1.438000e+03 9.944070e-08
1.439000e+03 8.036088e-08
1.440000e+03 7.445370e-08
1.441000e+03 6.722743e-08
1.442000e+03 6.492481e-07
1.443000e+03 1.277448e-07
1.444000e+03 1.295196e-07
1.445000e+03 1.021452e-07
1.446000e+03 8.833337e-08
1.447000e+03 9.284124e-08
1.448000e+03 8.784628e-08
1.449000e+03 7.035591e-07
1.450000e+03 9.496045e-08
1.451000e+03 9.496523e-08
1.452000e+03 1.315743e-07
1.453000e+03 1.195516e-07
1.454000e+03 1.061201e-07
1.455000e+03 7.357840e-07
1.456000e+03 1.234911e-07
1.457000e+03 1.040725e-07
1.458000e+03 9.856797e-08
1.459000e+03 6.700539e-08
1.460000e+03 9.883346e-08
1.461000e+03 9.997477e-08
1.462000e+03 6.117110e-07
1.463000e+03 2.071402e-07
1.464000e+03 1.906346e-07
1.465000e+03 2.010723e-07
1.466000e+03 8.680326e-08
1.467000e+03 7.746629e-08
1.468000e+03 6.612400e-08
1.469000e+03 6.321805e-07
1.470000e+03 1.173803e-07
1.471000e+03 8.226573e-08
1.472000e+03 9.317235e-08
1.473000e+03 8.583707e-08
1.474000e+03 6.776409e-08
1.475000e+03 6.254502e-08
1.476000e+03 5.935429e-07
1.477000e+03 1.165819e-07
1.478000e+03 9.965647e-08
1.479000e+03 8.333205e-08
1.480000e+03 6.085510e-08
1.481000e+03 7.763006e-08
1.482000e+03 6.957701e-08
1.483000e+03 6.008292e-07
1.484000e+03 1.104340e-07
1.485000e+03 1.178373e-07
1.486000e+03 8.263383e-08
1.487000e+03 8.284530e-08
1.488000e+03 9.113766e-08
1.489000e+03 7.878121e-08
1.490000e+03 6.875820e-07
1.491000e+03 1.281612e-07
1.492000e+03 1.128534e-07
1.493000e+03 9.028889e-08
1.494000e+03 9.119026e-08
1.495000e+03 6.699528e-08
1.496000e+03 7.206417e-08
1.497000e+03 6.801504e-07
1.498000e+03 1.128089e-07
1.499000e+03 1.138440e-07
1.500000e+03 1.036992e-07
1.501000e+03 8.854017e-08
1.502000e+03 8.612983e-08
1.503000e+03 7.926985e-08
1.504000e+03 7.027712e-08
1.505000e+03 6.136791e-07
1.506000e+03 1.155328e-07
1.507000e+03 1.056026e-07
1.508000e+03 9.951602e-08
1.509000e+03 7.597516e-08
1.510000e+03 7.905238e-08
1.511000e+03 7.651150e-08
1.512000e+03 6.762034e-08
1.513000e+03 6.206212e-07
1.514000e+03 1.008466e-07
1.515000e+03 1.009145e-07
1.516000e+03 8.514582e-08
1.517000e+03 8.232058e-08
1.518000e+03 7.529158e-08
1.519000e+03 6.917043e-08
1.520000e+03 2.430890e-07
1.521000e+03 5.450853e-08
1.522000e+03 5.079613e-07
1.523000e+03 9.476529e-08
1.524000e+03 7.177542e-08
1.525000e+03 6.420739e-08
1.526000e+03 8.030382e-08
1.527000e+03 9.700335e-08
1.528000e+03 5.793427e-08
1.529000e+03 5.374409e-08
1.530000e+03 5.707671e-07
1.531000e+03 1.214195e-07
1.532000e+03 1.420330e-07
1.533000e+03 1.071177e-07
1.534000e+03 9.716155e-08
1.535000e+03 7.943447e-08
1.536000e+03 7.227674e-08
1.537000e+03 6.598659e-08
1.538000e+03 7.055953e-08
1.539000e+03 5.509928e-08
1.540000e+03 4.899400e-07
1.541000e+03 9.732284e-08
1.542000e+03 8.430307e-08
1.543000e+03 8.074019e-08
1.544000e+03 8.167311e-08
1.545000e+03 7.552234e-08
1.546000e+03 6.324322e-08
1.547000e+03 2.325421e-07
1.548000e+03 5.979389e-08
1.549000e+03 3.901001e-07
1.550000e+03 8.585027e-08
1.551000e+03 6.203023e-08
1.552000e+03 9.022170e-08
1.553000e+03 7.722118e-08
1.554000e+03 6.808782e-08
1.555000e+03 6.038762e-08
1.556000e+03 2.354899e-07
1.557000e+03 5.113195e-08
1.558000e+03 1.867454e-07
1.559000e+03 4.643223e-07
1.560000e+03 8.993552e-08
1.561000e+03 6.847798e-08
1.562000e+03 6.973797e-08
1.563000e+03 6.451962e-08
1.564000e+03 6.341378e-08
1.565000e+03 6.216067e-08
1.566000e+03 6.156691e-08
1.567000e+03 4.847389e-08
1.568000e+03 1.972267e-07
1.569000e+03 2.033656e-07
1.570000e+03 5.237108e-07
1.571000e+03 9.673753e-08
1.572000e+03 7.377331e-08
1.573000e+03 7.216863e-08
1.574000e+03 6.026734e-08
1.575000e+03 6.345157e-08
1.576000e+03 6.899441e-08
1.577000e+03 4.680731e-08
1.578000e+03 6.592428e-08
1.579000e+03 1.846035e-07
1.580000e+03 1.885971e-07
1.581000e+03 4.433252e-07
1.582000e+03 1.266377e-07
1.583000e+03 9.065848e-08
1.584000e+03 7.818301e-08
1.585000e+03 7.309917e-08
1.586000e+03 5.695875e-08
1.587000e+03 7.194695e-08
1.588000e+03 5.105148e-08
1.589000e+03 1.875648e-07
1.590000e+03 1.956823e-07
1.591000e+03 1.826143e-07
1.592000e+03 1.676225e-07
1.593000e+03 5.026375e-07
1.594000e+03 1.365245e-07
1.595000e+03 1.124129e-07
1.596000e+03 8.813806e-08
1.597000e+03 8.927610e-08
1.598000e+03 7.725678e-08
1.599000e+03 6.564112e-08
1.600000e+03 6.310190e-08
1.601000e+03 4.677115e-08
1.602000e+03 4.303303e-08
1.603000e+03 1.608219e-07
1.604000e+03 1.749442e-07
1.605000e+03 1.714468e-07
1.606000e+03 1.619018e-07
1.607000e+03 7.204321e-07
1.608000e+03 1.476614e-07
1.609000e+03 1.164034e-07
1.610000e+03 1.174369e-07
1.611000e+03 1.015725e-07
1.612000e+03 8.785530e-08
1.613000e+03 7.919121e-08
1.614000e+03 5.858654e-08
1.615000e+03 5.218633e-08
1.616000e+03 1.666736e-07
1.617000e+03 1.626986e-07
1.618000e+03 1.562120e-07
1.619000e+03 1.536074e-07
1.620000e+03 1.347193e-07
1.621000e+03 5.623945e-07
1.622000e+03 2.783439e-07
1.623000e+03 1.182672e-07
1.624000e+03 8.824998e-08
1.625000e+03 6.986225e-08
1.626000e+03 5.370233e-08
1.627000e+03 5.932321e-08
1.628000e+03 5.414969e-08
1.629000e+03 4.918584e-08
1.630000e+03 1.516494e-07
1.631000e+03 1.658131e-07
1.632000e+03 1.594933e-07
1.633000e+03 1.461437e-07
1.634000e+03 1.283015e-07
1.635000e+03 1.206027e-07
1.636000e+03 6.685725e-07
1.637000e+03 7.366230e-08
1.638000e+03 8.612451e-08
1.639000e+03 7.650738e-08
1.640000e+03 6.572107e-08
1.641000e+03 5.783292e-08
1.642000e+03 6.722955e-08
1.643000e+03 5.729741e-08
1.644000e+03 1.692686e-07
1.645000e+03 5.912812e-08
1.646000e+03 1.434505e-07
1.647000e+03 1.614493e-07
1.648000e+03 1.499481e-07
1.649000e+03 1.309955e-07
1.650000e+03 1.153681e-07
1.651000e+03 1.030810e-07
1.652000e+03 5.091264e-07
1.653000e+03 8.256713e-08
1.654000e+03 7.181191e-08
1.655000e+03 6.125413e-08
1.656000e+03 5.427277e-08
1.657000e+03 4.845821e-08
1.658000e+03 4.392932e-08
1.659000e+03 3.867140e-08
1.660000e+03 3.460559e-08
1.661000e+03 1.444237e-07
1.662000e+03 1.486442e-07
1.663000e+03 1.368284e-07
1.664000e+03 1.250279e-07
1.665000e+03 1.142771e-07
1.666000e+03 1.034843e-07
1.667000e+03 9.760382e-08
1.668000e+03 8.956358e-08
1.669000e+03 8.442329e-08
1.670000e+03 5.431063e-07
1.671000e+03 9.419320e-08
1.672000e+03 1.042177e-07
1.673000e+03 7.498502e-08
1.674000e+03 6.805867e-08
1.675000e+03 6.046326e-08
1.676000e+03 4.820902e-08
1.677000e+03 4.220376e-08
1.678000e+03 3.753368e-08
1.679000e+03 1.369094e-07
1.680000e+03 1.473946e-07
1.681000e+03 1.388149e-07
1.682000e+03 1.225026e-07
1.683000e+03 1.150632e-07
1.684000e+03 1.054200e-07
1.685000e+03 9.416664e-08
1.686000e+03 8.362077e-08
1.687000e+03 8.056275e-08
1.688000e+03 7.600620e-08
1.689000e+03 6.985400e-07
1.690000e+03 7.724563e-08
1.691000e+03 4.872375e-08
1.692000e+03 4.427864e-08
1.693000e+03 3.557678e-08
1.694000e+03 3.820107e-08
1.695000e+03 3.716670e-08
1.696000e+03 3.253644e-08
1.697000e+03 1.282312e-07
1.698000e+03 1.269175e-07
1.699000e+03 1.349130e-07
1.700000e+03 1.276099e-07
1.701000e+03 1.170920e-07
1.702000e+03 1.060545e-07
1.703000e+03 9.584833e-08
1.704000e+03 9.112253e-08
1.705000e+03 8.487780e-08
1.706000e+03 6.964720e-08
1.707000e+03 6.508561e-08
1.708000e+03 6.129301e-08
1.709000e+03 5.752099e-08
1.710000e+03 6.088516e-07
1.711000e+03 8.728425e-08
1.712000e+03 6.313651e-08
1.713000e+03 5.253829e-08
1.714000e+03 6.060817e-08
1.715000e+03 5.749187e-08
1.716000e+03 4.469054e-08
1.717000e+03 3.949218e-08
1.718000e+03 3.560360e-08
1.719000e+03 1.224800e-07
1.720000e+03 3.130678e-08
1.721000e+03 8.825734e-08
1.722000e+03 8.608656e-08
1.723000e+03 8.066823e-08
1.724000e+03 7.464397e-08
1.725000e+03 6.957610e-08
1.726000e+03 6.516936e-08
1.727000e+03 6.136638e-08
1.728000e+03 5.624355e-08
1.729000e+03 5.487941e-08
1.730000e+03 5.130658e-08
1.731000e+03 4.020432e-07
1.732000e+03 7.148786e-08
1.733000e+03 5.118513e-08
1.734000e+03 4.252222e-08
1.735000e+03 3.605235e-08
1.736000e+03 3.136461e-08
1.737000e+03 2.767471e-08
1.738000e+03 2.720387e-08
1.739000e+03 1.174003e-07
1.740000e+03 2.471751e-08
1.741000e+03 9.586712e-08
1.742000e+03 9.564163e-08
1.743000e+03 8.809805e-08
1.744000e+03 8.086307e-08
1.745000e+03 7.476270e-08
1.746000e+03 7.238258e-08
1.747000e+03 6.915168e-08
1.748000e+03 6.463306e-08
1.749000e+03 6.059847e-08
1.750000e+03 5.831302e-08
1.751000e+03 5.586181e-08
1.752000e+03 5.491929e-08
1.753000e+03 5.195571e-08
1.754000e+03 4.590733e-07
1.755000e+03 8.009005e-08
1.756000e+03 7.282490e-08
1.757000e+03 6.391107e-08
1.758000e+03 5.623582e-08
1.759000e+03 4.079918e-08
1.760000e+03 3.556301e-08
1.761000e+03 3.095028e-08
1.762000e+03 3.273618e-08
1.763000e+03 2.973277e-08
1.764000e+03 1.061094e-07
1.765000e+03 2.968174e-08
1.766000e+03 8.938993e-08
1.767000e+03 9.572859e-08
1.768000e+03 8.830988e-08
1.769000e+03 8.194967e-08
1.770000e+03 7.513950e-08
1.771000e+03 6.962315e-08
1.772000e+03 6.499205e-08
1.773000e+03 6.071030e-08
1.774000e+03 5.795323e-08
1.775000e+03 5.596169e-08
1.776000e+03 5.337089e-08
1.777000e+03 5.130054e-08
1.778000e+03 5.575944e-07
1.779000e+03 1.264492e-07
1.780000e+03 1.099193e-07
1.781000e+03 8.426418e-08
1.782000e+03 6.577710e-08
1.783000e+03 5.874380e-08
1.784000e+03 4.963801e-08
1.785000e+03 4.276081e-08
1.786000e+03 4.604568e-08
1.787000e+03 4.122546e-08
1.788000e+03 1.143319e-07
1.789000e+03 1.209524e-07
1.790000e+03 1.122584e-07
1.791000e+03 1.019941e-07
1.792000e+03 9.210222e-08
1.793000e+03 8.427908e-08
1.794000e+03 7.689215e-08
1.795000e+03 7.033503e-08
1.796000e+03 6.328501e-08
1.797000e+03 5.961876e-08
1.798000e+03 5.806972e-08
1.799000e+03 6.217296e-08
1.800000e+03 5.471499e-08
1.801000e+03 4.870946e-08
1.802000e+03 4.650065e-08
1.803000e+03 4.358861e-08
1.804000e+03 4.326152e-08
1.805000e+03 6.023400e-07
1.806000e+03 7.524521e-08
1.807000e+03 7.385320e-08
1.808000e+03 6.331260e-08
1.809000e+03 5.453153e-08
1.810000e+03 4.749206e-08
1.811000e+03 4.036343e-08
1.812000e+03 3.548630e-08
1.813000e+03 2.727313e-08
1.814000e+03 2.794561e-08
1.815000e+03 1.038743e-07
1.816000e+03 1.091794e-07
1.817000e+03 9.696496e-08
1.818000e+03 8.548223e-08
1.819000e+03 7.705706e-08
1.820000e+03 7.004558e-08
1.821000e+03 6.444476e-08
1.822000e+03 5.979415e-08
1.823000e+03 5.754241e-08
1.824000e+03 5.380887e-08
1.825000e+03 5.178913e-08
1.826000e+03 4.997985e-08
1.827000e+03 5.064888e-08
1.828000e+03 4.930165e-08
1.829000e+03 4.515698e-08
1.830000e+03 4.640012e-08
1.831000e+03 4.260785e-08
1.832000e+03 4.206424e-08
1.833000e+03 4.058758e-08
1.834000e+03 6.500897e-07
1.835000e+03 8.306265e-08
1.836000e+03 8.021044e-08
1.837000e+03 7.010065e-08
1.838000e+03 5.987083e-08
1.839000e+03 5.190120e-08
1.840000e+03 3.893026e-08
1.841000e+03 3.366255e-08
1.842000e+03 3.058091e-08
1.843000e+03 2.724680e-08
1.844000e+03 1.038091e-07
1.845000e+03 1.092374e-07
1.846000e+03 1.022010e-07
1.847000e+03 9.062186e-08
1.848000e+03 7.581370e-08
1.849000e+03 6.957434e-08
1.850000e+03 6.305719e-08
1.851000e+03 5.772233e-08
1.852000e+03 5.185652e-08
1.853000e+03 4.866642e-08
1.854000e+03 4.833750e-08
1.855000e+03 4.626946e-08
1.856000e+03 4.357449e-08
1.857000e+03 4.230683e-08
1.858000e+03 4.200749e-08
1.859000e+03 4.081216e-08
1.860000e+03 3.843218e-08
1.861000e+03 3.830218e-08
1.862000e+03 3.744525e-08
1.863000e+03 3.622174e-08
1.864000e+03 3.577132e-08
1.865000e+03 4.833178e-07
1.866000e+03 5.949371e-08
1.867000e+03 4.897208e-08
1.868000e+03 4.149399e-08
1.869000e+03 3.913976e-08
1.870000e+03 4.465422e-08
1.871000e+03 3.875405e-08
1.872000e+03 3.425992e-08
1.873000e+03 3.020017e-08
1.874000e+03 3.102351e-08
1.875000e+03 9.599343e-08
1.876000e+03 2.865822e-08
1.877000e+03 7.693729e-08
1.878000e+03 8.205384e-08
1.879000e+03 7.744622e-08
1.880000e+03 6.980918e-08
1.881000e+03 6.273265e-08
1.882000e+03 5.680775e-08
1.883000e+03 5.660899e-08
1.884000e+03 5.692854e-08
1.885000e+03 5.475718e-08
1.886000e+03 5.424530e-08
1.887000e+03 5.363732e-08
1.888000e+03 5.213184e-08
1.889000e+03 5.045162e-08
1.890000e+03 4.854319e-08
1.891000e+03 4.923537e-08
1.892000e+03 4.458081e-08
1.893000e+03 4.345983e-08
1.894000e+03 4.267860e-08
1.895000e+03 3.764271e-08
1.896000e+03 3.680931e-08
1.897000e+03 3.643557e-08
1.898000e+03 3.602133e-08
1.899000e+03 3.434038e-08
1.900000e+03 5.990630e-07
1.901000e+03 8.692028e-08
1.902000e+03 8.777755e-08
1.903000e+03 8.802189e-08
1.904000e+03 7.672382e-08
1.905000e+03 6.369033e-08
1.906000e+03 4.471997e-08
1.907000e+03 3.828479e-08
1.908000e+03 3.171578e-08
1.909000e+03 2.841383e-08
1.910000e+03 1.052358e-07
1.911000e+03 2.674342e-08
1.912000e+03 8.002541e-08
1.913000e+03 8.457330e-08
1.914000e+03 7.831318e-08
1.915000e+03 7.082553e-08
1.916000e+03 5.929247e-08
1.917000e+03 5.502413e-08
1.918000e+03 5.004695e-08
1.919000e+03 4.952218e-08
1.920000e+03 4.685978e-08
1.921000e+03 4.531451e-08
1.922000e+03 4.258659e-08
1.923000e+03 4.894183e-08
1.924000e+03 5.122631e-08
1.925000e+03 5.234786e-08
1.926000e+03 5.160079e-08
1.927000e+03 3.491610e-08
1.928000e+03 3.261437e-08
1.929000e+03 3.262649e-08
1.930000e+03 3.189412e-08
1.931000e+03 3.122124e-08
1.932000e+03 3.080261e-08
1.933000e+03 3.083869e-08
1.934000e+03 3.017651e-08
1.935000e+03 2.979337e-08
1.936000e+03 2.952801e-08
1.937000e+03 2.915619e-08
1.938000e+03 2.899541e-08
1.939000e+03 2.858339e-08
1.940000e+03 5.471244e-07
1.941000e+03 8.399574e-08
1.942000e+03 1.167010e-07
1.943000e+03 5.683355e-08
1.944000e+03 4.864735e-08
1.945000e+03 4.214037e-08
1.946000e+03 3.672723e-08
1.947000e+03 3.290961e-08
1.948000e+03 2.868147e-08
1.949000e+03 2.377415e-08
1.950000e+03 8.733119e-08
1.951000e+03 8.933231e-08
1.952000e+03 8.605417e-08
1.953000e+03 7.554959e-08
1.954000e+03 7.250981e-08
1.955000e+03 6.538855e-08
1.956000e+03 5.933364e-08
1.957000e+03 5.448599e-08
1.958000e+03 4.990744e-08
1.959000e+03 4.608093e-08
1.960000e+03 4.194344e-08
1.961000e+03 3.906433e-08
1.962000e+03 3.685051e-08
1.963000e+03 3.589238e-08
1.964000e+03 3.517951e-08
1.965000e+03 3.453077e-08
1.966000e+03 3.382662e-08
1.967000e+03 3.276728e-08
1.968000e+03 3.210742e-08
1.969000e+03 3.374320e-08
1.970000e+03 3.070453e-08
1.971000e+03 2.818752e-08
1.972000e+03 2.741926e-08
1.973000e+03 2.720859e-08
1.974000e+03 2.687241e-08
1.975000e+03 2.653589e-08
1.976000e+03 2.697210e-08
1.977000e+03 2.664636e-08
1.978000e+03 2.693167e-08
1.979000e+03 2.584438e-08
1.980000e+03 2.614303e-08
1.981000e+03 2.618365e-08
1.982000e+03 2.594936e-08
1.983000e+03 6.150669e-07
1.984000e+03 1.013870e-07
1.985000e+03 7.734701e-08
1.986000e+03 7.089078e-08
1.987000e+03 6.263324e-08
1.988000e+03 5.440901e-08
1.989000e+03 4.400468e-08
1.990000e+03 3.807040e-08
1.991000e+03 3.319993e-08
1.992000e+03 2.904961e-08
1.993000e+03 2.447497e-08
1.994000e+03 7.966836e-08
1.995000e+03 8.093580e-08
1.996000e+03 7.420989e-08
1.997000e+03 7.234154e-08
1.998000e+03 6.945670e-08
1.999000e+03 5.505897e-08
2.000000e+03 4.855865e-08
2.001000e+03 4.401844e-08
2.002000e+03 4.064930e-08
2.003000e+03 3.860323e-08
2.004000e+03 3.654462e-08
2.005000e+03 3.469894e-08
2.006000e+03 3.275492e-08
2.007000e+03 3.060377e-08
2.008000e+03 2.948013e-08
2.009000e+03 2.848262e-08
2.010000e+03 2.774108e-08
2.011000e+03 2.707463e-08
2.012000e+03 2.653541e-08
2.013000e+03 2.582582e-08
2.014000e+03 2.548105e-08
2.015000e+03 2.527622e-08
2.016000e+03 2.497035e-08
2.017000e+03 2.461047e-08
2.018000e+03 2.436242e-08
2.019000e+03 2.407977e-08
2.020000e+03 2.382109e-08
2.021000e+03 2.378947e-08
2.022000e+03 2.382261e-08
2.023000e+03 2.377842e-08
2.024000e+03 2.230374e-08
2.025000e+03 2.218210e-08
2.026000e+03 2.237296e-08
2.027000e+03 2.196462e-08
2.028000e+03 2.239844e-08
2.029000e+03 2.267358e-08
2.030000e+03 2.237930e-08
2.031000e+03 2.278472e-08
2.032000e+03 2.251464e-08
2.033000e+03 6.338074e-07
2.034000e+03 1.029609e-07
2.035000e+03 7.238900e-08
2.036000e+03 5.517695e-08
2.037000e+03 4.582016e-08
2.038000e+03 3.911382e-08
2.039000e+03 3.466638e-08
2.040000e+03 3.055040e-08
2.041000e+03 2.720164e-08
2.042000e+03 2.409962e-08
2.043000e+03 2.149612e-08
2.044000e+03 7.886222e-08
2.045000e+03 7.897355e-08
2.046000e+03 3.667201e-08
2.047000e+03 5.361687e-08
2.048000e+03 4.939725e-08
2.049000e+03 4.339367e-08
2.050000e+03 3.862350e-08
2.051000e+03 3.510820e-08
2.052000e+03 3.244844e-08
2.053000e+03 2.944435e-08
2.054000e+03 2.821790e-08
2.055000e+03 2.666217e-08
2.056000e+03 2.725616e-08
2.057000e+03 2.633798e-08
2.058000e+03 2.826536e-08
2.059000e+03 2.834862e-08
2.060000e+03 2.693977e-08
2.061000e+03 2.575828e-08
2.062000e+03 2.543683e-08
2.063000e+03 2.377297e-08
2.064000e+03 2.269141e-08
2.065000e+03 2.197137e-08
2.066000e+03 2.235633e-08
2.067000e+03 2.236714e-08
2.068000e+03 2.233443e-08
2.069000e+03 2.238290e-08
2.070000e+03 2.226676e-08
2.071000e+03 2.190865e-08
2.072000e+03 2.203639e-08
2.073000e+03 2.168377e-08
2.074000e+03 2.191308e-08
2.075000e+03 2.138334e-08
2.076000e+03 2.070598e-08
2.077000e+03 1.995390e-08
2.078000e+03 1.982491e-08
2.079000e+03 1.976646e-08
2.080000e+03 1.958748e-08
2.081000e+03 1.985306e-08
2.082000e+03 1.985040e-08
2.083000e+03 1.979157e-08
2.084000e+03 1.939312e-08
2.085000e+03 1.941026e-08
2.086000e+03 1.924387e-08
2.087000e+03 1.912710e-08
2.088000e+03 1.917106e-08
2.089000e+03 1.899362e-08
2.090000e+03 1.894001e-08
2.091000e+03 1.878166e-08
2.092000e+03 4.810644e-07
2.093000e+03 9.022368e-08
2.094000e+03 6.893395e-08
2.095000e+03 5.726743e-08
2.096000e+03 4.648388e-08
2.097000e+03 4.042938e-08
2.098000e+03 3.501279e-08
2.099000e+03 3.014720e-08
2.100000e+03 2.698685e-08
2.101000e+03 2.383589e-08
2.102000e+03 2.118046e-08
2.103000e+03 7.408850e-08
2.104000e+03 2.112777e-08
2.105000e+03 5.707313e-08
2.106000e+03 5.866218e-08
2.107000e+03 5.208663e-08
2.108000e+03 4.502367e-08
2.109000e+03 3.981111e-08
2.110000e+03 3.526687e-08
2.111000e+03 3.169362e-08
2.112000e+03 2.893348e-08
2.113000e+03 2.838567e-08
2.114000e+03 2.651881e-08
2.115000e+03 2.481244e-08
2.116000e+03 2.253598e-08
2.117000e+03 2.176291e-08
2.118000e+03 2.242496e-08
2.119000e+03 2.205760e-08
2.120000e+03 2.056468e-08
2.121000e+03 2.042250e-08
2.122000e+03 2.015836e-08
2.123000e+03 2.017251e-08
2.124000e+03 1.967884e-08
2.125000e+03 1.996242e-08
2.126000e+03 1.979569e-08
2.127000e+03 1.953950e-08
2.128000e+03 1.970136e-08
2.129000e+03 1.940032e-08
2.130000e+03 1.922483e-08
2.131000e+03 1.910003e-08
2.132000e+03 1.900722e-08
2.133000e+03 1.934673e-08
2.134000e+03 1.912037e-08
2.135000e+03 1.858510e-08
2.136000e+03 1.896468e-08
2.137000e+03 1.968886e-08
2.138000e+03 1.953352e-08
2.139000e+03 1.940353e-08
2.140000e+03 1.919155e-08
2.141000e+03 1.914553e-08
2.142000e+03 1.887429e-08
2.143000e+03 1.879693e-08
2.144000e+03 1.869108e-08
2.145000e+03 1.810351e-08
2.146000e+03 1.840125e-08
2.147000e+03 1.796759e-08
2.148000e+03 1.717881e-08
2.149000e+03 1.736480e-08
2.150000e+03 1.716525e-08
2.151000e+03 1.696331e-08
2.152000e+03 1.697438e-08
2.153000e+03 1.691399e-08
2.154000e+03 1.690626e-08
2.155000e+03 1.692370e-08
2.156000e+03 1.708894e-08
2.157000e+03 1.700194e-08
2.158000e+03 1.691110e-08
2.159000e+03 1.687629e-08
2.160000e+03 1.687657e-08
2.161000e+03 1.698928e-08
2.162000e+03 1.692891e-08
2.163000e+03 1.666827e-08
2.164000e+03 4.276276e-07
2.165000e+03 7.656854e-08
2.166000e+03 5.837444e-08
2.167000e+03 4.939247e-08
2.168000e+03 4.408428e-08
2.169000e+03 3.797171e-08
2.170000e+03 3.261447e-08
2.171000e+03 2.812084e-08
2.172000e+03 2.410243e-08
2.173000e+03 2.078678e-08
2.174000e+03 1.800056e-08
2.175000e+03 6.703339e-08
2.176000e+03 5.992947e-08
2.177000e+03 5.302290e-08
2.178000e+03 4.643135e-08
2.179000e+03 4.073495e-08
2.180000e+03 4.108690e-08
2.181000e+03 3.730316e-08
2.182000e+03 3.365606e-08
2.183000e+03 2.961889e-08
2.184000e+03 2.685226e-08
2.185000e+03 2.712798e-08
2.186000e+03 2.580146e-08
2.187000e+03 2.413526e-08
2.188000e+03 2.307650e-08
2.189000e+03 2.146742e-08
2.190000e+03 2.032459e-08
2.191000e+03 1.962248e-08
2.192000e+03 1.982010e-08
2.193000e+03 1.980220e-08
2.194000e+03 1.924821e-08
2.195000e+03 1.895850e-08
2.196000e+03 1.933818e-08
2.197000e+03 1.936139e-08
2.198000e+03 1.839649e-08
2.199000e+03 1.925365e-08
2.200000e+03 1.820487e-08
2.201000e+03 1.828670e-08
2.202000e+03 1.825149e-08
2.203000e+03 1.841913e-08
2.204000e+03 1.832663e-08
2.205000e+03 1.821561e-08
2.206000e+03 1.806412e-08
2.207000e+03 1.817664e-08
2.208000e+03 1.767300e-08
2.209000e+03 1.794890e-08
2.210000e+03 1.764618e-08
2.211000e+03 1.741608e-08
2.212000e+03 1.723190e-08
2.213000e+03 1.758180e-08
2.214000e+03 1.746447e-08
2.215000e+03 1.746268e-08
2.216000e+03 1.724924e-08
2.217000e+03 1.728086e-08
2.218000e+03 1.724663e-08
2.219000e+03 1.700133e-08
2.220000e+03 1.736558e-08
2.221000e+03 1.782026e-08
2.222000e+03 1.755003e-08
2.223000e+03 1.749014e-08
2.224000e+03 1.740315e-08
2.225000e+03 1.726335e-08
2.226000e+03 1.714820e-08
2.227000e+03 1.709404e-08
2.228000e+03 1.659952e-08
2.229000e+03 1.670298e-08
2.230000e+03 1.651192e-08
2.231000e+03 1.637615e-08
2.232000e+03 1.627533e-08
2.233000e+03 1.643528e-08
2.234000e+03 1.629023e-08
2.235000e+03 1.619042e-08
2.236000e+03 1.616691e-08
2.237000e+03 1.625985e-08
2.238000e+03 1.611073e-08
2.239000e+03 1.603955e-08
2.240000e+03 1.410777e-08
2.241000e+03 1.414335e-08
2.242000e+03 1.398749e-08
2.243000e+03 1.402491e-08
2.244000e+03 1.383062e-08
2.245000e+03 1.413769e-08
2.246000e+03 1.390569e-08
2.247000e+03 1.387638e-08
2.248000e+03 1.533371e-08
2.249000e+03 1.532854e-08
2.250000e+03 1.539502e-08
2.251000e+03 1.539205e-08
2.252000e+03 1.530198e-08
2.253000e+03 1.506604e-08
2.254000e+03 4.415027e-07
2.255000e+03 9.816037e-08
2.256000e+03 8.255749e-08
2.257000e+03 6.442930e-08
2.258000e+03 5.083127e-08
2.259000e+03 4.391553e-08
2.260000e+03 3.758705e-08
2.261000e+03 3.273252e-08
2.262000e+03 3.688987e-08
2.263000e+03 3.322884e-08
2.264000e+03 2.859098e-08
2.265000e+03 2.438626e-08
2.266000e+03 2.159455e-08
2.267000e+03 1.983515e-08
2.268000e+03 5.289461e-08
2.269000e+03 1.852077e-08
2.270000e+03 4.131461e-08
2.271000e+03 4.200254e-08
2.272000e+03 3.923162e-08
2.273000e+03 3.175287e-08
2.274000e+03 2.794485e-08
2.275000e+03 2.514680e-08
2.276000e+03 2.329984e-08
2.277000e+03 2.220671e-08
2.278000e+03 2.088327e-08
2.279000e+03 1.993052e-08
2.280000e+03 1.893121e-08
2.281000e+03 1.854814e-08
2.282000e+03 1.768748e-08
2.283000e+03 1.730029e-08
2.284000e+03 1.702262e-08
2.285000e+03 1.694472e-08
2.286000e+03 1.666763e-08
2.287000e+03 1.656462e-08
2.288000e+03 1.647000e-08
2.289000e+03 1.651176e-08
2.290000e+03 1.646290e-08
2.291000e+03 1.589121e-08
2.292000e+03 1.582583e-08
2.293000e+03 1.611429e-08
2.294000e+03 1.573463e-08
2.295000e+03 1.550581e-08
2.296000e+03 1.541501e-08
2.297000e+03 1.539898e-08
2.298000e+03 1.539528e-08
2.299000e+03 1.528455e-08
2.300000e+03 1.499544e-08
2.301000e+03 1.504923e-08
2.302000e+03 1.495181e-08
2.303000e+03 1.503439e-08
2.304000e+03 1.471911e-08
2.305000e+03 1.502938e-08
2.306000e+03 1.473568e-08
2.307000e+03 1.456264e-08
2.308000e+03 1.469747e-08
2.309000e+03 1.464100e-08
2.310000e+03 1.468659e-08
2.311000e+03 1.455740e-08
2.312000e+03 1.446611e-08
2.313000e+03 1.449731e-08
2.314000e+03 1.427118e-08
2.315000e+03 1.396061e-08
2.316000e+03 1.367179e-08
2.317000e+03 1.401818e-08
2.318000e+03 1.392825e-08
2.319000e+03 1.373423e-08
2.320000e+03 1.387243e-08
2.321000e+03 1.383995e-08
2.322000e+03 1.385809e-08
2.323000e+03 1.412969e-08
2.324000e+03 1.375657e-08
2.325000e+03 1.376418e-08
2.326000e+03 1.368545e-08
2.327000e+03 1.335473e-08
2.328000e+03 1.453745e-08
2.329000e+03 1.450542e-08
2.330000e+03 1.431040e-08
2.331000e+03 1.400886e-08
2.332000e+03 1.395092e-08
2.333000e+03 1.290362e-08
2.334000e+03 1.251622e-08
2.335000e+03 1.280492e-08
2.336000e+03 1.246488e-08
2.337000e+03 1.248617e-08
2.338000e+03 1.270189e-08
2.339000e+03 1.188687e-08
2.340000e+03 1.214938e-08
2.341000e+03 1.212296e-08
2.342000e+03 1.188787e-08
2.343000e+03 1.196245e-08
2.344000e+03 1.144821e-08
2.345000e+03 1.166737e-08
2.346000e+03 1.134564e-08
2.347000e+03 1.125257e-08
2.348000e+03 1.151810e-08
2.349000e+03 1.126410e-08
2.350000e+03 1.143024e-08
2.351000e+03 1.151763e-08
2.352000e+03 1.153334e-08
2.353000e+03 1.223086e-08
2.354000e+03 1.177716e-08
2.355000e+03 1.184003e-08
2.356000e+03 1.316350e-08
2.357000e+03 1.340872e-08
2.358000e+03 1.351561e-08
2.359000e+03 1.333480e-08
2.360000e+03 1.335790e-08
2.361000e+03 1.321349e-08
2.362000e+03 1.338967e-08
2.363000e+03 1.333697e-08
2.364000e+03 1.314582e-08
2.365000e+03 1.351994e-08
2.366000e+03 1.314459e-08
2.367000e+03 1.298772e-08
2.368000e+03 1.301864e-08
2.369000e+03 1.312704e-08
2.370000e+03 1.320422e-08
2.371000e+03 1.302624e-08
2.372000e+03 1.294791e-08
2.373000e+03 1.322850e-08
2.374000e+03 6.334651e-07
2.375000e+03 7.572713e-08
2.376000e+03 7.379920e-08
2.377000e+03 6.141857e-08
2.378000e+03 5.306813e-08
2.379000e+03 5.879018e-08
2.380000e+03 5.302515e-08
2.381000e+03 3.435548e-08
2.382000e+03 2.883817e-08
2.383000e+03 2.469694e-08
2.384000e+03 2.075668e-08
2.385000e+03 1.626241e-08
2.386000e+03 1.403519e-08
2.387000e+03 5.293676e-08
2.388000e+03 1.407556e-08
2.389000e+03 3.989573e-08
2.390000e+03 4.005558e-08
2.391000e+03 3.645759e-08
2.392000e+03 3.200016e-08
2.393000e+03 2.863908e-08
2.394000e+03 2.566593e-08
2.395000e+03 2.329718e-08
2.396000e+03 2.145417e-08
2.397000e+03 1.971212e-08
2.398000e+03 1.852564e-08
2.399000e+03 1.734890e-08
2.400000e+03 1.618527e-08
2.401000e+03 1.574459e-08
2.402000e+03 1.532019e-08
2.403000e+03 1.455202e-08
2.404000e+03 1.386788e-08
2.405000e+03 1.428411e-08
2.406000e+03 1.374805e-08
2.407000e+03 1.373015e-08
2.408000e+03 1.353028e-08
2.409000e+03 1.328105e-08
2.410000e+03 1.387732e-08
2.411000e+03 1.399651e-08
2.412000e+03 1.424360e-08
2.413000e+03 1.445950e-08
2.414000e+03 1.452076e-08
2.415000e+03 1.415712e-08
2.416000e+03 1.430394e-08
2.417000e+03 1.418055e-08
2.418000e+03 1.361896e-08
2.419000e+03 1.347988e-08
2.420000e+03 1.301870e-08
2.421000e+03 1.244831e-08
2.422000e+03 1.216491e-08
2.423000e+03 1.255003e-08
2.424000e+03 1.277916e-08
2.425000e+03 1.340050e-08
2.426000e+03 1.410706e-08
2.427000e+03 1.371562e-08
2.428000e+03 1.254860e-08
2.429000e+03 1.289779e-08
2.430000e+03 1.237052e-08
2.431000e+03 1.217085e-08
2.432000e+03 1.234334e-08
2.433000e+03 1.152345e-08
2.434000e+03 1.127833e-08
2.435000e+03 1.162994e-08
2.436000e+03 1.126236e-08
2.437000e+03 1.175449e-08
2.438000e+03 1.202432e-08
2.439000e+03 1.144507e-08
2.440000e+03 1.131126e-08
2.441000e+03 1.205836e-08
2.442000e+03 1.194938e-08
2.443000e+03 1.251504e-08
2.444000e+03 1.299812e-08
2.445000e+03 1.271268e-08
2.446000e+03 1.260193e-08
2.447000e+03 1.297594e-08
2.448000e+03 1.272593e-08
2.449000e+03 1.282361e-08
2.450000e+03 1.307090e-08
2.451000e+03 1.258873e-08
2.452000e+03 1.252683e-08
2.453000e+03 1.299876e-08
2.454000e+03 1.211542e-08
2.455000e+03 1.206640e-08
2.456000e+03 1.233397e-08
2.457000e+03 1.211893e-08
2.458000e+03 1.171603e-08
2.459000e+03 1.224449e-08
2.460000e+03 1.158404e-08
2.461000e+03 1.177008e-08
2.462000e+03 1.173614e-08
2.463000e+03 1.142408e-08
2.464000e+03 1.147373e-08
2.465000e+03 1.178684e-08
2.466000e+03 1.139486e-08
2.467000e+03 1.131359e-08
2.468000e+03 1.160809e-08
2.469000e+03 1.126898e-08
2.470000e+03 1.102097e-08
2.471000e+03 1.121784e-08
2.472000e+03 1.091695e-08
2.473000e+03 1.106703e-08
2.474000e+03 1.120654e-08
2.475000e+03 1.084118e-08
2.476000e+03 1.085402e-08
2.477000e+03 1.107403e-08
2.478000e+03 1.076275e-08
2.479000e+03 1.073658e-08
2.480000e+03 1.093637e-08
2.481000e+03 1.078949e-08
2.482000e+03 1.065117e-08
2.483000e+03 1.078088e-08
2.484000e+03 1.040736e-08
2.485000e+03 1.066552e-08
2.486000e+03 1.092487e-08
2.487000e+03 1.040583e-08
2.488000e+03 1.027686e-08
2.489000e+03 1.055227e-08
2.490000e+03 1.020474e-08
2.491000e+03 1.038433e-08
2.492000e+03 1.066400e-08
2.493000e+03 1.043244e-08
2.494000e+03 1.053560e-08
2.495000e+03 1.064063e-08
2.496000e+03 1.026627e-08
2.497000e+03 1.054842e-08
2.498000e+03 1.068098e-08
2.499000e+03 1.023061e-08
2.500000e+03 1.018906e-08
2.501000e+03 1.068550e-08
2.502000e+03 1.031363e-08
2.503000e+03 1.175837e-08
2.504000e+03 1.204348e-08
2.505000e+03 1.183712e-08
2.506000e+03 1.190017e-08
2.507000e+03 1.200571e-08
2.508000e+03 1.163370e-08
2.509000e+03 9.638304e-10
2.510000e+03 1.189113e-08
2.511000e+03 1.158818e-08
2.512000e+03 9.224516e-10
2.513000e+03 1.199965e-08
2.514000e+03 1.167349e-08
2.515000e+03 1.168089e-08
2.516000e+03 1.192528e-08
2.517000e+03 1.176748e-08
2.518000e+03 1.152385e-08
2.519000e+03 1.184793e-08
2.520000e+03 1.149497e-08
2.521000e+03 9.356401e-10
2.522000e+03 1.175933e-08
2.523000e+03 1.145644e-08
2.524000e+03 1.142593e-08
2.525000e+03 1.194793e-08
2.526000e+03 1.130830e-08
2.527000e+03 1.125357e-08
2.528000e+03 1.201476e-08
2.529000e+03 1.180136e-08
2.530000e+03 8.678070e-10
2.531000e+03 1.196952e-08
2.532000e+03 8.734594e-10
2.533000e+03 9.386508e-10
2.534000e+03 1.212333e-08
2.535000e+03 1.151874e-08
2.536000e+03 8.364310e-10
2.537000e+03 1.171112e-08
2.538000e+03 1.133171e-08
2.539000e+03 7.997767e-10
2.540000e+03 1.131784e-08
2.541000e+03 1.087161e-08
2.542000e+03 4.974117e-07
2.543000e+03 7.298186e-08
2.544000e+03 6.170118e-08
2.545000e+03 4.746461e-08
2.546000e+03 4.019147e-08
2.547000e+03 3.453644e-08
2.548000e+03 2.962655e-08
2.549000e+03 2.530363e-08
2.550000e+03 2.169846e-08
2.551000e+03 1.885232e-08
2.552000e+03 1.676496e-08
2.553000e+03 1.473986e-08
2.554000e+03 1.302319e-08
2.555000e+03 5.300224e-08
2.556000e+03 1.113015e-08
2.557000e+03 8.765861e-09
2.558000e+03 3.393968e-08
2.559000e+03 3.248761e-08
2.560000e+03 7.305677e-09
2.561000e+03 2.427416e-08
2.562000e+03 2.334715e-08
2.563000e+03 2.133691e-08
2.564000e+03 1.961416e-08
2.565000e+03 1.803750e-08
2.566000e+03 1.656620e-08
2.567000e+03 1.585524e-08
2.568000e+03 1.476758e-08
2.569000e+03 2.266917e-09
2.570000e+03 1.369617e-08
2.571000e+03 1.359000e-08
2.572000e+03 1.190136e-08
2.573000e+03 1.209476e-08
2.574000e+03 1.159408e-08
2.575000e+03 1.143135e-08
2.576000e+03 1.159392e-08
2.577000e+03 1.141931e-08
2.578000e+03 1.123343e-08
2.579000e+03 1.147520e-08
2.580000e+03 1.123755e-08
2.581000e+03 1.142887e-08
2.582000e+03 1.150002e-08
2.583000e+03 1.102854e-08
2.584000e+03 1.084796e-08
2.585000e+03 1.086794e-08
2.586000e+03 1.049814e-08
2.587000e+03 1.039725e-08
2.588000e+03 1.056766e-08
2.589000e+03 1.033903e-08
2.590000e+03 1.017696e-08
2.591000e+03 1.040465e-08
2.592000e+03 1.009115e-08
2.593000e+03 1.012198e-08
2.594000e+03 1.015095e-08
2.595000e+03 9.781468e-09
2.596000e+03 9.700395e-09
2.597000e+03 1.010358e-08
2.598000e+03 9.807562e-09
2.599000e+03 9.611710e-09
2.600000e+03 9.782838e-09
2.601000e+03 9.540681e-09
2.602000e+03 9.567304e-09
2.603000e+03 9.795828e-09
2.604000e+03 9.541878e-09
2.605000e+03 9.610917e-09
2.606000e+03 9.675330e-09
2.607000e+03 9.422289e-09
2.608000e+03 9.418364e-09
2.609000e+03 9.694338e-09
2.610000e+03 9.611514e-09
2.611000e+03 9.368090e-09
2.612000e+03 9.487485e-09
2.613000e+03 9.438176e-09
2.614000e+03 9.195613e-09
2.615000e+03 9.387953e-09
2.616000e+03 9.176703e-09
2.617000e+03 9.302219e-09
2.618000e+03 9.327291e-09
2.619000e+03 9.227799e-09
2.620000e+03 9.096335e-09
2.621000e+03 9.438726e-09
2.622000e+03 9.035017e-09
2.623000e+03 8.834085e-09
2.624000e+03 9.023850e-09
2.625000e+03 8.870604e-09
2.626000e+03 8.579754e-09
2.627000e+03 8.808096e-09
2.628000e+03 8.610379e-09
2.629000e+03 8.810081e-09
2.630000e+03 8.921145e-09
2.631000e+03 8.509604e-09
2.632000e+03 8.353006e-09
2.633000e+03 8.657079e-09
2.634000e+03 8.441866e-09
2.635000e+03 8.664719e-09
2.636000e+03 8.920136e-09
2.637000e+03 8.778954e-09
2.638000e+03 8.645620e-09
2.639000e+03 9.349167e-09
2.640000e+03 8.950695e-09
2.641000e+03 9.147892e-09
2.642000e+03 9.166392e-09
2.643000e+03 8.415825e-09
2.644000e+03 8.327032e-09
2.645000e+03 8.664915e-09
2.646000e+03 8.464368e-09
2.647000e+03 8.285002e-09
2.648000e+03 8.427191e-09
2.649000e+03 8.244521e-09
2.650000e+03 8.159856e-09
2.651000e+03 8.406955e-09
2.652000e+03 8.234353e-09
2.653000e+03 8.360351e-09
2.654000e+03 8.409124e-09
2.655000e+03 8.270675e-09
2.656000e+03 8.280152e-09
2.657000e+03 8.575893e-09
2.658000e+03 8.228151e-09
2.659000e+03 7.929903e-09
2.660000e+03 8.063374e-09
2.661000e+03 8.045857e-09
2.662000e+03 7.818775e-09
2.663000e+03 8.000693e-09
2.664000e+03 7.843304e-09
2.665000e+03 8.348364e-09
2.666000e+03 8.207151e-09
2.667000e+03 8.177978e-09
2.668000e+03 8.014485e-09
2.669000e+03 8.569322e-09
2.670000e+03 8.261141e-09
2.671000e+03 8.150914e-09
2.672000e+03 8.312402e-09
2.673000e+03 8.287034e-09
2.674000e+03 8.158159e-09
2.675000e+03 8.423152e-09
2.676000e+03 8.262608e-09
2.677000e+03 8.558904e-09
2.678000e+03 8.488254e-09
2.679000e+03 8.255993e-09
2.680000e+03 8.102839e-09
2.681000e+03 8.264215e-09
2.682000e+03 8.141515e-09
2.683000e+03 7.648331e-09
2.684000e+03 7.758007e-09
2.685000e+03 7.701798e-09
2.686000e+03 7.538702e-09
2.687000e+03 7.720887e-09
2.688000e+03 7.572504e-09
2.689000e+03 7.809447e-09
2.690000e+03 8.049996e-09
2.691000e+03 7.863074e-09
2.692000e+03 7.987194e-09
2.693000e+03 8.303685e-09
2.694000e+03 8.158218e-09
2.695000e+03 8.041991e-09
2.696000e+03 8.181048e-09
2.697000e+03 8.063855e-09
2.698000e+03 7.985221e-09
2.699000e+03 8.157289e-09
2.700000e+03 7.992336e-09
2.701000e+03 8.084800e-09
2.702000e+03 8.082288e-09
2.703000e+03 7.908968e-09
2.704000e+03 7.914875e-09
2.705000e+03 8.155714e-09
2.706000e+03 8.677379e-09
2.707000e+03 7.978776e-09
2.708000e+03 8.132651e-09
2.709000e+03 8.254682e-09
2.710000e+03 8.020654e-09
2.711000e+03 8.281532e-09
2.712000e+03 8.132442e-09
2.713000e+03 8.262454e-09
2.714000e+03 7.790030e-09
2.715000e+03 7.841330e-09
2.716000e+03 7.791399e-09
2.717000e+03 8.033375e-09
2.718000e+03 7.755971e-09
2.719000e+03 7.585041e-09
2.720000e+03 7.729812e-09
2.721000e+03 7.714353e-09
2.722000e+03 7.786698e-09
2.723000e+03 8.011706e-09
2.724000e+03 7.957893e-09
2.725000e+03 8.163888e-09
2.726000e+03 8.241527e-09
2.727000e+03 7.963436e-09
2.728000e+03 7.837631e-09
2.729000e+03 8.212616e-09
2.730000e+03 7.757553e-09
2.731000e+03 7.669504e-09
2.732000e+03 7.779739e-09
2.733000e+03 7.741303e-09
2.734000e+03 7.620306e-09
2.735000e+03 8.115404e-09
2.736000e+03 8.020573e-09
2.737000e+03 8.233574e-09
2.738000e+03 8.191217e-09
2.739000e+03 7.970346e-09
2.740000e+03 7.936914e-09
2.741000e+03 7.786669e-09
2.742000e+03 7.649985e-09
2.743000e+03 7.555124e-09
2.744000e+03 7.630689e-09
2.745000e+03 7.540945e-09
2.746000e+03 7.465527e-09
2.747000e+03 7.604033e-09
2.748000e+03 7.500057e-09
2.749000e+03 7.645103e-09
2.750000e+03 7.611960e-09
2.751000e+03 7.446847e-09
2.752000e+03 7.445188e-09
2.753000e+03 7.622794e-09
2.754000e+03 7.688749e-09
2.755000e+03 7.408219e-09
2.756000e+03 7.477207e-09
2.757000e+03 7.555037e-09
2.758000e+03 7.322659e-09
2.759000e+03 7.193409e-09
2.760000e+03 7.663656e-09
2.761000e+03 7.821620e-09
2.762000e+03 7.839623e-09
2.763000e+03 7.626968e-09
2.764000e+03 7.363293e-09
2.765000e+03 7.595546e-09
2.766000e+03 7.360304e-09
2.767000e+03 7.384745e-09
2.768000e+03 7.429109e-09
2.769000e+03 7.463490e-09
2.770000e+03 7.317069e-09
2.771000e+03 7.384134e-09
2.772000e+03 7.155625e-09
2.773000e+03 7.394961e-09
2.774000e+03 7.428650e-09
2.775000e+03 7.222309e-09
2.776000e+03 7.045673e-09
2.777000e+03 7.186441e-09
2.778000e+03 7.129787e-09
2.779000e+03 7.088503e-09
2.780000e+03 7.097038e-09
2.781000e+03 7.117437e-09
2.782000e+03 7.017882e-09
2.783000e+03 7.077033e-09
2.784000e+03 7.075383e-09
2.785000e+03 7.267579e-09
2.786000e+03 7.060993e-09
2.787000e+03 6.964847e-09
2.788000e+03 6.905431e-09
2.789000e+03 7.342808e-09
2.790000e+03 7.323463e-09
2.791000e+03 7.237103e-09
2.792000e+03 7.186983e-09
2.793000e+03 7.169917e-09
2.794000e+03 7.101329e-09
2.795000e+03 7.144544e-09
2.796000e+03 7.147462e-09
2.797000e+03 7.312052e-09
2.798000e+03 7.165519e-09
2.799000e+03 7.103687e-09
2.800000e+03 7.129390e-09
2.801000e+03 7.250822e-09
2.802000e+03 7.381943e-09
2.803000e+03 7.100317e-09
2.804000e+03 7.040465e-09
2.805000e+03 7.194675e-09
2.806000e+03 6.986832e-09
2.807000e+03 6.964910e-09
2.808000e+03 4.499051e-07
2.809000e+03 1.249064e-07
2.810000e+03 8.472370e-08
2.811000e+03 6.955533e-08
2.812000e+03 6.060148e-08
2.813000e+03 5.311849e-08
2.814000e+03 4.631830e-08
2.815000e+03 3.993018e-08
2.816000e+03 4.283910e-08
2.817000e+03 3.111827e-08
2.818000e+03 2.535534e-08
2.819000e+03 8.965648e-08
2.820000e+03 2.028268e-08
2.821000e+03 6.392229e-08
2.822000e+03 5.894180e-08
2.823000e+03 5.183679e-08
2.824000e+03 4.680217e-08
2.825000e+03 4.106529e-08
2.826000e+03 3.566355e-08
2.827000e+03 3.109650e-08
2.828000e+03 2.707511e-08
2.829000e+03 2.372895e-08
2.830000e+03 2.099267e-08
2.831000e+03 1.882815e-08
2.832000e+03 1.694767e-08
2.833000e+03 1.562273e-08
2.834000e+03 1.353108e-08
2.835000e+03 1.259590e-08
2.836000e+03 1.215979e-08
2.837000e+03 1.166935e-08
2.838000e+03 1.123008e-08
2.839000e+03 1.092748e-08
2.840000e+03 9.840170e-09
2.841000e+03 9.868791e-09
2.842000e+03 9.747823e-09
2.843000e+03 9.638417e-09
2.844000e+03 9.621771e-09
2.845000e+03 9.686848e-09
2.846000e+03 8.976028e-09
2.847000e+03 8.900458e-09
2.848000e+03 8.816312e-09
2.849000e+03 8.989339e-09
2.850000e+03 9.212275e-09
2.851000e+03 8.980655e-09
2.852000e+03 9.154679e-09
2.853000e+03 9.284550e-09
2.854000e+03 9.091949e-09
2.855000e+03 8.981436e-09
2.856000e+03 8.878730e-09
2.857000e+03 8.974070e-09
2.858000e+03 8.790252e-09
2.859000e+03 8.800301e-09
2.860000e+03 8.601079e-09
2.861000e+03 8.516361e-09
2.862000e+03 8.539513e-09
2.863000e+03 8.468321e-09
2.864000e+03 7.976143e-09
2.865000e+03 8.146478e-09
2.866000e+03 8.126876e-09
2.867000e+03 8.032773e-09
2.868000e+03 8.145125e-09
2.869000e+03 8.294756e-09
2.870000e+03 7.925248e-09
2.871000e+03 7.941706e-09
2.872000e+03 7.946522e-09
2.873000e+03 7.890760e-09
2.874000e+03 7.971813e-09
2.875000e+03 7.939831e-09
2.876000e+03 7.859313e-09
2.877000e+03 7.973654e-09
2.878000e+03 7.708928e-09
2.879000e+03 7.627328e-09
2.880000e+03 7.580450e-09
2.881000e+03 7.740668e-09
2.882000e+03 7.554939e-09
2.883000e+03 7.501339e-09
2.884000e+03 7.456210e-09
2.885000e+03 7.515228e-09
2.886000e+03 7.542534e-09
2.887000e+03 7.479346e-09
2.888000e+03 7.363760e-09
2.889000e+03 7.475601e-09
2.890000e+03 7.352481e-09
2.891000e+03 7.475181e-09
2.892000e+03 7.575763e-09
2.893000e+03 7.517397e-09
2.894000e+03 7.326805e-09
2.895000e+03 7.398388e-09
2.896000e+03 7.238249e-09
2.897000e+03 7.267983e-09
2.898000e+03 7.284678e-09
2.899000e+03 7.232546e-09
2.900000e+03 7.046858e-09
2.901000e+03 7.251372e-09
2.902000e+03 7.030160e-09
2.903000e+03 6.714193e-09
2.904000e+03 6.788867e-09
2.905000e+03 6.964921e-09
2.906000e+03 6.670196e-09
2.907000e+03 6.726191e-09
2.908000e+03 6.680830e-09
2.909000e+03 6.642466e-09
2.910000e+03 6.688336e-09
2.911000e+03 6.670914e-09
2.912000e+03 6.567636e-09
2.913000e+03 6.726825e-09
2.914000e+03 6.572675e-09
2.915000e+03 6.405163e-09
2.916000e+03 6.348656e-09
2.917000e+03 6.474561e-09
2.918000e+03 6.232998e-09
2.919000e+03 6.235092e-09
2.920000e+03 6.241061e-09
2.921000e+03 6.173700e-09
2.922000e+03 6.237414e-09
2.923000e+03 6.103951e-09
2.924000e+03 5.924888e-09
2.925000e+03 6.134215e-09
2.926000e+03 6.021758e-09
2.927000e+03 6.136572e-09
2.928000e+03 6.055719e-09
2.929000e+03 6.390825e-09
2.930000e+03 6.005903e-09
2.931000e+03 6.046907e-09
2.932000e+03 5.909716e-09
2.933000e+03 5.880746e-09
2.934000e+03 6.032942e-09
2.935000e+03 5.984926e-09
2.936000e+03 5.746591e-09
2.937000e+03 5.984768e-09
2.938000e+03 6.081059e-09
2.939000e+03 5.688502e-09
2.940000e+03 5.879878e-09
2.941000e+03 6.092876e-09
2.942000e+03 5.691546e-09
2.943000e+03 5.883333e-09
2.944000e+03 5.758351e-09
2.945000e+03 5.673103e-09
2.946000e+03 5.847529e-09
2.947000e+03 5.751949e-09
2.948000e+03 5.549903e-09
2.949000e+03 5.852498e-09
2.950000e+03 5.719098e-09
2.951000e+03 5.653472e-09
2.952000e+03 5.855173e-09
2.953000e+03 5.949842e-09
2.954000e+03 5.952176e-09
2.955000e+03 6.080980e-09
2.956000e+03 6.063274e-09
2.957000e+03 5.963654e-09
2.958000e+03 6.139359e-09
2.959000e+03 6.030640e-09
2.960000e+03 5.914296e-09
2.961000e+03 6.213918e-09
2.962000e+03 6.119443e-09
2.963000e+03 6.109232e-09
2.964000e+03 6.113101e-09
2.965000e+03 7.044333e-09
2.966000e+03 6.648273e-09
2.967000e+03 6.727200e-09
2.968000e+03 6.627761e-09
2.969000e+03 6.512923e-09
2.970000e+03 6.698824e-09
2.971000e+03 6.680837e-09
2.972000e+03 6.471345e-09
2.973000e+03 6.724815e-09
2.974000e+03 6.789321e-09
2.975000e+03 6.420307e-09
2.976000e+03 6.615121e-09
2.977000e+03 6.912507e-09
2.978000e+03 6.533384e-09
2.979000e+03 6.591739e-09
2.980000e+03 6.557918e-09
2.981000e+03 6.547631e-09
2.982000e+03 6.722364e-09
2.983000e+03 6.636406e-09
2.984000e+03 6.583252e-09
2.985000e+03 6.771296e-09
2.986000e+03 6.695524e-09
2.987000e+03 6.546492e-09
2.988000e+03 6.673518e-09
2.989000e+03 6.781979e-09
2.990000e+03 6.509113e-09
2.991000e+03 6.583362e-09
2.992000e+03 6.564620e-09
2.993000e+03 6.531618e-09
2.994000e+03 6.709630e-09
2.995000e+03 6.617363e-09
2.996000e+03 6.348518e-09
2.997000e+03 6.667500e-09
2.998000e+03 6.553171e-09
2.999000e+03 6.503608e-09
3.000000e+03 6.534871e-09
3.001000e+03 6.821594e-09
3.002000e+03 6.438130e-09
3.003000e+03 6.663227e-09
3.004000e+03 6.529443e-09
3.005000e+03 6.351206e-09
3.006000e+03 6.574629e-09
3.007000e+03 6.549871e-09
3.008000e+03 6.278676e-09
3.009000e+03 6.586511e-09
3.010000e+03 6.669735e-09
3.011000e+03 6.271069e-09
3.012000e+03 6.514416e-09
3.013000e+03 6.667387e-09
3.014000e+03 6.187701e-09
3.015000e+03 6.319477e-09
3.016000e+03 6.353445e-09
3.017000e+03 6.148157e-09
3.018000e+03 6.306411e-09
3.019000e+03 6.359492e-09
3.020000e+03 6.085602e-09
3.021000e+03 6.340985e-09
3.022000e+03 6.267971e-09
3.023000e+03 5.659529e-09
3.024000e+03 5.870104e-09
3.025000e+03 5.962457e-09
3.026000e+03 5.652653e-09
3.027000e+03 5.730164e-09
3.028000e+03 5.532609e-09
3.029000e+03 5.462708e-09
3.030000e+03 5.713353e-09
3.031000e+03 5.593920e-09
3.032000e+03 5.220429e-09
3.033000e+03 5.524173e-09
3.034000e+03 5.444504e-09
3.035000e+03 5.456325e-09
3.036000e+03 5.462716e-09
3.037000e+03 5.759894e-09
3.038000e+03 5.274737e-09
3.039000e+03 5.760742e-09
3.040000e+03 5.452230e-09
3.041000e+03 5.303100e-09
3.042000e+03 5.556616e-09
3.043000e+03 5.532624e-09
3.044000e+03 5.156870e-09
3.045000e+03 5.569403e-09
3.046000e+03 5.633091e-09
3.047000e+03 5.105043e-09
3.048000e+03 5.383083e-09
3.049000e+03 5.619082e-09
3.050000e+03 5.158275e-09
3.051000e+03 5.422036e-09
3.052000e+03 5.400193e-09
3.053000e+03 5.259106e-09
3.054000e+03 5.552792e-09
3.055000e+03 5.569101e-09
3.056000e+03 5.253492e-09
3.057000e+03 5.624455e-09
3.058000e+03 5.565581e-09
3.059000e+03 5.190127e-09
3.060000e+03 5.726413e-09
3.061000e+03 5.872617e-09
3.062000e+03 5.468967e-09
3.063000e+03 5.652238e-09
3.064000e+03 5.680116e-09
3.065000e+03 5.398974e-09
3.066000e+03 5.606270e-09
3.067000e+03 5.514346e-09
3.068000e+03 5.141555e-09
3.069000e+03 5.535148e-09
3.070000e+03 5.465381e-09
3.071000e+03 5.259930e-09
3.072000e+03 5.347145e-09
3.073000e+03 5.665665e-09
3.074000e+03 5.079063e-09
3.075000e+03 5.238717e-09
3.076000e+03 5.136280e-09
3.077000e+03 5.017794e-09
3.078000e+03 5.332831e-09
3.079000e+03 5.300542e-09
3.080000e+03 4.919138e-09
3.081000e+03 5.275055e-09
3.082000e+03 5.397665e-09
3.083000e+03 4.861081e-09
3.084000e+03 5.172532e-09
3.085000e+03 5.415453e-09
3.086000e+03 4.894424e-09
3.087000e+03 5.204753e-09
3.088000e+03 5.177385e-09
3.089000e+03 4.992488e-09
3.090000e+03 5.327659e-09
3.091000e+03 5.237282e-09
3.092000e+03 4.873576e-09
3.093000e+03 5.304532e-09
3.094000e+03 5.218305e-09
3.095000e+03 4.837928e-09
3.096000e+03 5.161579e-09
3.097000e+03 5.255094e-09
3.098000e+03 4.890358e-09
3.099000e+03 5.155174e-09
3.100000e+03 5.131603e-09
3.101000e+03 4.866347e-09
3.102000e+03 5.179393e-09
3.103000e+03 5.080319e-09
3.104000e+03 4.745547e-09
3.105000e+03 5.194451e-09
3.106000e+03 5.111557e-09
3.107000e+03 4.950104e-09
3.108000e+03 5.600736e-09
3.109000e+03 6.013444e-09
3.110000e+03 5.428695e-09
3.111000e+03 5.672917e-09
3.112000e+03 5.430400e-09
3.113000e+03 5.107589e-09
3.114000e+03 5.448447e-09
3.115000e+03 5.451448e-09
3.116000e+03 5.043409e-09
3.117000e+03 5.451712e-09
3.118000e+03 5.543859e-09
3.119000e+03 4.992603e-09
3.120000e+03 5.347968e-09
3.121000e+03 5.669763e-09
3.122000e+03 5.100011e-09
3.123000e+03 5.322168e-09
3.124000e+03 5.334278e-09
3.125000e+03 5.034117e-09
3.126000e+03 5.681561e-09
3.127000e+03 5.610733e-09
3.128000e+03 5.284956e-09
3.129000e+03 5.610380e-09
3.130000e+03 5.578090e-09
3.131000e+03 5.241993e-09
3.132000e+03 5.540416e-09
3.133000e+03 5.614672e-09
3.134000e+03 5.163727e-09
3.135000e+03 5.455066e-09
3.136000e+03 5.460123e-09
3.137000e+03 5.207683e-09
3.138000e+03 5.529055e-09
3.139000e+03 5.456486e-09
3.140000e+03 5.003294e-09
3.141000e+03 5.447252e-09
3.142000e+03 5.369052e-09
3.143000e+03 5.176028e-09
3.144000e+03 5.324518e-09
3.145000e+03 4.924366e-09
3.146000e+03 4.396785e-09
3.147000e+03 4.739946e-09
3.148000e+03 4.602496e-09
3.149000e+03 4.316768e-09
3.150000e+03 4.658807e-09
3.151000e+03 4.624439e-09
3.152000e+03 4.256126e-09
3.153000e+03 4.739632e-09
3.154000e+03 4.847011e-09
3.155000e+03 4.226191e-09
3.156000e+03 4.601361e-09
3.157000e+03 4.880523e-09
3.158000e+03 4.299923e-09
3.159000e+03 4.544887e-09
3.160000e+03 4.574140e-09
3.161000e+03 4.265460e-09
3.162000e+03 4.617737e-09
3.163000e+03 4.620409e-09
3.164000e+03 4.238317e-09
3.165000e+03 4.591829e-09
3.166000e+03 4.507306e-09
3.167000e+03 4.127036e-09
3.168000e+03 4.331968e-09
3.169000e+03 4.489042e-09
3.170000e+03 4.214372e-09
3.171000e+03 4.280599e-09
3.172000e+03 4.245334e-09
3.173000e+03 4.189406e-09
3.174000e+03 4.416624e-09
3.175000e+03 4.284846e-09
3.176000e+03 4.013445e-09
3.177000e+03 4.300231e-09
3.178000e+03 4.255168e-09
3.179000e+03 4.212682e-09
3.180000e+03 4.289494e-09
3.181000e+03 4.586376e-09
3.182000e+03 4.145679e-09
3.183000e+03 4.403034e-09
3.184000e+03 4.246412e-09
3.185000e+03 4.153082e-09
3.186000e+03 4.378742e-09
3.187000e+03 4.324066e-09
3.188000e+03 4.049636e-09
3.189000e+03 4.384704e-09
3.190000e+03 4.478737e-09
3.191000e+03 4.061074e-09
3.192000e+03 4.222097e-09
3.193000e+03 4.457891e-09
3.194000e+03 3.925781e-09
3.195000e+03 4.264420e-09
3.196000e+03 4.251464e-09
3.197000e+03 3.954470e-09
3.198000e+03 4.275067e-09
3.199000e+03 4.585826e-09
3.200000e+03 4.263143e-09
3.201000e+03 4.611251e-09
3.202000e+03 4.561365e-09
3.203000e+03 4.217679e-09
3.204000e+03 4.550414e-09
3.205000e+03 4.656385e-09
3.206000e+03 4.315551e-09
3.207000e+03 4.444131e-09
3.208000e+03 4.466845e-09
3.209000e+03 4.231636e-09
3.210000e+03 4.510858e-09
3.211000e+03 4.420011e-09
3.212000e+03 4.138748e-09
3.213000e+03 4.455555e-09
3.214000e+03 4.391429e-09
3.215000e+03 4.302191e-09
3.216000e+03 4.406601e-09
3.217000e+03 4.768540e-09
3.218000e+03 4.352832e-09
3.219000e+03 4.465811e-09
3.220000e+03 4.358817e-09
3.221000e+03 4.275433e-09
3.222000e+03 4.517966e-09
3.223000e+03 4.492156e-09
3.224000e+03 4.189570e-09
3.225000e+03 4.477253e-09
3.226000e+03 4.602666e-09
3.227000e+03 4.226744e-09
3.228000e+03 4.419180e-09
3.229000e+03 4.661630e-09
3.230000e+03 4.200177e-09
3.231000e+03 4.393905e-09
3.232000e+03 4.386667e-09
3.233000e+03 4.321523e-09
3.234000e+03 4.487034e-09
3.235000e+03 4.391784e-09
3.236000e+03 4.221687e-09
3.237000e+03 4.484340e-09
3.238000e+03 4.384350e-09
3.239000e+03 4.228866e-09
3.240000e+03 4.336779e-09
3.241000e+03 4.446429e-09
3.242000e+03 4.268900e-09
3.243000e+03 4.336926e-09
3.244000e+03 4.330236e-09
3.245000e+03 4.303836e-09
3.246000e+03 4.184564e-09
3.247000e+03 4.124885e-09
3.248000e+03 4.113410e-09
3.249000e+03 4.268861e-09
3.250000e+03 4.160832e-09
3.251000e+03 4.000123e-09
3.252000e+03 4.151253e-09
3.253000e+03 4.377756e-09
3.254000e+03 3.995940e-09
3.255000e+03 4.060101e-09
3.256000e+03 4.109107e-09
3.257000e+03 4.015492e-09
3.258000e+03 4.200438e-09
3.259000e+03 4.179657e-09
3.260000e+03 4.003070e-09
3.261000e+03 4.213543e-09
3.262000e+03 4.317979e-09
3.263000e+03 3.952110e-09
3.264000e+03 3.914291e-09
3.265000e+03 4.123965e-09
3.266000e+03 3.990604e-09
3.267000e+03 4.042559e-09
3.268000e+03 4.080781e-09
3.269000e+03 4.418774e-09
3.270000e+03 4.191497e-09
3.271000e+03 4.095500e-09
3.272000e+03 4.701405e-09
3.273000e+03 4.487984e-09
3.274000e+03 4.362538e-09
3.275000e+03 4.739032e-09
3.276000e+03 4.391878e-09
3.277000e+03 4.508509e-09
3.278000e+03 4.728564e-09
3.279000e+03 4.387157e-09
3.280000e+03 4.380705e-09
3.281000e+03 4.865125e-09
3.282000e+03 4.466273e-09
3.283000e+03 4.374000e-09
3.284000e+03 4.768944e-09
3.285000e+03 4.440261e-09
3.286000e+03 4.300731e-09
3.287000e+03 4.217781e-09
3.288000e+03 4.310627e-09
3.289000e+03 4.588384e-09
3.290000e+03 4.846177e-09
3.291000e+03 4.385680e-09
3.292000e+03 4.269412e-09
3.293000e+03 4.830328e-09
3.294000e+03 4.319751e-09
3.295000e+03 4.280719e-09
3.296000e+03 4.777939e-09
3.297000e+03 4.337155e-09
3.298000e+03 4.368534e-09
3.299000e+03 4.922043e-09
3.300000e+03 4.186795e-09
3.301000e+03 4.443602e-09
3.302000e+03 4.895475e-09
3.303000e+03 4.128482e-09
3.304000e+03 4.146572e-09
3.305000e+03 4.836096e-09
3.306000e+03 4.187178e-09
3.307000e+03 4.171296e-09
3.308000e+03 4.879407e-09
3.309000e+03 4.211754e-09
3.310000e+03 4.086305e-09
3.311000e+03 4.975296e-09
3.312000e+03 4.105793e-09
3.313000e+03 4.268052e-09
3.314000e+03 5.203009e-09
3.315000e+03 4.067973e-09
3.316000e+03 4.037524e-09
3.317000e+03 5.281538e-09
3.318000e+03 4.190355e-09
3.319000e+03 4.066528e-09
3.320000e+03 5.033323e-09
3.321000e+03 4.114511e-09
3.322000e+03 3.993804e-09
3.323000e+03 4.090510e-09
3.324000e+03 4.036080e-09
3.325000e+03 4.321937e-09
3.326000e+03 5.156045e-09
3.327000e+03 4.129077e-09
3.328000e+03 3.988457e-09
3.329000e+03 5.253875e-09
3.330000e+03 4.053690e-09
3.331000e+03 6.208484e-07
3.332000e+03 1.070517e-07
3.333000e+03 1.250181e-07
3.334000e+03 5.103550e-08
3.335000e+03 3.980025e-08
3.336000e+03 3.383947e-08
3.337000e+03 1.812844e-07
3.338000e+03 1.719903e-07
3.339000e+03 1.476118e-07
3.340000e+03 1.241599e-07
3.341000e+03 1.039072e-07
3.342000e+03 8.714324e-08
3.343000e+03 7.314254e-08
3.344000e+03 6.152955e-08
3.345000e+03 5.195525e-08
3.346000e+03 4.314291e-08
3.347000e+03 3.614555e-08
3.348000e+03 3.053878e-08
3.349000e+03 2.593960e-08
3.350000e+03 2.190416e-08
3.351000e+03 1.863599e-08
3.352000e+03 1.605681e-08
3.353000e+03 1.387300e-08
3.354000e+03 1.215343e-08
3.355000e+03 1.070725e-08
3.356000e+03 9.370783e-09
3.357000e+03 8.809288e-09
3.358000e+03 8.010524e-09
3.359000e+03 7.271430e-09
3.360000e+03 7.110436e-09
3.361000e+03 7.111530e-09
3.362000e+03 6.359106e-09
3.363000e+03 6.475992e-09
3.364000e+03 6.486250e-09
3.365000e+03 6.542112e-09
3.366000e+03 6.384119e-09
3.367000e+03 6.163360e-09
3.368000e+03 5.954741e-09
3.369000e+03 6.135097e-09
3.370000e+03 5.944273e-09
3.371000e+03 6.941770e-09
3.372000e+03 5.771481e-09
3.373000e+03 5.875791e-09
3.374000e+03 7.432681e-09
3.375000e+03 5.786112e-09
3.376000e+03 5.588141e-09
3.377000e+03 7.560105e-09
3.378000e+03 5.644713e-09
3.379000e+03 5.494322e-09
3.380000e+03 7.833639e-09
3.381000e+03 5.478503e-09
3.382000e+03 5.297399e-09
3.383000e+03 8.286476e-09
3.384000e+03 5.393808e-09
3.385000e+03 5.402469e-09
3.386000e+03 7.583057e-09
3.387000e+03 5.102276e-09
3.388000e+03 5.040945e-09
3.389000e+03 7.843126e-09
3.390000e+03 5.085433e-09
3.391000e+03 4.951703e-09
3.392000e+03 7.532470e-09
3.393000e+03 5.237928e-09
3.394000e+03 5.032225e-09
3.395000e+03 5.216590e-09
3.396000e+03 4.717512e-09
3.397000e+03 4.920444e-09
3.398000e+03 7.817687e-09
3.399000e+03 4.693752e-09
3.400000e+03 4.680752e-09
3.401000e+03 7.549122e-09
3.402000e+03 4.692975e-09
3.403000e+03 4.555068e-09
3.404000e+03 4.870907e-09
3.405000e+03 4.764761e-09
3.406000e+03 4.612510e-09
3.407000e+03 8.403246e-09
3.408000e+03 4.887880e-09
3.409000e+03 5.015670e-09
3.410000e+03 8.816295e-09
3.411000e+03 4.844992e-09
3.412000e+03 4.753693e-09
3.413000e+03 4.720112e-09
3.414000e+03 4.806999e-09
3.415000e+03 4.668689e-09
3.416000e+03 7.638723e-09
3.417000e+03 4.739485e-09
3.418000e+03 4.585381e-09
3.419000e+03 8.618813e-09
3.420000e+03 4.644162e-09
3.421000e+03 4.742784e-09
3.422000e+03 8.607875e-09
3.423000e+03 4.685342e-09
3.424000e+03 4.461195e-09
3.425000e+03 8.473996e-09
3.426000e+03 4.604258e-09
3.427000e+03 4.456774e-09
3.428000e+03 9.092216e-09
3.429000e+03 4.561916e-09
3.430000e+03 4.560152e-09
3.431000e+03 9.338071e-09
3.432000e+03 4.242781e-09
3.433000e+03 4.317488e-09
3.434000e+03 8.790699e-09
3.435000e+03 4.199009e-09
3.436000e+03 4.063849e-09
3.437000e+03 9.243033e-09
3.438000e+03 4.105207e-09
3.439000e+03 3.915864e-09
3.440000e+03 8.304569e-09
3.441000e+03 4.202366e-09
3.442000e+03 4.132838e-09
3.443000e+03 1.008637e-08
3.444000e+03 3.938804e-09
3.445000e+03 4.031765e-09
3.446000e+03 9.441563e-09
3.447000e+03 3.810312e-09
3.448000e+03 3.753788e-09
3.449000e+03 8.870517e-09
3.450000e+03 3.773364e-09
3.451000e+03 3.808104e-09
3.452000e+03 9.171628e-09
3.453000e+03 3.794573e-09
3.454000e+03 3.616286e-09
3.455000e+03 9.655273e-09
3.456000e+03 3.616822e-09
3.457000e+03 3.736903e-09
3.458000e+03 1.060788e-08
3.459000e+03 3.494366e-09
3.460000e+03 3.536739e-09
3.461000e+03 1.076185e-08
3.462000e+03 3.582162e-09
3.463000e+03 3.357820e-09
3.464000e+03 9.100606e-09
3.465000e+03 3.538283e-09
3.466000e+03 3.356176e-09
3.467000e+03 1.157439e-08
3.468000e+03 3.486450e-09
3.469000e+03 3.588321e-09
3.470000e+03 1.098062e-08
3.471000e+03 3.613069e-09
3.472000e+03 3.349499e-09
3.473000e+03 1.069830e-08
3.474000e+03 3.632661e-09
3.475000e+03 3.479172e-09
3.476000e+03 1.167047e-08
3.477000e+03 3.548381e-09
3.478000e+03 3.415378e-09
3.479000e+03 1.264817e-08
3.480000e+03 3.531863e-09
3.481000e+03 3.605976e-09
3.482000e+03 1.152187e-08
3.483000e+03 3.537026e-09
3.484000e+03 3.432274e-09
3.485000e+03 1.210889e-08
3.486000e+03 3.574095e-09
3.487000e+03 3.380713e-09
3.488000e+03 1.017041e-08
3.489000e+03 3.495168e-09
3.490000e+03 3.365002e-09
3.491000e+03 2.863584e-10
3.492000e+03 3.457310e-09
3.493000e+03 3.475918e-09
3.494000e+03 1.242345e-08
3.495000e+03 3.329546e-09
3.496000e+03 3.271292e-09
3.497000e+03 1.128038e-08
3.498000e+03 3.518622e-09
3.499000e+03 3.223104e-09
3.500000e+03 1.205884e-08
