Title ="THE FLUX ERR"
Variables=
iter
residual
1.000000e+00 1.445020e-03
2.000000e+00 5.045266e-04
3.000000e+00 3.937375e-04
4.000000e+00 8.236700e-04
5.000000e+00 2.266737e-04
6.000000e+00 1.842840e-04
7.000000e+00 2.515724e-04
8.000000e+00 4.935533e-04
9.000000e+00 2.537765e-04
1.000000e+01 3.347427e-04
1.100000e+01 3.065026e-04
1.200000e+01 2.616885e-04
1.300000e+01 1.169336e-04
1.400000e+01 1.470428e-04
1.500000e+01 6.498541e-05
1.600000e+01 6.016721e-05
1.700000e+01 5.401917e-05
1.800000e+01 1.805065e-04
1.900000e+01 1.873929e-04
2.000000e+01 8.627924e-05
2.100000e+01 1.078715e-04
2.200000e+01 8.864907e-05
2.300000e+01 1.312519e-04
2.400000e+01 1.026383e-04
2.500000e+01 7.912324e-05
2.600000e+01 5.665960e-05
2.700000e+01 6.718185e-05
2.800000e+01 9.609186e-06
2.900000e+01 2.253919e-05
3.000000e+01 1.533790e-05
3.100000e+01 6.386991e-06
3.200000e+01 1.778743e-05
3.300000e+01 1.472679e-05
3.400000e+01 7.106192e-06
3.500000e+01 2.086987e-05
3.600000e+01 1.415980e-05
3.700000e+01 7.073895e-06
3.800000e+01 3.972094e-06
3.900000e+01 4.842453e-06
4.000000e+01 5.098343e-06
4.100000e+01 2.038301e-05
4.200000e+01 4.722873e-06
4.300000e+01 4.310100e-06
4.400000e+01 1.554615e-05
4.500000e+01 1.501500e-05
4.600000e+01 2.863287e-06
4.700000e+01 1.283717e-05
4.800000e+01 1.347924e-05
4.900000e+01 9.588828e-06
5.000000e+01 1.074721e-05
5.100000e+01 2.399498e-05
5.200000e+01 1.232264e-05
5.300000e+01 1.825733e-05
5.400000e+01 1.142679e-05
5.500000e+01 1.720053e-05
5.600000e+01 5.551185e-06
5.700000e+01 1.426780e-05
5.800000e+01 1.917221e-05
5.900000e+01 1.626260e-05
6.000000e+01 1.061550e-05
6.100000e+01 5.185175e-06
6.200000e+01 6.194547e-06
6.300000e+01 1.073269e-05
6.400000e+01 1.504843e-05
6.500000e+01 5.007170e-06
6.600000e+01 1.223950e-05
6.700000e+01 1.270946e-06
6.800000e+01 5.038669e-06
6.900000e+01 1.389944e-05
7.000000e+01 1.292301e-05
7.100000e+01 2.493317e-06
7.200000e+01 2.540038e-06
7.300000e+01 1.598176e-06
7.400000e+01 1.605814e-06
7.500000e+01 9.720434e-07
7.600000e+01 1.289595e-05
7.700000e+01 8.650101e-06
7.800000e+01 2.769747e-06
7.900000e+01 5.373164e-06
8.000000e+01 1.541360e-06
8.100000e+01 1.097131e-06
8.200000e+01 1.392790e-05
8.300000e+01 8.572723e-07
8.400000e+01 7.874563e-07
8.500000e+01 8.812194e-07
8.600000e+01 1.981524e-06
8.700000e+01 6.628468e-06
8.800000e+01 1.149150e-05
8.900000e+01 1.131484e-06
9.000000e+01 9.986726e-07
9.100000e+01 1.163867e-06
9.200000e+01 2.653028e-06
9.300000e+01 1.074396e-05
9.400000e+01 5.887619e-06
9.500000e+01 5.444901e-06
9.600000e+01 8.891216e-06
9.700000e+01 7.718671e-06
9.800000e+01 8.092349e-06
9.900000e+01 1.090976e-05
1.000000e+02 5.375377e-06
1.010000e+02 5.013398e-06
1.020000e+02 6.253688e-06
1.030000e+02 3.795254e-06
1.040000e+02 6.935951e-06
1.050000e+02 2.942414e-06
1.060000e+02 5.554199e-06
1.070000e+02 8.488546e-06
1.080000e+02 3.282288e-06
1.090000e+02 3.361905e-06
1.100000e+02 3.683921e-06
1.110000e+02 3.620420e-06
1.120000e+02 8.526797e-06
1.130000e+02 2.968344e-06
1.140000e+02 7.220941e-06
1.150000e+02 5.034311e-06
1.160000e+02 6.491111e-06
1.170000e+02 5.580205e-06
1.180000e+02 4.008750e-06
1.190000e+02 1.339099e-05
1.200000e+02 4.479342e-06
1.210000e+02 2.190009e-06
1.220000e+02 5.170503e-06
1.230000e+02 4.051374e-06
1.240000e+02 5.211135e-06
1.250000e+02 4.795970e-06
1.260000e+02 3.675077e-06
1.270000e+02 6.106481e-06
1.280000e+02 4.251363e-06
1.290000e+02 7.189011e-06
1.300000e+02 4.067752e-06
1.310000e+02 4.320785e-06
1.320000e+02 5.071246e-06
1.330000e+02 6.561412e-06
1.340000e+02 4.055712e-06
1.350000e+02 1.304953e-05
1.360000e+02 6.201060e-06
1.370000e+02 7.280166e-06
1.380000e+02 6.173541e-06
1.390000e+02 3.179831e-06
1.400000e+02 4.015634e-06
1.410000e+02 1.316545e-05
1.420000e+02 6.789888e-06
1.430000e+02 1.031968e-05
1.440000e+02 2.877151e-06
1.450000e+02 4.623763e-06
1.460000e+02 2.737726e-06
1.470000e+02 3.041841e-06
1.480000e+02 8.852947e-06
1.490000e+02 2.865727e-06
1.500000e+02 2.774698e-06
1.510000e+02 3.770423e-06
1.520000e+02 1.854142e-06
1.530000e+02 8.646277e-06
1.540000e+02 3.319220e-06
1.550000e+02 3.070760e-06
1.560000e+02 4.641027e-06
1.570000e+02 2.969417e-06
1.580000e+02 6.334386e-06
1.590000e+02 4.786109e-06
1.600000e+02 1.779848e-05
1.610000e+02 9.008323e-06
1.620000e+02 3.214702e-06
1.630000e+02 2.675619e-06
1.640000e+02 1.773596e-05
1.650000e+02 1.468448e-05
1.660000e+02 9.532332e-06
1.670000e+02 1.261934e-05
1.680000e+02 1.760727e-05
1.690000e+02 1.979960e-05
1.700000e+02 1.616230e-05
1.710000e+02 2.199999e-05
1.720000e+02 1.714487e-05
1.730000e+02 1.406412e-05
1.740000e+02 1.814555e-05
1.750000e+02 1.584129e-05
1.760000e+02 2.393877e-05
1.770000e+02 1.815153e-05
1.780000e+02 1.385415e-05
1.790000e+02 2.217485e-05
1.800000e+02 1.192639e-05
1.810000e+02 1.300738e-05
1.820000e+02 1.281065e-05
1.830000e+02 1.009136e-05
1.840000e+02 7.078469e-06
1.850000e+02 9.502056e-06
1.860000e+02 9.883963e-06
1.870000e+02 1.160139e-05
1.880000e+02 8.745195e-06
1.890000e+02 1.179653e-05
1.900000e+02 8.937143e-06
1.910000e+02 7.633347e-06
1.920000e+02 9.324615e-06
1.930000e+02 9.893535e-06
1.940000e+02 5.946530e-06
1.950000e+02 7.834975e-06
1.960000e+02 8.458792e-06
1.970000e+02 7.688575e-06
1.980000e+02 7.704564e-06
1.990000e+02 1.515127e-05
2.000000e+02 9.159898e-06
2.010000e+02 3.667470e-05
2.020000e+02 1.212329e-05
2.030000e+02 3.883736e-05
2.040000e+02 1.070786e-05
2.050000e+02 3.838660e-05
2.060000e+02 9.293943e-06
2.070000e+02 3.995657e-05
2.080000e+02 1.103613e-05
2.090000e+02 3.659515e-05
2.100000e+02 4.162754e-05
2.110000e+02 3.879156e-05
2.120000e+02 4.134774e-05
2.130000e+02 4.294671e-05
2.140000e+02 1.900139e-05
2.150000e+02 3.226853e-05
2.160000e+02 3.607514e-05
2.170000e+02 4.337209e-05
2.180000e+02 4.276278e-05
2.190000e+02 4.853980e-05
2.200000e+02 4.199013e-05
2.210000e+02 4.020147e-05
2.220000e+02 3.653334e-05
2.230000e+02 4.392349e-05
2.240000e+02 4.075854e-05
2.250000e+02 3.528718e-05
2.260000e+02 3.536207e-05
2.270000e+02 4.126735e-05
2.280000e+02 4.240888e-05
2.290000e+02 5.636627e-05
2.300000e+02 4.933540e-05
2.310000e+02 4.699244e-05
2.320000e+02 3.937346e-05
2.330000e+02 4.271772e-05
2.340000e+02 4.854035e-05
2.350000e+02 4.384007e-05
2.360000e+02 4.696288e-05
2.370000e+02 5.255693e-05
2.380000e+02 5.127153e-05
2.390000e+02 5.339762e-05
2.400000e+02 5.512069e-05
2.410000e+02 5.507415e-05
2.420000e+02 4.893228e-05
2.430000e+02 5.113973e-05
2.440000e+02 6.139230e-05
2.450000e+02 5.664035e-05
2.460000e+02 5.291364e-05
2.470000e+02 5.540981e-05
2.480000e+02 5.584912e-05
2.490000e+02 5.919283e-05
2.500000e+02 5.723191e-05
2.510000e+02 5.087217e-05
2.520000e+02 6.450471e-05
2.530000e+02 5.597775e-05
2.540000e+02 4.603972e-05
2.550000e+02 5.022490e-05
2.560000e+02 5.874869e-05
2.570000e+02 5.857036e-05
2.580000e+02 5.369660e-05
2.590000e+02 4.520222e-05
2.600000e+02 4.354411e-05
2.610000e+02 5.957136e-05
2.620000e+02 5.379899e-05
2.630000e+02 6.983038e-05
2.640000e+02 6.311385e-05
2.650000e+02 5.917244e-05
2.660000e+02 5.392697e-05
2.670000e+02 4.606247e-05
2.680000e+02 6.072263e-05
2.690000e+02 5.617583e-05
2.700000e+02 4.946686e-05
2.710000e+02 5.833949e-05
2.720000e+02 5.269628e-05
2.730000e+02 4.628288e-05
2.740000e+02 5.258184e-05
2.750000e+02 5.420186e-05
2.760000e+02 5.163060e-05
2.770000e+02 4.640948e-05
2.780000e+02 4.303909e-05
2.790000e+02 4.374159e-05
2.800000e+02 4.417068e-05
2.810000e+02 4.256081e-05
2.820000e+02 4.290466e-05
2.830000e+02 4.764141e-05
2.840000e+02 4.007125e-05
2.850000e+02 4.078910e-05
2.860000e+02 4.192327e-05
2.870000e+02 3.824650e-05
2.880000e+02 3.890846e-05
2.890000e+02 4.356289e-05
2.900000e+02 4.055218e-05
2.910000e+02 3.148314e-05
2.920000e+02 3.250136e-05
2.930000e+02 3.422303e-05
2.940000e+02 3.092708e-05
2.950000e+02 3.115825e-05
2.960000e+02 3.377347e-05
2.970000e+02 3.356286e-05
2.980000e+02 3.275039e-05
2.990000e+02 3.373809e-05
3.000000e+02 3.344288e-05
3.010000e+02 3.232371e-05
3.020000e+02 3.145709e-05
3.030000e+02 3.630830e-05
3.040000e+02 3.775773e-05
3.050000e+02 4.100365e-05
3.060000e+02 3.847554e-05
3.070000e+02 3.882700e-05
3.080000e+02 3.627019e-05
3.090000e+02 3.915999e-05
3.100000e+02 3.682107e-05
3.110000e+02 3.592982e-05
3.120000e+02 4.434291e-05
3.130000e+02 3.914811e-05
3.140000e+02 3.392942e-05
3.150000e+02 4.185590e-05
3.160000e+02 4.263671e-05
3.170000e+02 4.257874e-05
3.180000e+02 3.618112e-05
3.190000e+02 4.758422e-05
3.200000e+02 3.997281e-05
3.210000e+02 5.701575e-05
3.220000e+02 5.386651e-05
3.230000e+02 6.128464e-05
3.240000e+02 5.961463e-05
3.250000e+02 6.255120e-05
3.260000e+02 5.931242e-05
3.270000e+02 6.437010e-05
3.280000e+02 6.390365e-05
3.290000e+02 6.326176e-05
3.300000e+02 3.435105e-05
3.310000e+02 5.212155e-05
3.320000e+02 5.497555e-05
3.330000e+02 6.318361e-05
3.340000e+02 7.012455e-05
3.350000e+02 5.600396e-05
3.360000e+02 6.675215e-05
3.370000e+02 6.088895e-05
3.380000e+02 6.138754e-05
3.390000e+02 6.701891e-05
3.400000e+02 1.192407e-05
3.410000e+02 6.308971e-05
3.420000e+02 1.641307e-05
3.430000e+02 5.150996e-05
3.440000e+02 1.531175e-05
3.450000e+02 1.225222e-05
3.460000e+02 1.377860e-05
3.470000e+02 5.370525e-05
3.480000e+02 1.086315e-05
3.490000e+02 9.383519e-06
3.500000e+02 1.492540e-05
3.510000e+02 1.272776e-05
3.520000e+02 1.014345e-05
3.530000e+02 1.025202e-05
3.540000e+02 1.180546e-05
3.550000e+02 8.259953e-06
3.560000e+02 1.007911e-05
3.570000e+02 8.585686e-06
3.580000e+02 1.010563e-05
3.590000e+02 8.304979e-06
3.600000e+02 1.524295e-05
3.610000e+02 1.960337e-05
3.620000e+02 1.253999e-05
3.630000e+02 1.015265e-05
3.640000e+02 7.467779e-06
3.650000e+02 7.373697e-06
3.660000e+02 2.103088e-05
3.670000e+02 2.944674e-05
3.680000e+02 9.726099e-06
3.690000e+02 6.896307e-06
3.700000e+02 1.158804e-05
3.710000e+02 1.400033e-05
3.720000e+02 1.882896e-05
3.730000e+02 8.760635e-06
3.740000e+02 1.973025e-05
3.750000e+02 9.376639e-06
3.760000e+02 9.817352e-06
3.770000e+02 1.327407e-05
3.780000e+02 1.385396e-05
3.790000e+02 9.669764e-06
3.800000e+02 1.623221e-05
3.810000e+02 1.064433e-05
3.820000e+02 1.218244e-05
3.830000e+02 1.292142e-05
3.840000e+02 1.685518e-05
3.850000e+02 1.466729e-05
3.860000e+02 6.340635e-06
3.870000e+02 7.061262e-06
3.880000e+02 7.490679e-06
3.890000e+02 1.116280e-05
3.900000e+02 9.110810e-06
3.910000e+02 1.145419e-05
3.920000e+02 7.799407e-06
3.930000e+02 1.343528e-05
3.940000e+02 8.522439e-06
3.950000e+02 8.557283e-06
3.960000e+02 7.753748e-06
3.970000e+02 6.103488e-06
3.980000e+02 7.106335e-06
3.990000e+02 6.464448e-06
4.000000e+02 5.553913e-06
4.010000e+02 5.935744e-06
4.020000e+02 5.024756e-06
4.030000e+02 3.753317e-06
4.040000e+02 5.172573e-06
4.050000e+02 6.217274e-06
4.060000e+02 5.397232e-06
4.070000e+02 5.115356e-06
4.080000e+02 5.708574e-06
4.090000e+02 2.547247e-05
4.100000e+02 4.024375e-06
4.110000e+02 4.710558e-06
4.120000e+02 6.481346e-06
4.130000e+02 3.890134e-06
4.140000e+02 5.529071e-06
4.150000e+02 6.334827e-06
4.160000e+02 6.556704e-06
4.170000e+02 7.049526e-06
4.180000e+02 1.349847e-05
4.190000e+02 8.171917e-06
4.200000e+02 7.217345e-06
4.210000e+02 2.818012e-05
4.220000e+02 5.388435e-06
4.230000e+02 5.036752e-06
4.240000e+02 1.418848e-05
4.250000e+02 7.637335e-06
4.260000e+02 7.602479e-06
4.270000e+02 4.650469e-06
4.280000e+02 6.891689e-06
4.290000e+02 7.203361e-06
4.300000e+02 5.531350e-06
4.310000e+02 5.226451e-06
4.320000e+02 7.665862e-06
4.330000e+02 9.043762e-06
4.340000e+02 9.369320e-06
4.350000e+02 7.094227e-06
4.360000e+02 1.143736e-05
4.370000e+02 1.245740e-05
4.380000e+02 1.064482e-05
4.390000e+02 1.094852e-05
4.400000e+02 9.015229e-06
4.410000e+02 8.709150e-06
4.420000e+02 7.224019e-06
4.430000e+02 6.964644e-06
4.440000e+02 6.737942e-06
4.450000e+02 7.414970e-06
4.460000e+02 2.952655e-06
4.470000e+02 9.902231e-06
4.480000e+02 4.730092e-06
4.490000e+02 6.248221e-06
4.500000e+02 2.736865e-06
4.510000e+02 5.069999e-06
4.520000e+02 1.344351e-06
4.530000e+02 1.950144e-06
4.540000e+02 3.637989e-06
4.550000e+02 2.575857e-06
4.560000e+02 6.787102e-06
4.570000e+02 6.059964e-06
4.580000e+02 4.106526e-06
4.590000e+02 2.016948e-06
4.600000e+02 3.293048e-06
4.610000e+02 3.721176e-06
4.620000e+02 4.242459e-06
4.630000e+02 1.024807e-05
4.640000e+02 3.807818e-06
4.650000e+02 5.387714e-06
4.660000e+02 9.288992e-06
4.670000e+02 4.709929e-06
4.680000e+02 8.957686e-06
4.690000e+02 3.385358e-06
4.700000e+02 2.516756e-06
4.710000e+02 4.003503e-06
4.720000e+02 2.564310e-06
4.730000e+02 1.991352e-06
4.740000e+02 1.565896e-07
4.750000e+02 9.415810e-06
4.760000e+02 7.270647e-06
4.770000e+02 5.461432e-06
4.780000e+02 3.911772e-06
4.790000e+02 4.057076e-06
4.800000e+02 4.728869e-06
4.810000e+02 7.320916e-06
4.820000e+02 3.437035e-06
4.830000e+02 5.225667e-06
4.840000e+02 3.509628e-06
4.850000e+02 1.217803e-05
4.860000e+02 5.911251e-06
4.870000e+02 3.630485e-06
4.880000e+02 1.010145e-05
4.890000e+02 9.987969e-06
4.900000e+02 2.796362e-06
4.910000e+02 3.133856e-06
4.920000e+02 2.088995e-06
4.930000e+02 2.661912e-06
4.940000e+02 1.404535e-06
4.950000e+02 2.616903e-06
4.960000e+02 2.178473e-06
4.970000e+02 2.714447e-06
4.980000e+02 2.785642e-06
4.990000e+02 1.679742e-06
5.000000e+02 4.720072e-06
5.010000e+02 7.085527e-06
5.020000e+02 3.695587e-06
5.030000e+02 2.568550e-06
5.040000e+02 3.440292e-06
5.050000e+02 1.077184e-05
5.060000e+02 9.082995e-06
5.070000e+02 9.306927e-06
5.080000e+02 1.045728e-05
5.090000e+02 8.497672e-06
5.100000e+02 1.026045e-05
5.110000e+02 9.212797e-06
5.120000e+02 4.218318e-06
5.130000e+02 4.207782e-06
5.140000e+02 6.755385e-06
5.150000e+02 3.174594e-06
5.160000e+02 4.765621e-06
5.170000e+02 3.177240e-06
5.180000e+02 4.951106e-06
5.190000e+02 4.452312e-06
5.200000e+02 4.616965e-06
5.210000e+02 3.856658e-06
5.220000e+02 3.321240e-06
5.230000e+02 4.229688e-06
5.240000e+02 3.231987e-06
5.250000e+02 2.693721e-06
5.260000e+02 1.436013e-06
5.270000e+02 2.364262e-06
5.280000e+02 2.501161e-06
5.290000e+02 2.511751e-06
5.300000e+02 2.768814e-06
5.310000e+02 1.841485e-06
5.320000e+02 3.085647e-06
5.330000e+02 2.477015e-06
5.340000e+02 2.127659e-06
5.350000e+02 2.011620e-06
5.360000e+02 2.623675e-06
5.370000e+02 2.348625e-06
5.380000e+02 1.650858e-06
5.390000e+02 1.417566e-06
5.400000e+02 1.801621e-06
5.410000e+02 1.655901e-06
5.420000e+02 2.191696e-06
5.430000e+02 1.394903e-06
5.440000e+02 1.629968e-06
5.450000e+02 1.993627e-06
5.460000e+02 1.606347e-06
5.470000e+02 9.129755e-06
5.480000e+02 1.724954e-06
5.490000e+02 2.598529e-06
5.500000e+02 8.230994e-06
5.510000e+02 1.696658e-06
5.520000e+02 8.271144e-06
5.530000e+02 9.367809e-06
5.540000e+02 2.202112e-06
5.550000e+02 9.024654e-06
5.560000e+02 2.453521e-06
5.570000e+02 7.285527e-06
5.580000e+02 1.967688e-06
5.590000e+02 8.359078e-06
5.600000e+02 9.369657e-06
5.610000e+02 2.182538e-06
5.620000e+02 9.926388e-06
5.630000e+02 2.680890e-06
5.640000e+02 9.366530e-06
5.650000e+02 1.840493e-06
5.660000e+02 2.687792e-06
5.670000e+02 9.644729e-06
5.680000e+02 4.504754e-06
5.690000e+02 4.328765e-06
5.700000e+02 2.929652e-06
5.710000e+02 8.471072e-06
5.720000e+02 2.494703e-06
5.730000e+02 9.288075e-06
5.740000e+02 2.986934e-06
5.750000e+02 9.689260e-06
5.760000e+02 2.200918e-06
5.770000e+02 7.862218e-06
5.780000e+02 2.107031e-06
5.790000e+02 8.486976e-06
5.800000e+02 2.331914e-06
5.810000e+02 9.807854e-06
5.820000e+02 2.253478e-06
5.830000e+02 9.128107e-06
5.840000e+02 1.815919e-06
5.850000e+02 2.965094e-06
5.860000e+02 1.003378e-05
5.870000e+02 2.752155e-06
5.880000e+02 2.291537e-06
5.890000e+02 3.399991e-06
5.900000e+02 8.801510e-06
5.910000e+02 2.287153e-06
5.920000e+02 9.799988e-06
5.930000e+02 3.003706e-06
5.940000e+02 9.866671e-06
5.950000e+02 2.211652e-06
5.960000e+02 9.354168e-06
5.970000e+02 1.014805e-05
5.980000e+02 2.737019e-06
5.990000e+02 9.036780e-06
6.000000e+02 2.788224e-06
6.010000e+02 2.252400e-06
6.020000e+02 2.059663e-06
6.030000e+02 1.003721e-05
6.040000e+02 2.613085e-06
6.050000e+02 9.335079e-06
6.060000e+02 4.580422e-06
6.070000e+02 6.302325e-06
6.080000e+02 2.621143e-06
6.090000e+02 2.293677e-06
6.100000e+02 2.305210e-06
6.110000e+02 3.313450e-06
6.120000e+02 2.270931e-06
6.130000e+02 2.764354e-06
6.140000e+02 3.117815e-06
6.150000e+02 2.805856e-06
6.160000e+02 2.682259e-06
6.170000e+02 3.358268e-06
6.180000e+02 3.084217e-06
6.190000e+02 3.047425e-06
6.200000e+02 3.291593e-06
6.210000e+02 2.689019e-06
6.220000e+02 3.433989e-06
6.230000e+02 2.894329e-06
6.240000e+02 2.919659e-06
6.250000e+02 3.123867e-06
6.260000e+02 4.831259e-06
6.270000e+02 3.040525e-06
6.280000e+02 3.011086e-06
6.290000e+02 1.818629e-06
6.300000e+02 2.268779e-06
6.310000e+02 3.016701e-06
6.320000e+02 1.788211e-06
6.330000e+02 3.254519e-06
6.340000e+02 2.207424e-06
6.350000e+02 2.864206e-06
6.360000e+02 3.379159e-06
6.370000e+02 2.396931e-06
6.380000e+02 1.831960e-06
6.390000e+02 2.199896e-06
6.400000e+02 3.209612e-06
6.410000e+02 3.089627e-06
6.420000e+02 4.435541e-06
6.430000e+02 4.864379e-06
6.440000e+02 4.197397e-06
6.450000e+02 3.900037e-06
6.460000e+02 4.442113e-06
6.470000e+02 4.222366e-06
6.480000e+02 4.133207e-06
6.490000e+02 4.708061e-06
6.500000e+02 3.041289e-06
6.510000e+02 3.433164e-06
6.520000e+02 4.270390e-06
6.530000e+02 4.638885e-06
6.540000e+02 3.738690e-06
6.550000e+02 4.082777e-06
6.560000e+02 3.247678e-06
6.570000e+02 5.355326e-06
6.580000e+02 5.571571e-06
6.590000e+02 4.533127e-06
6.600000e+02 4.757328e-06
6.610000e+02 5.221238e-06
6.620000e+02 4.884966e-06
6.630000e+02 4.459641e-06
6.640000e+02 4.466934e-06
6.650000e+02 4.179558e-06
6.660000e+02 3.842507e-06
6.670000e+02 4.209479e-06
6.680000e+02 4.246204e-06
6.690000e+02 4.961224e-06
6.700000e+02 3.839877e-06
6.710000e+02 3.608689e-06
6.720000e+02 4.821550e-06
6.730000e+02 1.642329e-06
6.740000e+02 4.661373e-06
6.750000e+02 3.912794e-06
6.760000e+02 3.043432e-06
6.770000e+02 4.830635e-06
6.780000e+02 2.312932e-06
6.790000e+02 2.062532e-06
6.800000e+02 1.804305e-06
6.810000e+02 2.429799e-06
6.820000e+02 4.761136e-06
6.830000e+02 3.804640e-06
6.840000e+02 4.186666e-06
6.850000e+02 4.196831e-06
6.860000e+02 4.342353e-06
6.870000e+02 2.699595e-06
6.880000e+02 3.881205e-06
6.890000e+02 4.401616e-06
6.900000e+02 3.414893e-06
6.910000e+02 1.991721e-06
6.920000e+02 4.049221e-06
6.930000e+02 4.039791e-06
6.940000e+02 4.298775e-06
6.950000e+02 1.797793e-06
6.960000e+02 2.191816e-06
6.970000e+02 4.052092e-06
6.980000e+02 2.030757e-06
6.990000e+02 1.885767e-06
7.000000e+02 2.030639e-06
7.010000e+02 2.734988e-06
7.020000e+02 1.935478e-06
7.030000e+02 1.544788e-06
7.040000e+02 1.919277e-06
7.050000e+02 1.680266e-06
7.060000e+02 1.553956e-06
7.070000e+02 1.373027e-06
7.080000e+02 1.505202e-06
7.090000e+02 1.347121e-06
7.100000e+02 1.772835e-06
7.110000e+02 2.115108e-06
7.120000e+02 2.673484e-06
7.130000e+02 3.375968e-06
7.140000e+02 1.997452e-06
7.150000e+02 2.876426e-06
7.160000e+02 1.281845e-06
7.170000e+02 7.870766e-07
7.180000e+02 1.455954e-06
7.190000e+02 1.548459e-06
7.200000e+02 1.330185e-06
7.210000e+02 8.682375e-07
7.220000e+02 1.073566e-06
7.230000e+02 1.217125e-06
7.240000e+02 1.296829e-06
7.250000e+02 1.921685e-06
7.260000e+02 1.339421e-06
7.270000e+02 1.245799e-06
7.280000e+02 9.006500e-07
7.290000e+02 1.090904e-06
7.300000e+02 8.760819e-07
7.310000e+02 9.820760e-07
7.320000e+02 1.074664e-06
7.330000e+02 9.941224e-07
7.340000e+02 7.721439e-07
7.350000e+02 8.751000e-07
7.360000e+02 7.698936e-07
7.370000e+02 1.191042e-06
7.380000e+02 7.775204e-07
7.390000e+02 9.231942e-07
7.400000e+02 1.150024e-06
7.410000e+02 1.401603e-06
7.420000e+02 1.423351e-06
7.430000e+02 4.972823e-06
7.440000e+02 6.980958e-07
7.450000e+02 9.608761e-07
7.460000e+02 1.129194e-06
7.470000e+02 1.125547e-06
7.480000e+02 8.644144e-07
7.490000e+02 7.273133e-07
7.500000e+02 6.537406e-07
7.510000e+02 7.026596e-07
7.520000e+02 6.730544e-07
7.530000e+02 6.299266e-07
7.540000e+02 6.506179e-07
7.550000e+02 6.353921e-07
7.560000e+02 3.658224e-06
7.570000e+02 6.593471e-07
7.580000e+02 3.815312e-06
7.590000e+02 9.045055e-07
7.600000e+02 3.544159e-06
7.610000e+02 9.420328e-07
7.620000e+02 3.715099e-06
7.630000e+02 6.888443e-07
7.640000e+02 6.151015e-07
7.650000e+02 9.282016e-07
7.660000e+02 3.592157e-06
7.670000e+02 1.032456e-06
7.680000e+02 9.059737e-07
7.690000e+02 3.359495e-06
7.700000e+02 3.614178e-06
7.710000e+02 3.260293e-06
7.720000e+02 3.257793e-06
7.730000e+02 7.155105e-07
7.740000e+02 5.539116e-07
7.750000e+02 3.195931e-06
7.760000e+02 3.281507e-06
7.770000e+02 7.722312e-07
7.780000e+02 3.140631e-06
7.790000e+02 8.830738e-07
7.800000e+02 3.018941e-06
7.810000e+02 6.948062e-07
7.820000e+02 2.967064e-06
7.830000e+02 2.762384e-06
7.840000e+02 2.785565e-06
7.850000e+02 2.805794e-06
7.860000e+02 2.867374e-06
7.870000e+02 2.930589e-06
7.880000e+02 5.192141e-07
7.890000e+02 2.758401e-06
7.900000e+02 2.859310e-06
7.910000e+02 5.247701e-07
7.920000e+02 2.552321e-06
7.930000e+02 4.029999e-07
7.940000e+02 5.736118e-07
7.950000e+02 3.502017e-07
7.960000e+02 1.194838e-06
7.970000e+02 7.754939e-07
7.980000e+02 6.760013e-07
7.990000e+02 9.615658e-07
8.000000e+02 4.295307e-07
8.010000e+02 5.341959e-07
8.020000e+02 6.182093e-07
8.030000e+02 8.718864e-07
8.040000e+02 6.171986e-07
8.050000e+02 5.925111e-07
8.060000e+02 5.475878e-07
8.070000e+02 6.385922e-07
8.080000e+02 7.627590e-07
8.090000e+02 7.444168e-07
8.100000e+02 5.139386e-07
8.110000e+02 1.425375e-06
8.120000e+02 8.649180e-07
8.130000e+02 1.677097e-06
8.140000e+02 2.288548e-07
8.150000e+02 1.400825e-06
8.160000e+02 1.426723e-06
8.170000e+02 5.911840e-07
8.180000e+02 1.206039e-06
8.190000e+02 1.635363e-06
8.200000e+02 1.255263e-06
8.210000e+02 9.039772e-07
8.220000e+02 1.055589e-07
8.230000e+02 2.107214e-06
8.240000e+02 9.766753e-07
8.250000e+02 1.447055e-06
8.260000e+02 1.706173e-06
8.270000e+02 9.275031e-07
8.280000e+02 3.118786e-07
8.290000e+02 1.498808e-06
8.300000e+02 9.515329e-07
8.310000e+02 1.169576e-06
8.320000e+02 2.098738e-06
8.330000e+02 1.525623e-06
8.340000e+02 6.609429e-07
8.350000e+02 3.910353e-07
8.360000e+02 1.274678e-06
8.370000e+02 7.188517e-07
8.380000e+02 5.815981e-07
8.390000e+02 1.116957e-06
8.400000e+02 6.156406e-07
8.410000e+02 5.299426e-07
8.420000e+02 6.518783e-07
8.430000e+02 8.983165e-07
8.440000e+02 1.031246e-06
8.450000e+02 4.277315e-08
8.460000e+02 7.332972e-07
8.470000e+02 4.100640e-07
8.480000e+02 8.175369e-07
8.490000e+02 4.907124e-07
8.500000e+02 1.224811e-06
8.510000e+02 1.094890e-06
8.520000e+02 1.594818e-06
8.530000e+02 6.171640e-07
8.540000e+02 7.593246e-07
8.550000e+02 3.315159e-07
8.560000e+02 7.410935e-07
8.570000e+02 8.043834e-07
8.580000e+02 6.016654e-07
8.590000e+02 5.177007e-07
8.600000e+02 5.315125e-07
8.610000e+02 9.527782e-07
8.620000e+02 4.685385e-07
8.630000e+02 4.497507e-07
8.640000e+02 1.011743e-06
8.650000e+02 5.762404e-07
8.660000e+02 4.020280e-07
8.670000e+02 8.917453e-07
8.680000e+02 7.608169e-07
8.690000e+02 4.461729e-07
8.700000e+02 7.378013e-07
8.710000e+02 4.184399e-07
8.720000e+02 4.689448e-07
8.730000e+02 4.980428e-07
8.740000e+02 4.151868e-07
8.750000e+02 5.013775e-07
8.760000e+02 3.812383e-07
8.770000e+02 4.131590e-07
8.780000e+02 4.242312e-07
8.790000e+02 5.931987e-07
8.800000e+02 1.033571e-06
8.810000e+02 4.798480e-07
8.820000e+02 5.709527e-07
8.830000e+02 4.710409e-07
8.840000e+02 5.160294e-07
8.850000e+02 4.168115e-07
8.860000e+02 4.920411e-07
8.870000e+02 2.751435e-07
8.880000e+02 7.466803e-07
8.890000e+02 4.892126e-07
8.900000e+02 5.804024e-07
8.910000e+02 3.506869e-07
8.920000e+02 5.583020e-07
8.930000e+02 4.187213e-07
8.940000e+02 2.202308e-07
8.950000e+02 7.105771e-07
8.960000e+02 7.963206e-07
8.970000e+02 3.401175e-07
8.980000e+02 6.306847e-07
8.990000e+02 6.305736e-07
9.000000e+02 2.231811e-07
9.010000e+02 3.124495e-07
9.020000e+02 2.493425e-07
9.030000e+02 3.134968e-07
9.040000e+02 2.278647e-07
9.050000e+02 4.094672e-07
9.060000e+02 3.556144e-07
9.070000e+02 7.108892e-07
9.080000e+02 6.122496e-07
9.090000e+02 4.540676e-07
9.100000e+02 4.355344e-07
9.110000e+02 4.454506e-07
9.120000e+02 4.829803e-07
9.130000e+02 2.436540e-07
9.140000e+02 2.671960e-07
9.150000e+02 4.635450e-07
9.160000e+02 5.232653e-07
9.170000e+02 4.144434e-07
9.180000e+02 1.623059e-07
9.190000e+02 2.270370e-07
9.200000e+02 3.920837e-07
9.210000e+02 2.339839e-07
9.220000e+02 3.736396e-07
9.230000e+02 3.517382e-07
9.240000e+02 1.063266e-06
9.250000e+02 2.983434e-07
9.260000e+02 4.278402e-07
9.270000e+02 5.544897e-07
9.280000e+02 1.064395e-06
9.290000e+02 5.999525e-07
9.300000e+02 3.897316e-07
9.310000e+02 8.176155e-07
9.320000e+02 3.729118e-07
9.330000e+02 5.421473e-07
9.340000e+02 3.827848e-07
9.350000e+02 2.875720e-07
9.360000e+02 7.834387e-07
9.370000e+02 1.050935e-06
9.380000e+02 2.623778e-07
9.390000e+02 4.284158e-07
9.400000e+02 2.635035e-07
9.410000e+02 2.259155e-07
9.420000e+02 2.900772e-07
9.430000e+02 9.080094e-07
9.440000e+02 1.903183e-07
9.450000e+02 5.133987e-07
9.460000e+02 2.864049e-07
9.470000e+02 1.022889e-06
9.480000e+02 3.045767e-07
9.490000e+02 6.713339e-07
9.500000e+02 1.070978e-06
9.510000e+02 2.276024e-07
9.520000e+02 9.798654e-07
9.530000e+02 8.926308e-07
9.540000e+02 1.524860e-07
9.550000e+02 2.432065e-07
9.560000e+02 9.533156e-07
9.570000e+02 6.724298e-07
9.580000e+02 1.489570e-06
9.590000e+02 8.178545e-07
9.600000e+02 9.509722e-07
9.610000e+02 1.352971e-06
9.620000e+02 2.815876e-07
9.630000e+02 7.085995e-07
9.640000e+02 7.511019e-07
9.650000e+02 1.642097e-06
9.660000e+02 3.101715e-07
9.670000e+02 2.107334e-07
9.680000e+02 5.696531e-07
9.690000e+02 4.048773e-07
9.700000e+02 3.006565e-07
9.710000e+02 2.788365e-07
9.720000e+02 3.536200e-07
9.730000e+02 1.063562e-06
9.740000e+02 2.244324e-07
9.750000e+02 4.126915e-07
9.760000e+02 1.103628e-06
9.770000e+02 1.026784e-06
9.780000e+02 8.934394e-07
9.790000e+02 1.866446e-06
9.800000e+02 6.939910e-07
9.810000e+02 7.347050e-07
9.820000e+02 4.163977e-07
9.830000e+02 3.857729e-07
9.840000e+02 1.218482e-06
9.850000e+02 9.989538e-07
9.860000e+02 4.394846e-07
9.870000e+02 9.544378e-07
9.880000e+02 8.076226e-07
9.890000e+02 1.263323e-06
9.900000e+02 1.203338e-06
9.910000e+02 8.691132e-07
9.920000e+02 3.571575e-07
9.930000e+02 1.294488e-06
9.940000e+02 7.575946e-07
9.950000e+02 6.269027e-07
9.960000e+02 5.520270e-07
9.970000e+02 1.621805e-06
9.980000e+02 7.536815e-07
9.990000e+02 6.460606e-07
1.000000e+03 7.204482e-07
1.001000e+03 3.870993e-07
1.002000e+03 1.015207e-06
1.003000e+03 8.015603e-07
1.004000e+03 1.493511e-06
1.005000e+03 7.128804e-07
1.006000e+03 5.115372e-07
1.007000e+03 4.489529e-07
1.008000e+03 1.155054e-06
1.009000e+03 5.468079e-07
1.010000e+03 4.203821e-07
1.011000e+03 5.610736e-07
1.012000e+03 1.617931e-06
1.013000e+03 6.331306e-07
1.014000e+03 3.488954e-07
1.015000e+03 4.925529e-07
1.016000e+03 1.521339e-06
1.017000e+03 6.257882e-07
1.018000e+03 5.432313e-07
1.019000e+03 4.278976e-07
1.020000e+03 1.415145e-06
1.021000e+03 5.549839e-07
1.022000e+03 4.163526e-07
1.023000e+03 1.304892e-06
1.024000e+03 4.656434e-07
1.025000e+03 4.588143e-07
1.026000e+03 3.456683e-07
1.027000e+03 1.202603e-06
1.028000e+03 4.173737e-07
1.029000e+03 3.823740e-07
1.030000e+03 5.964346e-07
1.031000e+03 1.236082e-06
1.032000e+03 4.805706e-07
1.033000e+03 3.039473e-07
1.034000e+03 2.998834e-07
1.035000e+03 1.181627e-06
1.036000e+03 3.919794e-07
1.037000e+03 2.942706e-07
1.038000e+03 3.148989e-07
1.039000e+03 8.673044e-07
1.040000e+03 2.331910e-07
1.041000e+03 2.945973e-07
1.042000e+03 2.355778e-07
1.043000e+03 5.769667e-07
1.044000e+03 4.880027e-07
1.045000e+03 4.678587e-07
1.046000e+03 3.730891e-07
1.047000e+03 1.454740e-06
1.048000e+03 2.686887e-07
1.049000e+03 2.832972e-07
1.050000e+03 3.083137e-07
1.051000e+03 6.687752e-07
1.052000e+03 5.116118e-07
1.053000e+03 4.136719e-07
1.054000e+03 2.968357e-07
1.055000e+03 7.968813e-07
1.056000e+03 3.829421e-07
1.057000e+03 3.235350e-07
1.058000e+03 2.873881e-07
1.059000e+03 1.089842e-06
1.060000e+03 4.310968e-07
1.061000e+03 5.868785e-07
1.062000e+03 4.325029e-07
1.063000e+03 2.856469e-07
1.064000e+03 8.882048e-07
1.065000e+03 4.371039e-07
1.066000e+03 4.432635e-07
1.067000e+03 2.900998e-07
1.068000e+03 8.243673e-07
1.069000e+03 3.683496e-07
1.070000e+03 3.957175e-07
1.071000e+03 3.923405e-07
1.072000e+03 2.721497e-07
1.073000e+03 1.232053e-06
1.074000e+03 3.849513e-07
1.075000e+03 4.098427e-07
1.076000e+03 3.292975e-07
1.077000e+03 9.036127e-07
1.078000e+03 2.888288e-07
1.079000e+03 3.587141e-07
1.080000e+03 2.546652e-07
1.081000e+03 1.318783e-06
1.082000e+03 1.368323e-06
1.083000e+03 3.595388e-07
1.084000e+03 2.361195e-07
1.085000e+03 2.313868e-07
1.086000e+03 2.317363e-07
1.087000e+03 6.195684e-07
1.088000e+03 6.651867e-07
1.089000e+03 5.553550e-07
1.090000e+03 4.856636e-07
1.091000e+03 4.431718e-07
1.092000e+03 7.365561e-07
1.093000e+03 4.484908e-07
1.094000e+03 4.015594e-07
1.095000e+03 2.953505e-07
1.096000e+03 2.750524e-07
1.097000e+03 3.268981e-07
1.098000e+03 1.103745e-06
1.099000e+03 3.876833e-07
1.100000e+03 3.449528e-07
1.101000e+03 3.192700e-07
1.102000e+03 3.329938e-07
1.103000e+03 3.047148e-07
1.104000e+03 1.255723e-06
1.105000e+03 5.049185e-07
1.106000e+03 4.574132e-07
1.107000e+03 3.717214e-07
1.108000e+03 3.251549e-07
1.109000e+03 2.729934e-07
1.110000e+03 6.432191e-07
1.111000e+03 4.327040e-07
1.112000e+03 4.061701e-07
1.113000e+03 3.246963e-07
1.114000e+03 2.140363e-07
1.115000e+03 8.746505e-07
1.116000e+03 2.025253e-07
1.117000e+03 9.773112e-07
1.118000e+03 4.263492e-07
1.119000e+03 2.212587e-07
1.120000e+03 1.973115e-07
1.121000e+03 2.067804e-07
1.122000e+03 1.311134e-07
1.123000e+03 7.194734e-07
1.124000e+03 7.125688e-07
1.125000e+03 8.099126e-07
1.126000e+03 2.257110e-07
1.127000e+03 2.440636e-07
1.128000e+03 1.806201e-07
1.129000e+03 1.544103e-07
1.130000e+03 7.746280e-07
1.131000e+03 7.109525e-07
1.132000e+03 6.403187e-07
1.133000e+03 5.829568e-07
1.134000e+03 1.465072e-07
1.135000e+03 7.482346e-07
1.136000e+03 4.166237e-07
1.137000e+03 4.143895e-07
1.138000e+03 1.458699e-07
1.139000e+03 1.307011e-07
1.140000e+03 1.361546e-07
1.141000e+03 1.026401e-07
1.142000e+03 5.988682e-07
1.143000e+03 5.621395e-07
1.144000e+03 5.216365e-07
1.145000e+03 4.875167e-07
1.146000e+03 9.199898e-07
1.147000e+03 2.617059e-07
1.148000e+03 1.992632e-07
1.149000e+03 1.386672e-07
1.150000e+03 1.076202e-07
1.151000e+03 1.072632e-07
1.152000e+03 8.963331e-08
1.153000e+03 8.386470e-08
1.154000e+03 4.866528e-07
1.155000e+03 4.914475e-07
1.156000e+03 4.706542e-07
1.157000e+03 4.617810e-07
1.158000e+03 4.356110e-07
1.159000e+03 4.474753e-07
1.160000e+03 1.085579e-07
1.161000e+03 6.095880e-07
1.162000e+03 5.036018e-07
1.163000e+03 3.482779e-07
1.164000e+03 2.709058e-07
1.165000e+03 2.117544e-07
1.166000e+03 1.726739e-07
1.167000e+03 1.394857e-07
1.168000e+03 1.512288e-07
1.169000e+03 1.312821e-07
1.170000e+03 1.243688e-07
1.171000e+03 9.311781e-08
1.172000e+03 8.564838e-08
1.173000e+03 4.328592e-08
1.174000e+03 5.946096e-08
1.175000e+03 4.907818e-08
1.176000e+03 8.726013e-08
1.177000e+03 4.738087e-08
1.178000e+03 4.000523e-08
1.179000e+03 4.087234e-08
1.180000e+03 3.251272e-08
1.181000e+03 9.408092e-07
1.182000e+03 2.434867e-07
1.183000e+03 1.686352e-07
1.184000e+03 1.185389e-07
1.185000e+03 8.676099e-08
1.186000e+03 8.781584e-08
1.187000e+03 1.013659e-07
1.188000e+03 8.150958e-08
1.189000e+03 7.852642e-08
1.190000e+03 5.378886e-08
1.191000e+03 5.097563e-08
1.192000e+03 3.646796e-08
1.193000e+03 3.622071e-08
1.194000e+03 5.224673e-08
1.195000e+03 6.360967e-08
1.196000e+03 5.494938e-08
1.197000e+03 5.087967e-08
1.198000e+03 4.962973e-08
1.199000e+03 3.546811e-08
1.200000e+03 4.368900e-08
1.201000e+03 4.809440e-08
1.202000e+03 3.944224e-08
1.203000e+03 2.312303e-08
1.204000e+03 2.415784e-08
1.205000e+03 1.293810e-06
1.206000e+03 2.685105e-07
1.207000e+03 1.838669e-07
1.208000e+03 1.320219e-07
1.209000e+03 1.054401e-07
1.210000e+03 8.033688e-08
1.211000e+03 5.853380e-08
1.212000e+03 7.517751e-08
1.213000e+03 4.883844e-08
1.214000e+03 5.040866e-08
1.215000e+03 5.612027e-08
1.216000e+03 5.783645e-08
1.217000e+03 5.890275e-08
1.218000e+03 5.587719e-08
1.219000e+03 5.094612e-08
1.220000e+03 6.148172e-08
1.221000e+03 4.564737e-08
1.222000e+03 5.714772e-08
1.223000e+03 6.109345e-08
1.224000e+03 4.440664e-08
1.225000e+03 3.950751e-08
1.226000e+03 5.288441e-08
1.227000e+03 5.994752e-08
1.228000e+03 5.724590e-08
1.229000e+03 5.538989e-08
1.230000e+03 9.097331e-07
1.231000e+03 2.078944e-07
1.232000e+03 1.645254e-07
1.233000e+03 1.189425e-07
1.234000e+03 9.893734e-08
1.235000e+03 7.325313e-08
1.236000e+03 6.296281e-08
1.237000e+03 5.900176e-08
1.238000e+03 5.338879e-08
1.239000e+03 5.597636e-08
1.240000e+03 4.713512e-08
1.241000e+03 4.873226e-08
1.242000e+03 5.520224e-08
1.243000e+03 5.513276e-08
1.244000e+03 5.689190e-08
1.245000e+03 5.813471e-08
1.246000e+03 5.670208e-08
1.247000e+03 5.581924e-08
1.248000e+03 6.068698e-08
1.249000e+03 4.973676e-08
1.250000e+03 4.927057e-08
1.251000e+03 5.267150e-08
1.252000e+03 8.938752e-07
1.253000e+03 3.088986e-07
1.254000e+03 1.769584e-07
1.255000e+03 1.169524e-07
1.256000e+03 1.090794e-07
1.257000e+03 8.694132e-08
1.258000e+03 7.356043e-08
1.259000e+03 6.449876e-08
1.260000e+03 5.695903e-08
1.261000e+03 5.749803e-08
1.262000e+03 7.392127e-08
1.263000e+03 5.742607e-08
1.264000e+03 5.678085e-08
1.265000e+03 5.897753e-08
1.266000e+03 3.532266e-08
1.267000e+03 6.688390e-08
1.268000e+03 6.728791e-08
1.269000e+03 9.514216e-07
1.270000e+03 1.802971e-07
1.271000e+03 1.695424e-07
1.272000e+03 1.149307e-07
1.273000e+03 9.429932e-08
1.274000e+03 7.683604e-08
1.275000e+03 9.968630e-08
1.276000e+03 8.161314e-08
1.277000e+03 6.151949e-08
1.278000e+03 6.211511e-08
1.279000e+03 6.504481e-08
1.280000e+03 6.161418e-08
1.281000e+03 6.878864e-08
1.282000e+03 6.600351e-08
1.283000e+03 7.165928e-08
1.284000e+03 6.984397e-07
1.285000e+03 2.343278e-07
1.286000e+03 1.626991e-07
1.287000e+03 1.796805e-07
1.288000e+03 1.154601e-07
1.289000e+03 1.011060e-07
1.290000e+03 7.716650e-08
1.291000e+03 6.637871e-08
1.292000e+03 6.767078e-08
1.293000e+03 8.922501e-08
1.294000e+03 7.437164e-08
1.295000e+03 6.976759e-08
1.296000e+03 7.934727e-07
1.297000e+03 2.060102e-07
1.298000e+03 1.674841e-07
1.299000e+03 1.368784e-07
1.300000e+03 1.166165e-07
1.301000e+03 9.975755e-08
1.302000e+03 7.867100e-08
1.303000e+03 8.160509e-08
1.304000e+03 7.813096e-08
1.305000e+03 7.176720e-08
1.306000e+03 8.527197e-07
1.307000e+03 2.275367e-07
1.308000e+03 2.151739e-07
1.309000e+03 2.007835e-07
1.310000e+03 1.293029e-07
1.311000e+03 1.076893e-07
1.312000e+03 1.024103e-07
1.313000e+03 9.061824e-08
1.314000e+03 1.006395e-07
1.315000e+03 5.338118e-07
1.316000e+03 2.510017e-07
1.317000e+03 6.026413e-08
1.318000e+03 1.502471e-07
1.319000e+03 1.492524e-07
1.320000e+03 1.050433e-07
1.321000e+03 8.226541e-08
1.322000e+03 8.270413e-08
1.323000e+03 7.882768e-08
1.324000e+03 6.755536e-07
1.325000e+03 3.113229e-07
1.326000e+03 2.779116e-07
1.327000e+03 1.897440e-07
1.328000e+03 1.237938e-07
1.329000e+03 8.071848e-08
1.330000e+03 8.114151e-08
1.331000e+03 8.491812e-07
1.332000e+03 2.441580e-07
1.333000e+03 1.926422e-07
1.334000e+03 1.380934e-07
1.335000e+03 1.240940e-07
1.336000e+03 9.504049e-08
1.337000e+03 9.699581e-08
1.338000e+03 6.334744e-08
1.339000e+03 9.967606e-07
1.340000e+03 3.849889e-07
1.341000e+03 3.101028e-07
1.342000e+03 2.669945e-07
1.343000e+03 1.445303e-07
1.344000e+03 1.121262e-07
1.345000e+03 9.722397e-08
1.346000e+03 1.106389e-06
1.347000e+03 2.700864e-07
1.348000e+03 2.944945e-07
1.349000e+03 1.993632e-07
1.350000e+03 1.279658e-07
1.351000e+03 1.010701e-07
1.352000e+03 8.844250e-08
1.353000e+03 8.688601e-07
1.354000e+03 2.162940e-07
1.355000e+03 2.080075e-07
1.356000e+03 1.531378e-07
1.357000e+03 1.235346e-07
1.358000e+03 8.835620e-08
1.359000e+03 8.017673e-08
1.360000e+03 8.014278e-07
1.361000e+03 2.917627e-07
1.362000e+03 2.631443e-07
1.363000e+03 1.857424e-07
1.364000e+03 1.357030e-07
1.365000e+03 7.844719e-08
1.366000e+03 9.322008e-08
1.367000e+03 3.666743e-07
1.368000e+03 9.022010e-08
1.369000e+03 2.079359e-07
1.370000e+03 1.175569e-07
1.371000e+03 1.226808e-07
1.372000e+03 1.158213e-07
1.373000e+03 9.437592e-08
1.374000e+03 7.802464e-07
1.375000e+03 1.956627e-07
1.376000e+03 1.655360e-07
1.377000e+03 1.466054e-07
1.378000e+03 1.229742e-07
1.379000e+03 1.047123e-07
1.380000e+03 1.006000e-07
1.381000e+03 8.262065e-07
1.382000e+03 2.188179e-07
1.383000e+03 2.260511e-07
1.384000e+03 1.333980e-07
1.385000e+03 1.013369e-07
1.386000e+03 1.256393e-07
1.387000e+03 1.203010e-07
1.388000e+03 7.985343e-07
1.389000e+03 3.032117e-07
1.390000e+03 2.311049e-07
1.391000e+03 1.739684e-07
1.392000e+03 1.439539e-07
1.393000e+03 1.157466e-07
1.394000e+03 1.028546e-07
1.395000e+03 7.925674e-07
1.396000e+03 2.123747e-07
1.397000e+03 1.831299e-07
1.398000e+03 1.430993e-07
1.399000e+03 1.064484e-07
1.400000e+03 1.201649e-07
1.401000e+03 9.507439e-08
1.402000e+03 8.067938e-07
1.403000e+03 2.428598e-07
1.404000e+03 2.242570e-07
1.405000e+03 1.723567e-07
1.406000e+03 1.419144e-07
1.407000e+03 1.051490e-07
1.408000e+03 1.015323e-07
1.409000e+03 9.454741e-08
1.410000e+03 1.000434e-06
1.411000e+03 2.091503e-07
1.412000e+03 1.920898e-07
1.413000e+03 1.531784e-07
1.414000e+03 1.005153e-07
1.415000e+03 9.633235e-08
1.416000e+03 1.060294e-07
1.417000e+03 8.978189e-07
1.418000e+03 1.729444e-07
1.419000e+03 1.443152e-07
1.420000e+03 1.042208e-07
1.421000e+03 1.032030e-07
1.422000e+03 1.100651e-07
1.423000e+03 1.036121e-07
1.424000e+03 1.212589e-07
1.425000e+03 9.434818e-07
1.426000e+03 2.258051e-07
1.427000e+03 2.668623e-07
1.428000e+03 2.335950e-07
1.429000e+03 1.882494e-07
1.430000e+03 1.622504e-07
1.431000e+03 1.205286e-07
1.432000e+03 8.653858e-08
1.433000e+03 9.256676e-07
1.434000e+03 2.185366e-07
1.435000e+03 2.116150e-07
1.436000e+03 1.687644e-07
1.437000e+03 1.425213e-07
1.438000e+03 1.492533e-07
1.439000e+03 1.404691e-07
1.440000e+03 1.325149e-07
1.441000e+03 1.015473e-07
1.442000e+03 1.099070e-06
1.443000e+03 1.733815e-07
1.444000e+03 1.627816e-07
1.445000e+03 1.566311e-07
1.446000e+03 1.460789e-07
1.447000e+03 1.233123e-07
1.448000e+03 1.090422e-07
1.449000e+03 9.796457e-08
1.450000e+03 3.953701e-07
1.451000e+03 1.094008e-06
1.452000e+03 1.663825e-07
1.453000e+03 1.551545e-07
1.454000e+03 1.210842e-07
1.455000e+03 1.190027e-07
1.456000e+03 9.792525e-08
1.457000e+03 9.961393e-08
1.458000e+03 3.452876e-07
1.459000e+03 3.572030e-07
1.460000e+03 7.432485e-07
1.461000e+03 1.794564e-07
1.462000e+03 1.157412e-07
1.463000e+03 1.141534e-07
1.464000e+03 1.028627e-07
1.465000e+03 1.141554e-07
1.466000e+03 9.370249e-08
1.467000e+03 3.839002e-07
1.468000e+03 3.822470e-07
1.469000e+03 9.999187e-08
1.470000e+03 2.848122e-07
1.471000e+03 9.475721e-07
1.472000e+03 1.769050e-07
1.473000e+03 1.477325e-07
1.474000e+03 1.160685e-07
1.475000e+03 1.015933e-07
1.476000e+03 8.835875e-08
1.477000e+03 3.808825e-07
1.478000e+03 3.862317e-07
1.479000e+03 3.554993e-07
1.480000e+03 3.169752e-07
1.481000e+03 9.563652e-07
1.482000e+03 1.719414e-07
1.483000e+03 1.471293e-07
1.484000e+03 1.254925e-07
1.485000e+03 1.080540e-07
1.486000e+03 1.129355e-07
1.487000e+03 1.038771e-07
1.488000e+03 3.573163e-07
1.489000e+03 9.372010e-08
1.490000e+03 2.874506e-07
1.491000e+03 2.903552e-07
1.492000e+03 2.649953e-07
1.493000e+03 1.134696e-06
1.494000e+03 1.709323e-07
1.495000e+03 1.343103e-07
1.496000e+03 1.172253e-07
1.497000e+03 1.069907e-07
1.498000e+03 8.901494e-08
1.499000e+03 3.421174e-07
1.500000e+03 8.091204e-08
1.501000e+03 2.557210e-07
1.502000e+03 2.670689e-07
1.503000e+03 2.492964e-07
1.504000e+03 2.331272e-07
1.505000e+03 2.210966e-07
1.506000e+03 9.231247e-07
1.507000e+03 1.576684e-07
1.508000e+03 1.298932e-07
1.509000e+03 1.030699e-07
1.510000e+03 8.712099e-08
1.511000e+03 8.134642e-08
1.512000e+03 7.274657e-08
1.513000e+03 2.823697e-07
1.514000e+03 2.868044e-07
1.515000e+03 2.605963e-07
1.516000e+03 2.348846e-07
1.517000e+03 2.172612e-07
1.518000e+03 1.976717e-07
1.519000e+03 1.584707e-07
1.520000e+03 6.895851e-07
1.521000e+03 1.327752e-07
1.522000e+03 9.966666e-08
1.523000e+03 6.514746e-08
1.524000e+03 6.012570e-08
1.525000e+03 8.082519e-08
1.526000e+03 7.147724e-08
1.527000e+03 6.320463e-08
1.528000e+03 2.355541e-07
1.529000e+03 2.332994e-07
1.530000e+03 1.914327e-07
1.531000e+03 2.064514e-07
1.532000e+03 1.842392e-07
1.533000e+03 1.622540e-07
1.534000e+03 1.457636e-07
1.535000e+03 1.363049e-07
1.536000e+03 8.337930e-07
1.537000e+03 1.495832e-07
1.538000e+03 1.067763e-07
1.539000e+03 8.951372e-08
1.540000e+03 7.458237e-08
1.541000e+03 6.417552e-08
1.542000e+03 5.935098e-08
1.543000e+03 2.440875e-07
1.544000e+03 2.363062e-07
1.545000e+03 2.138009e-07
1.546000e+03 1.883989e-07
1.547000e+03 1.706965e-07
1.548000e+03 1.657026e-07
1.549000e+03 1.629221e-07
1.550000e+03 1.461589e-07
1.551000e+03 1.221450e-07
1.552000e+03 1.203532e-07
1.553000e+03 8.943207e-07
1.554000e+03 1.114920e-07
1.555000e+03 8.911615e-08
1.556000e+03 1.038918e-07
1.557000e+03 8.774445e-08
1.558000e+03 7.738789e-08
1.559000e+03 6.548130e-08
1.560000e+03 5.583036e-08
1.561000e+03 5.068799e-08
1.562000e+03 1.989802e-07
1.563000e+03 1.941412e-07
1.564000e+03 1.892674e-07
1.565000e+03 1.827314e-07
1.566000e+03 1.514146e-07
1.567000e+03 1.332804e-07
1.568000e+03 1.343325e-07
1.569000e+03 1.290531e-07
1.570000e+03 1.182783e-07
1.571000e+03 1.099311e-07
1.572000e+03 9.731987e-07
1.573000e+03 1.586153e-07
1.574000e+03 1.220691e-07
1.575000e+03 9.016661e-08
1.576000e+03 7.125783e-08
1.577000e+03 5.871995e-08
1.578000e+03 5.729981e-08
1.579000e+03 5.306782e-08
1.580000e+03 4.811351e-08
1.581000e+03 1.836785e-07
1.582000e+03 1.720668e-07
1.583000e+03 1.704490e-07
1.584000e+03 1.424529e-07
1.585000e+03 1.278548e-07
1.586000e+03 1.192936e-07
1.587000e+03 1.185751e-07
1.588000e+03 1.229044e-07
1.589000e+03 1.131920e-07
1.590000e+03 1.069576e-07
1.591000e+03 8.719075e-07
1.592000e+03 1.371449e-07
1.593000e+03 1.118346e-07
1.594000e+03 9.627822e-08
1.595000e+03 7.441756e-08
1.596000e+03 6.307145e-08
1.597000e+03 6.162944e-08
1.598000e+03 4.235627e-08
1.599000e+03 1.810442e-07
1.600000e+03 3.572026e-08
1.601000e+03 1.495591e-07
1.602000e+03 1.471511e-07
1.603000e+03 1.451991e-07
1.604000e+03 1.357000e-07
1.605000e+03 1.315615e-07
1.606000e+03 1.167541e-07
1.607000e+03 1.084303e-07
1.608000e+03 1.025887e-07
1.609000e+03 9.788266e-08
1.610000e+03 9.530809e-08
1.611000e+03 9.175783e-08
1.612000e+03 8.679931e-07
1.613000e+03 1.537257e-07
1.614000e+03 1.373574e-07
1.615000e+03 1.221927e-07
1.616000e+03 9.659505e-08
1.617000e+03 8.264164e-08
1.618000e+03 7.519798e-08
1.619000e+03 6.050258e-08
1.620000e+03 4.959253e-08
1.621000e+03 4.065531e-08
1.622000e+03 1.459529e-07
1.623000e+03 1.684802e-07
1.624000e+03 1.673793e-07
1.625000e+03 1.515638e-07
1.626000e+03 1.403432e-07
1.627000e+03 1.298738e-07
1.628000e+03 1.200312e-07
1.629000e+03 1.084052e-07
1.630000e+03 9.980183e-08
1.631000e+03 9.544220e-08
1.632000e+03 9.212392e-08
1.633000e+03 8.960870e-08
1.634000e+03 8.602525e-07
1.635000e+03 1.494814e-07
1.636000e+03 1.052688e-07
1.637000e+03 7.998131e-08
1.638000e+03 6.329090e-08
1.639000e+03 5.251877e-08
1.640000e+03 5.061115e-08
1.641000e+03 6.536529e-08
1.642000e+03 1.985361e-07
1.643000e+03 4.660331e-08
1.644000e+03 1.573415e-07
1.645000e+03 1.610632e-07
1.646000e+03 1.407724e-07
1.647000e+03 1.334668e-07
1.648000e+03 1.183708e-07
1.649000e+03 1.147275e-07
1.650000e+03 1.108421e-07
1.651000e+03 1.042781e-07
1.652000e+03 9.506732e-08
1.653000e+03 9.101675e-08
1.654000e+03 8.173019e-08
1.655000e+03 7.929590e-08
1.656000e+03 7.715284e-08
1.657000e+03 9.335409e-07
1.658000e+03 1.868204e-07
1.659000e+03 1.378694e-07
1.660000e+03 1.019280e-07
1.661000e+03 7.733064e-08
1.662000e+03 6.197068e-08
1.663000e+03 5.286967e-08
1.664000e+03 4.574938e-08
1.665000e+03 3.868164e-08
1.666000e+03 1.587413e-07
1.667000e+03 1.554214e-07
1.668000e+03 1.405742e-07
1.669000e+03 1.261413e-07
1.670000e+03 1.248258e-07
1.671000e+03 1.208017e-07
1.672000e+03 1.137219e-07
1.673000e+03 1.092882e-07
1.674000e+03 9.365282e-08
1.675000e+03 8.920696e-08
1.676000e+03 7.965755e-08
1.677000e+03 7.676228e-08
1.678000e+03 7.515083e-08
1.679000e+03 8.127514e-08
1.680000e+03 8.007452e-08
1.681000e+03 8.663311e-07
1.682000e+03 1.806121e-07
1.683000e+03 1.497911e-07
1.684000e+03 1.091226e-07
1.685000e+03 7.853212e-08
1.686000e+03 5.730760e-08
1.687000e+03 4.808624e-08
1.688000e+03 5.153299e-08
1.689000e+03 1.719646e-07
1.690000e+03 1.683436e-07
1.691000e+03 1.670376e-07
1.692000e+03 1.467934e-07
1.693000e+03 1.323895e-07
1.694000e+03 1.196896e-07
1.695000e+03 1.216510e-07
1.696000e+03 1.039509e-07
1.697000e+03 8.705881e-08
1.698000e+03 8.154372e-08
1.699000e+03 8.020604e-08
1.700000e+03 7.689057e-08
1.701000e+03 7.207358e-08
1.702000e+03 6.955341e-08
1.703000e+03 7.049270e-08
1.704000e+03 6.848028e-08
1.705000e+03 6.685733e-08
1.706000e+03 6.539692e-08
1.707000e+03 8.977749e-07
1.708000e+03 1.679617e-07
1.709000e+03 6.358348e-08
1.710000e+03 5.216660e-08
1.711000e+03 8.538686e-08
1.712000e+03 7.062949e-08
1.713000e+03 5.823816e-08
1.714000e+03 8.960201e-08
1.715000e+03 8.752303e-08
1.716000e+03 3.433810e-08
1.717000e+03 4.320417e-08
1.718000e+03 1.620849e-07
1.719000e+03 4.612565e-08
1.720000e+03 1.387146e-07
1.721000e+03 1.411497e-07
1.722000e+03 1.392741e-07
1.723000e+03 1.279830e-07
1.724000e+03 1.064947e-07
1.725000e+03 1.057240e-07
1.726000e+03 1.021222e-07
1.727000e+03 9.627973e-08
1.728000e+03 8.791007e-08
1.729000e+03 8.181267e-08
1.730000e+03 7.713289e-08
1.731000e+03 7.261026e-08
1.732000e+03 6.666984e-08
1.733000e+03 6.291229e-08
1.734000e+03 5.972155e-08
1.735000e+03 1.393227e-06
1.736000e+03 1.041178e-07
1.737000e+03 1.711988e-07
1.738000e+03 1.407769e-07
1.739000e+03 7.489736e-08
1.740000e+03 7.592616e-08
1.741000e+03 5.185780e-08
1.742000e+03 4.402696e-08
1.743000e+03 3.562785e-08
1.744000e+03 3.113793e-08
1.745000e+03 1.364095e-07
1.746000e+03 4.448229e-08
1.747000e+03 1.195550e-07
1.748000e+03 1.246467e-07
1.749000e+03 1.130796e-07
1.750000e+03 1.058175e-07
1.751000e+03 9.775952e-08
1.752000e+03 9.113095e-08
1.753000e+03 8.514414e-08
1.754000e+03 8.005524e-08
1.755000e+03 7.578876e-08
1.756000e+03 7.214503e-08
1.757000e+03 6.921725e-08
1.758000e+03 6.701799e-08
1.759000e+03 6.423657e-08
1.760000e+03 6.869703e-08
1.761000e+03 6.459442e-08
1.762000e+03 6.367457e-08
1.763000e+03 6.280044e-08
1.764000e+03 6.092494e-08
1.765000e+03 6.984249e-07
1.766000e+03 1.376065e-07
1.767000e+03 9.411654e-08
1.768000e+03 7.486550e-08
1.769000e+03 5.130855e-08
1.770000e+03 5.609567e-08
1.771000e+03 5.077554e-08
1.772000e+03 4.572364e-08
1.773000e+03 4.134845e-08
1.774000e+03 3.565232e-08
1.775000e+03 3.359976e-08
1.776000e+03 1.327792e-07
1.777000e+03 3.491955e-08
1.778000e+03 1.129233e-07
1.779000e+03 1.150841e-07
1.780000e+03 1.085221e-07
1.781000e+03 9.857690e-08
1.782000e+03 9.128668e-08
1.783000e+03 8.915124e-08
1.784000e+03 8.543529e-08
1.785000e+03 8.017535e-08
1.786000e+03 7.623204e-08
1.787000e+03 7.269763e-08
1.788000e+03 6.962965e-08
1.789000e+03 6.652843e-08
1.790000e+03 6.402405e-08
1.791000e+03 6.124874e-08
1.792000e+03 5.965728e-08
1.793000e+03 5.982310e-08
1.794000e+03 6.084624e-08
1.795000e+03 6.068292e-08
1.796000e+03 6.005388e-08
1.797000e+03 5.896241e-08
1.798000e+03 5.772789e-08
1.799000e+03 9.551676e-07
1.800000e+03 1.557847e-07
1.801000e+03 1.171038e-07
1.802000e+03 1.059652e-07
1.803000e+03 9.558850e-08
1.804000e+03 7.801466e-08
1.805000e+03 5.246358e-08
1.806000e+03 5.853047e-08
1.807000e+03 5.371521e-08
1.808000e+03 4.753589e-08
1.809000e+03 4.259439e-08
1.810000e+03 4.419164e-08
1.811000e+03 3.953573e-08
1.812000e+03 3.709147e-08
1.813000e+03 1.142790e-07
1.814000e+03 4.713859e-08
1.815000e+03 1.022084e-07
1.816000e+03 4.011153e-08
1.817000e+03 9.022242e-08
1.818000e+03 9.592167e-08
1.819000e+03 8.251893e-08
1.820000e+03 7.662985e-08
1.821000e+03 7.216590e-08
1.822000e+03 6.851851e-08
1.823000e+03 6.511496e-08
1.824000e+03 6.301035e-08
1.825000e+03 6.141486e-08
1.826000e+03 6.000154e-08
1.827000e+03 5.886798e-08
1.828000e+03 5.799049e-08
1.829000e+03 5.858318e-08
1.830000e+03 5.809528e-08
1.831000e+03 5.767464e-08
1.832000e+03 5.267103e-08
1.833000e+03 4.966972e-08
1.834000e+03 4.868382e-08
1.835000e+03 4.651074e-08
1.836000e+03 4.638642e-08
1.837000e+03 4.618175e-08
1.838000e+03 1.014494e-06
1.839000e+03 1.480736e-07
1.840000e+03 1.106211e-07
1.841000e+03 7.904051e-08
1.842000e+03 6.887621e-08
1.843000e+03 5.739756e-08
1.844000e+03 4.547020e-08
1.845000e+03 4.032060e-08
1.846000e+03 3.532263e-08
1.847000e+03 3.096896e-08
1.848000e+03 2.813236e-08
1.849000e+03 2.757033e-08
1.850000e+03 2.409678e-08
1.851000e+03 9.904201e-08
1.852000e+03 9.606143e-08
1.853000e+03 9.064630e-08
1.854000e+03 7.738452e-08
1.855000e+03 7.432601e-08
1.856000e+03 7.075223e-08
1.857000e+03 6.497347e-08
1.858000e+03 6.244638e-08
1.859000e+03 5.921962e-08
1.860000e+03 5.502133e-08
1.861000e+03 5.300428e-08
1.862000e+03 5.110607e-08
1.863000e+03 4.977314e-08
1.864000e+03 4.775012e-08
1.865000e+03 4.611232e-08
1.866000e+03 4.566378e-08
1.867000e+03 4.574331e-08
1.868000e+03 4.545609e-08
1.869000e+03 4.482782e-08
1.870000e+03 4.476241e-08
1.871000e+03 4.498603e-08
1.872000e+03 4.466136e-08
1.873000e+03 4.445839e-08
1.874000e+03 4.500641e-08
1.875000e+03 4.481765e-08
1.876000e+03 4.458994e-08
1.877000e+03 4.429791e-08
1.878000e+03 4.393552e-08
1.879000e+03 4.277472e-08
1.880000e+03 4.211150e-08
1.881000e+03 9.247390e-07
1.882000e+03 1.560903e-07
1.883000e+03 1.259380e-07
1.884000e+03 9.325538e-08
1.885000e+03 8.450001e-08
1.886000e+03 7.229752e-08
1.887000e+03 6.007283e-08
1.888000e+03 4.864178e-08
1.889000e+03 4.073480e-08
1.890000e+03 3.630899e-08
1.891000e+03 3.062946e-08
1.892000e+03 2.768235e-08
1.893000e+03 9.844918e-08
1.894000e+03 1.016137e-07
1.895000e+03 9.457229e-08
1.896000e+03 8.607465e-08
1.897000e+03 7.815620e-08
1.898000e+03 7.097807e-08
1.899000e+03 6.641432e-08
1.900000e+03 6.256902e-08
1.901000e+03 5.941916e-08
1.902000e+03 5.490367e-08
1.903000e+03 5.220368e-08
1.904000e+03 4.976824e-08
1.905000e+03 4.842021e-08
1.906000e+03 4.682231e-08
1.907000e+03 4.495993e-08
1.908000e+03 4.460139e-08
1.909000e+03 4.163508e-08
1.910000e+03 4.098122e-08
1.911000e+03 4.308136e-08
1.912000e+03 3.983263e-08
1.913000e+03 3.946558e-08
1.914000e+03 3.858231e-08
1.915000e+03 3.930153e-08
1.916000e+03 3.948052e-08
1.917000e+03 3.943246e-08
1.918000e+03 3.884525e-08
1.919000e+03 3.853143e-08
1.920000e+03 3.793814e-08
1.921000e+03 3.763223e-08
1.922000e+03 3.732620e-08
1.923000e+03 3.949218e-08
1.924000e+03 3.694214e-08
1.925000e+03 3.684882e-08
1.926000e+03 3.666593e-08
1.927000e+03 3.646757e-08
1.928000e+03 3.677893e-08
1.929000e+03 3.615795e-08
1.930000e+03 3.683565e-08
1.931000e+03 6.582687e-07
1.932000e+03 1.607977e-07
1.933000e+03 1.240107e-07
1.934000e+03 1.123637e-07
1.935000e+03 5.849037e-08
1.936000e+03 4.501004e-08
1.937000e+03 4.368293e-08
1.938000e+03 3.709227e-08
1.939000e+03 3.512032e-08
1.940000e+03 3.022630e-08
1.941000e+03 2.834509e-08
1.942000e+03 1.043950e-07
1.943000e+03 1.041115e-07
1.944000e+03 9.562990e-08
1.945000e+03 8.886215e-08
1.946000e+03 7.571123e-08
1.947000e+03 6.419291e-08
1.948000e+03 5.869269e-08
1.949000e+03 5.477259e-08
1.950000e+03 5.096957e-08
1.951000e+03 4.797799e-08
1.952000e+03 4.506885e-08
1.953000e+03 4.293615e-08
1.954000e+03 4.176655e-08
1.955000e+03 4.048728e-08
1.956000e+03 3.939457e-08
1.957000e+03 3.832365e-08
1.958000e+03 3.945683e-08
1.959000e+03 4.005863e-08
1.960000e+03 3.892579e-08
1.961000e+03 3.830763e-08
1.962000e+03 3.826767e-08
1.963000e+03 3.722338e-08
1.964000e+03 3.804980e-08
1.965000e+03 3.690665e-08
1.966000e+03 3.585555e-08
1.967000e+03 3.571027e-08
1.968000e+03 3.532961e-08
1.969000e+03 3.725051e-08
1.970000e+03 3.666657e-08
1.971000e+03 3.635584e-08
1.972000e+03 3.593248e-08
1.973000e+03 3.532557e-08
1.974000e+03 3.518135e-08
1.975000e+03 3.500870e-08
1.976000e+03 3.452778e-08
1.977000e+03 3.660082e-08
1.978000e+03 3.623086e-08
1.979000e+03 3.227772e-08
1.980000e+03 3.264394e-08
1.981000e+03 3.224018e-08
1.982000e+03 3.185349e-08
1.983000e+03 3.184179e-08
1.984000e+03 3.156489e-08
1.985000e+03 3.170986e-08
1.986000e+03 3.211935e-08
1.987000e+03 3.211155e-08
1.988000e+03 8.539504e-07
1.989000e+03 1.321831e-07
1.990000e+03 7.880778e-08
1.991000e+03 9.387258e-08
1.992000e+03 5.539573e-08
1.993000e+03 5.555232e-08
1.994000e+03 4.191771e-08
1.995000e+03 3.623330e-08
1.996000e+03 3.069727e-08
1.997000e+03 2.680002e-08
1.998000e+03 2.322665e-08
1.999000e+03 2.051823e-08
2.000000e+03 9.006183e-08
2.001000e+03 9.006586e-08
2.002000e+03 8.180027e-08
2.003000e+03 7.375507e-08
2.004000e+03 6.665065e-08
2.005000e+03 6.026677e-08
2.006000e+03 5.518959e-08
2.007000e+03 5.107880e-08
2.008000e+03 5.349188e-08
2.009000e+03 4.979381e-08
2.010000e+03 4.645389e-08
2.011000e+03 4.433036e-08
2.012000e+03 4.208759e-08
2.013000e+03 3.936316e-08
2.014000e+03 3.756298e-08
2.015000e+03 3.770296e-08
2.016000e+03 3.724612e-08
2.017000e+03 3.686310e-08
2.018000e+03 3.575069e-08
2.019000e+03 3.776075e-08
2.020000e+03 3.745373e-08
2.021000e+03 3.659235e-08
2.022000e+03 3.601159e-08
2.023000e+03 3.543067e-08
2.024000e+03 3.527736e-08
2.025000e+03 3.598057e-08
2.026000e+03 3.602960e-08
2.027000e+03 3.578272e-08
2.028000e+03 3.563038e-08
2.029000e+03 3.559603e-08
2.030000e+03 3.534204e-08
2.031000e+03 3.001583e-08
2.032000e+03 3.076280e-08
2.033000e+03 3.588522e-08
2.034000e+03 3.649459e-08
2.035000e+03 3.658687e-08
2.036000e+03 3.650239e-08
2.037000e+03 3.631203e-08
2.038000e+03 3.480799e-08
2.039000e+03 2.097122e-08
2.040000e+03 2.220977e-08
2.041000e+03 2.225599e-08
2.042000e+03 2.221694e-08
2.043000e+03 3.215726e-08
2.044000e+03 3.206312e-08
2.045000e+03 3.174898e-08
2.046000e+03 3.179675e-08
2.047000e+03 3.156277e-08
2.048000e+03 3.118290e-08
2.049000e+03 3.018315e-08
2.050000e+03 2.983577e-08
2.051000e+03 3.010783e-08
2.052000e+03 2.950393e-08
2.053000e+03 3.010006e-08
2.054000e+03 2.986513e-08
2.055000e+03 8.796212e-07
2.056000e+03 2.034378e-07
2.057000e+03 1.344253e-07
2.058000e+03 8.329582e-08
2.059000e+03 6.120838e-08
2.060000e+03 5.362461e-08
2.061000e+03 4.446204e-08
2.062000e+03 3.940750e-08
2.063000e+03 3.690679e-08
2.064000e+03 3.160876e-08
2.065000e+03 2.685783e-08
2.066000e+03 2.404520e-08
2.067000e+03 2.466218e-08
2.068000e+03 1.804836e-08
2.069000e+03 8.128426e-08
2.070000e+03 8.013115e-08
2.071000e+03 7.171126e-08
2.072000e+03 6.483437e-08
2.073000e+03 5.922070e-08
2.074000e+03 5.659101e-08
2.075000e+03 5.245360e-08
2.076000e+03 4.840534e-08
2.077000e+03 4.467020e-08
2.078000e+03 4.109360e-08
2.079000e+03 3.418597e-08
2.080000e+03 3.433374e-08
2.081000e+03 3.394892e-08
2.082000e+03 3.296193e-08
2.083000e+03 3.207642e-08
2.084000e+03 3.046900e-08
2.085000e+03 3.021489e-08
2.086000e+03 2.981343e-08
2.087000e+03 2.958075e-08
2.088000e+03 2.886326e-08
2.089000e+03 2.864846e-08
2.090000e+03 2.848552e-08
2.091000e+03 2.815365e-08
2.092000e+03 2.794030e-08
2.093000e+03 2.770026e-08
2.094000e+03 2.704785e-08
2.095000e+03 2.756629e-08
2.096000e+03 2.654353e-08
2.097000e+03 2.651091e-08
2.098000e+03 2.782005e-08
2.099000e+03 2.853383e-08
2.100000e+03 2.888066e-08
2.101000e+03 2.890523e-08
2.102000e+03 2.896489e-08
2.103000e+03 2.902206e-08
2.104000e+03 2.814496e-08
2.105000e+03 2.667665e-08
2.106000e+03 2.702696e-08
2.107000e+03 2.353256e-08
2.108000e+03 2.444866e-08
2.109000e+03 2.387520e-08
2.110000e+03 2.304145e-08
2.111000e+03 2.294115e-08
2.112000e+03 2.280010e-08
2.113000e+03 2.390213e-08
2.114000e+03 2.404667e-08
2.115000e+03 2.354270e-08
2.116000e+03 2.381351e-08
2.117000e+03 3.028316e-08
2.118000e+03 3.183837e-08
2.119000e+03 2.792834e-08
2.120000e+03 2.384263e-08
2.121000e+03 2.357768e-08
2.122000e+03 2.332494e-08
2.123000e+03 2.328705e-08
2.124000e+03 2.403753e-08
2.125000e+03 2.438724e-08
2.126000e+03 2.439139e-08
2.127000e+03 2.440122e-08
2.128000e+03 2.401886e-08
2.129000e+03 2.255800e-08
2.130000e+03 2.269508e-08
2.131000e+03 2.251272e-08
2.132000e+03 2.235309e-08
2.133000e+03 2.282692e-08
2.134000e+03 2.267937e-08
2.135000e+03 5.083812e-07
2.136000e+03 1.249526e-07
2.137000e+03 8.760170e-08
2.138000e+03 6.610317e-08
2.139000e+03 5.547742e-08
2.140000e+03 4.879692e-08
2.141000e+03 4.170023e-08
2.142000e+03 3.681373e-08
2.143000e+03 3.174137e-08
2.144000e+03 2.824911e-08
2.145000e+03 2.530768e-08
2.146000e+03 2.195991e-08
2.147000e+03 8.960844e-08
2.148000e+03 8.890424e-08
2.149000e+03 8.072813e-08
2.150000e+03 7.241608e-08
2.151000e+03 6.503505e-08
2.152000e+03 5.820281e-08
2.153000e+03 5.218622e-08
2.154000e+03 4.698698e-08
2.155000e+03 4.251266e-08
2.156000e+03 4.336763e-08
2.157000e+03 3.938599e-08
2.158000e+03 3.579816e-08
2.159000e+03 3.269633e-08
2.160000e+03 2.987145e-08
2.161000e+03 2.799310e-08
2.162000e+03 2.630354e-08
2.163000e+03 2.600445e-08
2.164000e+03 2.586571e-08
2.165000e+03 2.592753e-08
2.166000e+03 2.601331e-08
2.167000e+03 2.605050e-08
2.168000e+03 2.616673e-08
2.169000e+03 2.640505e-08
2.170000e+03 2.818211e-08
2.171000e+03 2.710239e-08
2.172000e+03 2.914845e-08
2.173000e+03 2.592491e-08
2.174000e+03 2.622359e-08
2.175000e+03 2.628490e-08
2.176000e+03 2.585638e-08
2.177000e+03 2.552984e-08
2.178000e+03 2.531373e-08
2.179000e+03 2.491769e-08
2.180000e+03 2.451015e-08
2.181000e+03 2.433004e-08
2.182000e+03 2.384172e-08
2.183000e+03 2.385886e-08
2.184000e+03 2.328285e-08
2.185000e+03 2.325175e-08
2.186000e+03 2.369816e-08
2.187000e+03 2.283232e-08
2.188000e+03 2.217768e-08
2.189000e+03 2.195698e-08
2.190000e+03 2.169952e-08
2.191000e+03 2.176720e-08
2.192000e+03 2.192682e-08
2.193000e+03 2.192216e-08
2.194000e+03 2.088007e-08
2.195000e+03 2.105029e-08
2.196000e+03 2.109255e-08
2.197000e+03 2.097673e-08
2.198000e+03 2.229046e-08
2.199000e+03 2.238465e-08
2.200000e+03 2.247197e-08
2.201000e+03 2.266355e-08
2.202000e+03 2.288916e-08
2.203000e+03 2.262821e-08
2.204000e+03 2.267169e-08
2.205000e+03 2.217163e-08
2.206000e+03 2.192759e-08
2.207000e+03 2.184072e-08
2.208000e+03 2.171142e-08
2.209000e+03 2.133858e-08
2.210000e+03 2.114897e-08
2.211000e+03 2.113557e-08
2.212000e+03 2.101505e-08
2.213000e+03 2.003083e-08
2.214000e+03 2.263496e-08
2.215000e+03 2.169959e-08
2.216000e+03 2.347872e-08
2.217000e+03 2.286156e-08
2.218000e+03 2.266979e-08
2.219000e+03 2.251559e-08
2.220000e+03 2.229168e-08
2.221000e+03 2.210407e-08
2.222000e+03 2.204613e-08
2.223000e+03 2.159952e-08
2.224000e+03 2.259245e-08
2.225000e+03 2.352597e-08
2.226000e+03 2.369093e-08
2.227000e+03 2.372659e-08
2.228000e+03 2.371678e-08
2.229000e+03 2.348218e-08
2.230000e+03 2.333542e-08
2.231000e+03 2.290187e-08
2.232000e+03 2.278758e-08
2.233000e+03 2.286348e-08
2.234000e+03 2.241950e-08
2.235000e+03 1.173702e-06
2.236000e+03 1.702979e-07
2.237000e+03 1.369217e-07
2.238000e+03 1.070501e-07
2.239000e+03 9.056229e-08
2.240000e+03 7.930934e-08
2.241000e+03 6.822693e-08
2.242000e+03 4.327134e-08
2.243000e+03 3.686256e-08
2.244000e+03 3.233930e-08
2.245000e+03 2.506976e-08
2.246000e+03 2.901129e-08
2.247000e+03 2.510733e-08
2.248000e+03 2.230246e-08
2.249000e+03 1.973623e-08
2.250000e+03 7.058640e-08
2.251000e+03 7.210745e-08
2.252000e+03 6.637588e-08
2.253000e+03 5.936321e-08
2.254000e+03 5.267964e-08
2.255000e+03 4.674403e-08
2.256000e+03 4.164545e-08
2.257000e+03 3.651538e-08
2.258000e+03 3.378634e-08
2.259000e+03 3.078878e-08
2.260000e+03 2.854731e-08
2.261000e+03 2.642020e-08
2.262000e+03 2.527997e-08
2.263000e+03 2.469650e-08
2.264000e+03 2.410548e-08
2.265000e+03 2.390901e-08
2.266000e+03 2.335747e-08
2.267000e+03 2.365478e-08
2.268000e+03 2.430035e-08
2.269000e+03 2.342159e-08
2.270000e+03 2.337826e-08
2.271000e+03 2.328212e-08
2.272000e+03 2.295910e-08
2.273000e+03 2.230510e-08
2.274000e+03 2.271184e-08
2.275000e+03 2.271514e-08
2.276000e+03 2.251464e-08
2.277000e+03 2.168543e-08
2.278000e+03 2.176712e-08
2.279000e+03 2.192330e-08
2.280000e+03 2.243252e-08
2.281000e+03 2.216112e-08
2.282000e+03 2.199946e-08
2.283000e+03 2.150477e-08
2.284000e+03 2.286573e-08
2.285000e+03 2.219784e-08
2.286000e+03 2.211075e-08
2.287000e+03 2.084297e-08
2.288000e+03 2.063088e-08
2.289000e+03 2.061246e-08
2.290000e+03 2.045820e-08
2.291000e+03 2.032444e-08
2.292000e+03 2.030694e-08
2.293000e+03 1.978203e-08
2.294000e+03 2.022531e-08
2.295000e+03 2.011400e-08
2.296000e+03 1.985431e-08
2.297000e+03 1.993688e-08
2.298000e+03 1.919513e-08
2.299000e+03 1.963335e-08
2.300000e+03 2.056532e-08
2.301000e+03 2.017158e-08
2.302000e+03 2.007393e-08
2.303000e+03 2.003764e-08
2.304000e+03 1.982310e-08
2.305000e+03 1.966031e-08
2.306000e+03 1.979490e-08
2.307000e+03 1.962785e-08
2.308000e+03 1.877424e-08
2.309000e+03 1.846235e-08
2.310000e+03 1.866450e-08
2.311000e+03 1.837180e-08
2.312000e+03 1.840685e-08
2.313000e+03 1.840251e-08
2.314000e+03 1.829876e-08
2.315000e+03 1.824310e-08
2.316000e+03 1.811504e-08
2.317000e+03 1.799797e-08
2.318000e+03 1.830790e-08
2.319000e+03 1.859080e-08
2.320000e+03 1.834477e-08
2.321000e+03 1.820071e-08
2.322000e+03 1.818976e-08
2.323000e+03 1.739334e-08
2.324000e+03 1.791643e-08
2.325000e+03 1.776241e-08
2.326000e+03 1.824398e-08
2.327000e+03 1.830405e-08
2.328000e+03 1.808605e-08
2.329000e+03 1.800119e-08
2.330000e+03 1.805578e-08
2.331000e+03 1.797413e-08
2.332000e+03 1.792225e-08
2.333000e+03 1.853321e-08
2.334000e+03 1.821547e-08
2.335000e+03 1.777145e-08
2.336000e+03 1.831248e-08
2.337000e+03 1.832307e-08
2.338000e+03 1.709538e-08
2.339000e+03 1.683159e-08
2.340000e+03 1.693392e-08
2.341000e+03 1.683035e-08
2.342000e+03 1.676033e-08
2.343000e+03 1.688857e-08
2.344000e+03 1.723050e-08
2.345000e+03 1.695139e-08
2.346000e+03 1.777524e-08
2.347000e+03 1.726163e-08
2.348000e+03 1.633956e-08
2.349000e+03 1.665056e-08
2.350000e+03 1.717097e-08
2.351000e+03 1.726147e-08
2.352000e+03 1.696331e-08
2.353000e+03 1.701921e-08
2.354000e+03 1.721620e-08
2.355000e+03 1.717320e-08
2.356000e+03 1.764548e-08
2.357000e+03 1.791791e-08
2.358000e+03 1.777539e-08
2.359000e+03 1.757738e-08
2.360000e+03 1.749778e-08
2.361000e+03 1.725539e-08
2.362000e+03 1.741415e-08
2.363000e+03 1.738356e-08
2.364000e+03 1.708697e-08
2.365000e+03 1.723797e-08
2.366000e+03 1.011589e-06
2.367000e+03 1.374439e-07
2.368000e+03 1.134016e-07
2.369000e+03 8.708123e-08
2.370000e+03 7.815452e-08
2.371000e+03 1.064924e-07
2.372000e+03 9.942729e-08
2.373000e+03 5.932439e-08
2.374000e+03 4.469749e-08
2.375000e+03 3.825783e-08
2.376000e+03 2.937367e-08
2.377000e+03 3.678704e-08
2.378000e+03 3.298542e-08
2.379000e+03 2.808488e-08
2.380000e+03 2.439305e-08
2.381000e+03 1.551771e-08
2.382000e+03 5.692707e-08
2.383000e+03 5.783455e-08
2.384000e+03 5.327845e-08
2.385000e+03 4.803141e-08
2.386000e+03 4.268900e-08
2.387000e+03 3.819717e-08
2.388000e+03 3.420130e-08
2.389000e+03 3.066438e-08
2.390000e+03 2.763491e-08
2.391000e+03 2.561228e-08
2.392000e+03 2.380702e-08
2.393000e+03 2.187228e-08
2.394000e+03 2.127404e-08
2.395000e+03 2.086505e-08
2.396000e+03 2.021642e-08
2.397000e+03 1.970826e-08
2.398000e+03 1.886479e-08
2.399000e+03 1.892871e-08
2.400000e+03 1.858682e-08
2.401000e+03 1.838851e-08
2.402000e+03 1.826972e-08
2.403000e+03 1.792419e-08
2.404000e+03 1.787951e-08
2.405000e+03 1.774213e-08
2.406000e+03 1.757250e-08
2.407000e+03 1.735651e-08
2.408000e+03 1.725052e-08
2.409000e+03 1.773980e-08
2.410000e+03 1.718754e-08
2.411000e+03 1.708647e-08
2.412000e+03 1.708422e-08
2.413000e+03 1.672949e-08
2.414000e+03 1.701383e-08
2.415000e+03 1.667216e-08
2.416000e+03 1.669937e-08
2.417000e+03 1.666010e-08
2.418000e+03 1.650029e-08
2.419000e+03 1.641754e-08
2.420000e+03 1.629367e-08
2.421000e+03 1.664618e-08
2.422000e+03 1.647522e-08
2.423000e+03 1.575720e-08
2.424000e+03 1.594368e-08
2.425000e+03 1.610879e-08
2.426000e+03 1.619046e-08
2.427000e+03 1.615643e-08
2.428000e+03 1.555092e-08
2.429000e+03 1.560629e-08
2.430000e+03 1.539182e-08
2.431000e+03 1.532475e-08
2.432000e+03 1.579979e-08
2.433000e+03 1.565289e-08
2.434000e+03 1.586451e-08
2.435000e+03 1.561110e-08
2.436000e+03 1.552667e-08
2.437000e+03 1.528343e-08
2.438000e+03 1.507174e-08
2.439000e+03 1.503153e-08
2.440000e+03 1.490892e-08
2.441000e+03 1.495066e-08
2.442000e+03 1.499055e-08
2.443000e+03 1.494995e-08
2.444000e+03 1.488817e-08
2.445000e+03 1.457609e-08
2.446000e+03 1.470241e-08
2.447000e+03 1.463705e-08
2.448000e+03 1.383495e-08
2.449000e+03 1.493121e-08
2.450000e+03 1.497094e-08
2.451000e+03 1.506288e-08
2.452000e+03 1.496812e-08
2.453000e+03 1.526256e-08
2.454000e+03 1.497056e-08
2.455000e+03 1.502446e-08
2.456000e+03 1.403100e-08
2.457000e+03 1.407030e-08
2.458000e+03 1.491482e-08
2.459000e+03 1.440604e-08
2.460000e+03 1.419262e-08
2.461000e+03 1.402606e-08
2.462000e+03 1.389323e-08
2.463000e+03 1.453906e-08
2.464000e+03 1.380036e-08
2.465000e+03 1.344647e-08
2.466000e+03 1.337436e-08
2.467000e+03 1.350717e-08
2.468000e+03 1.398226e-08
2.469000e+03 1.397394e-08
2.470000e+03 1.389873e-08
2.471000e+03 1.388013e-08
2.472000e+03 1.414632e-08
2.473000e+03 1.329801e-08
2.474000e+03 1.375144e-08
2.475000e+03 1.369543e-08
2.476000e+03 1.388851e-08
2.477000e+03 1.373435e-08
2.478000e+03 1.379687e-08
2.479000e+03 1.372820e-08
2.480000e+03 1.404929e-08
2.481000e+03 1.403762e-08
2.482000e+03 1.396315e-08
2.483000e+03 1.389500e-08
2.484000e+03 1.410123e-08
2.485000e+03 1.498237e-08
2.486000e+03 1.496233e-08
2.487000e+03 1.496227e-08
2.488000e+03 1.512011e-08
2.489000e+03 1.508953e-08
2.490000e+03 1.507139e-08
2.491000e+03 1.550485e-08
2.492000e+03 1.510787e-08
2.493000e+03 1.477377e-08
2.494000e+03 1.473227e-08
2.495000e+03 1.464853e-08
2.496000e+03 1.466406e-08
2.497000e+03 1.470739e-08
2.498000e+03 1.410904e-08
2.499000e+03 1.222390e-08
2.500000e+03 1.252858e-08
2.501000e+03 1.276139e-08
2.502000e+03 1.275649e-08
2.503000e+03 1.273992e-08
2.504000e+03 1.341577e-08
2.505000e+03 1.292273e-08
2.506000e+03 1.278334e-08
2.507000e+03 1.260101e-08
2.508000e+03 1.203895e-08
2.509000e+03 1.229038e-08
2.510000e+03 1.250804e-08
2.511000e+03 1.237069e-08
2.512000e+03 1.227801e-08
2.513000e+03 1.244416e-08
2.514000e+03 1.239242e-08
2.515000e+03 1.244323e-08
2.516000e+03 1.240088e-08
2.517000e+03 1.351295e-08
2.518000e+03 1.357739e-08
2.519000e+03 1.310905e-08
2.520000e+03 1.303746e-08
2.521000e+03 1.308411e-08
2.522000e+03 1.309664e-08
2.523000e+03 1.246793e-08
2.524000e+03 1.299155e-08
2.525000e+03 1.294425e-08
2.526000e+03 1.296980e-08
2.527000e+03 1.284282e-08
2.528000e+03 1.364758e-08
2.529000e+03 1.395490e-08
2.530000e+03 1.379193e-08
2.531000e+03 1.375085e-08
2.532000e+03 1.376724e-08
2.533000e+03 1.356225e-08
2.534000e+03 1.347882e-08
2.535000e+03 1.364558e-08
2.536000e+03 1.346805e-08
2.537000e+03 1.351731e-08
2.538000e+03 1.354218e-08
2.539000e+03 1.359106e-08
2.540000e+03 1.347100e-08
2.541000e+03 1.350632e-08
2.542000e+03 1.243254e-08
2.543000e+03 1.258134e-08
2.544000e+03 1.222065e-08
2.545000e+03 7.415333e-07
2.546000e+03 1.441240e-07
2.547000e+03 1.064071e-07
2.548000e+03 8.214281e-08
2.549000e+03 6.904306e-08
2.550000e+03 5.921354e-08
2.551000e+03 5.361425e-08
2.552000e+03 4.524228e-08
2.553000e+03 3.863259e-08
2.554000e+03 3.267770e-08
2.555000e+03 2.109806e-08
2.556000e+03 2.357104e-08
2.557000e+03 2.083415e-08
2.558000e+03 7.221500e-08
2.559000e+03 1.820831e-08
2.560000e+03 5.284592e-08
2.561000e+03 5.176269e-08
2.562000e+03 4.626077e-08
2.563000e+03 4.080431e-08
2.564000e+03 3.537018e-08
2.565000e+03 3.184043e-08
2.566000e+03 2.852923e-08
2.567000e+03 2.597017e-08
2.568000e+03 2.366112e-08
2.569000e+03 2.078072e-08
2.570000e+03 1.964813e-08
2.571000e+03 1.871859e-08
2.572000e+03 1.856649e-08
2.573000e+03 1.663860e-08
2.574000e+03 1.701329e-08
2.575000e+03 1.678872e-08
2.576000e+03 1.673701e-08
2.577000e+03 1.654293e-08
2.578000e+03 1.641260e-08
2.579000e+03 1.614036e-08
2.580000e+03 1.614227e-08
2.581000e+03 1.561892e-08
2.582000e+03 1.567268e-08
2.583000e+03 1.567308e-08
2.584000e+03 1.565823e-08
2.585000e+03 1.535227e-08
2.586000e+03 1.566687e-08
2.587000e+03 1.526304e-08
2.588000e+03 1.517551e-08
2.589000e+03 1.496576e-08
2.590000e+03 1.489356e-08
2.591000e+03 1.471092e-08
2.592000e+03 1.395812e-08
2.593000e+03 1.392464e-08
2.594000e+03 1.428505e-08
2.595000e+03 1.431202e-08
2.596000e+03 1.429081e-08
2.597000e+03 1.415399e-08
2.598000e+03 1.347327e-08
2.599000e+03 1.320420e-08
2.600000e+03 1.327311e-08
2.601000e+03 1.320407e-08
2.602000e+03 1.324596e-08
2.603000e+03 1.315246e-08
2.604000e+03 1.345730e-08
2.605000e+03 1.357205e-08
2.606000e+03 1.259131e-08
2.607000e+03 1.252175e-08
2.608000e+03 1.250386e-08
2.609000e+03 1.234819e-08
2.610000e+03 1.233671e-08
2.611000e+03 1.247183e-08
2.612000e+03 1.242604e-08
2.613000e+03 1.212906e-08
2.614000e+03 1.227973e-08
2.615000e+03 1.236473e-08
2.616000e+03 1.239977e-08
2.617000e+03 1.252222e-08
2.618000e+03 1.254612e-08
2.619000e+03 1.257994e-08
2.620000e+03 1.247041e-08
2.621000e+03 1.251922e-08
2.622000e+03 1.244821e-08
2.623000e+03 1.319451e-08
2.624000e+03 1.417719e-08
2.625000e+03 1.404489e-08
2.626000e+03 1.404800e-08
2.627000e+03 1.395410e-08
2.628000e+03 1.390310e-08
2.629000e+03 1.289651e-08
2.630000e+03 1.255616e-08
2.631000e+03 1.254648e-08
2.632000e+03 1.325446e-08
2.633000e+03 1.356405e-08
2.634000e+03 1.323222e-08
2.635000e+03 1.332516e-08
2.636000e+03 1.330867e-08
2.637000e+03 1.325451e-08
2.638000e+03 1.323458e-08
2.639000e+03 1.307902e-08
2.640000e+03 1.264248e-08
2.641000e+03 1.262012e-08
2.642000e+03 1.315617e-08
2.643000e+03 1.328508e-08
2.644000e+03 1.303682e-08
2.645000e+03 1.523886e-08
2.646000e+03 2.760257e-09
2.647000e+03 1.492938e-08
2.648000e+03 1.088679e-08
2.649000e+03 1.120654e-08
2.650000e+03 1.120788e-08
2.651000e+03 1.126930e-08
2.652000e+03 1.130510e-08
2.653000e+03 1.145267e-08
2.654000e+03 1.176985e-08
2.655000e+03 1.269762e-08
2.656000e+03 1.291098e-08
2.657000e+03 1.308217e-08
2.658000e+03 1.347757e-09
2.659000e+03 1.278479e-08
2.660000e+03 1.316532e-08
2.661000e+03 1.308823e-08
2.662000e+03 1.214680e-08
2.663000e+03 1.414937e-09
2.664000e+03 1.297073e-08
2.665000e+03 1.152934e-08
2.666000e+03 1.134195e-08
2.667000e+03 1.131037e-08
2.668000e+03 1.124875e-08
2.669000e+03 1.127849e-08
2.670000e+03 1.127372e-08
2.671000e+03 1.130583e-08
2.672000e+03 1.113538e-08
2.673000e+03 1.044333e-08
2.674000e+03 1.085390e-08
2.675000e+03 1.096138e-08
2.676000e+03 1.079120e-08
2.677000e+03 1.127881e-08
2.678000e+03 1.120879e-08
2.679000e+03 1.126662e-08
2.680000e+03 1.121747e-08
2.681000e+03 1.145624e-08
2.682000e+03 1.119699e-08
2.683000e+03 1.151842e-08
2.684000e+03 1.204089e-08
2.685000e+03 1.186836e-08
2.686000e+03 1.156429e-08
2.687000e+03 1.138236e-08
2.688000e+03 1.152601e-08
2.689000e+03 1.141729e-08
2.690000e+03 1.173195e-08
2.691000e+03 1.151687e-08
2.692000e+03 1.158040e-08
2.693000e+03 1.156111e-08
2.694000e+03 1.156577e-08
2.695000e+03 1.154684e-08
2.696000e+03 1.162745e-08
2.697000e+03 1.135725e-08
2.698000e+03 1.080568e-08
2.699000e+03 1.139603e-08
2.700000e+03 1.187305e-08
2.701000e+03 1.184469e-08
2.702000e+03 1.176124e-08
2.703000e+03 1.138948e-08
2.704000e+03 1.124644e-08
2.705000e+03 1.114333e-08
2.706000e+03 4.312373e-09
2.707000e+03 4.392652e-09
2.708000e+03 4.398142e-09
2.709000e+03 4.417884e-09
2.710000e+03 4.428602e-09
2.711000e+03 4.415784e-09
2.712000e+03 4.425468e-09
2.713000e+03 4.458059e-09
2.714000e+03 4.414835e-09
2.715000e+03 1.067344e-08
2.716000e+03 1.063386e-08
2.717000e+03 1.056098e-08
2.718000e+03 1.017360e-08
2.719000e+03 1.050240e-08
2.720000e+03 1.099397e-08
2.721000e+03 1.096125e-08
2.722000e+03 1.092793e-08
2.723000e+03 9.784700e-09
2.724000e+03 1.007725e-08
2.725000e+03 1.012755e-08
2.726000e+03 1.030741e-08
2.727000e+03 1.025374e-08
2.728000e+03 1.002176e-08
2.729000e+03 9.993331e-09
2.730000e+03 1.007895e-08
2.731000e+03 1.008518e-08
2.732000e+03 1.008870e-08
2.733000e+03 1.030700e-08
2.734000e+03 1.048986e-08
2.735000e+03 1.045994e-08
2.736000e+03 1.043467e-08
2.737000e+03 1.039704e-08
2.738000e+03 1.043324e-08
2.739000e+03 1.005490e-08
2.740000e+03 1.066233e-08
2.741000e+03 1.042374e-08
2.742000e+03 9.655040e-09
2.743000e+03 9.787407e-09
2.744000e+03 9.859085e-09
2.745000e+03 9.890002e-09
2.746000e+03 1.054479e-08
2.747000e+03 1.023551e-08
2.748000e+03 9.295151e-09
2.749000e+03 9.603319e-09
2.750000e+03 9.582535e-09
2.751000e+03 9.719578e-09
2.752000e+03 9.776779e-09
2.753000e+03 9.785993e-09
2.754000e+03 9.731397e-09
2.755000e+03 9.860886e-09
2.756000e+03 9.735154e-09
2.757000e+03 9.729594e-09
2.758000e+03 9.752438e-09
2.759000e+03 1.007480e-08
2.760000e+03 9.528643e-09
2.761000e+03 9.882863e-09
2.762000e+03 9.800968e-09
2.763000e+03 9.863713e-09
2.764000e+03 1.049867e-08
2.765000e+03 1.033181e-08
2.766000e+03 1.033731e-08
2.767000e+03 1.031470e-08
2.768000e+03 1.041170e-08
2.769000e+03 1.030000e-08
2.770000e+03 1.099437e-08
2.771000e+03 1.091813e-08
2.772000e+03 1.110647e-08
2.773000e+03 1.007156e-08
2.774000e+03 1.086540e-08
2.775000e+03 1.080778e-08
2.776000e+03 1.096313e-08
2.777000e+03 1.044355e-08
2.778000e+03 1.006205e-09
2.779000e+03 1.041069e-08
2.780000e+03 1.058186e-08
2.781000e+03 9.829063e-09
2.782000e+03 1.014533e-08
2.783000e+03 1.013740e-08
2.784000e+03 1.025281e-08
2.785000e+03 1.055201e-08
2.786000e+03 1.046016e-08
2.787000e+03 1.036053e-08
2.788000e+03 1.070824e-08
2.789000e+03 1.078400e-08
2.790000e+03 1.080665e-08
2.791000e+03 1.094724e-08
2.792000e+03 1.129390e-08
2.793000e+03 1.098963e-08
2.794000e+03 1.244199e-08
2.795000e+03 1.223325e-08
2.796000e+03 1.935326e-09
2.797000e+03 1.188353e-08
2.798000e+03 1.141346e-08
2.799000e+03 1.129224e-08
2.800000e+03 1.128001e-08
2.801000e+03 1.130586e-08
2.802000e+03 1.085764e-08
2.803000e+03 1.124961e-08
2.804000e+03 1.137984e-08
2.805000e+03 1.125918e-08
2.806000e+03 1.136184e-08
2.807000e+03 1.132317e-08
2.808000e+03 1.131506e-08
2.809000e+03 1.486155e-06
2.810000e+03 3.044705e-07
2.811000e+03 2.382374e-07
2.812000e+03 1.888845e-07
2.813000e+03 1.504000e-07
2.814000e+03 1.196172e-07
2.815000e+03 9.538556e-08
2.816000e+03 7.750130e-08
2.817000e+03 6.176799e-08
2.818000e+03 5.072313e-08
2.819000e+03 4.044872e-08
2.820000e+03 3.436841e-08
2.821000e+03 2.813366e-08
2.822000e+03 2.470699e-08
2.823000e+03 2.009890e-08
2.824000e+03 5.920290e-08
2.825000e+03 1.545207e-08
2.826000e+03 4.196686e-08
2.827000e+03 4.060820e-08
2.828000e+03 3.593581e-08
2.829000e+03 3.156103e-08
2.830000e+03 2.759728e-08
2.831000e+03 2.421344e-08
2.832000e+03 2.174000e-08
2.833000e+03 1.942989e-08
2.834000e+03 1.751208e-08
2.835000e+03 1.648283e-08
2.836000e+03 1.589085e-08
2.837000e+03 1.504897e-08
2.838000e+03 1.510141e-08
2.839000e+03 1.439707e-08
2.840000e+03 1.410399e-08
2.841000e+03 1.372958e-08
2.842000e+03 1.340337e-08
2.843000e+03 1.314842e-08
2.844000e+03 1.246267e-08
2.845000e+03 1.259860e-08
2.846000e+03 1.245654e-08
2.847000e+03 1.237532e-08
2.848000e+03 1.157758e-08
2.849000e+03 1.187589e-08
2.850000e+03 1.181452e-08
2.851000e+03 1.190563e-08
2.852000e+03 1.216705e-08
2.853000e+03 1.206011e-08
2.854000e+03 1.187057e-08
2.855000e+03 1.178136e-08
2.856000e+03 1.168734e-08
2.857000e+03 1.164316e-08
2.858000e+03 1.187091e-08
2.859000e+03 1.175695e-08
2.860000e+03 1.186021e-08
2.861000e+03 1.158941e-08
2.862000e+03 1.146077e-08
2.863000e+03 1.128217e-08
2.864000e+03 1.125615e-08
2.865000e+03 1.059787e-08
2.866000e+03 1.101283e-08
2.867000e+03 1.143417e-08
2.868000e+03 1.144010e-08
2.869000e+03 1.140802e-08
2.870000e+03 1.136642e-08
2.871000e+03 1.128140e-08
2.872000e+03 1.124617e-08
2.873000e+03 9.873397e-09
2.874000e+03 1.057641e-08
2.875000e+03 1.080177e-08
2.876000e+03 1.086948e-08
2.877000e+03 1.086414e-08
2.878000e+03 1.077963e-08
2.879000e+03 1.067871e-08
2.880000e+03 1.061677e-08
2.881000e+03 1.061361e-08
2.882000e+03 1.047701e-08
2.883000e+03 1.044180e-08
2.884000e+03 1.036635e-08
2.885000e+03 1.337200e-09
2.886000e+03 1.079196e-08
2.887000e+03 1.150520e-08
2.888000e+03 1.153315e-08
2.889000e+03 1.334453e-09
2.890000e+03 1.227893e-09
2.891000e+03 1.190185e-09
2.892000e+03 1.196227e-09
2.893000e+03 1.143559e-09
2.894000e+03 1.150837e-09
2.895000e+03 1.126418e-09
2.896000e+03 1.161404e-09
2.897000e+03 1.071898e-09
2.898000e+03 9.721503e-09
2.899000e+03 1.055993e-08
2.900000e+03 1.066738e-08
2.901000e+03 1.076399e-08
2.902000e+03 9.848123e-09
2.903000e+03 9.855537e-09
2.904000e+03 9.315610e-09
2.905000e+03 9.241531e-09
2.906000e+03 9.311435e-09
2.907000e+03 8.623345e-09
2.908000e+03 9.177097e-09
2.909000e+03 9.355208e-09
2.910000e+03 9.474427e-09
2.911000e+03 9.284723e-09
2.912000e+03 9.252784e-09
2.913000e+03 9.224658e-09
2.914000e+03 8.981057e-09
2.915000e+03 9.386336e-09
2.916000e+03 6.435571e-10
2.917000e+03 9.018719e-09
2.918000e+03 8.899647e-09
2.919000e+03 9.070643e-09
2.920000e+03 9.108015e-09
2.921000e+03 9.142727e-09
2.922000e+03 9.116936e-09
2.923000e+03 7.910325e-09
2.924000e+03 8.679103e-09
2.925000e+03 8.851792e-09
2.926000e+03 9.120861e-09
2.927000e+03 9.178399e-09
2.928000e+03 9.104421e-09
2.929000e+03 9.228699e-09
2.930000e+03 9.071497e-09
2.931000e+03 9.202012e-09
2.932000e+03 9.167278e-09
2.933000e+03 9.122043e-09
2.934000e+03 9.446590e-09
2.935000e+03 9.228812e-09
2.936000e+03 9.426110e-09
2.937000e+03 9.202924e-09
2.938000e+03 9.107611e-09
2.939000e+03 9.079100e-09
2.940000e+03 9.142127e-09
2.941000e+03 9.023353e-09
2.942000e+03 9.071127e-09
2.943000e+03 9.127304e-09
2.944000e+03 8.932092e-09
2.945000e+03 8.994033e-09
2.946000e+03 7.764281e-10
2.947000e+03 9.194520e-09
2.948000e+03 7.992453e-09
2.949000e+03 8.183790e-09
2.950000e+03 8.662077e-09
2.951000e+03 8.790447e-09
2.952000e+03 9.054418e-09
2.953000e+03 9.553655e-09
2.954000e+03 8.371735e-09
2.955000e+03 8.336858e-09
2.956000e+03 8.195259e-09
2.957000e+03 8.128028e-09
2.958000e+03 8.087158e-09
2.959000e+03 8.183473e-09
2.960000e+03 8.151994e-09
2.961000e+03 8.069981e-09
2.962000e+03 7.990504e-09
2.963000e+03 8.053600e-09
2.964000e+03 7.982418e-09
2.965000e+03 8.008850e-09
2.966000e+03 8.029736e-09
2.967000e+03 8.092900e-09
2.968000e+03 8.117468e-09
2.969000e+03 8.171785e-09
2.970000e+03 7.454220e-09
2.971000e+03 8.012737e-09
2.972000e+03 8.405903e-09
2.973000e+03 7.217312e-09
2.974000e+03 7.829826e-09
2.975000e+03 7.901202e-09
2.976000e+03 8.101516e-09
2.977000e+03 8.302157e-09
2.978000e+03 8.209950e-09
2.979000e+03 1.101894e-09
2.980000e+03 1.105811e-09
2.981000e+03 1.129664e-09
2.982000e+03 1.148161e-09
2.983000e+03 1.143461e-09
2.984000e+03 1.193640e-09
2.985000e+03 1.240088e-09
2.986000e+03 1.165056e-09
2.987000e+03 1.194450e-09
2.988000e+03 1.185962e-09
2.989000e+03 1.204168e-09
2.990000e+03 1.184033e-09
2.991000e+03 9.358413e-09
2.992000e+03 1.040153e-08
2.993000e+03 1.044055e-08
2.994000e+03 1.591308e-09
2.995000e+03 1.358846e-09
2.996000e+03 1.295202e-09
2.997000e+03 1.255245e-09
2.998000e+03 8.684043e-09
2.999000e+03 9.547278e-09
3.000000e+03 9.789586e-09
3.001000e+03 1.004395e-08
3.002000e+03 1.450949e-09
3.003000e+03 1.302827e-09
3.004000e+03 1.274224e-09
3.005000e+03 1.274744e-09
3.006000e+03 1.263000e-09
3.007000e+03 1.265877e-09
3.008000e+03 1.239999e-09
3.009000e+03 1.216789e-09
3.010000e+03 1.216228e-09
3.011000e+03 9.448450e-09
3.012000e+03 1.203377e-08
3.013000e+03 3.280037e-09
3.014000e+03 2.971910e-09
3.015000e+03 2.920033e-09
3.016000e+03 8.974004e-09
3.017000e+03 9.728191e-09
3.018000e+03 9.827099e-09
3.019000e+03 9.771253e-09
3.020000e+03 9.471024e-09
3.021000e+03 9.005671e-09
3.022000e+03 9.193771e-09
3.023000e+03 8.018315e-09
3.024000e+03 8.712004e-09
3.025000e+03 8.802162e-09
3.026000e+03 8.978209e-09
3.027000e+03 9.291925e-09
3.028000e+03 9.125201e-09
3.029000e+03 9.380078e-09
3.030000e+03 9.164620e-09
3.031000e+03 8.946235e-09
3.032000e+03 8.889711e-09
3.033000e+03 8.216810e-09
3.034000e+03 8.632249e-09
3.035000e+03 8.773462e-09
3.036000e+03 8.771133e-09
3.037000e+03 8.795816e-09
3.038000e+03 8.832717e-09
3.039000e+03 8.746688e-09
3.040000e+03 8.854594e-09
3.041000e+03 8.753552e-09
3.042000e+03 8.736255e-09
3.043000e+03 8.797942e-09
3.044000e+03 8.826488e-09
3.045000e+03 8.690192e-09
3.046000e+03 8.720161e-09
3.047000e+03 8.661054e-09
3.048000e+03 7.934470e-09
3.049000e+03 8.557599e-09
3.050000e+03 8.423552e-09
3.051000e+03 8.521982e-09
3.052000e+03 8.724708e-09
3.053000e+03 8.471124e-09
3.054000e+03 7.775486e-09
3.055000e+03 8.279109e-09
3.056000e+03 8.327314e-09
3.057000e+03 8.330602e-09
3.058000e+03 8.415590e-09
3.059000e+03 8.357796e-09
3.060000e+03 8.783002e-09
3.061000e+03 8.769345e-09
3.062000e+03 8.943353e-09
3.063000e+03 8.918917e-09
3.064000e+03 8.847929e-09
3.065000e+03 8.768834e-09
3.066000e+03 8.747964e-09
3.067000e+03 9.056082e-09
3.068000e+03 1.342996e-09
3.069000e+03 8.576315e-09
3.070000e+03 8.718029e-09
3.071000e+03 8.672317e-09
3.072000e+03 8.675458e-09
3.073000e+03 7.336345e-09
3.074000e+03 7.921758e-09
3.075000e+03 7.565595e-09
3.076000e+03 8.233703e-09
3.077000e+03 8.380109e-09
3.078000e+03 8.431857e-09
3.079000e+03 8.677490e-09
3.080000e+03 8.703437e-09
3.081000e+03 8.752105e-09
3.082000e+03 8.631575e-09
3.083000e+03 8.502654e-09
3.084000e+03 8.272562e-09
3.085000e+03 8.428225e-09
3.086000e+03 8.860953e-09
3.087000e+03 8.621580e-09
3.088000e+03 8.540281e-09
3.089000e+03 8.391600e-09
3.090000e+03 8.302506e-09
3.091000e+03 8.347445e-09
3.092000e+03 8.405930e-09
3.093000e+03 8.291068e-09
3.094000e+03 8.247847e-09
3.095000e+03 8.204541e-09
3.096000e+03 7.434445e-09
3.097000e+03 8.011149e-09
3.098000e+03 6.692783e-09
3.099000e+03 7.346145e-09
3.100000e+03 7.365383e-09
3.101000e+03 7.663622e-09
3.102000e+03 8.094500e-09
3.103000e+03 8.200244e-09
3.104000e+03 8.254172e-09
3.105000e+03 7.357540e-10
3.106000e+03 6.439500e-10
3.107000e+03 8.076747e-09
3.108000e+03 6.610838e-10
3.109000e+03 7.961651e-09
3.110000e+03 6.633465e-10
3.111000e+03 6.375771e-10
3.112000e+03 7.915201e-09
3.113000e+03 6.082951e-10
3.114000e+03 8.014835e-10
3.115000e+03 8.197862e-10
3.116000e+03 8.314447e-10
3.117000e+03 7.086007e-09
3.118000e+03 7.830981e-09
3.119000e+03 7.912904e-09
3.120000e+03 8.218826e-09
3.121000e+03 8.293991e-09
3.122000e+03 7.971524e-09
3.123000e+03 6.819032e-09
3.124000e+03 7.407772e-09
3.125000e+03 7.189037e-09
3.126000e+03 7.455801e-09
3.127000e+03 7.494439e-09
3.128000e+03 7.555611e-09
3.129000e+03 7.319821e-09
3.130000e+03 7.791306e-09
3.131000e+03 7.962870e-09
3.132000e+03 7.922820e-09
3.133000e+03 7.856607e-09
3.134000e+03 7.872678e-09
3.135000e+03 7.841829e-09
3.136000e+03 7.882055e-09
3.137000e+03 7.999579e-09
3.138000e+03 7.118846e-09
3.139000e+03 7.630070e-09
3.140000e+03 6.837900e-09
3.141000e+03 6.851601e-09
3.142000e+03 7.007573e-09
3.143000e+03 7.197794e-09
3.144000e+03 6.750103e-09
3.145000e+03 6.950369e-09
3.146000e+03 6.835031e-09
3.147000e+03 6.885939e-09
3.148000e+03 6.736048e-09
3.149000e+03 6.473064e-09
3.150000e+03 6.708652e-09
3.151000e+03 6.934030e-09
3.152000e+03 6.925268e-09
3.153000e+03 7.050986e-09
3.154000e+03 6.961731e-09
3.155000e+03 6.968490e-09
3.156000e+03 6.866283e-09
3.157000e+03 6.931350e-09
3.158000e+03 6.943872e-09
3.159000e+03 6.232431e-09
3.160000e+03 6.792774e-09
3.161000e+03 6.768555e-09
3.162000e+03 7.201008e-09
3.163000e+03 7.302353e-09
3.164000e+03 7.042531e-09
3.165000e+03 6.925096e-09
3.166000e+03 6.774363e-09
3.167000e+03 6.398945e-09
3.168000e+03 6.683146e-09
3.169000e+03 6.698056e-09
3.170000e+03 6.662622e-09
3.171000e+03 6.688593e-09
3.172000e+03 6.594503e-09
3.173000e+03 5.701408e-09
3.174000e+03 6.296305e-09
3.175000e+03 6.493576e-09
3.176000e+03 6.921708e-09
3.177000e+03 6.961315e-09
3.178000e+03 6.925922e-09
3.179000e+03 6.937582e-09
3.180000e+03 6.141494e-09
3.181000e+03 6.723945e-09
3.182000e+03 6.626106e-09
3.183000e+03 6.715926e-09
3.184000e+03 6.685249e-09
3.185000e+03 6.487211e-09
3.186000e+03 6.495677e-09
3.187000e+03 6.604270e-09
3.188000e+03 6.765149e-09
3.189000e+03 6.632262e-09
3.190000e+03 6.253874e-09
3.191000e+03 6.515650e-09
3.192000e+03 7.416128e-09
3.193000e+03 7.692766e-09
3.194000e+03 7.755700e-09
3.195000e+03 7.810788e-09
3.196000e+03 7.781649e-09
3.197000e+03 7.686113e-09
3.198000e+03 6.500484e-09
3.199000e+03 7.207862e-09
3.200000e+03 8.156048e-09
3.201000e+03 7.711716e-09
3.202000e+03 8.267427e-09
3.203000e+03 8.287918e-09
3.204000e+03 8.252242e-09
3.205000e+03 8.599631e-09
3.206000e+03 8.523474e-09
3.207000e+03 8.543714e-09
3.208000e+03 8.204513e-09
3.209000e+03 8.107397e-09
3.210000e+03 8.064807e-09
3.211000e+03 7.296607e-09
3.212000e+03 7.241147e-09
3.213000e+03 7.055144e-09
3.214000e+03 7.225802e-09
3.215000e+03 7.192931e-09
3.216000e+03 7.367081e-09
3.217000e+03 7.618752e-09
3.218000e+03 7.481534e-09
3.219000e+03 7.730186e-09
3.220000e+03 7.484466e-09
3.221000e+03 7.249002e-09
3.222000e+03 6.511070e-09
3.223000e+03 6.215953e-09
3.224000e+03 6.163964e-09
3.225000e+03 6.301645e-09
3.226000e+03 6.553540e-09
3.227000e+03 6.756892e-09
3.228000e+03 6.791726e-09
3.229000e+03 6.096182e-09
3.230000e+03 6.052682e-09
3.231000e+03 6.152962e-09
3.232000e+03 5.992264e-09
3.233000e+03 5.983977e-09
3.234000e+03 6.434609e-09
3.235000e+03 6.560014e-09
3.236000e+03 6.542087e-09
3.237000e+03 6.543311e-09
3.238000e+03 6.949042e-09
3.239000e+03 6.812354e-09
3.240000e+03 6.578899e-09
3.241000e+03 6.640696e-09
3.242000e+03 6.535477e-09
3.243000e+03 5.726911e-09
3.244000e+03 6.285930e-09
3.245000e+03 6.352272e-09
3.246000e+03 6.479323e-09
3.247000e+03 6.542462e-09
3.248000e+03 5.424800e-09
3.249000e+03 5.958437e-09
3.250000e+03 6.046737e-09
3.251000e+03 6.527702e-09
3.252000e+03 6.489182e-09
3.253000e+03 6.497997e-09
3.254000e+03 6.542548e-09
3.255000e+03 6.518342e-09
3.256000e+03 6.235031e-09
3.257000e+03 5.975557e-09
3.258000e+03 6.407410e-09
3.259000e+03 6.334287e-09
3.260000e+03 6.355975e-09
3.261000e+03 6.653085e-09
3.262000e+03 6.757004e-09
3.263000e+03 6.760021e-09
3.264000e+03 5.868630e-09
3.265000e+03 6.258230e-09
3.266000e+03 6.309682e-09
3.267000e+03 1.095874e-06
3.268000e+03 1.814182e-07
3.269000e+03 1.823803e-07
3.270000e+03 1.347947e-07
3.271000e+03 1.070052e-07
3.272000e+03 8.576776e-08
3.273000e+03 6.958397e-08
3.274000e+03 5.673365e-08
3.275000e+03 3.972282e-08
3.276000e+03 3.238165e-08
3.277000e+03 2.689844e-08
3.278000e+03 2.242748e-08
3.279000e+03 1.881772e-08
3.280000e+03 1.605829e-08
3.281000e+03 6.913815e-08
3.282000e+03 6.939653e-08
3.283000e+03 6.197885e-08
3.284000e+03 5.344468e-08
3.285000e+03 4.538663e-08
3.286000e+03 3.914515e-08
3.287000e+03 3.341192e-08
3.288000e+03 2.865257e-08
3.289000e+03 2.382162e-08
3.290000e+03 2.030871e-08
3.291000e+03 1.797669e-08
3.292000e+03 1.560017e-08
3.293000e+03 1.424555e-08
3.294000e+03 1.320614e-08
3.295000e+03 1.249229e-08
3.296000e+03 1.233958e-08
3.297000e+03 1.161886e-08
3.298000e+03 9.865574e-09
3.299000e+03 1.027476e-08
3.300000e+03 9.940952e-09
3.301000e+03 9.704204e-09
3.302000e+03 9.855335e-09
3.303000e+03 9.730962e-09
3.304000e+03 9.546982e-09
3.305000e+03 9.304689e-09
3.306000e+03 8.612166e-09
3.307000e+03 8.888692e-09
3.308000e+03 8.634989e-09
3.309000e+03 8.596647e-09
3.310000e+03 8.745749e-09
3.311000e+03 8.241015e-09
3.312000e+03 8.491854e-09
3.313000e+03 8.507537e-09
3.314000e+03 8.381495e-09
3.315000e+03 8.718813e-09
3.316000e+03 8.420177e-09
3.317000e+03 8.761035e-09
3.318000e+03 8.723662e-09
3.319000e+03 8.608354e-09
3.320000e+03 8.600089e-09
3.321000e+03 8.555163e-09
3.322000e+03 8.394051e-09
3.323000e+03 7.089105e-09
3.324000e+03 7.242099e-09
3.325000e+03 7.497185e-09
3.326000e+03 7.785129e-09
3.327000e+03 7.072958e-09
3.328000e+03 7.778388e-09
3.329000e+03 7.785253e-09
3.330000e+03 7.892661e-09
3.331000e+03 8.073464e-09
3.332000e+03 7.712069e-09
3.333000e+03 7.819754e-09
3.334000e+03 8.123655e-09
3.335000e+03 8.118743e-09
3.336000e+03 8.089399e-09
3.337000e+03 8.013272e-09
3.338000e+03 7.795278e-09
3.339000e+03 7.745823e-09
3.340000e+03 7.883256e-09
3.341000e+03 7.712805e-09
3.342000e+03 7.554342e-09
3.343000e+03 7.571945e-09
3.344000e+03 7.110096e-09
3.345000e+03 6.955334e-09
3.346000e+03 6.942469e-09
3.347000e+03 6.684181e-09
3.348000e+03 6.055023e-09
3.349000e+03 6.252251e-09
3.350000e+03 6.318624e-09
3.351000e+03 6.738304e-09
3.352000e+03 6.910707e-09
3.353000e+03 7.202806e-09
3.354000e+03 6.927116e-09
3.355000e+03 7.109902e-09
3.356000e+03 7.012787e-09
3.357000e+03 6.755167e-09
3.358000e+03 6.846522e-09
3.359000e+03 6.689693e-09
3.360000e+03 6.706274e-09
3.361000e+03 6.680590e-09
3.362000e+03 6.513582e-09
3.363000e+03 6.550580e-09
3.364000e+03 6.613538e-09
3.365000e+03 6.465035e-09
3.366000e+03 6.192527e-09
3.367000e+03 6.305760e-09
3.368000e+03 6.116058e-09
3.369000e+03 5.484615e-09
3.370000e+03 5.819584e-09
3.371000e+03 5.850091e-09
3.372000e+03 6.219005e-09
3.373000e+03 4.966848e-09
3.374000e+03 5.334129e-09
3.375000e+03 5.434382e-09
3.376000e+03 5.575139e-09
3.377000e+03 5.730545e-09
3.378000e+03 5.889617e-09
3.379000e+03 5.807120e-09
3.380000e+03 5.976095e-09
3.381000e+03 5.920182e-09
3.382000e+03 5.819573e-09
3.383000e+03 5.858169e-09
3.384000e+03 5.853980e-09
3.385000e+03 5.944419e-09
3.386000e+03 5.872310e-09
3.387000e+03 5.914218e-09
3.388000e+03 5.907134e-09
3.389000e+03 5.887683e-09
3.390000e+03 4.831995e-09
3.391000e+03 5.354326e-09
3.392000e+03 6.013933e-09
3.393000e+03 6.020155e-09
3.394000e+03 5.942127e-09
3.395000e+03 5.885483e-09
3.396000e+03 5.713392e-09
3.397000e+03 5.734341e-09
3.398000e+03 4.609665e-09
3.399000e+03 5.231032e-09
3.400000e+03 5.304889e-09
3.401000e+03 5.291270e-09
3.402000e+03 5.714036e-09
3.403000e+03 5.799650e-09
3.404000e+03 5.717337e-09
3.405000e+03 5.709276e-09
3.406000e+03 5.767286e-09
3.407000e+03 5.756423e-09
3.408000e+03 5.985460e-09
3.409000e+03 5.969829e-09
3.410000e+03 5.780431e-09
3.411000e+03 4.877654e-09
3.412000e+03 5.908255e-09
3.413000e+03 5.786474e-09
3.414000e+03 5.960265e-09
3.415000e+03 5.952608e-09
3.416000e+03 5.913934e-09
3.417000e+03 5.801979e-09
3.418000e+03 5.828926e-09
3.419000e+03 5.855472e-09
3.420000e+03 5.829354e-09
3.421000e+03 5.696698e-09
3.422000e+03 5.734178e-09
3.423000e+03 4.579838e-09
3.424000e+03 5.063332e-09
3.425000e+03 5.132249e-09
3.426000e+03 5.346386e-09
3.427000e+03 5.632761e-09
3.428000e+03 5.646771e-09
3.429000e+03 5.558244e-09
3.430000e+03 5.876016e-09
3.431000e+03 5.627241e-09
3.432000e+03 5.034452e-09
3.433000e+03 5.491548e-09
3.434000e+03 5.525661e-09
3.435000e+03 5.429815e-09
3.436000e+03 5.623656e-09
3.437000e+03 5.579201e-09
3.438000e+03 5.685582e-09
3.439000e+03 5.627862e-09
3.440000e+03 5.711691e-09
3.441000e+03 5.680691e-09
3.442000e+03 5.676164e-09
3.443000e+03 5.718306e-09
3.444000e+03 5.793187e-09
3.445000e+03 5.594216e-09
3.446000e+03 5.823689e-09
3.447000e+03 5.861120e-09
3.448000e+03 4.824834e-09
3.449000e+03 5.121816e-09
3.450000e+03 5.210710e-09
3.451000e+03 6.085622e-09
3.452000e+03 6.062946e-09
3.453000e+03 4.974801e-09
3.454000e+03 5.489556e-09
3.455000e+03 5.487867e-09
3.456000e+03 5.683235e-09
3.457000e+03 5.622228e-09
3.458000e+03 5.768307e-09
3.459000e+03 5.771108e-09
3.460000e+03 5.745003e-09
3.461000e+03 5.756426e-09
3.462000e+03 5.739724e-09
3.463000e+03 5.775125e-09
3.464000e+03 5.866804e-09
3.465000e+03 5.647361e-09
3.466000e+03 5.866125e-09
3.467000e+03 5.918762e-09
3.468000e+03 5.611682e-09
3.469000e+03 5.843169e-09
3.470000e+03 5.837059e-09
3.471000e+03 6.209161e-09
3.472000e+03 6.109085e-09
3.473000e+03 4.914756e-09
3.474000e+03 4.826711e-09
3.475000e+03 5.097594e-09
3.476000e+03 5.752908e-09
3.477000e+03 6.023027e-09
3.478000e+03 6.175804e-09
3.479000e+03 5.745383e-09
3.480000e+03 6.098074e-09
3.481000e+03 6.073388e-09
3.482000e+03 6.183145e-09
3.483000e+03 6.124006e-09
3.484000e+03 6.187088e-09
3.485000e+03 6.071692e-09
3.486000e+03 6.093350e-09
3.487000e+03 5.967158e-09
3.488000e+03 6.128362e-09
3.489000e+03 6.170990e-09
3.490000e+03 6.368827e-09
3.491000e+03 5.955776e-09
3.492000e+03 6.175984e-09
3.493000e+03 6.127480e-09
3.494000e+03 5.968128e-09
3.495000e+03 5.163428e-09
3.496000e+03 5.717099e-09
3.497000e+03 5.753873e-09
3.498000e+03 5.111843e-09
3.499000e+03 5.351382e-09
3.500000e+03 5.479417e-09
