Title ="THE FLUX ERR"
Variables=
iter
residual
1.000000e+00 4.761995e-05
2.000000e+00 1.661159e-03
3.000000e+00 2.711897e-04
4.000000e+00 8.383988e-04
5.000000e+00 1.052609e-03
6.000000e+00 1.812113e-04
7.000000e+00 1.727432e-04
8.000000e+00 2.180462e-04
9.000000e+00 1.450941e-04
1.000000e+01 1.069426e-04
1.100000e+01 8.100949e-05
1.200000e+01 6.343681e-05
1.300000e+01 9.125824e-06
1.400000e+01 5.230563e-06
1.500000e+01 1.079774e-04
1.600000e+01 7.566316e-05
1.700000e+01 6.121878e-05
1.800000e+01 5.285259e-05
1.900000e+01 2.587974e-05
2.000000e+01 6.514462e-05
2.100000e+01 1.531328e-05
2.200000e+01 8.480617e-06
2.300000e+01 9.352006e-06
2.400000e+01 6.165873e-05
2.500000e+01 5.651476e-05
2.600000e+01 4.553038e-05
2.700000e+01 4.322212e-05
2.800000e+01 3.016188e-05
2.900000e+01 2.720668e-05
3.000000e+01 2.547723e-05
3.100000e+01 2.353765e-05
3.200000e+01 1.915259e-05
3.300000e+01 1.551125e-05
3.400000e+01 1.332200e-05
3.500000e+01 1.537804e-05
3.600000e+01 1.257415e-05
3.700000e+01 1.444881e-05
3.800000e+01 1.090437e-05
3.900000e+01 1.038482e-05
4.000000e+01 1.106072e-05
4.100000e+01 5.663470e-05
4.200000e+01 1.337639e-05
4.300000e+01 1.209828e-05
4.400000e+01 1.074705e-05
4.500000e+01 1.043353e-05
4.600000e+01 8.572170e-06
4.700000e+01 5.387209e-05
4.800000e+01 1.334205e-05
4.900000e+01 8.404626e-06
5.000000e+01 5.116570e-05
5.100000e+01 5.427511e-05
5.200000e+01 1.169993e-05
5.300000e+01 4.585583e-05
5.400000e+01 4.492201e-05
5.500000e+01 4.604705e-05
5.600000e+01 4.228542e-05
5.700000e+01 4.321350e-05
5.800000e+01 3.868194e-05
5.900000e+01 3.771622e-05
6.000000e+01 3.646019e-05
6.100000e+01 3.795324e-05
6.200000e+01 3.578005e-05
6.300000e+01 3.297166e-05
6.400000e+01 3.511087e-05
6.500000e+01 3.598618e-05
6.600000e+01 3.771866e-05
6.700000e+01 3.612029e-05
6.800000e+01 3.854916e-05
6.900000e+01 3.662252e-05
7.000000e+01 4.042840e-05
7.100000e+01 4.202925e-05
7.200000e+01 4.261178e-05
7.300000e+01 3.908099e-05
7.400000e+01 4.297619e-05
7.500000e+01 3.939262e-05
7.600000e+01 4.034989e-05
7.700000e+01 4.002410e-05
7.800000e+01 3.925983e-05
7.900000e+01 4.044363e-05
8.000000e+01 4.168040e-05
8.100000e+01 3.981730e-05
8.200000e+01 4.138412e-05
8.300000e+01 3.845214e-05
8.400000e+01 3.681361e-05
8.500000e+01 3.840146e-05
8.600000e+01 3.731182e-05
8.700000e+01 3.502208e-05
8.800000e+01 3.281140e-05
8.900000e+01 3.224491e-05
9.000000e+01 3.441821e-05
9.100000e+01 3.295942e-05
9.200000e+01 3.483149e-05
9.300000e+01 3.310961e-05
9.400000e+01 3.117137e-05
9.500000e+01 3.229243e-05
9.600000e+01 3.016510e-05
9.700000e+01 2.765576e-05
9.800000e+01 2.519498e-05
9.900000e+01 2.793338e-05
1.000000e+02 2.869986e-05
1.010000e+02 2.556577e-05
1.020000e+02 2.636192e-05
1.030000e+02 2.331389e-05
1.040000e+02 2.458076e-05
1.050000e+02 2.331829e-05
1.060000e+02 2.523756e-05
1.070000e+02 2.339804e-05
1.080000e+02 2.309688e-05
1.090000e+02 2.255343e-05
1.100000e+02 1.984160e-05
1.110000e+02 2.077820e-05
1.120000e+02 2.262873e-05
1.130000e+02 2.050659e-05
1.140000e+02 2.168443e-05
1.150000e+02 1.982937e-05
1.160000e+02 1.774194e-05
1.170000e+02 2.031361e-05
1.180000e+02 1.883280e-05
1.190000e+02 2.044747e-05
1.200000e+02 1.803489e-05
1.210000e+02 1.686249e-05
1.220000e+02 1.586061e-05
1.230000e+02 1.385025e-05
1.240000e+02 1.496989e-05
1.250000e+02 1.352733e-05
1.260000e+02 1.401163e-05
1.270000e+02 1.381367e-05
1.280000e+02 1.410081e-05
1.290000e+02 1.452353e-05
1.300000e+02 1.375053e-05
1.310000e+02 1.397556e-05
1.320000e+02 1.303218e-05
1.330000e+02 1.385931e-05
1.340000e+02 1.405103e-05
1.350000e+02 1.464131e-05
1.360000e+02 1.280940e-05
1.370000e+02 1.402769e-05
1.380000e+02 1.378208e-05
1.390000e+02 1.502605e-05
1.400000e+02 1.343908e-05
1.410000e+02 1.398693e-05
1.420000e+02 1.418931e-05
1.430000e+02 1.397929e-05
1.440000e+02 1.468496e-05
1.450000e+02 1.425775e-05
1.460000e+02 1.506274e-05
1.470000e+02 1.445983e-05
1.480000e+02 1.513835e-05
1.490000e+02 1.386153e-05
1.500000e+02 1.391097e-05
1.510000e+02 1.514889e-05
1.520000e+02 1.411708e-05
1.530000e+02 1.435604e-05
1.540000e+02 1.354188e-05
1.550000e+02 1.396774e-05
1.560000e+02 1.337533e-05
1.570000e+02 1.429426e-05
1.580000e+02 1.361858e-05
1.590000e+02 1.465924e-05
1.600000e+02 1.389787e-05
1.610000e+02 1.391378e-05
1.620000e+02 1.213489e-05
1.630000e+02 1.348333e-05
1.640000e+02 1.302981e-05
1.650000e+02 1.344922e-05
1.660000e+02 1.384308e-05
1.670000e+02 1.214335e-05
1.680000e+02 1.310371e-05
1.690000e+02 1.267060e-05
1.700000e+02 1.318708e-05
1.710000e+02 1.398872e-05
1.720000e+02 1.378368e-05
1.730000e+02 1.350924e-05
1.740000e+02 1.369783e-05
1.750000e+02 1.265222e-05
1.760000e+02 1.261967e-05
1.770000e+02 1.331965e-05
1.780000e+02 1.257836e-05
1.790000e+02 1.291089e-05
1.800000e+02 1.286221e-05
1.810000e+02 1.322868e-05
1.820000e+02 1.190913e-05
1.830000e+02 1.260702e-05
1.840000e+02 1.232809e-05
1.850000e+02 1.274356e-05
1.860000e+02 1.107040e-05
1.870000e+02 1.086432e-05
1.880000e+02 1.161812e-05
1.890000e+02 1.189521e-05
1.900000e+02 1.108624e-05
1.910000e+02 1.213392e-05
1.920000e+02 1.206330e-05
1.930000e+02 1.090774e-05
1.940000e+02 1.055480e-05
1.950000e+02 1.159052e-05
1.960000e+02 1.067618e-05
1.970000e+02 1.099151e-05
1.980000e+02 1.054809e-05
1.990000e+02 1.203461e-05
2.000000e+02 1.061995e-05
2.010000e+02 1.106952e-05
2.020000e+02 1.195658e-05
2.030000e+02 1.096002e-05
2.040000e+02 1.168375e-05
2.050000e+02 1.071239e-05
2.060000e+02 1.171243e-05
2.070000e+02 1.078261e-05
2.080000e+02 1.029413e-05
2.090000e+02 1.053087e-05
2.100000e+02 1.114800e-05
2.110000e+02 1.004603e-05
2.120000e+02 1.039697e-05
2.130000e+02 1.137169e-05
2.140000e+02 1.017288e-05
2.150000e+02 1.025158e-05
2.160000e+02 1.045122e-05
2.170000e+02 9.764914e-06
2.180000e+02 1.057282e-05
2.190000e+02 1.002972e-05
2.200000e+02 1.000372e-05
2.210000e+02 1.035973e-05
2.220000e+02 1.057319e-05
2.230000e+02 8.914957e-06
2.240000e+02 1.030990e-05
2.250000e+02 1.036063e-05
2.260000e+02 9.480586e-06
2.270000e+02 9.059271e-06
2.280000e+02 1.023786e-05
2.290000e+02 2.283178e-06
2.300000e+02 9.120500e-06
2.310000e+02 8.542997e-06
2.320000e+02 9.039713e-06
2.330000e+02 8.842973e-06
2.340000e+02 9.571142e-06
2.350000e+02 9.355321e-06
2.360000e+02 8.414121e-06
2.370000e+02 8.808727e-06
2.380000e+02 8.362429e-06
2.390000e+02 9.124874e-06
2.400000e+02 8.560185e-06
2.410000e+02 7.954095e-06
2.420000e+02 8.140275e-06
2.430000e+02 8.606033e-06
2.440000e+02 8.801374e-06
2.450000e+02 8.350755e-06
2.460000e+02 7.841698e-06
2.470000e+02 8.718079e-06
2.480000e+02 9.541994e-06
2.490000e+02 8.311231e-06
2.500000e+02 8.687063e-06
2.510000e+02 8.069460e-06
2.520000e+02 8.748050e-06
2.530000e+02 9.249904e-06
2.540000e+02 8.997288e-06
2.550000e+02 8.748253e-06
2.560000e+02 8.496791e-06
2.570000e+02 8.109375e-06
2.580000e+02 8.110486e-06
2.590000e+02 8.156067e-06
2.600000e+02 8.816937e-06
2.610000e+02 8.613669e-06
2.620000e+02 9.240817e-06
2.630000e+02 9.690843e-06
2.640000e+02 9.242185e-06
2.650000e+02 8.982924e-06
2.660000e+02 1.010065e-05
2.670000e+02 8.833696e-06
2.680000e+02 9.530685e-06
2.690000e+02 9.911648e-06
2.700000e+02 9.452712e-06
2.710000e+02 9.406745e-06
2.720000e+02 2.486949e-06
2.730000e+02 8.789759e-06
2.740000e+02 2.706566e-06
2.750000e+02 8.743807e-06
2.760000e+02 2.358705e-06
2.770000e+02 8.332681e-06
2.780000e+02 2.736018e-06
2.790000e+02 2.635968e-06
2.800000e+02 8.146980e-06
2.810000e+02 2.099713e-06
2.820000e+02 8.056181e-06
2.830000e+02 2.478894e-06
2.840000e+02 8.356376e-06
2.850000e+02 1.859845e-06
2.860000e+02 8.102219e-06
2.870000e+02 8.092684e-06
2.880000e+02 2.555469e-06
2.890000e+02 8.906004e-06
2.900000e+02 8.387037e-06
2.910000e+02 9.117397e-06
2.920000e+02 9.922063e-06
2.930000e+02 9.517440e-06
2.940000e+02 9.398852e-06
2.950000e+02 9.040045e-06
2.960000e+02 9.020173e-06
2.970000e+02 8.501993e-06
2.980000e+02 9.505516e-06
2.990000e+02 8.358298e-06
3.000000e+02 8.646877e-06
3.010000e+02 9.015638e-06
3.020000e+02 8.447314e-06
3.030000e+02 8.419124e-06
3.040000e+02 8.348989e-06
3.050000e+02 9.284321e-06
3.060000e+02 8.335329e-06
3.070000e+02 8.821869e-06
3.080000e+02 9.064519e-06
3.090000e+02 9.067171e-06
3.100000e+02 9.071762e-06
3.110000e+02 8.546429e-06
3.120000e+02 9.228020e-06
3.130000e+02 8.594910e-06
3.140000e+02 8.609857e-06
3.150000e+02 8.385733e-06
3.160000e+02 8.211569e-06
3.170000e+02 8.464775e-06
3.180000e+02 8.886458e-06
3.190000e+02 9.011694e-06
3.200000e+02 8.846574e-06
3.210000e+02 8.242053e-06
3.220000e+02 8.648609e-06
3.230000e+02 8.462908e-06
3.240000e+02 8.561972e-06
3.250000e+02 8.195035e-06
3.260000e+02 7.512484e-06
3.270000e+02 7.851526e-06
3.280000e+02 8.136331e-06
3.290000e+02 8.424367e-06
3.300000e+02 7.913264e-06
3.310000e+02 7.869453e-06
3.320000e+02 8.428501e-06
3.330000e+02 8.411830e-06
3.340000e+02 8.017054e-06
3.350000e+02 7.657852e-06
3.360000e+02 7.379813e-06
3.370000e+02 7.558509e-06
3.380000e+02 7.814785e-06
3.390000e+02 8.036483e-06
3.400000e+02 7.520399e-06
3.410000e+02 7.264187e-06
3.420000e+02 7.253552e-06
3.430000e+02 7.367722e-06
3.440000e+02 7.299427e-06
3.450000e+02 6.997116e-06
3.460000e+02 7.068442e-06
3.470000e+02 7.007835e-06
3.480000e+02 7.446597e-06
3.490000e+02 7.449383e-06
3.500000e+02 7.578220e-06
3.510000e+02 7.730599e-06
3.520000e+02 7.793108e-06
3.530000e+02 6.978773e-06
3.540000e+02 7.449266e-06
3.550000e+02 7.314161e-06
3.560000e+02 6.918662e-06
3.570000e+02 6.386506e-06
3.580000e+02 7.079338e-06
3.590000e+02 6.431599e-06
3.600000e+02 6.656696e-06
3.610000e+02 6.899801e-06
3.620000e+02 6.600158e-06
3.630000e+02 6.991349e-06
3.640000e+02 6.895754e-06
3.650000e+02 6.675988e-06
3.660000e+02 7.068742e-06
3.670000e+02 6.333592e-06
3.680000e+02 6.341404e-06
3.690000e+02 6.521305e-06
3.700000e+02 6.223045e-06
3.710000e+02 6.525840e-06
3.720000e+02 6.892639e-06
3.730000e+02 6.344197e-06
3.740000e+02 6.345587e-06
3.750000e+02 6.590022e-06
3.760000e+02 6.255868e-06
3.770000e+02 6.563223e-06
3.780000e+02 5.972566e-06
3.790000e+02 5.623433e-06
3.800000e+02 5.607333e-06
3.810000e+02 6.514106e-06
3.820000e+02 5.561215e-06
3.830000e+02 5.849796e-06
3.840000e+02 5.579774e-06
3.850000e+02 5.801115e-06
3.860000e+02 6.143947e-06
3.870000e+02 5.740289e-06
3.880000e+02 6.329769e-06
3.890000e+02 5.655671e-06
3.900000e+02 5.828628e-06
3.910000e+02 5.646756e-06
3.920000e+02 5.428475e-06
3.930000e+02 6.009338e-06
3.940000e+02 5.641798e-06
3.950000e+02 5.236637e-06
3.960000e+02 5.907256e-06
3.970000e+02 5.865569e-06
3.980000e+02 5.616218e-06
3.990000e+02 5.705456e-06
4.000000e+02 5.544179e-06
4.010000e+02 5.321049e-06
4.020000e+02 5.494697e-06
4.030000e+02 5.313147e-06
4.040000e+02 5.210492e-06
4.050000e+02 5.506425e-06
4.060000e+02 4.994823e-06
4.070000e+02 4.976554e-06
4.080000e+02 5.081983e-06
4.090000e+02 5.212817e-06
4.100000e+02 5.094626e-06
4.110000e+02 5.001328e-06
4.120000e+02 5.116771e-06
4.130000e+02 4.972001e-06
4.140000e+02 4.966993e-06
4.150000e+02 4.858252e-06
4.160000e+02 4.904493e-06
4.170000e+02 4.873607e-06
4.180000e+02 4.672845e-06
4.190000e+02 4.698741e-06
4.200000e+02 4.874111e-06
4.210000e+02 4.828166e-06
4.220000e+02 4.514594e-06
4.230000e+02 4.391950e-06
4.240000e+02 4.305231e-06
4.250000e+02 4.216138e-06
4.260000e+02 4.290285e-06
4.270000e+02 4.240932e-06
4.280000e+02 4.343801e-06
4.290000e+02 3.840285e-06
4.300000e+02 4.297811e-06
4.310000e+02 3.991870e-06
4.320000e+02 4.151910e-06
4.330000e+02 4.125587e-06
4.340000e+02 4.197739e-06
4.350000e+02 3.643209e-06
4.360000e+02 3.606869e-06
4.370000e+02 3.910169e-06
4.380000e+02 3.920983e-06
4.390000e+02 3.928831e-06
4.400000e+02 4.178000e-06
4.410000e+02 3.883552e-06
4.420000e+02 3.659410e-06
4.430000e+02 3.627147e-06
4.440000e+02 3.751825e-06
4.450000e+02 3.727213e-06
4.460000e+02 3.917119e-06
4.470000e+02 3.744408e-06
4.480000e+02 3.920038e-06
4.490000e+02 3.740211e-06
4.500000e+02 3.775212e-06
4.510000e+02 3.646867e-06
4.520000e+02 3.610990e-06
4.530000e+02 3.633547e-06
4.540000e+02 3.488487e-06
4.550000e+02 3.353209e-06
4.560000e+02 3.413472e-06
4.570000e+02 3.545613e-06
4.580000e+02 3.473714e-06
4.590000e+02 3.397446e-06
4.600000e+02 3.151571e-06
4.610000e+02 3.194024e-06
4.620000e+02 2.909488e-06
4.630000e+02 2.805659e-06
4.640000e+02 2.937657e-06
4.650000e+02 3.036372e-06
4.660000e+02 3.022364e-06
4.670000e+02 2.894681e-06
4.680000e+02 2.902587e-06
4.690000e+02 3.003485e-06
4.700000e+02 3.182000e-06
4.710000e+02 3.122008e-06
4.720000e+02 3.000733e-06
4.730000e+02 3.137810e-06
4.740000e+02 2.966179e-06
4.750000e+02 2.822934e-06
4.760000e+02 3.076355e-06
4.770000e+02 3.152599e-06
4.780000e+02 2.785415e-06
4.790000e+02 2.844196e-06
4.800000e+02 2.969163e-06
4.810000e+02 3.039371e-06
4.820000e+02 2.909611e-06
4.830000e+02 3.076425e-06
4.840000e+02 2.922580e-06
4.850000e+02 2.899007e-06
4.860000e+02 2.970682e-06
4.870000e+02 2.914188e-06
4.880000e+02 2.909648e-06
4.890000e+02 2.831793e-06
4.900000e+02 2.662380e-06
4.910000e+02 3.087063e-06
4.920000e+02 2.952806e-06
4.930000e+02 3.041212e-06
4.940000e+02 2.933880e-06
4.950000e+02 2.944972e-06
4.960000e+02 2.811766e-06
4.970000e+02 2.844677e-06
4.980000e+02 2.638233e-06
4.990000e+02 2.598944e-06
5.000000e+02 2.695600e-06
5.010000e+02 2.913029e-06
5.020000e+02 2.972913e-06
5.030000e+02 2.721870e-06
5.040000e+02 2.656199e-06
5.050000e+02 2.938783e-06
5.060000e+02 2.985592e-06
5.070000e+02 3.212905e-06
5.080000e+02 2.876381e-06
5.090000e+02 3.008284e-06
5.100000e+02 2.833588e-06
5.110000e+02 2.909942e-06
5.120000e+02 2.752598e-06
5.130000e+02 2.767555e-06
5.140000e+02 2.876510e-06
5.150000e+02 2.759209e-06
5.160000e+02 2.601956e-06
5.170000e+02 2.484660e-06
5.180000e+02 2.547576e-06
5.190000e+02 2.544070e-06
5.200000e+02 2.514417e-06
5.210000e+02 2.725373e-06
5.220000e+02 2.650065e-06
5.230000e+02 2.376752e-06
5.240000e+02 2.712499e-06
5.250000e+02 2.509362e-06
5.260000e+02 2.273500e-06
5.270000e+02 2.232403e-06
5.280000e+02 2.451707e-06
5.290000e+02 2.439482e-06
5.300000e+02 2.370487e-06
5.310000e+02 2.460229e-06
5.320000e+02 2.376172e-06
5.330000e+02 2.245738e-06
5.340000e+02 2.335947e-06
5.350000e+02 2.273698e-06
5.360000e+02 2.341467e-06
5.370000e+02 2.070136e-06
5.380000e+02 2.210702e-06
5.390000e+02 2.043570e-06
5.400000e+02 2.153979e-06
5.410000e+02 2.275144e-06
5.420000e+02 2.038109e-06
5.430000e+02 2.091367e-06
5.440000e+02 2.102613e-06
5.450000e+02 2.067056e-06
5.460000e+02 2.277326e-06
5.470000e+02 2.021795e-06
5.480000e+02 1.931707e-06
5.490000e+02 2.009691e-06
5.500000e+02 1.845407e-06
5.510000e+02 1.961859e-06
5.520000e+02 2.021965e-06
5.530000e+02 1.907730e-06
5.540000e+02 1.930915e-06
5.550000e+02 1.999847e-06
5.560000e+02 1.931601e-06
5.570000e+02 1.899302e-06
5.580000e+02 2.031286e-06
5.590000e+02 1.975234e-06
5.600000e+02 2.097746e-06
5.610000e+02 1.971037e-06
5.620000e+02 1.887001e-06
5.630000e+02 1.961365e-06
5.640000e+02 1.931115e-06
5.650000e+02 2.063991e-06
5.660000e+02 2.035769e-06
5.670000e+02 2.021452e-06
5.680000e+02 2.061468e-06
5.690000e+02 1.966434e-06
5.700000e+02 1.904692e-06
5.710000e+02 1.890525e-06
5.720000e+02 1.934228e-06
5.730000e+02 1.735364e-06
5.740000e+02 1.814190e-06
5.750000e+02 2.192083e-06
5.760000e+02 1.948742e-06
5.770000e+02 1.821003e-06
5.780000e+02 1.601317e-06
5.790000e+02 1.600806e-06
5.800000e+02 1.725238e-06
5.810000e+02 1.563941e-06
5.820000e+02 1.577795e-06
5.830000e+02 1.688107e-06
5.840000e+02 1.663697e-06
5.850000e+02 1.609546e-06
5.860000e+02 1.556428e-06
5.870000e+02 1.558147e-06
5.880000e+02 1.678439e-06
5.890000e+02 1.610025e-06
5.900000e+02 1.532970e-06
5.910000e+02 1.530197e-06
5.920000e+02 1.442582e-06
5.930000e+02 1.478282e-06
5.940000e+02 1.477669e-06
5.950000e+02 1.550406e-06
5.960000e+02 1.481030e-06
5.970000e+02 1.518323e-06
5.980000e+02 1.524413e-06
5.990000e+02 1.492634e-06
6.000000e+02 1.520562e-06
6.010000e+02 1.457531e-06
6.020000e+02 1.426957e-06
6.030000e+02 1.477293e-06
6.040000e+02 1.489177e-06
6.050000e+02 1.480526e-06
6.060000e+02 1.475743e-06
6.070000e+02 1.459550e-06
6.080000e+02 1.456975e-06
6.090000e+02 1.435554e-06
6.100000e+02 1.579259e-06
6.110000e+02 1.424043e-06
6.120000e+02 1.542040e-06
6.130000e+02 1.551327e-06
6.140000e+02 1.525093e-06
6.150000e+02 1.478558e-06
6.160000e+02 1.541054e-06
6.170000e+02 1.544499e-06
6.180000e+02 1.674516e-06
6.190000e+02 1.614688e-06
6.200000e+02 1.710141e-06
6.210000e+02 1.602037e-06
6.220000e+02 1.659930e-06
6.230000e+02 1.755678e-06
6.240000e+02 1.677481e-06
6.250000e+02 1.676309e-06
6.260000e+02 1.596880e-06
6.270000e+02 1.545760e-06
6.280000e+02 1.579659e-06
6.290000e+02 1.577227e-06
6.300000e+02 1.614272e-06
6.310000e+02 1.665002e-06
6.320000e+02 1.620770e-06
6.330000e+02 1.585574e-06
6.340000e+02 1.702480e-06
6.350000e+02 1.636509e-06
6.360000e+02 1.749029e-06
6.370000e+02 1.697776e-06
6.380000e+02 1.648129e-06
6.390000e+02 1.558058e-06
6.400000e+02 1.689454e-06
6.410000e+02 1.689684e-06
6.420000e+02 1.672130e-06
6.430000e+02 1.629112e-06
6.440000e+02 1.531549e-06
6.450000e+02 1.503928e-06
6.460000e+02 1.498143e-06
6.470000e+02 1.588839e-06
6.480000e+02 1.582599e-06
6.490000e+02 1.634232e-06
6.500000e+02 1.610729e-06
6.510000e+02 1.564339e-06
6.520000e+02 1.528693e-06
6.530000e+02 1.584864e-06
6.540000e+02 1.590543e-06
6.550000e+02 1.483422e-06
6.560000e+02 1.540686e-06
6.570000e+02 1.549233e-06
6.580000e+02 1.575891e-06
6.590000e+02 1.492764e-06
6.600000e+02 1.474808e-06
6.610000e+02 1.420109e-06
6.620000e+02 1.389710e-06
6.630000e+02 1.397653e-06
6.640000e+02 1.404741e-06
6.650000e+02 1.349497e-06
6.660000e+02 1.417283e-06
6.670000e+02 1.356551e-06
6.680000e+02 1.325658e-06
6.690000e+02 1.277664e-06
6.700000e+02 1.252634e-06
6.710000e+02 1.216409e-06
6.720000e+02 1.158297e-06
6.730000e+02 1.143983e-06
6.740000e+02 1.254265e-06
6.750000e+02 1.204598e-06
6.760000e+02 1.274035e-06
6.770000e+02 1.240118e-06
6.780000e+02 1.244473e-06
6.790000e+02 1.234527e-06
6.800000e+02 1.134708e-06
6.810000e+02 1.132183e-06
6.820000e+02 1.135807e-06
6.830000e+02 1.195222e-06
6.840000e+02 1.152380e-06
6.850000e+02 1.130614e-06
6.860000e+02 1.134199e-06
6.870000e+02 1.118392e-06
6.880000e+02 1.140348e-06
6.890000e+02 1.119022e-06
6.900000e+02 1.150808e-06
6.910000e+02 1.106355e-06
6.920000e+02 1.105970e-06
6.930000e+02 1.128356e-06
6.940000e+02 1.067139e-06
6.950000e+02 1.021773e-06
6.960000e+02 2.092521e-06
6.970000e+02 2.256929e-06
6.980000e+02 7.732523e-07
6.990000e+02 2.670571e-06
7.000000e+02 2.720860e-06
7.010000e+02 8.194660e-07
7.020000e+02 3.018956e-06
7.030000e+02 2.949474e-06
7.040000e+02 7.074644e-07
7.050000e+02 2.949570e-06
7.060000e+02 5.972649e-07
7.070000e+02 2.963739e-06
7.080000e+02 5.718745e-07
7.090000e+02 9.454576e-07
7.100000e+02 6.450929e-07
7.110000e+02 1.052041e-06
7.120000e+02 2.970613e-06
7.130000e+02 6.332599e-07
7.140000e+02 5.842730e-07
7.150000e+02 1.275989e-06
7.160000e+02 8.340872e-07
7.170000e+02 6.102985e-07
7.180000e+02 4.853728e-07
7.190000e+02 1.222677e-06
7.200000e+02 4.889008e-07
7.210000e+02 7.036435e-07
7.220000e+02 3.115501e-07
7.230000e+02 9.528398e-07
7.240000e+02 5.241008e-07
7.250000e+02 8.574035e-07
7.260000e+02 6.317985e-07
7.270000e+02 5.003552e-07
7.280000e+02 1.106984e-06
7.290000e+02 5.388453e-07
7.300000e+02 9.140275e-07
7.310000e+02 6.239628e-07
7.320000e+02 9.664050e-07
7.330000e+02 4.473085e-07
7.340000e+02 2.441396e-07
7.350000e+02 7.200969e-07
7.360000e+02 2.532658e-07
7.370000e+02 5.773399e-07
7.380000e+02 2.303509e-07
7.390000e+02 5.192346e-07
7.400000e+02 3.074398e-07
7.410000e+02 1.854480e-07
7.420000e+02 8.892518e-07
7.430000e+02 5.948368e-07
7.440000e+02 9.555884e-07
7.450000e+02 3.812378e-07
7.460000e+02 2.770430e-07
7.470000e+02 8.612984e-07
7.480000e+02 4.310031e-07
7.490000e+02 6.394424e-07
7.500000e+02 5.315207e-07
7.510000e+02 9.342787e-07
7.520000e+02 4.372786e-07
7.530000e+02 9.809871e-07
7.540000e+02 4.691340e-07
7.550000e+02 3.729085e-07
7.560000e+02 8.336549e-07
7.570000e+02 5.072898e-07
7.580000e+02 7.573149e-07
7.590000e+02 3.769570e-07
7.600000e+02 8.310036e-07
7.610000e+02 3.671497e-07
7.620000e+02 8.169338e-07
7.630000e+02 3.556802e-07
7.640000e+02 2.038201e-06
7.650000e+02 1.495269e-06
7.660000e+02 1.923461e-06
7.670000e+02 5.265001e-07
7.680000e+02 1.930755e-06
7.690000e+02 1.683663e-06
7.700000e+02 1.943130e-06
7.710000e+02 1.760112e-06
7.720000e+02 3.674645e-07
7.730000e+02 7.705488e-07
7.740000e+02 2.215241e-06
7.750000e+02 1.674776e-06
7.760000e+02 5.549305e-07
7.770000e+02 2.495064e-06
7.780000e+02 1.436497e-06
7.790000e+02 2.207489e-06
7.800000e+02 1.347306e-06
7.810000e+02 1.968796e-06
7.820000e+02 1.411672e-06
7.830000e+02 4.464384e-07
7.840000e+02 2.321860e-06
7.850000e+02 1.126978e-06
7.860000e+02 2.009552e-06
7.870000e+02 1.323815e-06
7.880000e+02 1.932767e-06
7.890000e+02 1.258110e-06
7.900000e+02 1.420229e-06
7.910000e+02 2.198672e-06
7.920000e+02 1.025175e-06
7.930000e+02 1.697453e-06
7.940000e+02 1.311362e-06
7.950000e+02 3.891216e-07
7.960000e+02 2.207427e-06
7.970000e+02 1.171564e-06
7.980000e+02 1.433823e-06
7.990000e+02 2.190282e-06
8.000000e+02 9.260744e-07
8.010000e+02 1.184673e-06
8.020000e+02 2.063400e-06
8.030000e+02 1.055083e-06
8.040000e+02 1.339692e-06
8.050000e+02 2.080768e-06
8.060000e+02 9.348110e-07
8.070000e+02 1.182464e-06
8.080000e+02 2.113149e-06
8.090000e+02 8.929628e-07
8.100000e+02 1.077842e-06
8.110000e+02 1.061728e-06
8.120000e+02 7.205459e-07
8.130000e+02 1.006303e-06
8.140000e+02 1.059067e-06
8.150000e+02 9.086327e-07
8.160000e+02 6.621781e-07
8.170000e+02 9.461990e-07
8.180000e+02 1.032490e-06
8.190000e+02 9.076091e-07
8.200000e+02 5.900466e-07
8.210000e+02 9.684290e-07
8.220000e+02 1.002859e-06
8.230000e+02 8.535051e-07
8.240000e+02 6.890800e-07
8.250000e+02 9.236250e-07
8.260000e+02 9.254800e-07
8.270000e+02 8.031410e-07
8.280000e+02 6.369293e-07
8.290000e+02 7.022227e-07
8.300000e+02 8.013000e-07
8.310000e+02 7.838498e-07
8.320000e+02 6.384631e-07
8.330000e+02 5.968183e-07
8.340000e+02 6.648669e-07
8.350000e+02 7.436718e-07
8.360000e+02 7.098307e-07
8.370000e+02 6.725396e-07
8.380000e+02 5.898722e-07
8.390000e+02 5.007926e-07
8.400000e+02 6.389792e-07
8.410000e+02 7.326876e-07
8.420000e+02 6.943497e-07
8.430000e+02 6.127184e-07
8.440000e+02 4.939611e-07
8.450000e+02 3.874617e-07
8.460000e+02 4.846225e-07
8.470000e+02 6.995058e-07
8.480000e+02 7.471793e-07
8.490000e+02 6.583730e-07
8.500000e+02 5.582205e-07
8.510000e+02 4.673861e-07
8.520000e+02 3.862008e-07
8.530000e+02 5.965822e-07
8.540000e+02 6.469488e-07
8.550000e+02 6.291194e-07
8.560000e+02 4.973637e-07
8.570000e+02 3.992237e-07
8.580000e+02 3.317145e-07
8.590000e+02 2.773081e-07
8.600000e+02 3.795004e-07
8.610000e+02 6.145259e-07
8.620000e+02 5.941022e-07
8.630000e+02 5.099474e-07
8.640000e+02 4.265186e-07
8.650000e+02 3.831377e-07
8.660000e+02 3.010680e-07
8.670000e+02 2.581269e-07
8.680000e+02 5.642513e-07
8.690000e+02 6.272372e-07
8.700000e+02 6.181800e-07
8.710000e+02 5.030036e-07
8.720000e+02 4.056192e-07
8.730000e+02 3.649856e-07
8.740000e+02 3.048390e-07
8.750000e+02 2.486247e-07
8.760000e+02 2.091648e-07
8.770000e+02 1.719690e-07
8.780000e+02 5.434478e-07
8.790000e+02 5.573765e-07
8.800000e+02 5.252117e-07
8.810000e+02 4.307213e-07
8.820000e+02 3.644872e-07
8.830000e+02 2.949619e-07
8.840000e+02 2.380605e-07
8.850000e+02 2.022318e-07
8.860000e+02 1.846570e-07
8.870000e+02 1.627822e-07
8.880000e+02 1.384333e-07
8.890000e+02 5.407902e-07
8.900000e+02 4.870980e-07
8.910000e+02 4.775365e-07
8.920000e+02 4.164340e-07
8.930000e+02 3.493009e-07
8.940000e+02 2.857864e-07
8.950000e+02 2.320625e-07
8.960000e+02 1.888267e-07
8.970000e+02 1.672635e-07
8.980000e+02 1.445831e-07
8.990000e+02 1.215008e-07
9.000000e+02 1.041663e-07
9.010000e+02 8.930024e-08
9.020000e+02 7.757559e-08
9.030000e+02 6.569043e-08
9.040000e+02 6.048233e-07
9.050000e+02 4.471799e-07
9.060000e+02 4.683389e-07
9.070000e+02 4.361685e-07
9.080000e+02 3.499470e-07
9.090000e+02 2.939299e-07
9.100000e+02 2.308369e-07
9.110000e+02 1.838416e-07
9.120000e+02 1.520283e-07
9.130000e+02 1.319509e-07
9.140000e+02 1.108882e-07
9.150000e+02 9.045028e-08
9.160000e+02 7.992849e-08
9.170000e+02 6.534510e-08
9.180000e+02 5.427851e-08
9.190000e+02 4.532210e-08
9.200000e+02 3.866797e-08
9.210000e+02 3.356593e-08
9.220000e+02 2.734307e-08
9.230000e+02 2.319367e-08
9.240000e+02 2.103911e-08
9.250000e+02 1.899918e-08
9.260000e+02 1.710165e-08
9.270000e+02 1.573317e-08
9.280000e+02 1.497836e-08
9.290000e+02 1.398313e-08
9.300000e+02 1.328881e-08
9.310000e+02 1.256146e-08
9.320000e+02 5.468327e-07
9.330000e+02 3.803102e-07
9.340000e+02 3.927160e-07
9.350000e+02 3.450271e-07
9.360000e+02 2.864343e-07
9.370000e+02 2.299907e-07
9.380000e+02 1.917201e-07
9.390000e+02 1.616750e-07
9.400000e+02 1.314399e-07
9.410000e+02 1.082466e-07
9.420000e+02 9.094243e-08
9.430000e+02 7.393740e-08
9.440000e+02 6.316976e-08
9.450000e+02 5.137477e-08
9.460000e+02 4.254075e-08
9.470000e+02 3.572290e-08
9.480000e+02 3.043148e-08
9.490000e+02 2.559045e-08
9.500000e+02 2.158712e-08
9.510000e+02 1.868435e-08
9.520000e+02 1.595077e-08
9.530000e+02 1.374135e-08
9.540000e+02 1.221500e-08
9.550000e+02 1.080166e-08
9.560000e+02 9.932081e-09
9.570000e+02 8.633224e-09
9.580000e+02 7.813942e-09
9.590000e+02 7.555186e-09
9.600000e+02 7.411415e-09
9.610000e+02 6.954934e-09
9.620000e+02 6.515834e-09
9.630000e+02 6.428517e-09
9.640000e+02 6.219494e-09
9.650000e+02 5.821898e-09
9.660000e+02 5.667034e-09
9.670000e+02 5.544154e-09
9.680000e+02 5.721093e-09
9.690000e+02 5.639247e-09
9.700000e+02 5.352363e-09
9.710000e+02 4.993919e-09
9.720000e+02 4.810224e-09
9.730000e+02 4.751726e-09
9.740000e+02 4.691909e-09
9.750000e+02 4.853392e-09
9.760000e+02 4.804703e-09
9.770000e+02 4.556059e-09
9.780000e+02 4.601164e-09
9.790000e+02 4.208411e-09
9.800000e+02 4.593437e-09
9.810000e+02 4.485381e-09
9.820000e+02 4.424516e-09
9.830000e+02 4.239897e-09
9.840000e+02 4.268934e-09
9.850000e+02 4.117935e-09
9.860000e+02 3.974139e-09
9.870000e+02 4.241105e-09
9.880000e+02 4.260406e-09
9.890000e+02 4.425952e-09
9.900000e+02 4.490627e-09
9.910000e+02 4.757230e-09
9.920000e+02 5.095222e-09
9.930000e+02 4.692456e-09
9.940000e+02 4.447738e-09
9.950000e+02 4.057617e-09
9.960000e+02 4.332554e-09
9.970000e+02 4.105142e-09
9.980000e+02 4.078974e-09
9.990000e+02 4.323263e-09
1.000000e+03 4.008161e-09
1.001000e+03 3.849453e-09
1.002000e+03 3.886052e-09
1.003000e+03 4.075643e-09
1.004000e+03 4.080845e-09
1.005000e+03 3.868945e-09
1.006000e+03 3.872896e-09
1.007000e+03 3.710795e-09
1.008000e+03 4.028533e-09
1.009000e+03 3.766131e-09
1.010000e+03 3.915279e-09
1.011000e+03 3.995844e-09
1.012000e+03 3.944896e-09
1.013000e+03 3.996084e-09
1.014000e+03 3.955012e-09
1.015000e+03 3.931793e-09
1.016000e+03 4.329767e-09
1.017000e+03 4.407063e-09
1.018000e+03 3.742465e-09
1.019000e+03 3.675879e-09
1.020000e+03 3.646455e-09
1.021000e+03 3.402627e-09
1.022000e+03 3.456956e-09
1.023000e+03 3.546631e-09
1.024000e+03 3.763933e-09
1.025000e+03 3.461288e-09
1.026000e+03 3.888941e-09
1.027000e+03 3.847799e-09
1.028000e+03 3.846440e-09
1.029000e+03 3.565426e-09
1.030000e+03 3.447581e-09
1.031000e+03 3.158425e-09
1.032000e+03 3.123199e-09
1.033000e+03 2.894556e-09
1.034000e+03 2.849165e-09
1.035000e+03 2.833246e-09
1.036000e+03 2.799913e-09
1.037000e+03 2.510542e-09
1.038000e+03 2.452016e-09
1.039000e+03 2.369123e-09
1.040000e+03 2.717806e-09
1.041000e+03 2.646332e-09
1.042000e+03 2.444744e-09
1.043000e+03 2.146655e-09
1.044000e+03 2.116843e-09
1.045000e+03 2.196950e-09
1.046000e+03 2.123887e-09
1.047000e+03 2.324380e-09
1.048000e+03 2.503665e-09
1.049000e+03 2.331760e-09
1.050000e+03 2.677249e-09
1.051000e+03 2.592318e-09
1.052000e+03 2.659692e-09
1.053000e+03 2.783316e-09
1.054000e+03 2.674629e-09
1.055000e+03 2.496856e-09
1.056000e+03 2.931392e-09
1.057000e+03 2.816199e-09
1.058000e+03 2.590560e-09
1.059000e+03 2.842100e-09
1.060000e+03 2.827525e-09
1.061000e+03 2.514488e-09
1.062000e+03 2.716773e-09
1.063000e+03 2.713055e-09
1.064000e+03 2.995836e-09
1.065000e+03 3.182728e-09
1.066000e+03 2.921398e-09
1.067000e+03 2.418314e-09
1.068000e+03 2.549295e-09
1.069000e+03 2.490141e-09
1.070000e+03 2.224846e-09
1.071000e+03 2.602188e-09
1.072000e+03 2.681023e-09
1.073000e+03 2.338591e-09
1.074000e+03 2.410377e-09
1.075000e+03 2.523299e-09
1.076000e+03 2.774274e-09
1.077000e+03 2.889366e-09
1.078000e+03 2.707816e-09
1.079000e+03 2.745487e-09
1.080000e+03 2.893654e-09
1.081000e+03 2.684819e-09
1.082000e+03 2.746687e-09
1.083000e+03 2.962004e-09
1.084000e+03 3.115481e-09
1.085000e+03 2.947428e-09
1.086000e+03 3.209840e-09
1.087000e+03 3.200739e-09
1.088000e+03 3.745878e-09
1.089000e+03 3.503089e-09
1.090000e+03 3.294329e-09
1.091000e+03 3.026771e-09
1.092000e+03 2.993348e-09
1.093000e+03 2.739073e-09
1.094000e+03 2.693068e-09
1.095000e+03 2.942006e-09
1.096000e+03 3.058782e-09
1.097000e+03 2.629800e-09
1.098000e+03 2.810114e-09
1.099000e+03 2.625432e-09
1.100000e+03 2.670334e-09
1.101000e+03 2.655760e-09
1.102000e+03 2.525339e-09
1.103000e+03 2.616633e-09
1.104000e+03 2.815019e-09
1.105000e+03 2.705645e-09
1.106000e+03 2.390404e-09
1.107000e+03 2.698005e-09
1.108000e+03 2.882862e-09
1.109000e+03 2.785872e-09
1.110000e+03 3.218534e-09
1.111000e+03 3.268416e-09
1.112000e+03 3.949604e-09
1.113000e+03 3.801174e-09
1.114000e+03 3.646267e-09
1.115000e+03 3.417777e-09
1.116000e+03 3.510000e-09
1.117000e+03 3.687700e-09
1.118000e+03 3.553462e-09
1.119000e+03 3.886202e-09
1.120000e+03 3.903900e-09
1.121000e+03 3.648453e-09
1.122000e+03 3.761190e-09
1.123000e+03 3.651742e-09
1.124000e+03 3.680372e-09
1.125000e+03 3.654244e-09
1.126000e+03 3.574208e-09
1.127000e+03 3.226761e-09
1.128000e+03 3.443778e-09
1.129000e+03 3.222231e-09
1.130000e+03 2.923886e-09
1.131000e+03 3.008044e-09
1.132000e+03 2.914326e-09
1.133000e+03 2.710259e-09
1.134000e+03 2.783286e-09
1.135000e+03 2.641739e-09
1.136000e+03 3.004048e-09
1.137000e+03 3.124362e-09
1.138000e+03 2.788084e-09
1.139000e+03 2.684440e-09
1.140000e+03 2.495112e-09
1.141000e+03 2.414625e-09
1.142000e+03 2.406122e-09
1.143000e+03 2.841957e-09
1.144000e+03 3.037763e-09
1.145000e+03 2.999542e-09
1.146000e+03 2.977887e-09
1.147000e+03 3.091630e-09
1.148000e+03 3.249064e-09
1.149000e+03 3.092610e-09
1.150000e+03 3.022514e-09
1.151000e+03 3.076570e-09
1.152000e+03 3.132766e-09
1.153000e+03 3.078339e-09
1.154000e+03 3.099241e-09
1.155000e+03 3.465519e-09
1.156000e+03 3.553181e-09
1.157000e+03 3.397488e-09
1.158000e+03 3.467272e-09
1.159000e+03 3.549847e-09
1.160000e+03 3.759150e-09
1.161000e+03 3.632600e-09
1.162000e+03 3.285234e-09
1.163000e+03 3.155828e-09
1.164000e+03 3.126583e-09
1.165000e+03 2.954773e-09
1.166000e+03 2.881324e-09
1.167000e+03 2.961739e-09
1.168000e+03 3.045685e-09
1.169000e+03 2.837317e-09
1.170000e+03 2.907983e-09
1.171000e+03 2.940692e-09
1.172000e+03 2.802881e-09
1.173000e+03 2.768171e-09
1.174000e+03 2.692759e-09
1.175000e+03 2.645548e-09
1.176000e+03 2.944320e-09
1.177000e+03 2.694287e-09
1.178000e+03 2.539710e-09
1.179000e+03 2.573709e-09
1.180000e+03 2.720452e-09
1.181000e+03 2.415369e-09
1.182000e+03 2.568704e-09
1.183000e+03 2.831383e-09
1.184000e+03 3.034402e-09
1.185000e+03 2.987727e-09
1.186000e+03 2.708236e-09
1.187000e+03 2.462814e-09
1.188000e+03 2.474405e-09
1.189000e+03 2.442254e-09
1.190000e+03 2.536835e-09
1.191000e+03 2.593802e-09
1.192000e+03 2.764245e-09
1.193000e+03 2.657667e-09
1.194000e+03 2.694522e-09
1.195000e+03 2.838721e-09
1.196000e+03 3.135294e-09
1.197000e+03 2.853398e-09
1.198000e+03 2.766221e-09
1.199000e+03 2.917442e-09
1.200000e+03 2.631893e-09
1.201000e+03 2.667829e-09
1.202000e+03 2.485122e-09
1.203000e+03 2.709717e-09
1.204000e+03 2.549820e-09
1.205000e+03 2.443405e-09
1.206000e+03 2.276123e-09
1.207000e+03 2.432171e-09
1.208000e+03 3.131033e-09
1.209000e+03 3.274369e-09
1.210000e+03 3.116626e-09
1.211000e+03 2.936533e-09
1.212000e+03 2.955915e-09
1.213000e+03 2.885641e-09
1.214000e+03 2.922075e-09
1.215000e+03 2.893415e-09
1.216000e+03 3.145265e-09
1.217000e+03 2.984359e-09
1.218000e+03 3.413665e-09
1.219000e+03 3.327292e-09
1.220000e+03 3.312220e-09
1.221000e+03 3.406017e-09
1.222000e+03 3.306020e-09
1.223000e+03 3.461136e-09
1.224000e+03 3.347732e-09
1.225000e+03 3.270875e-09
1.226000e+03 3.024795e-09
1.227000e+03 3.302908e-09
1.228000e+03 3.122093e-09
1.229000e+03 3.070589e-09
1.230000e+03 3.249439e-09
1.231000e+03 3.012814e-09
1.232000e+03 3.402551e-09
1.233000e+03 3.286608e-09
1.234000e+03 3.048461e-09
1.235000e+03 2.802896e-09
1.236000e+03 2.753888e-09
1.237000e+03 2.579412e-09
1.238000e+03 2.554399e-09
1.239000e+03 2.819932e-09
1.240000e+03 2.920004e-09
1.241000e+03 2.740342e-09
1.242000e+03 3.155827e-09
1.243000e+03 3.533936e-09
1.244000e+03 3.204122e-09
1.245000e+03 3.099007e-09
1.246000e+03 4.324648e-09
1.247000e+03 3.063538e-09
1.248000e+03 4.389717e-09
1.249000e+03 3.401092e-09
1.250000e+03 4.518862e-09
1.251000e+03 3.292872e-09
1.252000e+03 4.843425e-09
1.253000e+03 3.404722e-09
1.254000e+03 3.408546e-09
1.255000e+03 5.580116e-09
1.256000e+03 4.596284e-09
1.257000e+03 4.466304e-09
1.258000e+03 3.447938e-09
1.259000e+03 4.840358e-09
1.260000e+03 3.314213e-09
1.261000e+03 9.366370e-10
1.262000e+03 4.422888e-09
1.263000e+03 9.154981e-10
1.264000e+03 4.354005e-09
1.265000e+03 3.381587e-09
1.266000e+03 5.000152e-09
1.267000e+03 3.214111e-09
1.268000e+03 4.332157e-09
1.269000e+03 5.399041e-09
1.270000e+03 3.142284e-09
1.271000e+03 3.720724e-09
1.272000e+03 3.525704e-09
1.273000e+03 4.995657e-09
1.274000e+03 3.364043e-09
1.275000e+03 4.172838e-09
1.276000e+03 3.731986e-09
1.277000e+03 3.623931e-09
1.278000e+03 8.276364e-10
1.279000e+03 3.567561e-09
1.280000e+03 3.721538e-09
1.281000e+03 3.635851e-09
1.282000e+03 3.590865e-09
1.283000e+03 3.621609e-09
1.284000e+03 4.234428e-09
1.285000e+03 3.156654e-09
1.286000e+03 3.608972e-09
1.287000e+03 3.624063e-09
1.288000e+03 3.630076e-09
1.289000e+03 3.555715e-09
1.290000e+03 3.395718e-09
1.291000e+03 3.386605e-09
1.292000e+03 3.482424e-09
1.293000e+03 3.635911e-09
1.294000e+03 3.164687e-09
1.295000e+03 3.176771e-09
1.296000e+03 3.103811e-09
1.297000e+03 3.475432e-09
1.298000e+03 3.120290e-09
1.299000e+03 3.269977e-09
1.300000e+03 3.094136e-09
1.301000e+03 4.812068e-09
1.302000e+03 3.568364e-09
1.303000e+03 3.204623e-09
1.304000e+03 3.329202e-09
1.305000e+03 3.511911e-09
1.306000e+03 3.468597e-09
1.307000e+03 3.204950e-09
1.308000e+03 4.579220e-09
1.309000e+03 2.963848e-09
1.310000e+03 3.303828e-09
1.311000e+03 3.305004e-09
1.312000e+03 3.290653e-09
1.313000e+03 2.793534e-09
1.314000e+03 3.044614e-09
1.315000e+03 3.044295e-09
1.316000e+03 2.946841e-09
1.317000e+03 3.212295e-09
1.318000e+03 4.049718e-09
1.319000e+03 3.038956e-09
1.320000e+03 3.286359e-09
1.321000e+03 3.133078e-09
1.322000e+03 2.986699e-09
1.323000e+03 3.135654e-09
1.324000e+03 3.039691e-09
1.325000e+03 2.901622e-09
1.326000e+03 2.750000e-09
1.327000e+03 2.719044e-09
1.328000e+03 2.985186e-09
1.329000e+03 2.731226e-09
1.330000e+03 2.617296e-09
1.331000e+03 2.724783e-09
1.332000e+03 2.649273e-09
1.333000e+03 2.780859e-09
1.334000e+03 2.329856e-09
1.335000e+03 2.663447e-09
1.336000e+03 2.635949e-09
1.337000e+03 2.574122e-09
1.338000e+03 2.842599e-09
1.339000e+03 2.666545e-09
1.340000e+03 2.795181e-09
1.341000e+03 2.874289e-09
1.342000e+03 2.725230e-09
1.343000e+03 2.547436e-09
1.344000e+03 2.739479e-09
1.345000e+03 2.564469e-09
1.346000e+03 2.488761e-09
1.347000e+03 2.814618e-09
1.348000e+03 2.747747e-09
1.349000e+03 2.683027e-09
1.350000e+03 2.617198e-09
1.351000e+03 2.685325e-09
1.352000e+03 3.230301e-09
1.353000e+03 3.120678e-09
1.354000e+03 3.092983e-09
1.355000e+03 2.613049e-09
1.356000e+03 2.667030e-09
1.357000e+03 2.636784e-09
1.358000e+03 2.686917e-09
1.359000e+03 2.721491e-09
1.360000e+03 2.793381e-09
1.361000e+03 2.970391e-09
1.362000e+03 3.082157e-09
1.363000e+03 3.312722e-09
1.364000e+03 3.119480e-09
1.365000e+03 3.174498e-09
1.366000e+03 3.321016e-09
1.367000e+03 3.191123e-09
1.368000e+03 3.446320e-09
1.369000e+03 3.242978e-09
1.370000e+03 3.173569e-09
1.371000e+03 2.999707e-09
1.372000e+03 3.137192e-09
1.373000e+03 2.972258e-09
1.374000e+03 3.139280e-09
1.375000e+03 3.012371e-09
1.376000e+03 3.391923e-09
1.377000e+03 3.393540e-09
1.378000e+03 3.309544e-09
1.379000e+03 3.716949e-09
1.380000e+03 3.293764e-09
1.381000e+03 3.151277e-09
1.382000e+03 3.031553e-09
1.383000e+03 3.338995e-09
1.384000e+03 3.319536e-09
1.385000e+03 3.165001e-09
1.386000e+03 3.367530e-09
1.387000e+03 3.694478e-09
1.388000e+03 3.858853e-09
1.389000e+03 4.210480e-09
1.390000e+03 3.792001e-09
1.391000e+03 3.609457e-09
1.392000e+03 3.796267e-09
1.393000e+03 3.610730e-09
1.394000e+03 3.673313e-09
1.395000e+03 4.126776e-09
1.396000e+03 4.092561e-09
1.397000e+03 4.036388e-09
1.398000e+03 4.064172e-09
1.399000e+03 4.226207e-09
1.400000e+03 4.375472e-09
1.401000e+03 4.191967e-09
1.402000e+03 4.109344e-09
1.403000e+03 3.995302e-09
1.404000e+03 3.954358e-09
1.405000e+03 4.247864e-09
1.406000e+03 4.086816e-09
1.407000e+03 4.214775e-09
1.408000e+03 4.442067e-09
1.409000e+03 3.892758e-09
1.410000e+03 3.952890e-09
1.411000e+03 4.074058e-09
1.412000e+03 3.967706e-09
1.413000e+03 3.913092e-09
1.414000e+03 3.585345e-09
1.415000e+03 3.618080e-09
1.416000e+03 3.645670e-09
1.417000e+03 3.571439e-09
1.418000e+03 3.745755e-09
1.419000e+03 3.863935e-09
1.420000e+03 4.004234e-09
1.421000e+03 4.090421e-09
1.422000e+03 4.358017e-09
1.423000e+03 4.413627e-09
1.424000e+03 4.679578e-09
1.425000e+03 4.639991e-09
1.426000e+03 5.167497e-09
1.427000e+03 4.640602e-09
1.428000e+03 5.050961e-09
1.429000e+03 5.390815e-09
1.430000e+03 5.458848e-09
1.431000e+03 5.764111e-09
1.432000e+03 5.684366e-09
1.433000e+03 5.973494e-09
1.434000e+03 5.882756e-09
1.435000e+03 6.175218e-09
1.436000e+03 6.113224e-09
1.437000e+03 6.267805e-09
1.438000e+03 6.179493e-09
1.439000e+03 5.948762e-09
1.440000e+03 5.972153e-09
1.441000e+03 5.663665e-09
1.442000e+03 5.264018e-09
1.443000e+03 5.300488e-09
1.444000e+03 5.350004e-09
1.445000e+03 5.019983e-09
1.446000e+03 5.363058e-09
1.447000e+03 4.902424e-09
1.448000e+03 5.132175e-09
1.449000e+03 4.670609e-09
1.450000e+03 4.473972e-09
1.451000e+03 4.245999e-09
1.452000e+03 4.204094e-09
1.453000e+03 4.133688e-09
1.454000e+03 4.297284e-09
1.455000e+03 4.761376e-09
1.456000e+03 4.692182e-09
1.457000e+03 4.669598e-09
1.458000e+03 5.163057e-09
1.459000e+03 4.970780e-09
1.460000e+03 4.826656e-09
1.461000e+03 4.966249e-09
1.462000e+03 5.147785e-09
1.463000e+03 5.475864e-09
1.464000e+03 5.587890e-09
1.465000e+03 5.136483e-09
1.466000e+03 5.407497e-09
1.467000e+03 5.999463e-09
1.468000e+03 6.509859e-09
1.469000e+03 6.237944e-09
1.470000e+03 6.587038e-09
1.471000e+03 6.691867e-09
1.472000e+03 7.320186e-09
1.473000e+03 7.286917e-09
1.474000e+03 7.887898e-09
1.475000e+03 7.578006e-09
1.476000e+03 7.188564e-09
1.477000e+03 7.027293e-09
1.478000e+03 6.995444e-09
1.479000e+03 6.919996e-09
1.480000e+03 6.455305e-09
1.481000e+03 6.323327e-09
1.482000e+03 6.089135e-09
1.483000e+03 6.302443e-09
1.484000e+03 6.292765e-09
1.485000e+03 6.222493e-09
1.486000e+03 5.871918e-09
1.487000e+03 5.559369e-09
1.488000e+03 5.676422e-09
1.489000e+03 4.911503e-09
1.490000e+03 4.800052e-09
1.491000e+03 4.763019e-09
1.492000e+03 4.784378e-09
1.493000e+03 4.639539e-09
1.494000e+03 4.553880e-09
1.495000e+03 4.875957e-09
1.496000e+03 5.752934e-09
1.497000e+03 5.807098e-09
1.498000e+03 5.659868e-09
1.499000e+03 5.349783e-09
1.500000e+03 6.052562e-09
