Title ="THE FLUX ERR"
Variables=
iter
residual
1.000000e+00 8.174552e-05
2.000000e+00 2.108152e-04
3.000000e+00 4.234834e-04
4.000000e+00 1.203882e-04
5.000000e+00 2.844050e-05
6.000000e+00 3.717899e-05
7.000000e+00 4.375871e-04
8.000000e+00 1.126896e-04
9.000000e+00 7.362210e-05
1.000000e+01 1.100585e-04
1.100000e+01 1.173070e-04
1.200000e+01 7.634986e-05
1.300000e+01 9.266534e-05
1.400000e+01 6.142047e-06
1.500000e+01 9.830406e-05
1.600000e+01 1.105778e-04
1.700000e+01 7.392797e-05
1.800000e+01 3.979481e-06
1.900000e+01 1.009553e-04
2.000000e+01 6.046849e-05
2.100000e+01 2.764868e-05
2.200000e+01 8.924700e-06
2.300000e+01 1.899523e-05
2.400000e+01 6.964871e-05
2.500000e+01 6.760301e-05
2.600000e+01 5.795661e-05
2.700000e+01 6.225817e-05
2.800000e+01 4.425460e-05
2.900000e+01 3.977693e-05
3.000000e+01 3.572678e-05
3.100000e+01 3.026668e-05
3.200000e+01 2.869842e-05
3.300000e+01 2.585367e-05
3.400000e+01 2.406359e-05
3.500000e+01 2.640035e-05
3.600000e+01 2.013291e-05
3.700000e+01 2.317830e-05
3.800000e+01 1.945265e-05
3.900000e+01 1.516693e-05
4.000000e+01 1.513074e-05
4.100000e+01 1.273883e-05
4.200000e+01 1.400749e-05
4.300000e+01 1.464221e-05
4.400000e+01 1.413548e-05
4.500000e+01 1.137361e-05
4.600000e+01 7.749212e-05
4.700000e+01 1.962774e-05
4.800000e+01 1.988600e-05
4.900000e+01 1.099560e-05
5.000000e+01 1.384745e-05
5.100000e+01 7.044773e-05
5.200000e+01 7.318397e-05
5.300000e+01 7.181962e-05
5.400000e+01 6.450330e-05
5.500000e+01 6.176313e-05
5.600000e+01 5.603893e-05
5.700000e+01 6.197194e-05
5.800000e+01 5.277972e-05
5.900000e+01 5.175279e-05
6.000000e+01 4.957375e-05
6.100000e+01 5.573982e-05
6.200000e+01 5.446844e-05
6.300000e+01 4.928745e-05
6.400000e+01 4.450563e-05
6.500000e+01 4.757547e-05
6.600000e+01 5.280110e-05
6.700000e+01 5.440883e-05
6.800000e+01 5.256624e-05
6.900000e+01 5.611734e-05
7.000000e+01 5.420157e-05
7.100000e+01 5.221060e-05
7.200000e+01 5.294267e-05
7.300000e+01 5.623526e-05
7.400000e+01 5.373254e-05
7.500000e+01 5.468861e-05
7.600000e+01 5.222592e-05
7.700000e+01 5.731564e-05
7.800000e+01 5.904419e-05
7.900000e+01 5.413034e-05
8.000000e+01 5.249756e-05
8.100000e+01 5.229777e-05
8.200000e+01 5.644397e-05
8.300000e+01 5.527471e-05
8.400000e+01 5.152994e-05
8.500000e+01 5.460194e-05
8.600000e+01 5.344923e-05
8.700000e+01 5.161214e-05
8.800000e+01 4.762414e-05
8.900000e+01 4.552963e-05
9.000000e+01 4.394138e-05
9.100000e+01 4.640419e-05
9.200000e+01 4.650451e-05
9.300000e+01 4.788341e-05
9.400000e+01 4.358492e-05
9.500000e+01 4.477156e-05
9.600000e+01 4.433732e-05
9.700000e+01 4.013530e-05
9.800000e+01 4.235912e-05
9.900000e+01 3.809427e-05
1.000000e+02 4.082549e-05
1.010000e+02 3.763238e-05
1.020000e+02 3.960965e-05
1.030000e+02 3.453169e-05
1.040000e+02 3.272478e-05
1.050000e+02 3.045323e-05
1.060000e+02 2.889162e-05
1.070000e+02 3.241377e-05
1.080000e+02 3.078247e-05
1.090000e+02 2.869190e-05
1.100000e+02 3.070634e-05
1.110000e+02 2.760951e-05
1.120000e+02 2.661378e-05
1.130000e+02 2.700059e-05
1.140000e+02 2.883612e-05
1.150000e+02 2.509613e-05
1.160000e+02 2.234615e-05
1.170000e+02 2.636717e-05
1.180000e+02 2.362049e-05
1.190000e+02 2.203621e-05
1.200000e+02 2.419862e-05
1.210000e+02 2.482410e-05
1.220000e+02 2.061234e-05
1.230000e+02 2.015117e-05
1.240000e+02 1.812568e-05
1.250000e+02 1.737177e-05
1.260000e+02 1.791564e-05
1.270000e+02 1.825284e-05
1.280000e+02 1.778770e-05
1.290000e+02 1.810553e-05
1.300000e+02 1.601775e-05
1.310000e+02 1.514810e-05
1.320000e+02 1.661399e-05
1.330000e+02 1.731789e-05
1.340000e+02 1.657342e-05
1.350000e+02 1.507738e-05
1.360000e+02 1.763266e-05
1.370000e+02 1.720456e-05
1.380000e+02 1.711948e-05
1.390000e+02 1.721128e-05
1.400000e+02 1.803461e-05
1.410000e+02 1.658858e-05
1.420000e+02 1.722933e-05
1.430000e+02 1.756269e-05
1.440000e+02 1.605691e-05
1.450000e+02 1.808628e-05
1.460000e+02 1.870222e-05
1.470000e+02 1.827052e-05
1.480000e+02 1.846306e-05
1.490000e+02 1.770361e-05
1.500000e+02 1.824645e-05
1.510000e+02 1.792461e-05
1.520000e+02 1.819945e-05
1.530000e+02 1.724075e-05
1.540000e+02 1.770942e-05
1.550000e+02 1.651775e-05
1.560000e+02 1.685405e-05
1.570000e+02 1.632527e-05
1.580000e+02 1.606034e-05
1.590000e+02 1.595979e-05
1.600000e+02 1.719667e-05
1.610000e+02 1.725335e-05
1.620000e+02 1.751502e-05
1.630000e+02 1.811721e-05
1.640000e+02 1.618346e-05
1.650000e+02 1.579467e-05
1.660000e+02 1.628848e-05
1.670000e+02 1.679805e-05
1.680000e+02 1.641303e-05
1.690000e+02 1.631534e-05
1.700000e+02 1.722809e-05
1.710000e+02 1.719369e-05
1.720000e+02 1.678569e-05
1.730000e+02 1.684974e-05
1.740000e+02 1.658555e-05
1.750000e+02 1.603531e-05
1.760000e+02 1.750356e-05
1.770000e+02 1.759183e-05
1.780000e+02 1.509934e-05
1.790000e+02 1.505547e-05
1.800000e+02 1.540679e-05
1.810000e+02 1.580113e-05
1.820000e+02 1.473704e-05
1.830000e+02 1.503157e-05
1.840000e+02 1.474614e-05
1.850000e+02 1.334264e-05
1.860000e+02 1.375022e-05
1.870000e+02 1.344528e-05
1.880000e+02 1.350713e-05
1.890000e+02 1.325110e-05
1.900000e+02 1.309687e-05
1.910000e+02 1.372825e-05
1.920000e+02 1.382460e-05
1.930000e+02 1.402433e-05
1.940000e+02 1.350218e-05
1.950000e+02 1.275169e-05
1.960000e+02 1.268167e-05
1.970000e+02 1.302403e-05
1.980000e+02 1.188671e-05
1.990000e+02 1.324900e-05
2.000000e+02 1.288259e-05
2.010000e+02 1.236240e-05
2.020000e+02 1.452203e-05
2.030000e+02 1.291201e-05
2.040000e+02 1.325835e-05
2.050000e+02 1.379515e-05
2.060000e+02 1.387711e-05
2.070000e+02 1.270985e-05
2.080000e+02 1.440198e-05
2.090000e+02 1.275313e-05
2.100000e+02 1.251194e-05
2.110000e+02 1.310064e-05
2.120000e+02 1.422550e-05
2.130000e+02 1.237729e-05
2.140000e+02 1.137275e-05
2.150000e+02 1.185674e-05
2.160000e+02 1.259278e-05
2.170000e+02 1.208747e-05
2.180000e+02 1.198656e-05
2.190000e+02 1.226658e-05
2.200000e+02 1.349437e-05
2.210000e+02 1.318976e-05
2.220000e+02 1.269049e-05
2.230000e+02 1.223754e-05
2.240000e+02 1.218170e-05
2.250000e+02 1.257315e-05
2.260000e+02 1.128240e-05
2.270000e+02 1.085798e-05
2.280000e+02 1.131155e-05
2.290000e+02 1.177903e-05
2.300000e+02 1.214165e-05
2.310000e+02 1.211182e-05
2.320000e+02 1.192153e-05
2.330000e+02 1.096756e-05
2.340000e+02 1.111504e-05
2.350000e+02 9.671567e-06
2.360000e+02 1.109540e-05
2.370000e+02 1.013375e-05
2.380000e+02 1.060786e-05
2.390000e+02 1.155013e-05
2.400000e+02 1.057590e-05
2.410000e+02 1.054458e-05
2.420000e+02 1.005896e-05
2.430000e+02 1.031031e-05
2.440000e+02 9.206467e-06
2.450000e+02 9.963040e-06
2.460000e+02 9.789781e-06
2.470000e+02 9.872365e-06
2.480000e+02 1.008565e-05
2.490000e+02 1.016558e-05
2.500000e+02 1.008062e-05
2.510000e+02 1.057146e-05
2.520000e+02 1.009584e-05
2.530000e+02 1.047757e-05
2.540000e+02 1.036637e-05
2.550000e+02 9.746706e-06
2.560000e+02 1.011171e-05
2.570000e+02 1.054190e-05
2.580000e+02 1.082701e-05
2.590000e+02 1.104567e-05
2.600000e+02 1.052345e-05
2.610000e+02 1.061644e-05
2.620000e+02 1.131127e-05
2.630000e+02 1.160568e-05
2.640000e+02 1.152258e-05
2.650000e+02 1.101475e-05
2.660000e+02 1.204328e-05
2.670000e+02 1.186039e-05
2.680000e+02 1.117083e-05
2.690000e+02 1.183752e-05
2.700000e+02 1.255620e-05
2.710000e+02 1.143651e-05
2.720000e+02 3.120751e-06
2.730000e+02 1.007813e-05
2.740000e+02 1.146293e-05
2.750000e+02 1.120366e-05
2.760000e+02 1.154059e-05
2.770000e+02 1.158975e-05
2.780000e+02 1.125034e-05
2.790000e+02 1.193499e-05
2.800000e+02 4.489187e-06
2.810000e+02 1.065203e-05
2.820000e+02 1.063863e-05
2.830000e+02 1.109691e-05
2.840000e+02 1.125020e-05
2.850000e+02 1.084150e-05
2.860000e+02 1.111663e-05
2.870000e+02 1.092078e-05
2.880000e+02 1.200124e-05
2.890000e+02 1.234759e-05
2.900000e+02 1.077419e-05
2.910000e+02 1.163320e-05
2.920000e+02 1.109981e-05
2.930000e+02 1.052551e-05
2.940000e+02 1.038402e-05
2.950000e+02 1.080342e-05
2.960000e+02 1.146885e-05
2.970000e+02 1.102231e-05
2.980000e+02 1.125021e-05
2.990000e+02 1.105230e-05
3.000000e+02 1.128601e-05
3.010000e+02 1.003402e-05
3.020000e+02 9.957340e-06
3.030000e+02 1.086998e-05
3.040000e+02 1.049515e-05
3.050000e+02 1.074421e-05
3.060000e+02 1.023361e-05
3.070000e+02 1.126508e-05
3.080000e+02 1.017306e-05
3.090000e+02 1.052163e-05
3.100000e+02 1.067983e-05
3.110000e+02 1.047935e-05
3.120000e+02 1.056333e-05
3.130000e+02 1.083243e-05
3.140000e+02 1.060950e-05
3.150000e+02 1.062364e-05
3.160000e+02 1.151418e-05
3.170000e+02 1.000124e-05
3.180000e+02 1.081563e-05
3.190000e+02 1.140894e-05
3.200000e+02 1.065410e-05
3.210000e+02 1.061652e-05
3.220000e+02 1.091224e-05
3.230000e+02 1.008804e-05
3.240000e+02 1.020414e-05
3.250000e+02 1.057844e-05
3.260000e+02 9.736592e-06
3.270000e+02 1.052256e-05
3.280000e+02 1.095671e-05
3.290000e+02 1.071769e-05
3.300000e+02 9.757425e-06
3.310000e+02 9.775755e-06
3.320000e+02 9.657880e-06
3.330000e+02 1.024111e-05
3.340000e+02 1.058395e-05
3.350000e+02 9.023828e-06
3.360000e+02 9.363008e-06
3.370000e+02 9.010351e-06
3.380000e+02 8.991857e-06
3.390000e+02 9.296172e-06
3.400000e+02 8.712276e-06
3.410000e+02 8.931303e-06
3.420000e+02 9.137060e-06
3.430000e+02 9.839615e-06
3.440000e+02 9.425126e-06
3.450000e+02 8.920077e-06
3.460000e+02 9.350189e-06
3.470000e+02 8.383848e-06
3.480000e+02 8.603573e-06
3.490000e+02 8.858635e-06
3.500000e+02 7.920393e-06
3.510000e+02 7.844739e-06
3.520000e+02 7.858179e-06
3.530000e+02 8.902528e-06
3.540000e+02 8.471881e-06
3.550000e+02 9.030416e-06
3.560000e+02 8.532360e-06
3.570000e+02 8.596087e-06
3.580000e+02 8.687401e-06
3.590000e+02 8.578609e-06
3.600000e+02 8.132022e-06
3.610000e+02 8.213391e-06
3.620000e+02 8.487727e-06
3.630000e+02 7.772251e-06
3.640000e+02 8.574028e-06
3.650000e+02 7.955916e-06
3.660000e+02 7.908055e-06
3.670000e+02 7.935624e-06
3.680000e+02 7.827530e-06
3.690000e+02 8.284192e-06
3.700000e+02 7.135377e-06
3.710000e+02 7.545273e-06
3.720000e+02 7.322320e-06
3.730000e+02 7.479141e-06
3.740000e+02 7.660714e-06
3.750000e+02 7.579805e-06
3.760000e+02 7.805638e-06
3.770000e+02 7.643263e-06
3.780000e+02 7.131576e-06
3.790000e+02 6.688169e-06
3.800000e+02 6.571791e-06
3.810000e+02 7.167009e-06
3.820000e+02 6.658635e-06
3.830000e+02 7.018231e-06
3.840000e+02 7.385342e-06
3.850000e+02 6.396829e-06
3.860000e+02 7.164208e-06
3.870000e+02 6.749124e-06
3.880000e+02 6.593557e-06
3.890000e+02 6.373418e-06
3.900000e+02 6.941560e-06
3.910000e+02 6.307410e-06
3.920000e+02 6.084655e-06
3.930000e+02 5.844475e-06
3.940000e+02 6.316162e-06
3.950000e+02 6.799906e-06
3.960000e+02 6.418451e-06
3.970000e+02 6.090903e-06
3.980000e+02 5.436442e-06
3.990000e+02 5.948954e-06
4.000000e+02 6.478267e-06
4.010000e+02 5.781237e-06
4.020000e+02 6.001016e-06
4.030000e+02 5.410431e-06
4.040000e+02 5.415237e-06
4.050000e+02 5.891591e-06
4.060000e+02 5.566329e-06
4.070000e+02 6.263639e-06
4.080000e+02 5.843181e-06
4.090000e+02 5.905904e-06
4.100000e+02 5.758825e-06
4.110000e+02 5.584861e-06
4.120000e+02 5.444256e-06
4.130000e+02 5.533773e-06
4.140000e+02 5.482478e-06
4.150000e+02 5.386164e-06
4.160000e+02 5.137109e-06
4.170000e+02 5.155482e-06
4.180000e+02 5.217778e-06
4.190000e+02 4.796415e-06
4.200000e+02 4.912995e-06
4.210000e+02 5.188910e-06
4.220000e+02 4.722176e-06
4.230000e+02 4.698654e-06
4.240000e+02 4.657484e-06
4.250000e+02 4.458886e-06
4.260000e+02 4.491152e-06
4.270000e+02 4.492145e-06
4.280000e+02 4.700621e-06
4.290000e+02 4.900101e-06
4.300000e+02 4.443296e-06
4.310000e+02 4.682875e-06
4.320000e+02 4.180728e-06
4.330000e+02 4.405559e-06
4.340000e+02 4.637092e-06
4.350000e+02 3.831693e-06
4.360000e+02 4.166213e-06
4.370000e+02 4.353687e-06
4.380000e+02 4.688192e-06
4.390000e+02 4.446323e-06
4.400000e+02 4.349433e-06
4.410000e+02 4.336154e-06
4.420000e+02 4.235716e-06
4.430000e+02 4.232024e-06
4.440000e+02 4.135183e-06
4.450000e+02 4.012965e-06
4.460000e+02 4.114753e-06
4.470000e+02 4.156558e-06
4.480000e+02 4.181010e-06
4.490000e+02 4.372226e-06
4.500000e+02 4.358721e-06
4.510000e+02 4.356176e-06
4.520000e+02 3.824164e-06
4.530000e+02 3.952430e-06
4.540000e+02 3.783963e-06
4.550000e+02 3.917241e-06
4.560000e+02 3.706800e-06
4.570000e+02 3.757983e-06
4.580000e+02 3.960521e-06
4.590000e+02 4.058635e-06
4.600000e+02 3.840064e-06
4.610000e+02 3.897298e-06
4.620000e+02 3.716321e-06
4.630000e+02 3.780171e-06
4.640000e+02 3.953301e-06
4.650000e+02 4.052867e-06
4.660000e+02 3.584474e-06
4.670000e+02 3.749754e-06
4.680000e+02 3.861222e-06
4.690000e+02 3.579722e-06
4.700000e+02 3.840281e-06
4.710000e+02 3.875526e-06
4.720000e+02 3.734357e-06
4.730000e+02 3.573603e-06
4.740000e+02 3.525760e-06
4.750000e+02 3.585003e-06
4.760000e+02 3.687173e-06
4.770000e+02 3.720809e-06
4.780000e+02 3.714339e-06
4.790000e+02 3.838450e-06
4.800000e+02 3.561930e-06
4.810000e+02 3.453095e-06
4.820000e+02 3.578796e-06
4.830000e+02 3.565952e-06
4.840000e+02 3.811790e-06
4.850000e+02 3.393229e-06
4.860000e+02 3.626140e-06
4.870000e+02 3.580580e-06
4.880000e+02 3.755876e-06
4.890000e+02 3.694503e-06
4.900000e+02 3.586703e-06
4.910000e+02 3.799133e-06
4.920000e+02 3.308188e-06
4.930000e+02 3.320418e-06
4.940000e+02 3.428892e-06
4.950000e+02 3.252162e-06
4.960000e+02 3.017880e-06
4.970000e+02 2.846928e-06
4.980000e+02 2.803921e-06
4.990000e+02 3.043493e-06
5.000000e+02 3.223599e-06
5.010000e+02 3.051024e-06
5.020000e+02 3.145194e-06
5.030000e+02 2.889132e-06
5.040000e+02 2.960402e-06
5.050000e+02 2.865810e-06
5.060000e+02 3.031037e-06
5.070000e+02 2.881785e-06
5.080000e+02 2.829191e-06
5.090000e+02 3.005952e-06
5.100000e+02 2.848448e-06
5.110000e+02 2.864532e-06
5.120000e+02 3.176313e-06
5.130000e+02 3.140094e-06
5.140000e+02 2.993284e-06
5.150000e+02 3.084124e-06
5.160000e+02 3.213011e-06
5.170000e+02 2.854518e-06
5.180000e+02 3.064995e-06
5.190000e+02 3.079785e-06
5.200000e+02 3.006160e-06
5.210000e+02 3.238948e-06
5.220000e+02 3.185757e-06
5.230000e+02 3.005439e-06
5.240000e+02 2.755215e-06
5.250000e+02 2.842433e-06
5.260000e+02 2.772117e-06
5.270000e+02 2.869765e-06
5.280000e+02 2.802776e-06
5.290000e+02 2.870315e-06
5.300000e+02 2.925729e-06
5.310000e+02 2.899877e-06
5.320000e+02 2.846166e-06
5.330000e+02 2.718285e-06
5.340000e+02 2.795022e-06
5.350000e+02 2.863059e-06
5.360000e+02 2.728719e-06
5.370000e+02 2.954384e-06
5.380000e+02 2.980750e-06
5.390000e+02 2.605795e-06
5.400000e+02 2.684047e-06
5.410000e+02 2.467856e-06
5.420000e+02 2.552979e-06
5.430000e+02 2.619184e-06
5.440000e+02 2.566381e-06
5.450000e+02 2.590852e-06
5.460000e+02 2.524080e-06
5.470000e+02 2.521175e-06
5.480000e+02 2.439185e-06
5.490000e+02 2.391419e-06
5.500000e+02 2.537168e-06
5.510000e+02 2.467299e-06
5.520000e+02 2.406013e-06
5.530000e+02 2.482198e-06
5.540000e+02 2.382543e-06
5.550000e+02 2.288876e-06
5.560000e+02 2.458452e-06
5.570000e+02 2.434948e-06
5.580000e+02 2.374375e-06
5.590000e+02 2.405397e-06
5.600000e+02 2.251510e-06
5.610000e+02 2.218429e-06
5.620000e+02 2.182136e-06
5.630000e+02 1.937347e-06
5.640000e+02 2.064587e-06
5.650000e+02 1.980409e-06
5.660000e+02 2.000864e-06
5.670000e+02 2.170925e-06
5.680000e+02 1.857081e-06
5.690000e+02 1.868671e-06
5.700000e+02 1.999199e-06
5.710000e+02 2.221338e-06
5.720000e+02 2.566930e-06
5.730000e+02 2.394285e-06
5.740000e+02 2.083952e-06
5.750000e+02 2.027804e-06
5.760000e+02 2.168951e-06
5.770000e+02 2.162477e-06
5.780000e+02 2.150909e-06
5.790000e+02 2.147192e-06
5.800000e+02 2.237691e-06
5.810000e+02 1.959216e-06
5.820000e+02 1.902023e-06
5.830000e+02 1.950976e-06
5.840000e+02 1.866253e-06
5.850000e+02 2.003403e-06
5.860000e+02 1.824969e-06
5.870000e+02 1.769692e-06
5.880000e+02 1.926861e-06
5.890000e+02 1.759449e-06
5.900000e+02 1.611699e-06
5.910000e+02 1.707039e-06
5.920000e+02 1.825422e-06
5.930000e+02 1.859127e-06
5.940000e+02 1.917684e-06
5.950000e+02 2.094172e-06
5.960000e+02 1.973659e-06
5.970000e+02 2.057693e-06
5.980000e+02 1.938654e-06
5.990000e+02 2.005905e-06
6.000000e+02 2.025631e-06
6.010000e+02 2.072722e-06
6.020000e+02 1.992474e-06
6.030000e+02 1.968799e-06
6.040000e+02 1.993314e-06
6.050000e+02 2.093975e-06
6.060000e+02 2.004196e-06
6.070000e+02 1.952938e-06
6.080000e+02 1.875482e-06
6.090000e+02 1.979461e-06
6.100000e+02 1.948960e-06
6.110000e+02 1.990285e-06
6.120000e+02 2.059788e-06
6.130000e+02 1.970805e-06
6.140000e+02 2.049212e-06
6.150000e+02 2.081923e-06
6.160000e+02 2.097889e-06
6.170000e+02 2.013975e-06
6.180000e+02 2.175583e-06
6.190000e+02 2.140316e-06
6.200000e+02 2.132508e-06
6.210000e+02 2.038379e-06
6.220000e+02 2.286632e-06
6.230000e+02 2.116071e-06
6.240000e+02 2.109602e-06
6.250000e+02 2.063066e-06
6.260000e+02 1.980504e-06
6.270000e+02 1.919179e-06
6.280000e+02 2.029763e-06
6.290000e+02 2.080405e-06
6.300000e+02 2.000476e-06
6.310000e+02 1.989512e-06
6.320000e+02 2.032777e-06
6.330000e+02 2.100637e-06
6.340000e+02 2.065833e-06
6.350000e+02 2.148274e-06
6.360000e+02 2.137206e-06
6.370000e+02 2.130353e-06
6.380000e+02 2.234277e-06
6.390000e+02 2.152758e-06
6.400000e+02 2.066731e-06
6.410000e+02 2.123610e-06
6.420000e+02 2.101311e-06
6.430000e+02 1.884648e-06
6.440000e+02 1.975389e-06
6.450000e+02 2.113232e-06
6.460000e+02 2.090307e-06
6.470000e+02 1.997757e-06
6.480000e+02 1.939238e-06
6.490000e+02 1.921496e-06
6.500000e+02 1.989628e-06
6.510000e+02 1.947911e-06
6.520000e+02 1.969299e-06
6.530000e+02 1.856758e-06
6.540000e+02 1.933344e-06
6.550000e+02 1.929159e-06
6.560000e+02 1.880908e-06
6.570000e+02 1.814679e-06
6.580000e+02 1.926445e-06
6.590000e+02 1.741190e-06
6.600000e+02 1.659845e-06
6.610000e+02 1.716160e-06
6.620000e+02 1.726809e-06
6.630000e+02 1.676383e-06
6.640000e+02 2.789315e-06
6.650000e+02 2.843999e-06
6.660000e+02 2.927726e-06
6.670000e+02 2.349116e-06
6.680000e+02 2.158238e-06
6.690000e+02 1.863610e-06
6.700000e+02 1.838651e-06
6.710000e+02 1.892460e-06
6.720000e+02 1.778254e-06
6.730000e+02 1.651190e-06
6.740000e+02 1.711936e-06
6.750000e+02 1.391183e-06
6.760000e+02 2.865702e-06
6.770000e+02 3.174132e-06
6.780000e+02 2.767778e-06
6.790000e+02 2.435940e-06
6.800000e+02 2.098820e-06
6.810000e+02 1.941841e-06
6.820000e+02 1.255557e-06
6.830000e+02 2.915146e-06
6.840000e+02 3.215002e-06
6.850000e+02 2.859601e-06
6.860000e+02 2.498202e-06
6.870000e+02 1.161228e-06
6.880000e+02 3.197170e-06
6.890000e+02 3.196897e-06
6.900000e+02 2.860992e-06
6.910000e+02 1.110455e-06
6.920000e+02 3.121856e-06
6.930000e+02 3.112898e-06
6.940000e+02 5.289862e-07
6.950000e+02 3.289444e-06
6.960000e+02 3.280469e-06
6.970000e+02 7.398350e-07
6.980000e+02 3.270787e-06
6.990000e+02 3.191056e-06
7.000000e+02 6.744370e-07
7.010000e+02 3.370880e-06
7.020000e+02 6.782657e-07
7.030000e+02 3.786247e-06
7.040000e+02 6.665745e-07
7.050000e+02 4.105553e-06
7.060000e+02 5.003083e-07
7.070000e+02 9.701102e-07
7.080000e+02 8.697135e-07
7.090000e+02 8.578575e-07
7.100000e+02 5.321746e-07
7.110000e+02 1.234418e-06
7.120000e+02 5.828433e-07
7.130000e+02 8.298170e-07
7.140000e+02 5.078535e-07
7.150000e+02 3.916693e-07
7.160000e+02 1.183428e-06
7.170000e+02 6.963006e-07
7.180000e+02 9.665361e-07
7.190000e+02 5.543273e-07
7.200000e+02 1.471982e-06
7.210000e+02 4.403831e-07
7.220000e+02 2.752570e-07
7.230000e+02 7.901422e-07
7.240000e+02 6.880124e-07
7.250000e+02 8.549163e-07
7.260000e+02 6.115259e-07
7.270000e+02 8.982334e-07
7.280000e+02 5.372367e-07
7.290000e+02 3.914626e-07
7.300000e+02 1.552615e-06
7.310000e+02 5.561695e-07
7.320000e+02 1.357468e-06
7.330000e+02 6.392171e-07
7.340000e+02 4.656221e-07
7.350000e+02 1.732884e-06
7.360000e+02 5.326088e-07
7.370000e+02 1.382642e-06
7.380000e+02 6.025576e-07
7.390000e+02 1.407756e-06
7.400000e+02 6.796308e-07
7.410000e+02 5.501795e-07
7.420000e+02 1.511934e-06
7.430000e+02 5.616707e-07
7.440000e+02 1.474279e-06
7.450000e+02 6.660937e-07
7.460000e+02 1.441769e-06
7.470000e+02 5.366656e-07
7.480000e+02 5.086364e-07
7.490000e+02 1.468015e-06
7.500000e+02 5.640959e-07
7.510000e+02 1.321371e-06
7.520000e+02 5.500158e-07
7.530000e+02 1.183276e-06
7.540000e+02 5.738398e-07
7.550000e+02 3.598677e-06
7.560000e+02 2.338018e-06
7.570000e+02 5.394624e-07
7.580000e+02 1.164584e-06
7.590000e+02 2.213585e-06
7.600000e+02 2.709018e-06
7.610000e+02 1.853635e-06
7.620000e+02 2.857510e-06
7.630000e+02 1.957308e-06
7.640000e+02 2.524535e-06
7.650000e+02 1.858445e-06
7.660000e+02 2.404166e-06
7.670000e+02 2.271558e-06
7.680000e+02 2.886749e-06
7.690000e+02 1.887522e-06
7.700000e+02 2.573433e-06
7.710000e+02 1.879115e-06
7.720000e+02 2.442964e-06
7.730000e+02 2.499898e-06
7.740000e+02 5.454409e-07
7.750000e+02 1.134145e-06
7.760000e+02 3.029151e-06
7.770000e+02 2.312090e-06
7.780000e+02 5.802129e-07
7.790000e+02 3.508101e-06
7.800000e+02 1.629456e-06
7.810000e+02 2.907315e-06
7.820000e+02 1.685283e-06
7.830000e+02 2.417308e-06
7.840000e+02 2.241781e-06
7.850000e+02 5.759159e-07
7.860000e+02 3.393067e-06
7.870000e+02 1.539063e-06
7.880000e+02 2.851460e-06
7.890000e+02 1.670742e-06
7.900000e+02 4.529291e-07
7.910000e+02 1.066461e-06
7.920000e+02 5.229405e-07
7.930000e+02 3.245148e-06
7.940000e+02 1.505476e-06
7.950000e+02 4.084066e-07
7.960000e+02 3.272940e-06
7.970000e+02 1.591941e-06
7.980000e+02 4.434870e-07
7.990000e+02 9.717545e-07
8.000000e+02 1.850861e-06
8.010000e+02 3.958038e-07
8.020000e+02 1.009718e-06
8.030000e+02 1.724738e-06
8.040000e+02 3.670352e-07
8.050000e+02 1.094053e-06
8.060000e+02 1.687476e-06
8.070000e+02 1.650013e-06
8.080000e+02 3.030325e-06
8.090000e+02 1.175181e-06
8.100000e+02 1.582066e-06
8.110000e+02 1.462425e-06
8.120000e+02 9.719497e-07
8.130000e+02 1.441206e-06
8.140000e+02 3.082399e-07
8.150000e+02 1.076394e-06
8.160000e+02 1.025129e-06
8.170000e+02 1.326029e-06
8.180000e+02 1.298302e-06
8.190000e+02 1.183989e-06
8.200000e+02 8.494620e-07
8.210000e+02 1.268028e-06
8.220000e+02 1.144159e-06
8.230000e+02 1.089140e-06
8.240000e+02 1.104380e-06
8.250000e+02 1.143162e-06
8.260000e+02 1.020409e-06
8.270000e+02 8.960652e-07
8.280000e+02 7.573229e-07
8.290000e+02 6.167426e-07
8.300000e+02 9.592932e-07
8.310000e+02 1.112617e-06
8.320000e+02 9.109115e-07
8.330000e+02 7.399915e-07
8.340000e+02 9.602829e-07
8.350000e+02 1.101869e-06
8.360000e+02 2.131478e-07
8.370000e+02 8.044057e-07
8.380000e+02 7.581810e-07
8.390000e+02 7.445508e-07
8.400000e+02 1.101192e-06
8.410000e+02 1.006656e-06
8.420000e+02 2.388141e-07
8.430000e+02 6.421065e-07
8.440000e+02 6.283690e-07
8.450000e+02 5.496112e-07
8.460000e+02 5.795906e-07
8.470000e+02 4.531370e-07
8.480000e+02 9.425000e-07
8.490000e+02 8.879304e-07
8.500000e+02 7.679408e-07
8.510000e+02 6.602144e-07
8.520000e+02 5.534449e-07
8.530000e+02 1.025784e-06
8.540000e+02 1.934355e-07
8.550000e+02 7.704301e-07
8.560000e+02 7.241657e-07
8.570000e+02 5.870544e-07
8.580000e+02 5.054041e-07
8.590000e+02 4.498257e-07
8.600000e+02 3.728875e-07
8.610000e+02 7.357593e-07
8.620000e+02 9.176526e-07
8.630000e+02 8.612674e-07
8.640000e+02 7.331134e-07
8.650000e+02 6.119096e-07
8.660000e+02 5.622546e-07
8.670000e+02 4.591093e-07
8.680000e+02 3.837684e-07
8.690000e+02 3.193352e-07
8.700000e+02 1.010113e-06
8.710000e+02 2.010966e-07
8.720000e+02 7.439875e-07
8.730000e+02 3.332129e-07
8.740000e+02 5.465816e-07
8.750000e+02 5.253852e-07
8.760000e+02 4.506523e-07
8.770000e+02 3.669643e-07
8.780000e+02 2.850046e-07
8.790000e+02 2.379675e-07
8.800000e+02 2.041904e-07
8.810000e+02 7.927861e-07
8.820000e+02 8.042054e-07
8.830000e+02 2.954368e-07
8.840000e+02 6.195940e-07
8.850000e+02 6.110752e-07
8.860000e+02 5.293770e-07
8.870000e+02 4.430829e-07
8.880000e+02 3.126640e-07
8.890000e+02 2.474047e-07
8.900000e+02 1.974267e-07
8.910000e+02 1.708966e-07
8.920000e+02 1.463129e-07
8.930000e+02 1.247066e-07
8.940000e+02 1.063449e-07
8.950000e+02 8.881930e-08
8.960000e+02 6.452544e-07
8.970000e+02 6.686690e-07
8.980000e+02 2.189209e-07
8.990000e+02 4.944571e-07
9.000000e+02 4.548779e-07
9.010000e+02 3.846875e-07
9.020000e+02 3.179066e-07
9.030000e+02 2.628453e-07
9.040000e+02 2.243961e-07
9.050000e+02 1.849690e-07
9.060000e+02 1.554176e-07
9.070000e+02 1.452266e-07
9.080000e+02 1.251102e-07
9.090000e+02 1.075792e-07
9.100000e+02 9.249932e-08
9.110000e+02 7.819571e-08
9.120000e+02 6.605792e-08
9.130000e+02 5.618107e-08
9.140000e+02 4.802646e-08
9.150000e+02 3.829947e-08
9.160000e+02 3.267403e-08
9.170000e+02 2.928647e-08
9.180000e+02 2.585647e-08
9.190000e+02 2.360358e-08
9.200000e+02 2.165048e-08
9.210000e+02 2.010478e-08
9.220000e+02 8.138941e-07
9.230000e+02 1.693908e-07
9.240000e+02 1.688384e-07
9.250000e+02 1.429368e-07
9.260000e+02 3.739583e-07
9.270000e+02 1.248992e-07
9.280000e+02 2.416085e-07
9.290000e+02 2.351704e-07
9.300000e+02 2.032447e-07
9.310000e+02 1.693377e-07
9.320000e+02 1.173506e-07
9.330000e+02 9.218033e-08
9.340000e+02 7.655961e-08
9.350000e+02 6.408899e-08
9.360000e+02 5.327241e-08
9.370000e+02 4.416266e-08
9.380000e+02 3.674948e-08
9.390000e+02 3.061755e-08
9.400000e+02 2.589302e-08
9.410000e+02 2.126042e-08
9.420000e+02 1.839137e-08
9.430000e+02 1.600844e-08
9.440000e+02 1.405505e-08
9.450000e+02 1.253673e-08
9.460000e+02 1.142850e-08
9.470000e+02 1.051484e-08
9.480000e+02 9.800911e-09
9.490000e+02 9.201643e-09
9.500000e+02 8.715739e-09
9.510000e+02 8.384751e-09
9.520000e+02 8.282127e-09
9.530000e+02 8.074184e-09
9.540000e+02 7.929122e-09
9.550000e+02 7.636595e-09
9.560000e+02 7.363521e-09
9.570000e+02 7.333059e-09
9.580000e+02 7.392471e-09
9.590000e+02 7.478493e-09
9.600000e+02 7.040599e-09
9.610000e+02 7.042177e-09
9.620000e+02 7.223883e-09
9.630000e+02 7.004858e-09
9.640000e+02 6.768221e-09
9.650000e+02 6.849954e-09
9.660000e+02 7.065602e-09
9.670000e+02 6.602094e-09
9.680000e+02 6.703487e-09
9.690000e+02 6.703360e-09
9.700000e+02 6.866605e-09
9.710000e+02 6.650837e-09
9.720000e+02 6.530284e-09
9.730000e+02 6.230564e-09
9.740000e+02 6.250274e-09
9.750000e+02 6.429823e-09
9.760000e+02 6.563318e-09
9.770000e+02 6.794955e-09
9.780000e+02 6.300704e-09
9.790000e+02 6.204935e-09
9.800000e+02 6.061355e-09
9.810000e+02 6.170857e-09
9.820000e+02 6.324591e-09
9.830000e+02 6.181610e-09
9.840000e+02 6.316359e-09
9.850000e+02 6.042571e-09
9.860000e+02 5.656707e-09
9.870000e+02 5.621508e-09
9.880000e+02 5.423780e-09
9.890000e+02 5.422756e-09
9.900000e+02 5.510039e-09
9.910000e+02 5.427796e-09
9.920000e+02 5.744037e-09
9.930000e+02 5.559388e-09
9.940000e+02 5.404302e-09
9.950000e+02 5.290331e-09
9.960000e+02 5.318339e-09
9.970000e+02 5.247839e-09
9.980000e+02 5.139135e-09
9.990000e+02 5.135295e-09
1.000000e+03 5.284742e-09
1.001000e+03 5.478175e-09
1.002000e+03 5.292444e-09
1.003000e+03 5.125190e-09
1.004000e+03 5.032723e-09
1.005000e+03 5.145613e-09
1.006000e+03 5.334480e-09
1.007000e+03 5.131871e-09
1.008000e+03 5.000295e-09
1.009000e+03 5.562621e-09
1.010000e+03 5.289717e-09
1.011000e+03 5.125819e-09
1.012000e+03 4.916881e-09
1.013000e+03 4.754079e-09
1.014000e+03 4.754266e-09
1.015000e+03 4.720956e-09
1.016000e+03 4.903605e-09
1.017000e+03 4.973324e-09
1.018000e+03 4.499392e-09
1.019000e+03 4.490745e-09
1.020000e+03 4.308414e-09
1.021000e+03 4.367282e-09
1.022000e+03 4.416989e-09
1.023000e+03 4.440790e-09
1.024000e+03 4.167237e-09
1.025000e+03 3.835398e-09
1.026000e+03 3.778794e-09
1.027000e+03 3.663406e-09
1.028000e+03 3.527801e-09
1.029000e+03 3.417207e-09
1.030000e+03 3.535221e-09
1.031000e+03 3.468858e-09
1.032000e+03 3.556111e-09
1.033000e+03 3.292633e-09
1.034000e+03 3.029528e-09
1.035000e+03 2.983352e-09
1.036000e+03 3.233600e-09
1.037000e+03 2.863519e-09
1.038000e+03 2.876177e-09
1.039000e+03 2.762502e-09
1.040000e+03 3.240235e-09
1.041000e+03 3.148129e-09
1.042000e+03 2.852985e-09
1.043000e+03 3.149451e-09
1.044000e+03 3.146028e-09
1.045000e+03 3.167480e-09
1.046000e+03 3.238167e-09
1.047000e+03 3.598389e-09
1.048000e+03 3.423379e-09
1.049000e+03 3.303934e-09
1.050000e+03 3.224953e-09
1.051000e+03 3.418270e-09
1.052000e+03 3.631331e-09
1.053000e+03 3.616917e-09
1.054000e+03 3.791441e-09
1.055000e+03 3.548434e-09
1.056000e+03 3.351369e-09
1.057000e+03 3.402710e-09
1.058000e+03 3.321712e-09
1.059000e+03 3.283287e-09
1.060000e+03 3.344636e-09
1.061000e+03 3.407985e-09
1.062000e+03 3.445496e-09
1.063000e+03 3.201508e-09
1.064000e+03 2.948311e-09
1.065000e+03 2.855490e-09
1.066000e+03 3.041717e-09
1.067000e+03 2.948678e-09
1.068000e+03 2.776987e-09
1.069000e+03 2.679011e-09
1.070000e+03 3.216800e-09
1.071000e+03 3.117208e-09
1.072000e+03 2.871161e-09
1.073000e+03 2.755924e-09
1.074000e+03 2.862139e-09
1.075000e+03 2.930048e-09
1.076000e+03 3.130613e-09
1.077000e+03 3.385483e-09
1.078000e+03 3.148416e-09
1.079000e+03 3.040041e-09
1.080000e+03 2.855475e-09
1.081000e+03 3.053318e-09
1.082000e+03 3.211780e-09
1.083000e+03 3.154341e-09
1.084000e+03 3.420780e-09
1.085000e+03 2.998149e-09
1.086000e+03 2.817523e-09
1.087000e+03 2.616263e-09
1.088000e+03 2.717394e-09
1.089000e+03 2.723694e-09
1.090000e+03 2.691132e-09
1.091000e+03 2.790031e-09
1.092000e+03 2.639659e-09
1.093000e+03 2.534052e-09
1.094000e+03 2.320471e-09
1.095000e+03 2.452730e-09
1.096000e+03 2.840547e-09
1.097000e+03 2.654537e-09
1.098000e+03 2.928205e-09
1.099000e+03 2.856103e-09
1.100000e+03 3.367788e-09
1.101000e+03 3.201778e-09
1.102000e+03 3.100035e-09
1.103000e+03 3.178517e-09
1.104000e+03 3.327216e-09
1.105000e+03 3.571428e-09
1.106000e+03 3.529377e-09
1.107000e+03 3.958078e-09
1.108000e+03 3.598982e-09
1.109000e+03 3.404973e-09
1.110000e+03 3.137661e-09
1.111000e+03 3.288410e-09
1.112000e+03 3.315330e-09
1.113000e+03 3.309645e-09
1.114000e+03 3.269840e-09
1.115000e+03 3.003341e-09
1.116000e+03 2.821369e-09
1.117000e+03 2.648416e-09
1.118000e+03 2.704497e-09
1.119000e+03 2.548043e-09
1.120000e+03 2.762372e-09
1.121000e+03 2.823000e-09
1.122000e+03 2.932952e-09
1.123000e+03 2.695351e-09
1.124000e+03 2.702380e-09
1.125000e+03 2.768264e-09
1.126000e+03 3.097979e-09
1.127000e+03 3.148947e-09
1.128000e+03 3.081190e-09
1.129000e+03 3.128702e-09
1.130000e+03 3.546573e-09
1.131000e+03 3.582545e-09
1.132000e+03 3.245666e-09
1.133000e+03 3.286967e-09
1.134000e+03 3.234540e-09
1.135000e+03 3.398027e-09
1.136000e+03 3.417466e-09
1.137000e+03 3.696307e-09
1.138000e+03 3.335538e-09
1.139000e+03 3.230100e-09
1.140000e+03 3.173954e-09
1.141000e+03 3.141829e-09
1.142000e+03 3.286048e-09
1.143000e+03 3.112848e-09
1.144000e+03 3.420432e-09
1.145000e+03 2.982551e-09
1.146000e+03 2.876863e-09
1.147000e+03 2.715898e-09
1.148000e+03 2.883607e-09
1.149000e+03 2.707841e-09
1.150000e+03 2.896957e-09
1.151000e+03 2.853971e-09
1.152000e+03 2.951964e-09
1.153000e+03 2.819322e-09
1.154000e+03 2.518437e-09
1.155000e+03 2.567430e-09
1.156000e+03 2.652797e-09
1.157000e+03 2.579927e-09
1.158000e+03 2.526670e-09
1.159000e+03 2.542821e-09
1.160000e+03 2.805012e-09
1.161000e+03 2.840330e-09
1.162000e+03 2.460369e-09
1.163000e+03 2.685278e-09
1.164000e+03 2.564064e-09
1.165000e+03 2.827824e-09
1.166000e+03 2.990208e-09
1.167000e+03 3.145008e-09
1.168000e+03 3.116696e-09
1.169000e+03 2.709708e-09
1.170000e+03 2.797028e-09
1.171000e+03 2.806177e-09
1.172000e+03 3.077046e-09
1.173000e+03 2.955572e-09
1.174000e+03 3.224288e-09
1.175000e+03 2.946542e-09
1.176000e+03 2.832279e-09
1.177000e+03 2.833542e-09
1.178000e+03 3.003192e-09
1.179000e+03 2.862491e-09
1.180000e+03 3.114178e-09
1.181000e+03 3.105341e-09
1.182000e+03 3.270105e-09
1.183000e+03 3.019769e-09
1.184000e+03 2.989136e-09
1.185000e+03 2.903258e-09
1.186000e+03 3.166473e-09
1.187000e+03 3.275288e-09
1.188000e+03 3.083384e-09
1.189000e+03 2.983996e-09
1.190000e+03 3.194026e-09
1.191000e+03 3.193734e-09
1.192000e+03 2.715744e-09
1.193000e+03 4.028942e-09
1.194000e+03 3.324351e-09
1.195000e+03 3.543648e-09
1.196000e+03 6.134424e-10
1.197000e+03 5.115565e-09
1.198000e+03 3.526721e-09
1.199000e+03 6.826193e-10
1.200000e+03 6.477539e-09
1.201000e+03 3.935785e-09
1.202000e+03 6.755530e-09
1.203000e+03 1.066243e-09
1.204000e+03 4.633167e-09
1.205000e+03 1.000980e-09
1.206000e+03 1.415727e-09
1.207000e+03 4.431280e-09
1.208000e+03 6.042359e-09
1.209000e+03 4.433339e-09
1.210000e+03 6.197790e-09
1.211000e+03 4.460052e-09
1.212000e+03 6.451730e-09
1.213000e+03 4.529448e-09
1.214000e+03 6.277263e-09
1.215000e+03 4.567120e-09
1.216000e+03 6.554028e-09
1.217000e+03 4.497844e-09
1.218000e+03 5.075295e-09
1.219000e+03 6.553342e-09
1.220000e+03 4.425950e-09
1.221000e+03 5.077963e-09
1.222000e+03 6.456684e-09
1.223000e+03 4.250685e-09
1.224000e+03 6.285912e-09
1.225000e+03 4.415511e-09
1.226000e+03 6.642228e-09
1.227000e+03 4.167946e-09
1.228000e+03 1.301953e-09
1.229000e+03 4.574560e-09
1.230000e+03 1.195232e-09
1.231000e+03 4.668965e-09
1.232000e+03 1.069219e-09
1.233000e+03 4.764926e-09
1.234000e+03 1.205218e-09
1.235000e+03 5.177126e-09
1.236000e+03 1.189497e-09
1.237000e+03 5.553382e-09
1.238000e+03 9.365360e-10
1.239000e+03 1.288727e-09
1.240000e+03 5.365692e-09
1.241000e+03 1.213920e-09
1.242000e+03 5.319999e-09
1.243000e+03 1.129127e-09
1.244000e+03 1.043892e-09
1.245000e+03 1.033632e-09
1.246000e+03 5.512624e-09
1.247000e+03 9.208069e-10
1.248000e+03 5.676697e-09
1.249000e+03 9.212242e-10
1.250000e+03 5.624244e-09
1.251000e+03 9.255925e-10
1.252000e+03 5.612542e-09
1.253000e+03 1.467504e-09
1.254000e+03 9.996882e-10
1.255000e+03 5.328492e-09
1.256000e+03 1.120349e-09
1.257000e+03 5.353823e-09
1.258000e+03 1.158561e-09
1.259000e+03 5.290630e-09
1.260000e+03 1.207665e-09
1.261000e+03 1.417659e-09
1.262000e+03 6.476112e-09
1.263000e+03 6.387101e-09
1.264000e+03 1.380218e-09
1.265000e+03 6.837122e-09
1.266000e+03 5.473638e-09
1.267000e+03 6.456445e-09
1.268000e+03 5.199278e-09
1.269000e+03 6.490679e-09
1.270000e+03 4.937183e-09
1.271000e+03 6.660246e-09
1.272000e+03 6.845497e-09
1.273000e+03 6.436823e-09
1.274000e+03 1.243893e-09
1.275000e+03 6.129117e-09
1.276000e+03 1.325856e-09
1.277000e+03 6.178677e-09
1.278000e+03 6.300539e-09
1.279000e+03 4.991442e-09
1.280000e+03 6.256818e-09
1.281000e+03 6.028433e-09
1.282000e+03 4.464808e-09
1.283000e+03 6.357876e-09
1.284000e+03 5.752468e-09
1.285000e+03 5.363282e-09
1.286000e+03 6.609518e-09
1.287000e+03 5.403967e-09
1.288000e+03 5.301723e-09
1.289000e+03 5.099671e-09
1.290000e+03 4.916636e-09
1.291000e+03 5.050861e-09
1.292000e+03 4.711563e-09
1.293000e+03 4.630737e-09
1.294000e+03 4.609780e-09
1.295000e+03 4.699236e-09
1.296000e+03 4.349664e-09
1.297000e+03 4.622828e-09
1.298000e+03 4.383270e-09
1.299000e+03 4.398747e-09
1.300000e+03 4.701808e-09
1.301000e+03 5.088688e-09
1.302000e+03 4.651045e-09
1.303000e+03 4.797723e-09
1.304000e+03 4.478062e-09
1.305000e+03 4.675177e-09
1.306000e+03 4.942844e-09
1.307000e+03 5.323323e-09
1.308000e+03 5.185951e-09
1.309000e+03 5.281451e-09
1.310000e+03 5.895542e-09
1.311000e+03 5.324844e-09
1.312000e+03 5.257766e-09
1.313000e+03 4.744164e-09
1.314000e+03 5.085191e-09
1.315000e+03 4.735570e-09
1.316000e+03 6.052921e-09
1.317000e+03 5.793369e-09
1.318000e+03 5.051712e-09
1.319000e+03 5.463344e-09
1.320000e+03 5.736583e-09
1.321000e+03 5.566559e-09
1.322000e+03 6.051214e-09
1.323000e+03 5.847349e-09
1.324000e+03 4.995956e-09
1.325000e+03 4.812618e-09
1.326000e+03 4.846184e-09
1.327000e+03 4.694174e-09
1.328000e+03 4.974220e-09
1.329000e+03 4.923576e-09
1.330000e+03 5.258976e-09
1.331000e+03 5.137112e-09
1.332000e+03 5.455856e-09
1.333000e+03 5.263332e-09
1.334000e+03 5.158061e-09
1.335000e+03 5.079401e-09
1.336000e+03 5.440759e-09
1.337000e+03 5.282767e-09
1.338000e+03 5.616564e-09
1.339000e+03 5.060634e-09
1.340000e+03 5.533785e-09
1.341000e+03 5.119922e-09
1.342000e+03 5.451719e-09
1.343000e+03 6.176386e-09
1.344000e+03 6.410488e-09
1.345000e+03 6.633695e-09
1.346000e+03 6.442817e-09
1.347000e+03 7.067627e-09
1.348000e+03 6.725407e-09
1.349000e+03 6.787193e-09
1.350000e+03 6.898446e-09
1.351000e+03 7.661167e-09
1.352000e+03 6.875940e-09
1.353000e+03 6.204409e-09
1.354000e+03 7.433469e-09
1.355000e+03 7.345436e-09
1.356000e+03 6.986845e-09
1.357000e+03 6.593240e-09
1.358000e+03 6.919201e-09
1.359000e+03 6.947279e-09
1.360000e+03 6.941040e-09
1.361000e+03 6.834338e-09
1.362000e+03 7.170227e-09
1.363000e+03 7.222895e-09
1.364000e+03 7.109603e-09
1.365000e+03 7.872393e-09
1.366000e+03 7.051109e-09
1.367000e+03 7.122838e-09
1.368000e+03 7.572578e-09
1.369000e+03 7.416217e-09
1.370000e+03 7.197394e-09
1.371000e+03 7.383603e-09
1.372000e+03 7.186081e-09
1.373000e+03 7.685169e-09
1.374000e+03 7.135154e-09
1.375000e+03 7.110313e-09
1.376000e+03 7.066856e-09
1.377000e+03 7.447018e-09
1.378000e+03 6.785190e-09
1.379000e+03 6.664734e-09
1.380000e+03 6.254499e-09
1.381000e+03 6.530873e-09
1.382000e+03 6.278265e-09
1.383000e+03 6.835787e-09
1.384000e+03 7.547341e-09
1.385000e+03 7.595709e-09
1.386000e+03 7.245498e-09
1.387000e+03 7.756288e-09
1.388000e+03 7.521014e-09
1.389000e+03 7.777764e-09
1.390000e+03 8.596122e-09
1.391000e+03 8.223826e-09
1.392000e+03 8.410094e-09
1.393000e+03 8.739582e-09
1.394000e+03 9.200086e-09
1.395000e+03 8.979741e-09
1.396000e+03 9.640900e-09
1.397000e+03 8.819813e-09
1.398000e+03 8.951292e-09
1.399000e+03 8.774342e-09
1.400000e+03 9.110098e-09
1.401000e+03 8.552950e-09
1.402000e+03 8.994666e-09
1.403000e+03 8.656218e-09
1.404000e+03 9.299233e-09
1.405000e+03 8.856291e-09
1.406000e+03 8.708852e-09
1.407000e+03 9.056731e-09
1.408000e+03 8.650639e-09
1.409000e+03 8.492242e-09
1.410000e+03 7.935680e-09
1.411000e+03 8.224129e-09
1.412000e+03 8.854597e-09
1.413000e+03 8.843123e-09
1.414000e+03 8.415697e-09
1.415000e+03 8.769578e-09
1.416000e+03 7.499205e-09
1.417000e+03 7.931615e-09
1.418000e+03 7.391718e-09
1.419000e+03 7.434974e-09
1.420000e+03 7.623773e-09
1.421000e+03 6.800588e-09
1.422000e+03 7.200411e-09
1.423000e+03 7.168756e-09
1.424000e+03 6.875965e-09
1.425000e+03 6.863385e-09
1.426000e+03 7.355048e-09
1.427000e+03 7.643403e-09
1.428000e+03 7.956819e-09
1.429000e+03 8.520271e-09
1.430000e+03 1.046061e-08
1.431000e+03 1.044700e-08
1.432000e+03 1.074458e-08
1.433000e+03 1.009596e-08
1.434000e+03 1.041576e-08
1.435000e+03 1.134831e-08
1.436000e+03 1.194347e-08
1.437000e+03 1.047698e-08
1.438000e+03 1.131105e-08
1.439000e+03 1.145473e-08
1.440000e+03 1.087523e-08
1.441000e+03 1.053574e-08
1.442000e+03 1.053042e-08
1.443000e+03 1.133100e-08
1.444000e+03 1.166463e-08
1.445000e+03 1.042837e-08
1.446000e+03 1.022655e-08
1.447000e+03 9.945082e-09
1.448000e+03 1.038758e-08
1.449000e+03 1.016318e-08
1.450000e+03 9.746577e-09
1.451000e+03 9.155794e-09
1.452000e+03 8.999747e-09
1.453000e+03 8.308860e-09
1.454000e+03 8.104390e-09
1.455000e+03 7.699839e-09
1.456000e+03 6.937516e-09
1.457000e+03 6.954845e-09
1.458000e+03 6.897161e-09
1.459000e+03 6.635885e-09
1.460000e+03 6.410943e-09
1.461000e+03 5.943111e-09
1.462000e+03 5.646081e-09
1.463000e+03 6.381998e-09
1.464000e+03 6.616050e-09
1.465000e+03 7.459079e-09
1.466000e+03 7.892595e-09
1.467000e+03 8.736642e-09
1.468000e+03 8.502180e-09
1.469000e+03 9.021795e-09
1.470000e+03 9.123535e-09
1.471000e+03 8.574081e-09
1.472000e+03 9.019964e-09
1.473000e+03 9.109566e-09
1.474000e+03 9.182633e-09
1.475000e+03 9.393241e-09
1.476000e+03 9.497589e-09
1.477000e+03 9.755254e-09
1.478000e+03 9.243419e-09
1.479000e+03 8.858769e-09
1.480000e+03 8.828066e-09
1.481000e+03 8.834417e-09
1.482000e+03 8.802559e-09
1.483000e+03 8.656493e-09
1.484000e+03 8.617404e-09
1.485000e+03 8.779495e-09
1.486000e+03 8.396771e-09
1.487000e+03 8.031575e-09
1.488000e+03 7.668050e-09
1.489000e+03 7.270692e-09
1.490000e+03 7.027679e-09
1.491000e+03 6.622152e-09
1.492000e+03 6.366858e-09
1.493000e+03 6.914927e-09
1.494000e+03 6.052679e-09
1.495000e+03 6.079808e-09
1.496000e+03 5.958028e-09
1.497000e+03 6.117055e-09
1.498000e+03 5.668694e-09
1.499000e+03 5.239954e-09
1.500000e+03 5.318665e-09
