Title ="THE FLUX ERR"
Variables=
iter
residual
1.000000e+00 9.969655e-05
2.000000e+00 2.801845e-04
3.000000e+00 1.142596e-04
4.000000e+00 8.026496e-05
5.000000e+00 4.561601e-05
6.000000e+00 4.199820e-04
7.000000e+00 1.428343e-04
8.000000e+00 2.016140e-04
9.000000e+00 1.421933e-04
1.000000e+01 1.159811e-04
1.100000e+01 1.038892e-04
1.200000e+01 3.336940e-05
1.300000e+01 9.486072e-05
1.400000e+01 5.780124e-06
1.500000e+01 7.890037e-05
1.600000e+01 1.056944e-04
1.700000e+01 2.813588e-05
1.800000e+01 1.684318e-05
1.900000e+01 4.321758e-05
2.000000e+01 2.596517e-05
2.100000e+01 6.618312e-05
2.200000e+01 8.328337e-06
2.300000e+01 1.178978e-05
2.400000e+01 6.149516e-05
2.500000e+01 1.048913e-05
2.600000e+01 5.270923e-05
2.700000e+01 4.760020e-05
2.800000e+01 3.972900e-05
2.900000e+01 3.038777e-05
3.000000e+01 2.428404e-05
3.100000e+01 2.435363e-05
3.200000e+01 2.060101e-05
3.300000e+01 1.869324e-05
3.400000e+01 1.429427e-05
3.500000e+01 2.117238e-05
3.600000e+01 9.821940e-06
3.700000e+01 1.160784e-05
3.800000e+01 9.216660e-06
3.900000e+01 1.568666e-05
4.000000e+01 1.615915e-05
4.100000e+01 1.102444e-05
4.200000e+01 1.225859e-05
4.300000e+01 1.037669e-05
4.400000e+01 1.605446e-05
4.500000e+01 1.097058e-05
4.600000e+01 5.980205e-05
4.700000e+01 1.489585e-05
4.800000e+01 1.113975e-05
4.900000e+01 8.937037e-06
5.000000e+01 1.157923e-05
5.100000e+01 5.261992e-05
5.200000e+01 1.246033e-05
5.300000e+01 4.875231e-05
5.400000e+01 4.636914e-05
5.500000e+01 5.042063e-05
5.600000e+01 4.858624e-05
5.700000e+01 4.585746e-05
5.800000e+01 4.490075e-05
5.900000e+01 4.087417e-05
6.000000e+01 3.717862e-05
6.100000e+01 4.096749e-05
6.200000e+01 4.274457e-05
6.300000e+01 3.824949e-05
6.400000e+01 3.210538e-05
6.500000e+01 3.835113e-05
6.600000e+01 3.999978e-05
6.700000e+01 4.012201e-05
6.800000e+01 4.117985e-05
6.900000e+01 4.123148e-05
7.000000e+01 4.348614e-05
7.100000e+01 4.793996e-05
7.200000e+01 4.426454e-05
7.300000e+01 4.194485e-05
7.400000e+01 4.133077e-05
7.500000e+01 4.193856e-05
7.600000e+01 4.257208e-05
7.700000e+01 4.168624e-05
7.800000e+01 4.286395e-05
7.900000e+01 4.766111e-05
8.000000e+01 4.392809e-05
8.100000e+01 4.507420e-05
8.200000e+01 4.448064e-05
8.300000e+01 4.572264e-05
8.400000e+01 4.173825e-05
8.500000e+01 3.891326e-05
8.600000e+01 4.033363e-05
8.700000e+01 3.833067e-05
8.800000e+01 4.201774e-05
8.900000e+01 3.337721e-05
9.000000e+01 3.465928e-05
9.100000e+01 3.375601e-05
9.200000e+01 3.692210e-05
9.300000e+01 3.705327e-05
9.400000e+01 3.485880e-05
9.500000e+01 3.552421e-05
9.600000e+01 3.436712e-05
9.700000e+01 3.184455e-05
9.800000e+01 2.881188e-05
9.900000e+01 3.119665e-05
1.000000e+02 3.090143e-05
1.010000e+02 2.916197e-05
1.020000e+02 2.800098e-05
1.030000e+02 2.692227e-05
1.040000e+02 2.383096e-05
1.050000e+02 2.525000e-05
1.060000e+02 2.784457e-05
1.070000e+02 2.789688e-05
1.080000e+02 2.655965e-05
1.090000e+02 2.447414e-05
1.100000e+02 2.203364e-05
1.110000e+02 2.737074e-05
1.120000e+02 2.294773e-05
1.130000e+02 2.272708e-05
1.140000e+02 2.201674e-05
1.150000e+02 2.112394e-05
1.160000e+02 2.112382e-05
1.170000e+02 2.061693e-05
1.180000e+02 2.033677e-05
1.190000e+02 1.860803e-05
1.200000e+02 1.777474e-05
1.210000e+02 1.869784e-05
1.220000e+02 1.866714e-05
1.230000e+02 1.679607e-05
1.240000e+02 1.582716e-05
1.250000e+02 1.581832e-05
1.260000e+02 1.522872e-05
1.270000e+02 1.391123e-05
1.280000e+02 1.466170e-05
1.290000e+02 1.532384e-05
1.300000e+02 1.539117e-05
1.310000e+02 1.421451e-05
1.320000e+02 1.489222e-05
1.330000e+02 1.448974e-05
1.340000e+02 1.336346e-05
1.350000e+02 1.434326e-05
1.360000e+02 1.580581e-05
1.370000e+02 1.469306e-05
1.380000e+02 1.506475e-05
1.390000e+02 1.552590e-05
1.400000e+02 1.440508e-05
1.410000e+02 1.531643e-05
1.420000e+02 1.463939e-05
1.430000e+02 1.510076e-05
1.440000e+02 1.620004e-05
1.450000e+02 1.530701e-05
1.460000e+02 1.544381e-05
1.470000e+02 1.636096e-05
1.480000e+02 1.528381e-05
1.490000e+02 1.458010e-05
1.500000e+02 1.522873e-05
1.510000e+02 1.518690e-05
1.520000e+02 1.558046e-05
1.530000e+02 1.550422e-05
1.540000e+02 1.603278e-05
1.550000e+02 1.481608e-05
1.560000e+02 1.523770e-05
1.570000e+02 1.379002e-05
1.580000e+02 1.504019e-05
1.590000e+02 1.451070e-05
1.600000e+02 1.439516e-05
1.610000e+02 1.498422e-05
1.620000e+02 1.414668e-05
1.630000e+02 1.396185e-05
1.640000e+02 1.359366e-05
1.650000e+02 1.330544e-05
1.660000e+02 1.355006e-05
1.670000e+02 1.308196e-05
1.680000e+02 1.372450e-05
1.690000e+02 1.447764e-05
1.700000e+02 1.259077e-05
1.710000e+02 1.285662e-05
1.720000e+02 1.335435e-05
1.730000e+02 1.421794e-05
1.740000e+02 1.423011e-05
1.750000e+02 1.284256e-05
1.760000e+02 1.400837e-05
1.770000e+02 1.376321e-05
1.780000e+02 1.414231e-05
1.790000e+02 1.335581e-05
1.800000e+02 1.293404e-05
1.810000e+02 1.319000e-05
1.820000e+02 1.295521e-05
1.830000e+02 1.294088e-05
1.840000e+02 1.215948e-05
1.850000e+02 1.258370e-05
1.860000e+02 1.217459e-05
1.870000e+02 1.208569e-05
1.880000e+02 1.202303e-05
1.890000e+02 1.335868e-05
1.900000e+02 1.194671e-05
1.910000e+02 1.101236e-05
1.920000e+02 1.210026e-05
1.930000e+02 1.165815e-05
1.940000e+02 1.166662e-05
1.950000e+02 1.204829e-05
1.960000e+02 1.149178e-05
1.970000e+02 1.215805e-05
1.980000e+02 1.390536e-05
1.990000e+02 1.226735e-05
2.000000e+02 1.132377e-05
2.010000e+02 1.276572e-05
2.020000e+02 1.044522e-05
2.030000e+02 1.084623e-05
2.040000e+02 1.217782e-05
2.050000e+02 1.281302e-05
2.060000e+02 1.174054e-05
2.070000e+02 1.134825e-05
2.080000e+02 1.059669e-05
2.090000e+02 1.269222e-05
2.100000e+02 1.214046e-05
2.110000e+02 1.101769e-05
2.120000e+02 1.254238e-05
2.130000e+02 1.196642e-05
2.140000e+02 1.212642e-05
2.150000e+02 1.051565e-05
2.160000e+02 1.080657e-05
2.170000e+02 1.173593e-05
2.180000e+02 1.096050e-05
2.190000e+02 1.096969e-05
2.200000e+02 1.092742e-05
2.210000e+02 9.815971e-06
2.220000e+02 9.601855e-06
2.230000e+02 9.545846e-06
2.240000e+02 1.054473e-05
2.250000e+02 9.717004e-06
2.260000e+02 1.014098e-05
2.270000e+02 1.042673e-05
2.280000e+02 9.791753e-06
2.290000e+02 1.070011e-05
2.300000e+02 1.007987e-05
2.310000e+02 9.861390e-06
2.320000e+02 9.747998e-06
2.330000e+02 9.785215e-06
2.340000e+02 9.539018e-06
2.350000e+02 9.054066e-06
2.360000e+02 9.235564e-06
2.370000e+02 8.891002e-06
2.380000e+02 9.598227e-06
2.390000e+02 9.312782e-06
2.400000e+02 9.190412e-06
2.410000e+02 8.797694e-06
2.420000e+02 8.856642e-06
2.430000e+02 9.209060e-06
2.440000e+02 9.577459e-06
2.450000e+02 8.873896e-06
2.460000e+02 8.158257e-06
2.470000e+02 9.371819e-06
2.480000e+02 8.903316e-06
2.490000e+02 9.087770e-06
2.500000e+02 8.339155e-06
2.510000e+02 9.319536e-06
2.520000e+02 9.578549e-06
2.530000e+02 9.530473e-06
2.540000e+02 9.739765e-06
2.550000e+02 9.437721e-06
2.560000e+02 9.332436e-06
2.570000e+02 9.278525e-06
2.580000e+02 9.103890e-06
2.590000e+02 9.322776e-06
2.600000e+02 9.412400e-06
2.610000e+02 1.004559e-05
2.620000e+02 9.373743e-06
2.630000e+02 8.731963e-06
2.640000e+02 8.956157e-06
2.650000e+02 9.875975e-06
2.660000e+02 9.518147e-06
2.670000e+02 9.636971e-06
2.680000e+02 1.043567e-05
2.690000e+02 9.728039e-06
2.700000e+02 1.005096e-05
2.710000e+02 9.961869e-06
2.720000e+02 9.468878e-06
2.730000e+02 9.791218e-06
2.740000e+02 9.236246e-06
2.750000e+02 2.922558e-06
2.760000e+02 2.441797e-06
2.770000e+02 8.995747e-06
2.780000e+02 9.952720e-06
2.790000e+02 2.754226e-06
2.800000e+02 9.037841e-06
2.810000e+02 2.501489e-06
2.820000e+02 8.918290e-06
2.830000e+02 9.210560e-06
2.840000e+02 3.245285e-06
2.850000e+02 8.849888e-06
2.860000e+02 8.818650e-06
2.870000e+02 3.030573e-06
2.880000e+02 9.540540e-06
2.890000e+02 9.580999e-06
2.900000e+02 9.537693e-06
2.910000e+02 9.210087e-06
2.920000e+02 9.387405e-06
2.930000e+02 1.030419e-05
2.940000e+02 8.893811e-06
2.950000e+02 8.939749e-06
2.960000e+02 9.248827e-06
2.970000e+02 9.287684e-06
2.980000e+02 9.483768e-06
2.990000e+02 9.832204e-06
3.000000e+02 9.277959e-06
3.010000e+02 9.096765e-06
3.020000e+02 8.791400e-06
3.030000e+02 9.615647e-06
3.040000e+02 8.968040e-06
3.050000e+02 9.250750e-06
3.060000e+02 9.087967e-06
3.070000e+02 9.215286e-06
3.080000e+02 8.747723e-06
3.090000e+02 9.132328e-06
3.100000e+02 9.461023e-06
3.110000e+02 9.732828e-06
3.120000e+02 9.168644e-06
3.130000e+02 9.127664e-06
3.140000e+02 9.158038e-06
3.150000e+02 8.932533e-06
3.160000e+02 8.796166e-06
3.170000e+02 9.543735e-06
3.180000e+02 9.464318e-06
3.190000e+02 9.066922e-06
3.200000e+02 9.086604e-06
3.210000e+02 8.827416e-06
3.220000e+02 8.573102e-06
3.230000e+02 8.667566e-06
3.240000e+02 8.694221e-06
3.250000e+02 8.078373e-06
3.260000e+02 8.114597e-06
3.270000e+02 8.679182e-06
3.280000e+02 9.380299e-06
3.290000e+02 8.649775e-06
3.300000e+02 8.753559e-06
3.310000e+02 8.768891e-06
3.320000e+02 8.218790e-06
3.330000e+02 8.349313e-06
3.340000e+02 8.372899e-06
3.350000e+02 8.466063e-06
3.360000e+02 8.781629e-06
3.370000e+02 8.741749e-06
3.380000e+02 8.244529e-06
3.390000e+02 8.319926e-06
3.400000e+02 8.217455e-06
3.410000e+02 8.522937e-06
3.420000e+02 8.116754e-06
3.430000e+02 7.948742e-06
3.440000e+02 7.248147e-06
3.450000e+02 7.775186e-06
3.460000e+02 8.301806e-06
3.470000e+02 7.255173e-06
3.480000e+02 8.041814e-06
3.490000e+02 6.928761e-06
3.500000e+02 7.071951e-06
3.510000e+02 7.739095e-06
3.520000e+02 7.693471e-06
3.530000e+02 7.424525e-06
3.540000e+02 7.065000e-06
3.550000e+02 7.095298e-06
3.560000e+02 7.112001e-06
3.570000e+02 7.093847e-06
3.580000e+02 7.637945e-06
3.590000e+02 7.893586e-06
3.600000e+02 7.361269e-06
3.610000e+02 7.550251e-06
3.620000e+02 6.518386e-06
3.630000e+02 6.574473e-06
3.640000e+02 6.794071e-06
3.650000e+02 7.786163e-06
3.660000e+02 7.120124e-06
3.670000e+02 6.928903e-06
3.680000e+02 7.023942e-06
3.690000e+02 6.823004e-06
3.700000e+02 7.499521e-06
3.710000e+02 6.736564e-06
3.720000e+02 6.936922e-06
3.730000e+02 6.841434e-06
3.740000e+02 6.869652e-06
3.750000e+02 5.925147e-06
3.760000e+02 6.839489e-06
3.770000e+02 5.918245e-06
3.780000e+02 6.768123e-06
3.790000e+02 6.635518e-06
3.800000e+02 6.239021e-06
3.810000e+02 6.390707e-06
3.820000e+02 6.386308e-06
3.830000e+02 6.566708e-06
3.840000e+02 6.412098e-06
3.850000e+02 5.644856e-06
3.860000e+02 6.283627e-06
3.870000e+02 6.484505e-06
3.880000e+02 6.143100e-06
3.890000e+02 5.762435e-06
3.900000e+02 5.827241e-06
3.910000e+02 5.656025e-06
3.920000e+02 6.017931e-06
3.930000e+02 5.921115e-06
3.940000e+02 5.664150e-06
3.950000e+02 5.273889e-06
3.960000e+02 5.776749e-06
3.970000e+02 5.482019e-06
3.980000e+02 5.528377e-06
3.990000e+02 5.501066e-06
4.000000e+02 5.328233e-06
4.010000e+02 5.347609e-06
4.020000e+02 5.529917e-06
4.030000e+02 5.723886e-06
4.040000e+02 5.536051e-06
4.050000e+02 5.357631e-06
4.060000e+02 5.077254e-06
4.070000e+02 5.394854e-06
4.080000e+02 5.360595e-06
4.090000e+02 5.040758e-06
4.100000e+02 4.979397e-06
4.110000e+02 4.986398e-06
4.120000e+02 5.098599e-06
4.130000e+02 5.170081e-06
4.140000e+02 5.275159e-06
4.150000e+02 5.042467e-06
4.160000e+02 4.797505e-06
4.170000e+02 4.965224e-06
4.180000e+02 5.036738e-06
4.190000e+02 4.437512e-06
4.200000e+02 4.853797e-06
4.210000e+02 4.536659e-06
4.220000e+02 4.754914e-06
4.230000e+02 4.540436e-06
4.240000e+02 4.608623e-06
4.250000e+02 4.394238e-06
4.260000e+02 4.519022e-06
4.270000e+02 4.393577e-06
4.280000e+02 4.507406e-06
4.290000e+02 4.471861e-06
4.300000e+02 4.785156e-06
4.310000e+02 4.718107e-06
4.320000e+02 4.237404e-06
4.330000e+02 4.417607e-06
4.340000e+02 4.539979e-06
4.350000e+02 4.217847e-06
4.360000e+02 4.409020e-06
4.370000e+02 4.222338e-06
4.380000e+02 4.253190e-06
4.390000e+02 4.265931e-06
4.400000e+02 4.166257e-06
4.410000e+02 3.932692e-06
4.420000e+02 3.747936e-06
4.430000e+02 3.834186e-06
4.440000e+02 3.824899e-06
4.450000e+02 3.879466e-06
4.460000e+02 3.862966e-06
4.470000e+02 3.831632e-06
4.480000e+02 3.931203e-06
4.490000e+02 3.565835e-06
4.500000e+02 3.832817e-06
4.510000e+02 3.622696e-06
4.520000e+02 3.819875e-06
4.530000e+02 3.703467e-06
4.540000e+02 3.737031e-06
4.550000e+02 3.652036e-06
4.560000e+02 3.649436e-06
4.570000e+02 3.743783e-06
4.580000e+02 3.547371e-06
4.590000e+02 3.429691e-06
4.600000e+02 3.492916e-06
4.610000e+02 3.449828e-06
4.620000e+02 3.305230e-06
4.630000e+02 3.258957e-06
4.640000e+02 3.327952e-06
4.650000e+02 3.290946e-06
4.660000e+02 3.082265e-06
4.670000e+02 3.125425e-06
4.680000e+02 3.109003e-06
4.690000e+02 3.361515e-06
4.700000e+02 3.310359e-06
4.710000e+02 3.114282e-06
4.720000e+02 3.433805e-06
4.730000e+02 3.332949e-06
4.740000e+02 3.172235e-06
4.750000e+02 3.582922e-06
4.760000e+02 3.455760e-06
4.770000e+02 3.236515e-06
4.780000e+02 3.193707e-06
4.790000e+02 3.134904e-06
4.800000e+02 3.001045e-06
4.810000e+02 3.072570e-06
4.820000e+02 3.265551e-06
4.830000e+02 3.410322e-06
4.840000e+02 3.366844e-06
4.850000e+02 3.064762e-06
4.860000e+02 3.108132e-06
4.870000e+02 3.230228e-06
4.880000e+02 3.200831e-06
4.890000e+02 3.130983e-06
4.900000e+02 2.753812e-06
4.910000e+02 2.827350e-06
4.920000e+02 3.054447e-06
4.930000e+02 3.082317e-06
4.940000e+02 2.955421e-06
4.950000e+02 3.428767e-06
4.960000e+02 3.097244e-06
4.970000e+02 3.001244e-06
4.980000e+02 2.784015e-06
4.990000e+02 2.834786e-06
5.000000e+02 3.028389e-06
5.010000e+02 2.984988e-06
5.020000e+02 3.044976e-06
5.030000e+02 2.929864e-06
5.040000e+02 3.024293e-06
5.050000e+02 2.840317e-06
5.060000e+02 2.906634e-06
5.070000e+02 2.695897e-06
5.080000e+02 2.922890e-06
5.090000e+02 2.994033e-06
5.100000e+02 2.954246e-06
5.110000e+02 2.842767e-06
5.120000e+02 2.646042e-06
5.130000e+02 2.859581e-06
5.140000e+02 2.616809e-06
5.150000e+02 2.882420e-06
5.160000e+02 3.343726e-06
5.170000e+02 3.077237e-06
5.180000e+02 2.565341e-06
5.190000e+02 2.536266e-06
5.200000e+02 2.553263e-06
5.210000e+02 2.611202e-06
5.220000e+02 2.704367e-06
5.230000e+02 2.589765e-06
5.240000e+02 2.397413e-06
5.250000e+02 2.366269e-06
5.260000e+02 2.506311e-06
5.270000e+02 2.555607e-06
5.280000e+02 2.410551e-06
5.290000e+02 2.452239e-06
5.300000e+02 2.300633e-06
5.310000e+02 2.190709e-06
5.320000e+02 2.425282e-06
5.330000e+02 2.226483e-06
5.340000e+02 2.327070e-06
5.350000e+02 2.398801e-06
5.360000e+02 2.158095e-06
5.370000e+02 2.602858e-06
5.380000e+02 2.360038e-06
5.390000e+02 2.304340e-06
5.400000e+02 2.304651e-06
5.410000e+02 2.305342e-06
5.420000e+02 2.221426e-06
5.430000e+02 2.187375e-06
5.440000e+02 2.077507e-06
5.450000e+02 2.162040e-06
5.460000e+02 2.257772e-06
5.470000e+02 2.224605e-06
5.480000e+02 2.339382e-06
5.490000e+02 2.137872e-06
5.500000e+02 2.194330e-06
5.510000e+02 2.176440e-06
5.520000e+02 2.100421e-06
5.530000e+02 2.147912e-06
5.540000e+02 2.027820e-06
5.550000e+02 2.098067e-06
5.560000e+02 2.022630e-06
5.570000e+02 2.071500e-06
5.580000e+02 2.132017e-06
5.590000e+02 2.227828e-06
5.600000e+02 1.973223e-06
5.610000e+02 1.963727e-06
5.620000e+02 1.953063e-06
5.630000e+02 1.884358e-06
5.640000e+02 1.970754e-06
5.650000e+02 2.027684e-06
5.660000e+02 2.160215e-06
5.670000e+02 1.976472e-06
5.680000e+02 2.018009e-06
5.690000e+02 1.850002e-06
5.700000e+02 1.887218e-06
5.710000e+02 1.868687e-06
5.720000e+02 1.973641e-06
5.730000e+02 1.936385e-06
5.740000e+02 1.778765e-06
5.750000e+02 1.908604e-06
5.760000e+02 1.983564e-06
5.770000e+02 1.894206e-06
5.780000e+02 1.848098e-06
5.790000e+02 1.860525e-06
5.800000e+02 1.807433e-06
5.810000e+02 1.842181e-06
5.820000e+02 1.842147e-06
5.830000e+02 1.918780e-06
5.840000e+02 1.722467e-06
5.850000e+02 1.806597e-06
5.860000e+02 1.784040e-06
5.870000e+02 1.695968e-06
5.880000e+02 1.625926e-06
5.890000e+02 1.668245e-06
5.900000e+02 1.636494e-06
5.910000e+02 1.523214e-06
5.920000e+02 1.611548e-06
5.930000e+02 1.660422e-06
5.940000e+02 1.584696e-06
5.950000e+02 1.622197e-06
5.960000e+02 1.708633e-06
5.970000e+02 1.637276e-06
5.980000e+02 1.621953e-06
5.990000e+02 1.529095e-06
6.000000e+02 1.558359e-06
6.010000e+02 1.593740e-06
6.020000e+02 1.653523e-06
6.030000e+02 1.535607e-06
6.040000e+02 1.622391e-06
6.050000e+02 1.598150e-06
6.060000e+02 1.655666e-06
6.070000e+02 1.633226e-06
6.080000e+02 1.665889e-06
6.090000e+02 1.598430e-06
6.100000e+02 1.677779e-06
6.110000e+02 1.730048e-06
6.120000e+02 1.729410e-06
6.130000e+02 1.700905e-06
6.140000e+02 1.785349e-06
6.150000e+02 1.731577e-06
6.160000e+02 1.733924e-06
6.170000e+02 1.739174e-06
6.180000e+02 1.726531e-06
6.190000e+02 1.698297e-06
6.200000e+02 1.778056e-06
6.210000e+02 1.799472e-06
6.220000e+02 1.831916e-06
6.230000e+02 1.863907e-06
6.240000e+02 1.800421e-06
6.250000e+02 1.859945e-06
6.260000e+02 1.779496e-06
6.270000e+02 1.804092e-06
6.280000e+02 1.736523e-06
6.290000e+02 1.934651e-06
6.300000e+02 1.901222e-06
6.310000e+02 1.864545e-06
6.320000e+02 1.958599e-06
6.330000e+02 1.837865e-06
6.340000e+02 1.815631e-06
6.350000e+02 1.852209e-06
6.360000e+02 1.805539e-06
6.370000e+02 1.857832e-06
6.380000e+02 1.947737e-06
6.390000e+02 1.775612e-06
6.400000e+02 1.898569e-06
6.410000e+02 2.044288e-06
6.420000e+02 1.924977e-06
6.430000e+02 1.882707e-06
6.440000e+02 1.837732e-06
6.450000e+02 1.859620e-06
6.460000e+02 1.876959e-06
6.470000e+02 1.873386e-06
6.480000e+02 1.814895e-06
6.490000e+02 1.793450e-06
6.500000e+02 1.651693e-06
6.510000e+02 1.632698e-06
6.520000e+02 1.591097e-06
6.530000e+02 1.621933e-06
6.540000e+02 1.613895e-06
6.550000e+02 1.608589e-06
6.560000e+02 1.555473e-06
6.570000e+02 1.658777e-06
6.580000e+02 1.531020e-06
6.590000e+02 1.634725e-06
6.600000e+02 1.664656e-06
6.610000e+02 1.597518e-06
6.620000e+02 1.452716e-06
6.630000e+02 1.546096e-06
6.640000e+02 1.603940e-06
6.650000e+02 1.523478e-06
6.660000e+02 1.556580e-06
6.670000e+02 1.487549e-06
6.680000e+02 1.386043e-06
6.690000e+02 1.421867e-06
6.700000e+02 1.575339e-06
6.710000e+02 1.499664e-06
6.720000e+02 1.506044e-06
6.730000e+02 1.461918e-06
6.740000e+02 1.404742e-06
6.750000e+02 1.427484e-06
6.760000e+02 1.380965e-06
6.770000e+02 1.329173e-06
6.780000e+02 1.339953e-06
6.790000e+02 1.285464e-06
6.800000e+02 1.284586e-06
6.810000e+02 1.221888e-06
6.820000e+02 1.250950e-06
6.830000e+02 1.278761e-06
6.840000e+02 1.231911e-06
6.850000e+02 1.202523e-06
6.860000e+02 1.174120e-06
6.870000e+02 1.154373e-06
6.880000e+02 1.160823e-06
6.890000e+02 1.250666e-06
6.900000e+02 1.155513e-06
6.910000e+02 1.163285e-06
6.920000e+02 1.139682e-06
6.930000e+02 7.136207e-07
6.940000e+02 2.040335e-06
6.950000e+02 2.133727e-06
6.960000e+02 1.813047e-06
6.970000e+02 6.159285e-07
6.980000e+02 2.444980e-06
6.990000e+02 2.684071e-06
7.000000e+02 7.058942e-07
7.010000e+02 2.753068e-06
7.020000e+02 2.796345e-06
7.030000e+02 5.671750e-07
7.040000e+02 2.994383e-06
7.050000e+02 2.756648e-06
7.060000e+02 4.459648e-07
7.070000e+02 2.835456e-06
7.080000e+02 4.921822e-07
7.090000e+02 3.098105e-06
7.100000e+02 3.541892e-07
7.110000e+02 7.050942e-07
7.120000e+02 3.223706e-07
7.130000e+02 5.344565e-07
7.140000e+02 3.679877e-07
7.150000e+02 7.076574e-07
7.160000e+02 3.619604e-07
7.170000e+02 5.838770e-07
7.180000e+02 3.888361e-07
7.190000e+02 5.132130e-07
7.200000e+02 2.890194e-07
7.210000e+02 5.942058e-07
7.220000e+02 3.582655e-07
7.230000e+02 5.339851e-07
7.240000e+02 4.240498e-07
7.250000e+02 2.692948e-07
7.260000e+02 5.324845e-07
7.270000e+02 2.705506e-07
7.280000e+02 5.067179e-07
7.290000e+02 3.251323e-07
7.300000e+02 7.131852e-07
7.310000e+02 4.470552e-07
7.320000e+02 3.948329e-07
7.330000e+02 6.906576e-07
7.340000e+02 3.627042e-07
7.350000e+02 5.755160e-07
7.360000e+02 3.337992e-07
7.370000e+02 2.434253e-07
7.380000e+02 7.577937e-07
7.390000e+02 2.896079e-07
7.400000e+02 7.571622e-07
7.410000e+02 3.394637e-07
7.420000e+02 2.679237e-07
7.430000e+02 7.845450e-07
7.440000e+02 2.905340e-07
7.450000e+02 5.601815e-07
7.460000e+02 3.530754e-07
7.470000e+02 3.309874e-07
7.480000e+02 8.263949e-07
7.490000e+02 3.183957e-07
7.500000e+02 1.025220e-06
7.510000e+02 4.387683e-07
7.520000e+02 6.700883e-07
7.530000e+02 2.990159e-07
7.540000e+02 3.023717e-07
7.550000e+02 5.706686e-07
7.560000e+02 3.110613e-07
7.570000e+02 5.602055e-07
7.580000e+02 4.035424e-07
7.590000e+02 6.363744e-07
7.600000e+02 3.162980e-07
7.610000e+02 5.366205e-07
7.620000e+02 2.704980e-07
7.630000e+02 2.689176e-07
7.640000e+02 4.596618e-07
7.650000e+02 2.520984e-07
7.660000e+02 5.083665e-07
7.670000e+02 2.652201e-07
7.680000e+02 2.459266e-06
7.690000e+02 1.873658e-06
7.700000e+02 2.363317e-06
7.710000e+02 1.623371e-06
7.720000e+02 2.359119e-06
7.730000e+02 1.620296e-06
7.740000e+02 2.371196e-06
7.750000e+02 1.735416e-06
7.760000e+02 2.090817e-06
7.770000e+02 1.913572e-06
7.780000e+02 3.594833e-07
7.790000e+02 7.379622e-07
7.800000e+02 4.502719e-07
7.810000e+02 2.444732e-06
7.820000e+02 1.481191e-06
7.830000e+02 2.301994e-06
7.840000e+02 1.376657e-06
7.850000e+02 3.460006e-07
7.860000e+02 6.117293e-07
7.870000e+02 4.524889e-07
7.880000e+02 2.552384e-06
7.890000e+02 1.348754e-06
7.900000e+02 3.790769e-07
7.910000e+02 2.571336e-06
7.920000e+02 1.218499e-06
7.930000e+02 2.099671e-06
7.940000e+02 1.253077e-06
7.950000e+02 3.487819e-07
7.960000e+02 7.243251e-07
7.970000e+02 1.446606e-06
7.980000e+02 3.947666e-07
7.990000e+02 6.560367e-07
8.000000e+02 1.247922e-06
8.010000e+02 1.272497e-06
8.020000e+02 2.354041e-06
8.030000e+02 8.295239e-07
8.040000e+02 1.244057e-06
8.050000e+02 2.382283e-06
8.060000e+02 1.014345e-06
8.070000e+02 1.089291e-06
8.080000e+02 2.157673e-06
8.090000e+02 9.560273e-07
8.100000e+02 1.235324e-06
8.110000e+02 1.139629e-06
8.120000e+02 6.762982e-07
8.130000e+02 1.139567e-06
8.140000e+02 1.101468e-06
8.150000e+02 9.462308e-07
8.160000e+02 9.545867e-07
8.170000e+02 1.101192e-06
8.180000e+02 1.060163e-06
8.190000e+02 8.793532e-07
8.200000e+02 6.610252e-07
8.210000e+02 9.723922e-07
8.220000e+02 1.013309e-06
8.230000e+02 9.230163e-07
8.240000e+02 8.756601e-07
8.250000e+02 1.086017e-06
8.260000e+02 2.696241e-07
8.270000e+02 7.472978e-07
8.280000e+02 7.369624e-07
8.290000e+02 7.420367e-07
8.300000e+02 9.545365e-07
8.310000e+02 8.945782e-07
8.320000e+02 7.445948e-07
8.330000e+02 6.569805e-07
8.340000e+02 8.636636e-07
8.350000e+02 1.017226e-06
8.360000e+02 9.064676e-07
8.370000e+02 7.353550e-07
8.380000e+02 6.093547e-07
8.390000e+02 5.162758e-07
8.400000e+02 8.513607e-07
8.410000e+02 7.529373e-07
8.420000e+02 6.215140e-07
8.430000e+02 5.491672e-07
8.440000e+02 5.529998e-07
8.450000e+02 4.969358e-07
8.460000e+02 9.177425e-07
8.470000e+02 7.837548e-07
8.480000e+02 7.623585e-07
8.490000e+02 6.635910e-07
8.500000e+02 5.766663e-07
8.510000e+02 5.114576e-07
8.520000e+02 4.238821e-07
8.530000e+02 7.640607e-07
8.540000e+02 3.235978e-07
8.550000e+02 8.639801e-07
8.560000e+02 7.415813e-07
8.570000e+02 5.639104e-07
8.580000e+02 4.569208e-07
8.590000e+02 3.638951e-07
8.600000e+02 6.978415e-07
8.610000e+02 7.126987e-07
8.620000e+02 7.073380e-07
8.630000e+02 6.150436e-07
8.640000e+02 5.121657e-07
8.650000e+02 4.365311e-07
8.660000e+02 3.873637e-07
8.670000e+02 3.354674e-07
8.680000e+02 6.734940e-07
8.690000e+02 6.405466e-07
8.700000e+02 6.232198e-07
8.710000e+02 5.459692e-07
8.720000e+02 4.594045e-07
8.730000e+02 3.795972e-07
8.740000e+02 3.339566e-07
8.750000e+02 2.838863e-07
8.760000e+02 2.370138e-07
8.770000e+02 2.035234e-07
8.780000e+02 6.579381e-07
8.790000e+02 5.477644e-07
8.800000e+02 5.763834e-07
8.810000e+02 5.143953e-07
8.820000e+02 4.389758e-07
8.830000e+02 3.641776e-07
8.840000e+02 3.040042e-07
8.850000e+02 2.563143e-07
8.860000e+02 2.167965e-07
8.870000e+02 1.828510e-07
8.880000e+02 1.555941e-07
8.890000e+02 7.401425e-07
8.900000e+02 5.084230e-07
8.910000e+02 5.362953e-07
8.920000e+02 4.768251e-07
8.930000e+02 3.872250e-07
8.940000e+02 3.160998e-07
8.950000e+02 2.621160e-07
8.960000e+02 2.205921e-07
8.970000e+02 1.910438e-07
8.980000e+02 1.643048e-07
8.990000e+02 1.386756e-07
9.000000e+02 1.188247e-07
9.010000e+02 9.917795e-08
9.020000e+02 8.407823e-08
9.030000e+02 7.269621e-08
9.040000e+02 6.465451e-08
9.050000e+02 7.059782e-07
9.060000e+02 5.026759e-07
9.070000e+02 2.479274e-07
9.080000e+02 3.951596e-07
9.090000e+02 3.743405e-07
9.100000e+02 3.130977e-07
9.110000e+02 2.519622e-07
9.120000e+02 2.106728e-07
9.130000e+02 1.698283e-07
9.140000e+02 1.435752e-07
9.150000e+02 1.210322e-07
9.160000e+02 1.056063e-07
9.170000e+02 8.682611e-08
9.180000e+02 7.640091e-08
9.190000e+02 6.467950e-08
9.200000e+02 5.566003e-08
9.210000e+02 4.547239e-08
9.220000e+02 3.736373e-08
9.230000e+02 2.998951e-08
9.240000e+02 2.697676e-08
9.250000e+02 2.296927e-08
9.260000e+02 2.119341e-08
9.270000e+02 1.916214e-08
9.280000e+02 1.781420e-08
9.290000e+02 1.527459e-08
9.300000e+02 1.423417e-08
9.310000e+02 1.328617e-08
9.320000e+02 1.306058e-08
9.330000e+02 1.195860e-08
9.340000e+02 1.174693e-08
9.350000e+02 1.115920e-08
9.360000e+02 7.007697e-07
9.370000e+02 4.936208e-07
9.380000e+02 2.329114e-07
9.390000e+02 3.768139e-07
9.400000e+02 1.697637e-07
9.410000e+02 2.188911e-07
9.420000e+02 2.370458e-07
9.430000e+02 2.093272e-07
9.440000e+02 1.640370e-07
9.450000e+02 1.301594e-07
9.460000e+02 1.055333e-07
9.470000e+02 8.543139e-08
9.480000e+02 7.143810e-08
9.490000e+02 5.910513e-08
9.500000e+02 4.946343e-08
9.510000e+02 4.036189e-08
9.520000e+02 3.424280e-08
9.530000e+02 2.769212e-08
9.540000e+02 2.369765e-08
9.550000e+02 1.923506e-08
9.560000e+02 1.672841e-08
9.570000e+02 1.424216e-08
9.580000e+02 1.239528e-08
9.590000e+02 1.004483e-08
9.600000e+02 8.954348e-09
9.610000e+02 8.030106e-09
9.620000e+02 7.516707e-09
9.630000e+02 7.031081e-09
9.640000e+02 6.704892e-09
9.650000e+02 6.605298e-09
9.660000e+02 6.605489e-09
9.670000e+02 5.893270e-09
9.680000e+02 6.012120e-09
9.690000e+02 5.651031e-09
9.700000e+02 5.861231e-09
9.710000e+02 5.774968e-09
9.720000e+02 5.986093e-09
9.730000e+02 6.055925e-09
9.740000e+02 5.505310e-09
9.750000e+02 5.547719e-09
9.760000e+02 5.356613e-09
9.770000e+02 5.565926e-09
9.780000e+02 5.079962e-09
9.790000e+02 5.516821e-09
9.800000e+02 5.328872e-09
9.810000e+02 5.113217e-09
9.820000e+02 5.037009e-09
9.830000e+02 4.780757e-09
9.840000e+02 5.169620e-09
9.850000e+02 5.349325e-09
9.860000e+02 4.942321e-09
9.870000e+02 5.881276e-09
9.880000e+02 5.071037e-09
9.890000e+02 4.791973e-09
9.900000e+02 4.480808e-09
9.910000e+02 5.201465e-09
9.920000e+02 4.744614e-09
9.930000e+02 5.294742e-09
9.940000e+02 4.202374e-09
9.950000e+02 4.360361e-09
9.960000e+02 4.325870e-09
9.970000e+02 4.751608e-09
9.980000e+02 4.351725e-09
9.990000e+02 5.077048e-09
1.000000e+03 4.072513e-09
1.001000e+03 4.288148e-09
1.002000e+03 4.492492e-09
1.003000e+03 4.983490e-09
1.004000e+03 4.358344e-09
1.005000e+03 4.878224e-09
1.006000e+03 3.854013e-09
1.007000e+03 3.940930e-09
1.008000e+03 3.474330e-09
1.009000e+03 3.906175e-09
1.010000e+03 3.898754e-09
1.011000e+03 4.805037e-09
1.012000e+03 4.184021e-09
1.013000e+03 4.977396e-09
1.014000e+03 4.417592e-09
1.015000e+03 5.109696e-09
1.016000e+03 3.464131e-09
1.017000e+03 4.059915e-09
1.018000e+03 3.951245e-09
1.019000e+03 3.701117e-09
1.020000e+03 3.454305e-09
1.021000e+03 4.344618e-09
1.022000e+03 3.862294e-09
1.023000e+03 4.815914e-09
1.024000e+03 4.004687e-09
1.025000e+03 4.778236e-09
1.026000e+03 3.675871e-09
1.027000e+03 3.115626e-09
1.028000e+03 3.099303e-09
1.029000e+03 3.106878e-09
1.030000e+03 3.276953e-09
1.031000e+03 3.833226e-09
1.032000e+03 3.751231e-09
1.033000e+03 4.391639e-09
1.034000e+03 3.262601e-09
1.035000e+03 3.646732e-09
1.036000e+03 2.589392e-09
1.037000e+03 2.026904e-09
1.038000e+03 2.193485e-09
1.039000e+03 1.950806e-09
1.040000e+03 2.205574e-09
1.041000e+03 2.780005e-09
1.042000e+03 2.118355e-09
1.043000e+03 3.031307e-09
1.044000e+03 2.427034e-09
1.045000e+03 3.265293e-09
1.046000e+03 2.369508e-09
1.047000e+03 2.424306e-09
1.048000e+03 2.719893e-09
1.049000e+03 1.983666e-09
1.050000e+03 2.038066e-09
1.051000e+03 2.765663e-09
1.052000e+03 2.223762e-09
1.053000e+03 3.413051e-09
1.054000e+03 2.486708e-09
1.055000e+03 3.448784e-09
1.056000e+03 2.474600e-09
1.057000e+03 1.906203e-09
1.058000e+03 2.335085e-09
1.059000e+03 1.996558e-09
1.060000e+03 2.361626e-09
1.061000e+03 3.104627e-09
1.062000e+03 2.891822e-09
1.063000e+03 3.970482e-09
1.064000e+03 2.806964e-09
1.065000e+03 3.364121e-09
1.066000e+03 2.031617e-09
1.067000e+03 1.729322e-09
1.068000e+03 2.104908e-09
1.069000e+03 1.729739e-09
1.070000e+03 2.145795e-09
1.071000e+03 2.720327e-09
1.072000e+03 2.068200e-09
1.073000e+03 3.141821e-09
1.074000e+03 2.415137e-09
1.075000e+03 3.336515e-09
1.076000e+03 2.551932e-09
1.077000e+03 2.347230e-09
1.078000e+03 2.845976e-09
1.079000e+03 1.820784e-09
1.080000e+03 2.295701e-09
1.081000e+03 2.560356e-09
1.082000e+03 2.133647e-09
1.083000e+03 2.915936e-09
1.084000e+03 2.188693e-09
1.085000e+03 3.020641e-09
1.086000e+03 2.294347e-09
1.087000e+03 2.717846e-09
1.088000e+03 3.207967e-09
1.089000e+03 2.462277e-09
1.090000e+03 3.479851e-09
1.091000e+03 2.409779e-09
1.092000e+03 3.227551e-09
1.093000e+03 2.278508e-09
1.094000e+03 2.512411e-09
1.095000e+03 2.248946e-09
1.096000e+03 1.708221e-09
1.097000e+03 2.717358e-09
1.098000e+03 1.646604e-09
1.099000e+03 2.306431e-09
1.100000e+03 1.584143e-09
1.101000e+03 2.168090e-09
1.102000e+03 2.938528e-09
1.103000e+03 2.063400e-09
1.104000e+03 2.949909e-09
1.105000e+03 1.941207e-09
1.106000e+03 2.426434e-09
1.107000e+03 2.533212e-09
1.108000e+03 2.818618e-09
1.109000e+03 2.551830e-09
1.110000e+03 1.610388e-09
1.111000e+03 2.686256e-09
1.112000e+03 1.985162e-09
1.113000e+03 2.755197e-09
1.114000e+03 1.745471e-09
1.115000e+03 2.723163e-09
1.116000e+03 3.548524e-09
1.117000e+03 2.610628e-09
1.118000e+03 3.287088e-09
1.119000e+03 2.238683e-09
1.120000e+03 2.747026e-09
1.121000e+03 2.113710e-09
1.122000e+03 2.601808e-09
1.123000e+03 2.300635e-09
1.124000e+03 2.017353e-09
1.125000e+03 2.652316e-09
1.126000e+03 1.885032e-09
1.127000e+03 3.001512e-09
1.128000e+03 1.812797e-09
1.129000e+03 2.732058e-09
1.130000e+03 1.808993e-09
1.131000e+03 2.406776e-09
1.132000e+03 1.448660e-09
1.133000e+03 2.037017e-09
1.134000e+03 2.906688e-09
1.135000e+03 2.235008e-09
1.136000e+03 2.804354e-09
1.137000e+03 2.477906e-09
1.138000e+03 2.652886e-09
1.139000e+03 1.672103e-09
1.140000e+03 1.676937e-09
1.141000e+03 1.654589e-09
1.142000e+03 1.659289e-09
1.143000e+03 1.784530e-09
1.144000e+03 1.761201e-09
1.145000e+03 2.788236e-09
1.146000e+03 2.276851e-09
1.147000e+03 2.996328e-09
1.148000e+03 2.097817e-09
1.149000e+03 2.841832e-09
1.150000e+03 2.115060e-09
1.151000e+03 2.658199e-09
1.152000e+03 2.175876e-09
1.153000e+03 2.696127e-09
1.154000e+03 3.061698e-09
1.155000e+03 2.109055e-09
1.156000e+03 2.907180e-09
1.157000e+03 1.705429e-09
1.158000e+03 2.044355e-09
1.159000e+03 1.507722e-09
1.160000e+03 1.799342e-09
1.161000e+03 1.601204e-09
1.162000e+03 1.607853e-09
1.163000e+03 1.567374e-09
1.164000e+03 1.795985e-09
1.165000e+03 2.632609e-09
1.166000e+03 1.913937e-09
1.167000e+03 3.577348e-09
1.168000e+03 2.449911e-09
1.169000e+03 2.776068e-09
1.170000e+03 1.538202e-09
1.171000e+03 2.146688e-09
1.172000e+03 1.438084e-09
1.173000e+03 1.860618e-09
1.174000e+03 1.468003e-09
1.175000e+03 2.062087e-09
1.176000e+03 3.356000e-09
1.177000e+03 2.453970e-09
1.178000e+03 2.949018e-09
1.179000e+03 1.158474e-09
1.180000e+03 2.813566e-09
1.181000e+03 6.031023e-10
1.182000e+03 2.227853e-09
1.183000e+03 4.844840e-10
1.184000e+03 8.029888e-10
1.185000e+03 4.772873e-10
1.186000e+03 8.316620e-10
1.187000e+03 1.439213e-09
1.188000e+03 8.093027e-10
1.189000e+03 1.968639e-09
1.190000e+03 3.250067e-09
1.191000e+03 2.829788e-09
1.192000e+03 1.097789e-09
1.193000e+03 1.609633e-09
1.194000e+03 7.166627e-10
1.195000e+03 3.450226e-09
1.196000e+03 5.809554e-10
1.197000e+03 3.346308e-09
1.198000e+03 6.541987e-10
1.199000e+03 1.000498e-09
1.200000e+03 2.091041e-09
1.201000e+03 1.435625e-09
1.202000e+03 2.246033e-09
1.203000e+03 1.261901e-09
1.204000e+03 1.675300e-09
1.205000e+03 1.582975e-09
1.206000e+03 1.060751e-09
1.207000e+03 4.381845e-10
1.208000e+03 5.682573e-10
1.209000e+03 6.319313e-10
1.210000e+03 8.750246e-10
1.211000e+03 4.254432e-10
1.212000e+03 3.812022e-09
1.213000e+03 9.705200e-10
1.214000e+03 1.435721e-09
1.215000e+03 7.591764e-10
1.216000e+03 1.611032e-09
1.217000e+03 9.393981e-10
1.218000e+03 4.337927e-10
1.219000e+03 1.223089e-09
1.220000e+03 5.219735e-10
1.221000e+03 1.140538e-09
1.222000e+03 6.284013e-10
1.223000e+03 1.002078e-09
1.224000e+03 1.037878e-09
1.225000e+03 1.460615e-09
1.226000e+03 8.676665e-10
1.227000e+03 1.957287e-09
1.228000e+03 1.300435e-09
1.229000e+03 2.188192e-09
1.230000e+03 1.490922e-09
1.231000e+03 9.100177e-10
1.232000e+03 1.941592e-09
1.233000e+03 1.042160e-09
1.234000e+03 1.654071e-09
1.235000e+03 7.993009e-10
1.236000e+03 1.341180e-09
1.237000e+03 7.580059e-10
1.238000e+03 1.081175e-09
1.239000e+03 1.092506e-09
1.240000e+03 1.569487e-09
1.241000e+03 8.761890e-10
1.242000e+03 2.079129e-09
1.243000e+03 1.298040e-09
1.244000e+03 2.203629e-09
1.245000e+03 1.386096e-09
1.246000e+03 7.257470e-10
1.247000e+03 1.759288e-09
1.248000e+03 8.245899e-10
1.249000e+03 1.427437e-09
1.250000e+03 5.572591e-10
1.251000e+03 1.112541e-09
1.252000e+03 5.616628e-10
1.253000e+03 9.251379e-10
1.254000e+03 8.821651e-10
1.255000e+03 1.823866e-09
1.256000e+03 2.721050e-09
1.257000e+03 2.628234e-09
1.258000e+03 1.738865e-09
1.259000e+03 2.535691e-09
1.260000e+03 1.496002e-09
1.261000e+03 7.699293e-10
1.262000e+03 1.673532e-09
1.263000e+03 8.235312e-10
1.264000e+03 1.366198e-09
1.265000e+03 6.654758e-10
1.266000e+03 1.149830e-09
1.267000e+03 8.440519e-10
1.268000e+03 9.698831e-10
1.269000e+03 1.000781e-09
1.270000e+03 1.877232e-09
1.271000e+03 1.327351e-09
1.272000e+03 2.402358e-09
1.273000e+03 1.742514e-09
1.274000e+03 2.648373e-09
1.275000e+03 1.532205e-09
1.276000e+03 7.876689e-10
1.277000e+03 1.602820e-09
1.278000e+03 7.742787e-10
1.279000e+03 1.310193e-09
1.280000e+03 5.720077e-10
1.281000e+03 1.040379e-09
1.282000e+03 6.077743e-10
1.283000e+03 8.848006e-10
1.284000e+03 8.970205e-10
1.285000e+03 1.746403e-09
1.286000e+03 1.068116e-09
1.287000e+03 2.274123e-09
1.288000e+03 1.529903e-09
1.289000e+03 2.137308e-09
1.290000e+03 1.266415e-09
1.291000e+03 4.563013e-09
1.292000e+03 9.177900e-10
1.293000e+03 1.848085e-09
1.294000e+03 2.424921e-09
1.295000e+03 1.926840e-09
1.296000e+03 2.801734e-09
1.297000e+03 1.853770e-09
1.298000e+03 2.181793e-09
1.299000e+03 1.289306e-09
1.300000e+03 1.811366e-09
1.301000e+03 1.907005e-09
1.302000e+03 1.795840e-09
1.303000e+03 1.020059e-09
1.304000e+03 2.084608e-09
1.305000e+03 1.316967e-09
1.306000e+03 1.959932e-09
1.307000e+03 1.216439e-09
1.308000e+03 2.228261e-09
1.309000e+03 2.186086e-09
1.310000e+03 1.580856e-09
1.311000e+03 2.409043e-09
1.312000e+03 1.507766e-09
1.313000e+03 1.901089e-09
1.314000e+03 9.880064e-10
1.315000e+03 5.408817e-09
1.316000e+03 1.169281e-09
1.317000e+03 1.721885e-09
1.318000e+03 9.674991e-10
1.319000e+03 2.225250e-09
1.320000e+03 1.411241e-09
1.321000e+03 2.299719e-09
1.322000e+03 1.394215e-09
1.323000e+03 3.989512e-09
1.324000e+03 2.056997e-09
1.325000e+03 1.187221e-09
1.326000e+03 2.140487e-09
1.327000e+03 1.303894e-09
1.328000e+03 1.825113e-09
1.329000e+03 8.631927e-10
1.330000e+03 1.265381e-09
1.331000e+03 8.757822e-10
1.332000e+03 1.231645e-09
1.333000e+03 1.076423e-09
1.334000e+03 1.355043e-09
1.335000e+03 1.916944e-09
1.336000e+03 1.264177e-09
1.337000e+03 2.433906e-09
1.338000e+03 1.697614e-09
1.339000e+03 2.295967e-09
1.340000e+03 1.451194e-09
1.341000e+03 4.420752e-09
1.342000e+03 8.462832e-10
1.343000e+03 1.422531e-09
1.344000e+03 8.188967e-10
1.345000e+03 1.256102e-09
1.346000e+03 1.304265e-09
1.347000e+03 2.713690e-09
1.348000e+03 1.965551e-09
1.349000e+03 2.471397e-09
1.350000e+03 1.599678e-09
1.351000e+03 2.393850e-09
1.352000e+03 1.045011e-09
1.353000e+03 1.038768e-09
1.354000e+03 1.407357e-09
1.355000e+03 8.327746e-10
1.356000e+03 1.592924e-09
1.357000e+03 9.103572e-10
1.358000e+03 4.295325e-09
1.359000e+03 1.066560e-09
1.360000e+03 4.337440e-09
1.361000e+03 2.774503e-09
1.362000e+03 4.541010e-09
1.363000e+03 2.486815e-09
1.364000e+03 1.532809e-09
1.365000e+03 2.019987e-09
1.366000e+03 1.198413e-09
1.367000e+03 1.449219e-09
1.368000e+03 3.102978e-09
1.369000e+03 1.583375e-09
1.370000e+03 9.043862e-10
1.371000e+03 1.756501e-09
1.372000e+03 1.095239e-09
1.373000e+03 8.034239e-10
1.374000e+03 1.218384e-09
1.375000e+03 4.713648e-09
1.376000e+03 1.224202e-09
1.377000e+03 3.633411e-09
1.378000e+03 3.229268e-09
1.379000e+03 1.226700e-09
1.380000e+03 3.585170e-09
1.381000e+03 3.191541e-09
1.382000e+03 1.382083e-09
1.383000e+03 2.269447e-09
1.384000e+03 3.378530e-09
1.385000e+03 3.944337e-09
1.386000e+03 4.009429e-09
1.387000e+03 3.105282e-09
1.388000e+03 3.972075e-09
1.389000e+03 3.560459e-09
1.390000e+03 3.902354e-09
1.391000e+03 4.386382e-09
1.392000e+03 5.158954e-09
1.393000e+03 4.006795e-09
1.394000e+03 3.781830e-09
1.395000e+03 3.105392e-09
1.396000e+03 3.630066e-09
1.397000e+03 3.277789e-09
1.398000e+03 3.188219e-09
1.399000e+03 3.062768e-09
1.400000e+03 2.907157e-09
1.401000e+03 3.272428e-09
1.402000e+03 2.532821e-09
1.403000e+03 3.107469e-09
1.404000e+03 3.040132e-09
1.405000e+03 3.281485e-09
1.406000e+03 3.060926e-09
1.407000e+03 4.138541e-09
1.408000e+03 5.005393e-09
1.409000e+03 3.568453e-09
1.410000e+03 4.136956e-09
1.411000e+03 3.181638e-09
1.412000e+03 3.631134e-09
1.413000e+03 2.957024e-09
1.414000e+03 3.382520e-09
1.415000e+03 3.773398e-09
1.416000e+03 3.652220e-09
1.417000e+03 4.279077e-09
1.418000e+03 3.870661e-09
1.419000e+03 4.617297e-09
1.420000e+03 3.992880e-09
1.421000e+03 4.719923e-09
1.422000e+03 4.471511e-09
1.423000e+03 3.943289e-09
1.424000e+03 4.017578e-09
1.425000e+03 3.953092e-09
1.426000e+03 4.081646e-09
1.427000e+03 4.350509e-09
1.428000e+03 4.279667e-09
1.429000e+03 4.558952e-09
1.430000e+03 4.682839e-09
1.431000e+03 5.906984e-09
1.432000e+03 5.372135e-09
1.433000e+03 5.901550e-09
1.434000e+03 6.450776e-09
1.435000e+03 6.017227e-09
1.436000e+03 5.650147e-09
1.437000e+03 6.780011e-09
1.438000e+03 5.938275e-09
1.439000e+03 6.040805e-09
1.440000e+03 5.182710e-09
1.441000e+03 5.296471e-09
1.442000e+03 4.966373e-09
1.443000e+03 5.762426e-09
1.444000e+03 5.464956e-09
1.445000e+03 5.770048e-09
1.446000e+03 5.688087e-09
1.447000e+03 5.782523e-09
1.448000e+03 5.706839e-09
1.449000e+03 6.464272e-09
1.450000e+03 5.858307e-09
1.451000e+03 6.245553e-09
1.452000e+03 6.437135e-09
1.453000e+03 6.750609e-09
1.454000e+03 6.014074e-09
1.455000e+03 5.891937e-09
1.456000e+03 5.678446e-09
1.457000e+03 6.148829e-09
1.458000e+03 5.580402e-09
1.459000e+03 5.967019e-09
1.460000e+03 5.732101e-09
1.461000e+03 6.211846e-09
1.462000e+03 5.993450e-09
1.463000e+03 6.104962e-09
1.464000e+03 6.687503e-09
1.465000e+03 6.729611e-09
1.466000e+03 7.429757e-09
1.467000e+03 7.479392e-09
1.468000e+03 7.460673e-09
1.469000e+03 7.355454e-09
1.470000e+03 7.994986e-09
1.471000e+03 7.423273e-09
1.472000e+03 8.633198e-09
1.473000e+03 7.529589e-09
1.474000e+03 7.850949e-09
1.475000e+03 8.063958e-09
1.476000e+03 9.732998e-09
1.477000e+03 9.103017e-09
1.478000e+03 9.894185e-09
1.479000e+03 9.094600e-09
1.480000e+03 9.516818e-09
1.481000e+03 9.257486e-09
1.482000e+03 1.020598e-08
1.483000e+03 9.746760e-09
1.484000e+03 9.460420e-09
1.485000e+03 8.267478e-09
1.486000e+03 9.141469e-09
1.487000e+03 8.302165e-09
1.488000e+03 9.317217e-09
1.489000e+03 8.148467e-09
1.490000e+03 9.567871e-09
1.491000e+03 8.794074e-09
1.492000e+03 8.422090e-09
1.493000e+03 7.503947e-09
1.494000e+03 8.182402e-09
1.495000e+03 7.449724e-09
1.496000e+03 7.696357e-09
1.497000e+03 7.712223e-09
1.498000e+03 7.866182e-09
1.499000e+03 6.924679e-09
1.500000e+03 6.883385e-09
