Title ="THE FLUX ERR"
Variables=
iter
residual
1.000000e+00 1.023763e-04
2.000000e+00 1.279821e-03
3.000000e+00 1.620166e-03
4.000000e+00 7.156189e-04
5.000000e+00 6.284839e-04
6.000000e+00 9.152435e-05
7.000000e+00 6.933606e-04
8.000000e+00 4.403560e-04
9.000000e+00 5.268503e-05
1.000000e+01 3.026440e-05
1.100000e+01 1.411128e-05
1.200000e+01 1.734115e-04
1.300000e+01 1.522593e-04
1.400000e+01 1.983996e-04
1.500000e+01 2.872837e-05
1.600000e+01 1.109567e-04
1.700000e+01 7.424303e-05
1.800000e+01 5.577292e-05
1.900000e+01 3.963847e-05
2.000000e+01 1.630786e-05
2.100000e+01 1.941729e-05
2.200000e+01 2.247884e-05
2.300000e+01 1.068120e-05
2.400000e+01 1.155151e-05
2.500000e+01 1.019193e-05
2.600000e+01 7.501015e-06
2.700000e+01 2.915769e-05
2.800000e+01 3.941364e-06
2.900000e+01 8.124502e-06
3.000000e+01 7.444299e-06
3.100000e+01 1.158228e-05
3.200000e+01 1.010846e-05
3.300000e+01 6.948098e-06
3.400000e+01 1.023584e-05
3.500000e+01 8.850803e-07
3.600000e+01 1.759568e-06
3.700000e+01 1.012566e-05
3.800000e+01 1.320879e-06
3.900000e+01 1.754966e-06
4.000000e+01 8.527508e-06
4.100000e+01 2.172122e-06
4.200000e+01 2.350797e-06
4.300000e+01 2.351049e-06
4.400000e+01 3.377455e-06
4.500000e+01 2.113040e-06
4.600000e+01 3.485466e-06
4.700000e+01 1.625497e-05
4.800000e+01 9.504951e-06
4.900000e+01 1.569556e-05
5.000000e+01 1.047558e-05
5.100000e+01 1.021238e-05
5.200000e+01 6.518332e-06
5.300000e+01 1.200491e-05
5.400000e+01 1.137609e-05
5.500000e+01 9.685171e-06
5.600000e+01 1.265575e-05
5.700000e+01 1.075057e-05
5.800000e+01 1.001251e-05
5.900000e+01 1.336598e-05
6.000000e+01 1.301785e-05
6.100000e+01 1.012620e-05
6.200000e+01 1.403229e-05
6.300000e+01 1.753429e-05
6.400000e+01 1.521982e-05
6.500000e+01 1.272398e-05
6.600000e+01 8.676607e-06
6.700000e+01 8.883187e-06
6.800000e+01 8.788453e-06
6.900000e+01 1.118105e-05
7.000000e+01 6.833176e-06
7.100000e+01 9.159272e-06
7.200000e+01 8.991161e-06
7.300000e+01 1.232754e-05
7.400000e+01 1.259843e-05
7.500000e+01 6.533346e-06
7.600000e+01 1.142350e-05
7.700000e+01 7.598586e-06
7.800000e+01 9.315809e-06
7.900000e+01 9.568677e-06
8.000000e+01 1.046772e-05
8.100000e+01 9.274211e-06
8.200000e+01 6.832630e-06
8.300000e+01 1.081348e-05
8.400000e+01 7.456034e-06
8.500000e+01 1.277627e-05
8.600000e+01 7.561041e-06
8.700000e+01 1.095589e-05
8.800000e+01 9.052205e-06
8.900000e+01 6.962652e-06
9.000000e+01 7.029118e-06
9.100000e+01 8.929787e-06
9.200000e+01 5.332222e-06
9.300000e+01 6.128275e-06
9.400000e+01 5.549153e-06
9.500000e+01 7.158614e-06
9.600000e+01 6.741130e-06
9.700000e+01 4.267148e-06
9.800000e+01 4.424913e-06
9.900000e+01 6.103868e-06
1.000000e+02 5.420702e-06
1.010000e+02 5.157653e-06
1.020000e+02 5.807309e-06
1.030000e+02 6.156536e-06
1.040000e+02 6.567321e-06
1.050000e+02 3.301835e-05
1.060000e+02 9.115947e-06
1.070000e+02 2.971776e-05
1.080000e+02 4.033898e-05
1.090000e+02 6.192394e-06
1.100000e+02 3.910664e-05
1.110000e+02 3.991315e-05
1.120000e+02 4.206252e-05
1.130000e+02 4.486120e-05
1.140000e+02 3.679662e-05
1.150000e+02 4.460485e-05
1.160000e+02 3.635042e-05
1.170000e+02 4.167752e-05
1.180000e+02 4.228604e-05
1.190000e+02 4.766188e-05
1.200000e+02 4.456694e-05
1.210000e+02 4.093299e-05
1.220000e+02 3.972076e-05
1.230000e+02 4.235992e-05
1.240000e+02 4.525406e-05
1.250000e+02 4.774318e-05
1.260000e+02 5.428838e-05
1.270000e+02 5.697220e-05
1.280000e+02 6.177758e-05
1.290000e+02 6.060782e-05
1.300000e+02 6.576613e-05
1.310000e+02 6.792056e-05
1.320000e+02 6.340942e-05
1.330000e+02 5.351128e-05
1.340000e+02 6.001769e-05
1.350000e+02 6.126898e-05
1.360000e+02 5.937644e-05
1.370000e+02 5.612307e-05
1.380000e+02 5.909466e-05
1.390000e+02 5.753327e-05
1.400000e+02 5.498459e-05
1.410000e+02 5.179469e-05
1.420000e+02 4.819117e-05
1.430000e+02 4.512100e-05
1.440000e+02 5.349003e-05
1.450000e+02 4.822395e-05
1.460000e+02 5.415915e-05
1.470000e+02 4.680794e-05
1.480000e+02 4.269034e-05
1.490000e+02 3.588050e-05
1.500000e+02 3.503696e-05
1.510000e+02 3.425546e-05
1.520000e+02 3.438375e-05
1.530000e+02 3.321308e-05
1.540000e+02 3.380865e-05
1.550000e+02 2.857655e-05
1.560000e+02 2.634256e-05
1.570000e+02 3.050090e-05
1.580000e+02 3.221941e-05
1.590000e+02 3.134378e-05
1.600000e+02 3.521865e-05
1.610000e+02 3.923531e-05
1.620000e+02 4.001316e-05
1.630000e+02 3.528070e-05
1.640000e+02 3.305061e-05
1.650000e+02 4.604988e-05
1.660000e+02 4.434362e-05
1.670000e+02 4.675028e-05
1.680000e+02 4.347278e-05
1.690000e+02 4.945795e-05
1.700000e+02 6.606332e-05
1.710000e+02 8.787992e-05
1.720000e+02 7.026282e-05
1.730000e+02 7.095115e-05
1.740000e+02 6.635200e-05
1.750000e+02 7.083927e-05
1.760000e+02 8.449339e-06
1.770000e+02 5.549844e-05
1.780000e+02 6.606193e-05
1.790000e+02 1.009341e-05
1.800000e+02 6.189950e-05
1.810000e+02 6.061625e-05
1.820000e+02 6.620998e-05
1.830000e+02 6.021697e-05
1.840000e+02 5.766834e-06
1.850000e+02 7.356316e-06
1.860000e+02 7.053381e-06
1.870000e+02 5.579474e-05
1.880000e+02 4.288526e-05
1.890000e+02 9.883492e-06
1.900000e+02 9.464764e-06
1.910000e+02 5.126470e-06
1.920000e+02 7.356126e-06
1.930000e+02 8.957948e-06
1.940000e+02 8.537094e-06
1.950000e+02 9.394621e-06
1.960000e+02 8.401003e-06
1.970000e+02 8.489733e-06
1.980000e+02 4.304198e-05
1.990000e+02 7.929454e-06
2.000000e+02 7.577433e-06
2.010000e+02 9.213594e-06
2.020000e+02 4.017791e-05
2.030000e+02 1.109461e-05
2.040000e+02 7.882659e-06
2.050000e+02 8.652186e-06
2.060000e+02 4.129401e-05
2.070000e+02 8.891911e-06
2.080000e+02 4.019201e-05
2.090000e+02 3.309797e-05
2.100000e+02 2.805192e-05
2.110000e+02 2.236902e-05
2.120000e+02 1.944148e-05
2.130000e+02 1.458240e-05
2.140000e+02 1.707297e-05
2.150000e+02 1.900876e-05
2.160000e+02 1.756066e-05
2.170000e+02 2.290536e-05
2.180000e+02 2.416976e-05
2.190000e+02 2.711920e-05
2.200000e+02 3.720028e-05
2.210000e+02 4.385829e-05
2.220000e+02 4.707752e-05
2.230000e+02 5.115332e-06
2.240000e+02 4.623401e-05
2.250000e+02 5.442561e-06
2.260000e+02 4.249234e-05
2.270000e+02 5.380843e-06
2.280000e+02 4.811221e-05
2.290000e+02 5.383742e-06
2.300000e+02 6.433891e-06
2.310000e+02 5.311006e-06
2.320000e+02 5.413157e-06
2.330000e+02 9.447390e-06
2.340000e+02 7.162773e-06
2.350000e+02 5.311759e-06
2.360000e+02 3.833640e-05
2.370000e+02 4.041595e-05
2.380000e+02 1.016055e-05
2.390000e+02 1.169559e-05
2.400000e+02 9.505920e-06
2.410000e+02 9.214589e-06
2.420000e+02 9.629011e-06
2.430000e+02 3.879579e-05
2.440000e+02 8.726145e-06
2.450000e+02 1.341437e-05
2.460000e+02 1.154890e-05
2.470000e+02 5.802950e-06
2.480000e+02 6.261043e-06
2.490000e+02 7.811167e-06
2.500000e+02 9.262434e-06
2.510000e+02 6.424813e-06
2.520000e+02 9.442658e-06
2.530000e+02 8.026418e-06
2.540000e+02 9.095193e-06
2.550000e+02 8.986510e-06
2.560000e+02 8.207841e-06
2.570000e+02 6.510032e-06
2.580000e+02 6.321761e-06
2.590000e+02 4.529678e-06
2.600000e+02 5.509043e-06
2.610000e+02 6.469007e-06
2.620000e+02 6.433729e-06
2.630000e+02 9.304467e-06
2.640000e+02 7.469793e-06
2.650000e+02 7.195006e-06
2.660000e+02 6.514907e-06
2.670000e+02 8.358706e-06
2.680000e+02 4.705141e-06
2.690000e+02 6.328760e-06
2.700000e+02 4.834629e-06
2.710000e+02 5.428192e-06
2.720000e+02 3.500634e-06
2.730000e+02 3.278261e-06
2.740000e+02 3.275378e-06
2.750000e+02 1.826760e-05
2.760000e+02 1.624045e-05
2.770000e+02 1.647524e-05
2.780000e+02 1.718865e-05
2.790000e+02 1.162248e-05
2.800000e+02 1.050128e-05
2.810000e+02 1.182903e-05
2.820000e+02 1.262101e-05
2.830000e+02 6.898953e-06
2.840000e+02 1.005208e-05
2.850000e+02 8.484912e-06
2.860000e+02 6.995870e-06
2.870000e+02 7.232745e-06
2.880000e+02 6.634168e-06
2.890000e+02 6.370631e-06
2.900000e+02 6.204658e-06
2.910000e+02 5.694072e-06
2.920000e+02 5.653811e-06
2.930000e+02 6.643701e-06
2.940000e+02 6.495832e-06
2.950000e+02 5.229773e-06
2.960000e+02 6.785186e-06
2.970000e+02 6.937214e-06
2.980000e+02 7.146126e-06
2.990000e+02 6.804985e-06
3.000000e+02 8.150988e-06
3.010000e+02 8.283733e-06
3.020000e+02 8.478999e-06
3.030000e+02 1.204773e-05
3.040000e+02 9.439113e-06
3.050000e+02 9.149108e-06
3.060000e+02 8.575977e-06
3.070000e+02 1.072163e-05
3.080000e+02 1.125128e-05
3.090000e+02 1.289016e-05
3.100000e+02 1.220909e-05
3.110000e+02 1.227166e-05
3.120000e+02 1.271721e-05
3.130000e+02 1.544641e-05
3.140000e+02 1.429420e-05
3.150000e+02 1.450980e-05
3.160000e+02 1.492815e-05
3.170000e+02 1.525733e-05
3.180000e+02 1.496767e-05
3.190000e+02 1.132044e-05
3.200000e+02 1.290251e-05
3.210000e+02 1.335514e-05
3.220000e+02 1.467743e-05
3.230000e+02 1.634098e-05
3.240000e+02 1.654079e-05
3.250000e+02 1.530687e-05
3.260000e+02 1.582527e-05
3.270000e+02 1.548920e-05
3.280000e+02 1.705552e-05
3.290000e+02 1.844598e-05
3.300000e+02 1.768519e-05
3.310000e+02 1.780328e-05
3.320000e+02 1.945585e-05
3.330000e+02 1.808835e-05
3.340000e+02 1.726610e-05
3.350000e+02 1.725052e-05
3.360000e+02 2.413318e-06
3.370000e+02 1.393518e-05
3.380000e+02 2.568203e-06
3.390000e+02 1.921828e-05
3.400000e+02 3.263560e-06
3.410000e+02 2.042507e-05
3.420000e+02 2.010943e-05
3.430000e+02 3.426033e-06
3.440000e+02 2.085129e-05
3.450000e+02 3.265239e-06
3.460000e+02 1.895986e-05
3.470000e+02 2.314665e-05
3.480000e+02 1.501341e-05
3.490000e+02 1.217248e-05
3.500000e+02 1.913539e-05
3.510000e+02 2.072338e-05
3.520000e+02 1.779099e-05
3.530000e+02 1.874144e-05
3.540000e+02 1.404902e-05
3.550000e+02 1.401794e-05
3.560000e+02 1.412409e-05
3.570000e+02 1.208268e-05
3.580000e+02 1.140075e-05
3.590000e+02 1.429036e-05
3.600000e+02 1.372058e-05
3.610000e+02 1.544303e-05
3.620000e+02 1.138600e-05
3.630000e+02 1.405709e-05
3.640000e+02 8.822177e-06
3.650000e+02 7.735182e-06
3.660000e+02 1.036283e-05
3.670000e+02 1.125781e-05
3.680000e+02 1.242943e-05
3.690000e+02 1.225237e-05
3.700000e+02 1.169147e-05
3.710000e+02 1.227691e-05
3.720000e+02 8.870561e-06
3.730000e+02 8.856455e-06
3.740000e+02 9.214669e-06
3.750000e+02 6.922988e-06
3.760000e+02 5.789469e-06
3.770000e+02 5.607379e-06
3.780000e+02 5.651523e-06
3.790000e+02 7.891052e-06
3.800000e+02 8.786946e-06
3.810000e+02 8.124497e-06
3.820000e+02 7.363287e-06
3.830000e+02 4.395419e-06
3.840000e+02 5.193954e-06
3.850000e+02 6.589966e-06
3.860000e+02 4.126060e-06
3.870000e+02 4.210753e-06
3.880000e+02 4.115191e-06
3.890000e+02 5.278679e-06
3.900000e+02 4.046078e-06
3.910000e+02 3.785172e-06
3.920000e+02 3.829213e-06
3.930000e+02 3.753332e-06
3.940000e+02 3.773777e-06
3.950000e+02 3.388231e-06
3.960000e+02 3.286100e-06
3.970000e+02 3.012347e-06
3.980000e+02 2.951366e-06
3.990000e+02 2.992419e-06
4.000000e+02 2.921350e-06
4.010000e+02 2.775056e-06
4.020000e+02 2.810202e-06
4.030000e+02 2.784946e-06
4.040000e+02 2.769718e-06
4.050000e+02 2.659717e-06
4.060000e+02 2.602276e-06
4.070000e+02 2.737375e-06
4.080000e+02 2.753585e-06
4.090000e+02 2.825763e-06
4.100000e+02 2.753546e-06
4.110000e+02 3.168640e-06
4.120000e+02 2.998373e-06
4.130000e+02 2.754563e-06
4.140000e+02 2.911344e-06
4.150000e+02 2.959355e-06
4.160000e+02 2.478816e-06
4.170000e+02 3.284863e-06
4.180000e+02 3.308363e-06
4.190000e+02 3.511268e-06
4.200000e+02 3.418905e-06
4.210000e+02 3.709305e-06
4.220000e+02 3.767930e-06
4.230000e+02 4.026890e-06
4.240000e+02 4.329587e-06
4.250000e+02 3.805672e-06
4.260000e+02 3.729640e-06
4.270000e+02 4.300044e-06
4.280000e+02 4.661601e-06
4.290000e+02 4.352566e-06
4.300000e+02 4.256002e-06
4.310000e+02 4.288524e-06
4.320000e+02 4.152344e-06
4.330000e+02 5.030865e-06
4.340000e+02 5.665450e-07
4.350000e+02 4.839651e-06
4.360000e+02 5.322736e-07
4.370000e+02 4.356897e-06
4.380000e+02 4.383207e-06
4.390000e+02 4.258799e-06
4.400000e+02 4.177118e-06
4.410000e+02 4.415850e-06
4.420000e+02 4.494905e-06
4.430000e+02 3.495422e-06
4.440000e+02 3.043215e-06
4.450000e+02 3.037897e-06
4.460000e+02 3.248039e-06
4.470000e+02 3.361638e-06
4.480000e+02 3.080836e-06
4.490000e+02 3.106815e-06
4.500000e+02 3.220515e-06
4.510000e+02 3.207412e-06
4.520000e+02 3.129458e-06
4.530000e+02 2.815142e-06
4.540000e+02 2.725013e-06
4.550000e+02 3.117755e-06
4.560000e+02 3.179680e-06
4.570000e+02 3.072260e-06
4.580000e+02 3.054443e-06
4.590000e+02 3.142584e-06
4.600000e+02 2.953336e-06
4.610000e+02 2.958272e-06
4.620000e+02 2.775067e-06
4.630000e+02 2.986736e-06
4.640000e+02 2.898199e-06
4.650000e+02 2.691875e-06
4.660000e+02 2.877359e-06
4.670000e+02 2.772017e-06
4.680000e+02 2.773851e-06
4.690000e+02 2.410713e-06
4.700000e+02 2.662221e-06
4.710000e+02 2.478980e-06
4.720000e+02 2.944956e-06
4.730000e+02 3.414817e-06
4.740000e+02 3.171041e-06
4.750000e+02 3.005565e-06
4.760000e+02 2.727504e-06
4.770000e+02 3.033968e-06
4.780000e+02 2.528868e-06
4.790000e+02 2.015453e-06
4.800000e+02 1.996909e-06
4.810000e+02 2.152089e-06
4.820000e+02 2.109846e-06
4.830000e+02 2.119851e-06
4.840000e+02 2.044814e-06
4.850000e+02 1.962421e-06
4.860000e+02 1.885112e-06
4.870000e+02 2.008431e-06
4.880000e+02 2.172494e-06
4.890000e+02 2.180143e-06
4.900000e+02 2.148583e-06
4.910000e+02 2.201816e-06
4.920000e+02 2.144761e-06
4.930000e+02 2.107799e-06
4.940000e+02 2.124226e-06
4.950000e+02 1.962259e-06
4.960000e+02 1.696351e-06
4.970000e+02 1.615674e-06
4.980000e+02 1.886591e-06
4.990000e+02 1.773612e-06
5.000000e+02 1.412053e-06
5.010000e+02 1.362057e-06
5.020000e+02 1.592535e-06
5.030000e+02 1.415830e-06
5.040000e+02 1.248118e-06
5.050000e+02 1.316911e-06
5.060000e+02 1.163838e-06
5.070000e+02 3.229665e-06
5.080000e+02 1.266436e-06
5.090000e+02 1.399324e-06
5.100000e+02 2.689878e-06
5.110000e+02 1.198848e-06
5.120000e+02 1.085320e-06
5.130000e+02 2.724368e-06
5.140000e+02 1.276209e-06
5.150000e+02 1.252341e-06
5.160000e+02 2.484576e-06
5.170000e+02 1.277804e-06
5.180000e+02 1.235824e-06
5.190000e+02 2.199499e-06
5.200000e+02 1.218247e-06
5.210000e+02 1.210953e-06
5.220000e+02 2.154168e-06
5.230000e+02 1.260011e-06
5.240000e+02 1.810629e-06
5.250000e+02 1.320430e-06
5.260000e+02 1.268005e-06
5.270000e+02 1.582257e-06
5.280000e+02 1.129058e-06
5.290000e+02 1.428336e-06
5.300000e+02 1.235441e-06
5.310000e+02 1.100657e-06
5.320000e+02 1.371025e-06
5.330000e+02 1.028981e-06
5.340000e+02 1.274331e-06
5.350000e+02 1.087987e-06
5.360000e+02 1.275452e-06
5.370000e+02 1.074233e-06
5.380000e+02 1.203741e-06
5.390000e+02 1.036775e-06
5.400000e+02 9.254213e-07
5.410000e+02 1.269559e-06
5.420000e+02 9.029411e-07
5.430000e+02 1.153434e-06
5.440000e+02 9.501462e-07
5.450000e+02 1.002335e-06
5.460000e+02 9.494030e-07
5.470000e+02 1.055458e-06
5.480000e+02 8.827095e-07
5.490000e+02 1.053966e-06
5.500000e+02 8.362526e-07
5.510000e+02 1.001664e-06
5.520000e+02 8.828103e-07
5.530000e+02 1.098053e-06
5.540000e+02 1.157638e-06
5.550000e+02 1.018156e-06
5.560000e+02 1.080293e-06
5.570000e+02 9.235119e-07
5.580000e+02 1.353479e-06
5.590000e+02 7.883967e-07
5.600000e+02 1.098275e-06
5.610000e+02 7.977763e-07
5.620000e+02 1.011022e-06
5.630000e+02 1.033406e-06
5.640000e+02 9.158494e-07
5.650000e+02 9.427008e-07
5.660000e+02 8.603238e-07
5.670000e+02 9.921916e-07
5.680000e+02 9.817326e-07
5.690000e+02 8.678463e-07
5.700000e+02 8.951318e-07
5.710000e+02 8.628737e-07
5.720000e+02 8.537734e-07
5.730000e+02 9.153841e-07
5.740000e+02 8.611621e-07
5.750000e+02 9.186844e-07
5.760000e+02 7.628894e-07
5.770000e+02 8.135791e-07
5.780000e+02 8.106875e-07
5.790000e+02 7.381903e-07
5.800000e+02 8.391277e-07
5.810000e+02 7.513491e-07
5.820000e+02 7.453884e-07
5.830000e+02 6.842276e-07
5.840000e+02 7.598783e-07
5.850000e+02 6.931957e-07
5.860000e+02 6.784703e-07
5.870000e+02 7.172133e-07
5.880000e+02 6.391532e-07
5.890000e+02 6.163256e-07
5.900000e+02 5.692473e-07
5.910000e+02 8.303660e-07
5.920000e+02 5.835745e-07
5.930000e+02 5.201590e-07
5.940000e+02 7.025398e-07
5.950000e+02 5.382682e-07
5.960000e+02 5.108132e-07
5.970000e+02 4.540466e-07
5.980000e+02 8.320881e-07
5.990000e+02 4.697905e-07
6.000000e+02 5.187638e-07
6.010000e+02 4.784265e-07
6.020000e+02 8.617016e-07
6.030000e+02 4.385591e-07
6.040000e+02 3.949388e-07
6.050000e+02 3.410920e-07
6.060000e+02 7.401705e-08
6.070000e+02 3.939585e-07
6.080000e+02 3.497370e-07
6.090000e+02 7.188766e-08
6.100000e+02 4.032897e-07
6.110000e+02 3.439369e-07
6.120000e+02 3.049296e-07
6.130000e+02 7.915339e-08
6.140000e+02 3.047201e-07
6.150000e+02 3.225590e-07
6.160000e+02 2.945738e-07
6.170000e+02 8.305459e-08
6.180000e+02 2.784506e-07
6.190000e+02 2.527819e-07
6.200000e+02 2.347487e-07
6.210000e+02 7.704959e-08
6.220000e+02 3.149298e-07
6.230000e+02 2.723277e-07
6.240000e+02 6.472575e-08
6.250000e+02 3.237268e-07
6.260000e+02 2.907380e-07
6.270000e+02 2.686170e-07
6.280000e+02 6.884603e-08
6.290000e+02 3.365913e-07
6.300000e+02 2.891778e-07
6.310000e+02 6.154360e-08
6.320000e+02 3.354718e-07
6.330000e+02 2.919003e-07
6.340000e+02 2.580492e-07
6.350000e+02 5.491282e-08
6.360000e+02 3.259470e-07
6.370000e+02 2.957763e-07
6.380000e+02 6.859074e-08
6.390000e+02 3.366484e-07
6.400000e+02 3.164394e-07
6.410000e+02 6.887846e-08
6.420000e+02 3.513690e-07
6.430000e+02 3.218138e-07
6.440000e+02 7.401404e-08
6.450000e+02 5.140161e-08
6.460000e+02 8.122487e-08
6.470000e+02 6.591161e-08
6.480000e+02 3.294756e-07
6.490000e+02 8.258960e-08
6.500000e+02 3.681663e-07
6.510000e+02 3.287882e-07
6.520000e+02 8.714229e-08
6.530000e+02 3.958045e-07
6.540000e+02 8.745766e-08
6.550000e+02 4.347716e-07
6.560000e+02 3.756684e-07
6.570000e+02 5.890665e-08
6.580000e+02 4.615014e-08
6.590000e+02 9.512795e-08
6.600000e+02 3.590856e-08
6.610000e+02 3.670789e-08
6.620000e+02 1.216442e-07
6.630000e+02 3.410832e-08
6.640000e+02 1.170998e-07
6.650000e+02 3.368482e-08
6.660000e+02 3.390519e-08
6.670000e+02 1.062941e-07
6.680000e+02 3.684462e-08
6.690000e+02 8.225508e-08
6.700000e+02 3.654544e-08
6.710000e+02 3.328933e-08
6.720000e+02 9.590764e-08
6.730000e+02 3.198321e-08
6.740000e+02 8.197710e-08
6.750000e+02 3.520569e-08
6.760000e+02 3.089131e-08
6.770000e+02 8.829617e-08
6.780000e+02 3.075306e-08
6.790000e+02 7.470699e-08
6.800000e+02 3.441775e-08
6.810000e+02 3.049441e-08
6.820000e+02 9.164689e-08
6.830000e+02 3.468746e-08
6.840000e+02 2.856637e-08
6.850000e+02 8.627083e-08
6.860000e+02 3.194636e-08
6.870000e+02 3.624183e-08
6.880000e+02 1.228887e-07
6.890000e+02 4.506829e-08
6.900000e+02 1.251643e-07
6.910000e+02 4.895179e-08
6.920000e+02 4.992977e-08
6.930000e+02 1.297196e-07
6.940000e+02 3.481268e-08
6.950000e+02 3.121154e-08
6.960000e+02 1.059999e-07
6.970000e+02 4.463937e-08
6.980000e+02 3.303541e-08
6.990000e+02 1.263015e-07
7.000000e+02 3.152858e-08
7.010000e+02 3.206146e-08
7.020000e+02 1.235212e-07
7.030000e+02 2.825902e-08
7.040000e+02 2.691656e-08
7.050000e+02 1.064750e-07
7.060000e+02 3.066382e-08
7.070000e+02 3.085788e-08
7.080000e+02 1.004973e-07
7.090000e+02 3.453351e-08
7.100000e+02 2.887261e-08
7.110000e+02 1.193084e-07
7.120000e+02 3.299042e-08
7.130000e+02 2.904428e-08
7.140000e+02 1.174609e-07
7.150000e+02 3.162284e-08
7.160000e+02 1.434518e-07
7.170000e+02 2.250877e-07
7.180000e+02 3.233406e-08
7.190000e+02 2.671799e-08
7.200000e+02 2.517396e-08
7.210000e+02 1.209561e-07
7.220000e+02 2.704881e-08
7.230000e+02 2.429436e-08
7.240000e+02 1.089366e-07
7.250000e+02 2.511672e-08
7.260000e+02 1.980282e-08
7.270000e+02 1.023032e-07
7.280000e+02 2.235390e-08
7.290000e+02 2.081772e-08
7.300000e+02 1.881655e-08
7.310000e+02 1.059919e-07
7.320000e+02 1.993622e-08
7.330000e+02 1.869201e-08
7.340000e+02 1.057417e-07
7.350000e+02 2.179881e-08
7.360000e+02 2.018351e-08
7.370000e+02 2.202359e-07
7.380000e+02 9.072003e-08
7.390000e+02 1.876722e-08
7.400000e+02 2.456612e-07
7.410000e+02 8.597561e-08
7.420000e+02 2.243637e-08
7.430000e+02 2.449103e-07
7.440000e+02 9.337243e-08
7.450000e+02 2.022644e-08
7.460000e+02 2.435369e-07
7.470000e+02 2.250054e-07
7.480000e+02 1.064737e-07
7.490000e+02 2.495636e-07
7.500000e+02 2.325678e-07
7.510000e+02 1.015029e-07
7.520000e+02 2.185631e-08
7.530000e+02 2.411183e-07
7.540000e+02 2.170371e-07
7.550000e+02 9.310017e-08
7.560000e+02 2.453744e-07
7.570000e+02 2.238789e-07
7.580000e+02 1.924236e-07
7.590000e+02 9.886853e-08
7.600000e+02 2.348682e-07
7.610000e+02 2.171627e-07
7.620000e+02 9.034676e-08
7.630000e+02 2.507483e-07
7.640000e+02 2.229142e-07
7.650000e+02 1.948151e-07
7.660000e+02 7.808879e-08
7.670000e+02 2.208576e-07
7.680000e+02 1.992953e-07
7.690000e+02 6.857468e-08
7.700000e+02 2.266077e-07
7.710000e+02 2.034051e-07
7.720000e+02 1.803294e-07
7.730000e+02 6.723518e-08
7.740000e+02 2.164425e-07
7.750000e+02 1.926579e-07
7.760000e+02 1.715815e-07
7.770000e+02 6.241805e-08
7.780000e+02 2.078020e-07
7.790000e+02 2.006905e-07
7.800000e+02 1.772436e-07
7.810000e+02 6.350402e-08
7.820000e+02 1.866358e-07
7.830000e+02 1.653139e-07
7.840000e+02 6.117075e-08
7.850000e+02 1.996844e-07
7.860000e+02 1.757577e-07
7.870000e+02 1.528322e-07
7.880000e+02 5.980055e-08
7.890000e+02 1.833421e-07
7.900000e+02 1.717152e-07
7.910000e+02 1.526437e-07
7.920000e+02 5.917059e-08
7.930000e+02 1.834547e-07
7.940000e+02 1.651327e-07
7.950000e+02 1.467688e-07
7.960000e+02 5.111808e-08
7.970000e+02 1.803957e-07
7.980000e+02 1.663152e-07
7.990000e+02 1.463053e-07
8.000000e+02 1.333429e-07
8.010000e+02 5.003049e-08
8.020000e+02 1.680548e-07
8.030000e+02 1.450162e-07
8.040000e+02 1.299941e-07
8.050000e+02 4.971860e-08
8.060000e+02 1.649724e-07
8.070000e+02 1.469047e-07
8.080000e+02 1.307395e-07
8.090000e+02 4.955504e-08
8.100000e+02 1.636843e-07
8.110000e+02 1.470640e-07
8.120000e+02 1.305908e-07
8.130000e+02 1.169844e-07
8.140000e+02 4.648381e-08
8.150000e+02 1.521396e-07
8.160000e+02 1.355854e-07
8.170000e+02 1.204597e-07
8.180000e+02 1.097060e-07
8.190000e+02 4.411581e-08
8.200000e+02 1.421698e-07
8.210000e+02 1.263348e-07
8.220000e+02 1.117701e-07
8.230000e+02 1.009491e-07
8.240000e+02 4.359934e-08
8.250000e+02 1.389739e-07
8.260000e+02 1.247027e-07
8.270000e+02 1.113729e-07
8.280000e+02 1.013550e-07
8.290000e+02 3.462568e-07
8.300000e+02 1.288512e-07
8.310000e+02 1.216248e-07
8.320000e+02 1.166254e-07
8.330000e+02 1.065930e-07
8.340000e+02 4.419860e-08
8.350000e+02 1.421607e-07
8.360000e+02 1.277829e-07
8.370000e+02 1.158359e-07
8.380000e+02 1.045520e-07
8.390000e+02 9.842285e-08
8.400000e+02 4.522989e-08
8.410000e+02 1.390038e-07
8.420000e+02 1.263149e-07
8.430000e+02 1.105286e-07
8.440000e+02 1.002399e-07
8.450000e+02 9.202446e-08
8.460000e+02 4.514681e-08
8.470000e+02 1.319292e-07
8.480000e+02 1.208683e-07
8.490000e+02 1.083217e-07
8.500000e+02 9.846034e-08
8.510000e+02 9.052655e-08
8.520000e+02 4.410080e-08
8.530000e+02 1.282651e-07
8.540000e+02 1.181673e-07
8.550000e+02 1.056432e-07
8.560000e+02 9.573592e-08
8.570000e+02 8.781926e-08
8.580000e+02 8.158734e-08
8.590000e+02 4.379103e-08
8.600000e+02 1.201953e-07
8.610000e+02 1.067541e-07
8.620000e+02 9.513478e-08
8.630000e+02 8.633216e-08
8.640000e+02 7.851528e-08
8.650000e+02 7.025564e-08
8.660000e+02 3.460828e-08
8.670000e+02 1.025241e-07
8.680000e+02 9.386437e-08
8.690000e+02 9.857127e-08
8.700000e+02 8.966581e-08
8.710000e+02 8.191756e-08
8.720000e+02 7.167405e-08
8.730000e+02 3.463636e-08
8.740000e+02 1.119893e-07
8.750000e+02 1.018892e-07
8.760000e+02 8.963387e-08
8.770000e+02 8.016728e-08
8.780000e+02 7.259040e-08
8.790000e+02 6.659148e-08
8.800000e+02 5.987156e-08
8.810000e+02 3.394363e-08
8.820000e+02 9.238353e-08
8.830000e+02 8.485349e-08
8.840000e+02 7.617913e-08
8.850000e+02 7.449287e-08
8.860000e+02 6.797326e-08
8.870000e+02 6.318914e-08
8.880000e+02 6.134019e-08
8.890000e+02 5.807976e-08
8.900000e+02 4.283993e-08
8.910000e+02 1.022869e-07
8.920000e+02 9.272126e-08
8.930000e+02 8.237146e-08
8.940000e+02 7.421397e-08
8.950000e+02 6.776094e-08
8.960000e+02 6.269720e-08
8.970000e+02 5.881817e-08
8.980000e+02 5.571956e-08
8.990000e+02 3.559132e-08
9.000000e+02 9.064415e-08
9.010000e+02 8.467223e-08
9.020000e+02 7.735571e-08
9.030000e+02 6.998093e-08
9.040000e+02 6.161812e-08
9.050000e+02 5.733909e-08
9.060000e+02 5.411031e-08
9.070000e+02 5.141699e-08
9.080000e+02 4.915771e-08
9.090000e+02 3.468271e-08
9.100000e+02 8.276580e-08
9.110000e+02 7.680718e-08
9.120000e+02 6.965266e-08
9.130000e+02 6.385521e-08
9.140000e+02 7.186326e-08
9.150000e+02 6.940316e-08
9.160000e+02 6.296198e-08
9.170000e+02 5.499191e-08
9.180000e+02 5.108459e-08
9.190000e+02 4.795231e-08
9.200000e+02 9.310049e-08
9.210000e+02 9.483137e-08
9.220000e+02 1.053369e-07
9.230000e+02 9.362305e-08
9.240000e+02 8.186156e-08
9.250000e+02 7.240803e-08
9.260000e+02 6.507897e-08
9.270000e+02 5.965878e-08
9.280000e+02 5.558938e-08
9.290000e+02 5.144762e-08
9.300000e+02 4.820899e-08
9.310000e+02 4.539847e-08
9.320000e+02 1.002281e-07
9.330000e+02 7.107234e-08
9.340000e+02 7.014927e-08
9.350000e+02 6.330023e-08
9.360000e+02 5.591637e-08
9.370000e+02 5.145484e-08
9.380000e+02 4.793691e-08
9.390000e+02 4.516426e-08
9.400000e+02 4.949838e-08
9.410000e+02 4.828733e-08
9.420000e+02 4.551104e-08
9.430000e+02 4.283705e-08
9.440000e+02 4.062158e-08
9.450000e+02 3.868789e-08
9.460000e+02 1.009279e-07
9.470000e+02 6.485213e-08
9.480000e+02 6.349362e-08
9.490000e+02 5.643526e-08
9.500000e+02 5.225820e-08
9.510000e+02 4.809625e-08
9.520000e+02 4.517526e-08
9.530000e+02 4.269921e-08
9.540000e+02 4.056474e-08
9.550000e+02 3.877740e-08
9.560000e+02 3.869259e-08
9.570000e+02 3.746729e-08
9.580000e+02 3.630695e-08
9.590000e+02 3.538590e-08
9.600000e+02 3.456586e-08
9.610000e+02 4.035344e-08
9.620000e+02 6.727562e-08
9.630000e+02 6.232390e-08
9.640000e+02 5.532698e-08
9.650000e+02 4.990324e-08
9.660000e+02 4.545083e-08
9.670000e+02 4.084661e-08
9.680000e+02 3.841973e-08
9.690000e+02 3.654037e-08
9.700000e+02 3.492551e-08
9.710000e+02 3.285313e-08
9.720000e+02 3.166967e-08
9.730000e+02 3.010163e-08
9.740000e+02 2.921453e-08
9.750000e+02 2.844995e-08
9.760000e+02 2.784959e-08
9.770000e+02 2.480929e-08
9.780000e+02 2.438041e-08
9.790000e+02 3.581181e-08
9.800000e+02 5.977474e-08
9.810000e+02 5.421085e-08
9.820000e+02 4.753400e-08
9.830000e+02 4.451075e-08
9.840000e+02 4.142730e-08
9.850000e+02 3.813716e-08
9.860000e+02 3.495210e-08
9.870000e+02 3.103104e-08
9.880000e+02 2.900976e-08
9.890000e+02 2.748137e-08
9.900000e+02 2.615714e-08
9.910000e+02 2.499544e-08
9.920000e+02 2.401192e-08
9.930000e+02 2.311916e-08
9.940000e+02 2.244869e-08
9.950000e+02 2.194874e-08
9.960000e+02 2.135672e-08
9.970000e+02 2.093664e-08
9.980000e+02 2.062105e-08
9.990000e+02 2.019994e-08
1.000000e+03 1.988456e-08
1.001000e+03 3.564573e-08
1.002000e+03 5.592974e-08
1.003000e+03 5.785016e-08
1.004000e+03 5.007642e-08
1.005000e+03 4.390298e-08
1.006000e+03 3.952221e-08
1.007000e+03 3.344756e-08
1.008000e+03 3.064590e-08
1.009000e+03 2.815704e-08
1.010000e+03 2.608223e-08
1.011000e+03 2.456945e-08
1.012000e+03 2.301970e-08
1.013000e+03 2.184478e-08
1.014000e+03 2.096061e-08
1.015000e+03 2.005987e-08
1.016000e+03 1.940559e-08
1.017000e+03 1.893113e-08
1.018000e+03 1.844697e-08
1.019000e+03 1.802880e-08
1.020000e+03 1.768723e-08
1.021000e+03 1.740275e-08
1.022000e+03 1.922841e-08
1.023000e+03 1.910374e-08
1.024000e+03 1.872870e-08
1.025000e+03 1.837839e-08
1.026000e+03 1.630241e-08
1.027000e+03 1.611347e-08
1.028000e+03 1.593721e-08
1.029000e+03 4.259260e-08
1.030000e+03 5.448661e-08
1.031000e+03 5.061763e-08
1.032000e+03 4.406978e-08
1.033000e+03 3.881128e-08
1.034000e+03 3.463244e-08
1.035000e+03 2.984829e-08
1.036000e+03 2.696678e-08
1.037000e+03 2.455963e-08
1.038000e+03 2.292810e-08
1.039000e+03 2.136457e-08
1.040000e+03 2.010444e-08
1.041000e+03 1.892967e-08
1.042000e+03 1.799735e-08
1.043000e+03 1.733690e-08
1.044000e+03 1.662561e-08
1.045000e+03 1.612443e-08
1.046000e+03 1.565374e-08
1.047000e+03 1.536048e-08
1.048000e+03 1.503156e-08
1.049000e+03 1.465131e-08
1.050000e+03 1.443181e-08
1.051000e+03 1.413727e-08
1.052000e+03 1.394271e-08
1.053000e+03 1.377432e-08
1.054000e+03 1.365835e-08
1.055000e+03 1.345269e-08
1.056000e+03 1.350546e-08
1.057000e+03 1.469768e-08
1.058000e+03 1.448542e-08
1.059000e+03 1.479922e-08
1.060000e+03 1.456829e-08
1.061000e+03 1.306970e-08
1.062000e+03 1.281468e-08
1.063000e+03 1.258824e-08
1.064000e+03 3.940362e-08
1.065000e+03 5.301216e-08
1.066000e+03 4.891958e-08
1.067000e+03 4.187748e-08
1.068000e+03 3.649659e-08
1.069000e+03 3.229873e-08
1.070000e+03 2.876830e-08
1.071000e+03 2.579119e-08
1.072000e+03 2.332964e-08
1.073000e+03 2.124704e-08
1.074000e+03 1.979014e-08
1.075000e+03 1.836564e-08
1.076000e+03 1.726527e-08
1.077000e+03 1.638819e-08
1.078000e+03 1.570030e-08
1.079000e+03 1.502363e-08
1.080000e+03 1.451182e-08
1.081000e+03 1.405945e-08
1.082000e+03 1.368159e-08
1.083000e+03 1.337098e-08
1.084000e+03 1.333500e-08
1.085000e+03 1.308910e-08
1.086000e+03 1.304879e-08
1.087000e+03 1.275969e-08
1.088000e+03 1.270277e-08
1.089000e+03 1.240620e-08
1.090000e+03 1.222438e-08
1.091000e+03 1.206228e-08
1.092000e+03 1.206664e-08
1.093000e+03 1.181482e-08
1.094000e+03 1.169627e-08
1.095000e+03 1.161362e-08
1.096000e+03 1.153378e-08
1.097000e+03 1.131547e-08
1.098000e+03 1.126153e-08
1.099000e+03 1.110439e-08
1.100000e+03 1.105060e-08
1.101000e+03 1.097200e-08
1.102000e+03 1.088362e-08
1.103000e+03 9.811273e-09
1.104000e+03 9.925503e-09
1.105000e+03 9.757108e-09
1.106000e+03 9.651470e-09
1.107000e+03 9.716689e-09
1.108000e+03 9.528179e-09
1.109000e+03 9.504232e-09
1.110000e+03 9.639306e-09
1.111000e+03 9.435767e-09
1.112000e+03 9.272543e-09
1.113000e+03 3.189568e-08
1.114000e+03 9.606541e-09
1.115000e+03 4.386730e-08
1.116000e+03 3.899071e-08
1.117000e+03 3.382382e-08
1.118000e+03 3.000878e-08
1.119000e+03 2.667554e-08
1.120000e+03 2.371131e-08
1.121000e+03 2.107167e-08
1.122000e+03 1.953606e-08
1.123000e+03 1.770335e-08
1.124000e+03 1.610099e-08
1.125000e+03 1.483307e-08
1.126000e+03 1.376055e-08
1.127000e+03 1.391526e-08
1.128000e+03 1.328738e-08
1.129000e+03 1.260180e-08
1.130000e+03 1.173105e-08
1.131000e+03 1.136260e-08
1.132000e+03 1.104534e-08
1.133000e+03 1.075930e-08
1.134000e+03 1.055232e-08
1.135000e+03 1.031873e-08
1.136000e+03 1.014555e-08
1.137000e+03 1.004246e-08
1.138000e+03 9.865289e-09
1.139000e+03 9.773991e-09
1.140000e+03 9.609314e-09
1.141000e+03 9.528575e-09
1.142000e+03 9.425485e-09
1.143000e+03 9.318005e-09
1.144000e+03 8.018640e-09
1.145000e+03 8.027322e-09
1.146000e+03 7.938966e-09
1.147000e+03 7.977048e-09
1.148000e+03 7.715170e-09
1.149000e+03 7.723420e-09
1.150000e+03 8.372468e-09
1.151000e+03 8.367779e-09
1.152000e+03 8.368298e-09
1.153000e+03 8.216083e-09
1.154000e+03 8.105722e-09
1.155000e+03 8.170799e-09
1.156000e+03 8.012619e-09
1.157000e+03 7.932587e-09
1.158000e+03 8.000143e-09
1.159000e+03 7.909300e-09
1.160000e+03 7.838043e-09
1.161000e+03 7.779178e-09
1.162000e+03 7.656426e-09
1.163000e+03 7.629718e-09
1.164000e+03 7.631607e-09
1.165000e+03 7.657614e-09
1.166000e+03 7.482280e-09
1.167000e+03 7.653895e-09
1.168000e+03 7.675723e-09
1.169000e+03 7.592936e-09
1.170000e+03 7.598655e-09
1.171000e+03 7.591902e-09
1.172000e+03 7.491303e-09
1.173000e+03 7.495093e-09
1.174000e+03 7.469963e-09
1.175000e+03 7.455297e-09
1.176000e+03 7.355915e-09
1.177000e+03 7.393422e-09
1.178000e+03 7.331306e-09
1.179000e+03 7.236987e-09
1.180000e+03 7.171429e-09
1.181000e+03 7.144585e-09
1.182000e+03 7.202049e-09
1.183000e+03 7.212431e-09
1.184000e+03 3.272272e-08
1.185000e+03 1.231449e-08
1.186000e+03 8.566382e-09
1.187000e+03 5.051787e-09
1.188000e+03 4.466084e-09
1.189000e+03 2.849858e-08
1.190000e+03 2.627859e-08
1.191000e+03 2.312505e-08
1.192000e+03 2.018819e-08
1.193000e+03 1.768031e-08
1.194000e+03 1.570380e-08
1.195000e+03 1.403087e-08
1.196000e+03 1.260117e-08
1.197000e+03 1.149164e-08
1.198000e+03 1.058033e-08
1.199000e+03 9.818665e-09
1.200000e+03 9.227808e-09
1.201000e+03 8.782780e-09
1.202000e+03 8.285382e-09
1.203000e+03 8.062343e-09
1.204000e+03 7.739899e-09
1.205000e+03 7.559222e-09
1.206000e+03 7.365508e-09
1.207000e+03 7.278974e-09
1.208000e+03 7.022338e-09
1.209000e+03 6.896247e-09
1.210000e+03 6.877462e-09
1.211000e+03 6.655798e-09
1.212000e+03 6.509674e-09
1.213000e+03 6.552924e-09
1.214000e+03 6.444596e-09
1.215000e+03 6.425628e-09
1.216000e+03 6.403628e-09
1.217000e+03 6.331538e-09
1.218000e+03 6.105593e-09
1.219000e+03 6.189449e-09
1.220000e+03 6.095179e-09
1.221000e+03 6.040998e-09
1.222000e+03 6.084325e-09
1.223000e+03 5.938928e-09
1.224000e+03 5.862071e-09
1.225000e+03 5.619365e-09
1.226000e+03 5.545107e-09
1.227000e+03 5.525834e-09
1.228000e+03 5.444777e-09
1.229000e+03 5.385667e-09
1.230000e+03 5.290605e-09
1.231000e+03 5.523448e-09
1.232000e+03 5.362415e-09
1.233000e+03 5.277997e-09
1.234000e+03 4.956969e-09
1.235000e+03 4.917110e-09
1.236000e+03 4.924341e-09
1.237000e+03 5.103197e-09
1.238000e+03 5.089888e-09
1.239000e+03 5.107778e-09
1.240000e+03 5.071187e-09
1.241000e+03 5.072411e-09
1.242000e+03 4.958660e-09
1.243000e+03 5.132374e-09
1.244000e+03 4.963222e-09
1.245000e+03 4.682199e-09
1.246000e+03 4.691019e-09
1.247000e+03 4.784850e-09
1.248000e+03 4.703107e-09
1.249000e+03 5.030783e-09
1.250000e+03 4.864904e-09
1.251000e+03 4.967796e-09
1.252000e+03 4.896102e-09
1.253000e+03 4.864315e-09
1.254000e+03 4.948379e-09
1.255000e+03 5.066378e-09
1.256000e+03 4.816583e-09
1.257000e+03 4.751678e-09
1.258000e+03 4.725968e-09
1.259000e+03 4.775989e-09
1.260000e+03 4.679792e-09
1.261000e+03 4.807869e-09
1.262000e+03 4.804769e-09
1.263000e+03 4.642747e-09
1.264000e+03 4.726901e-09
1.265000e+03 4.637231e-09
1.266000e+03 4.597777e-09
1.267000e+03 4.754382e-09
1.268000e+03 4.610616e-09
1.269000e+03 4.663673e-09
1.270000e+03 4.644535e-09
1.271000e+03 4.641696e-09
1.272000e+03 4.540027e-09
1.273000e+03 4.848795e-09
1.274000e+03 4.489431e-09
1.275000e+03 5.231865e-09
1.276000e+03 5.291118e-09
1.277000e+03 5.173264e-09
1.278000e+03 5.221129e-09
1.279000e+03 5.344017e-09
1.280000e+03 5.152142e-09
1.281000e+03 5.023497e-09
1.282000e+03 5.162414e-09
1.283000e+03 5.112357e-09
1.284000e+03 5.010298e-09
1.285000e+03 5.180084e-09
1.286000e+03 5.132733e-09
1.287000e+03 5.119753e-09
1.288000e+03 5.031786e-09
1.289000e+03 4.934996e-09
1.290000e+03 4.876228e-09
1.291000e+03 5.032930e-09
1.292000e+03 4.885952e-09
1.293000e+03 4.867019e-09
1.294000e+03 4.890915e-09
1.295000e+03 4.778844e-09
1.296000e+03 4.852027e-09
1.297000e+03 4.975324e-09
1.298000e+03 4.764032e-09
1.299000e+03 2.969908e-08
1.300000e+03 1.483406e-08
1.301000e+03 9.903533e-09
1.302000e+03 5.818236e-09
1.303000e+03 4.435792e-09
1.304000e+03 3.985146e-09
1.305000e+03 3.604831e-09
1.306000e+03 2.077588e-08
1.307000e+03 1.891902e-08
1.308000e+03 1.644108e-08
1.309000e+03 1.433408e-08
1.310000e+03 1.250716e-08
1.311000e+03 1.111716e-08
1.312000e+03 9.945662e-09
1.313000e+03 8.868172e-09
1.314000e+03 8.084736e-09
1.315000e+03 7.656721e-09
1.316000e+03 7.118469e-09
1.317000e+03 6.807418e-09
1.318000e+03 6.484595e-09
1.319000e+03 6.181876e-09
1.320000e+03 6.015392e-09
1.321000e+03 5.861145e-09
1.322000e+03 5.544289e-09
1.323000e+03 5.435130e-09
1.324000e+03 5.304285e-09
1.325000e+03 5.118819e-09
1.326000e+03 4.903267e-09
1.327000e+03 5.043479e-09
1.328000e+03 4.831225e-09
1.329000e+03 4.767120e-09
1.330000e+03 4.676660e-09
1.331000e+03 4.730222e-09
1.332000e+03 4.507013e-09
1.333000e+03 4.618660e-09
1.334000e+03 4.452698e-09
1.335000e+03 4.421779e-09
1.336000e+03 4.412060e-09
1.337000e+03 4.310420e-09
1.338000e+03 4.264715e-09
1.339000e+03 4.391129e-09
1.340000e+03 4.190323e-09
1.341000e+03 4.170133e-09
1.342000e+03 4.236795e-09
1.343000e+03 4.225024e-09
1.344000e+03 4.265211e-09
1.345000e+03 4.242364e-09
1.346000e+03 3.929800e-09
1.347000e+03 3.951611e-09
1.348000e+03 3.840025e-09
1.349000e+03 3.848531e-09
1.350000e+03 3.841650e-09
1.351000e+03 3.854807e-09
1.352000e+03 3.724598e-09
1.353000e+03 3.706546e-09
1.354000e+03 3.720176e-09
1.355000e+03 3.679951e-09
1.356000e+03 3.688041e-09
1.357000e+03 3.823537e-09
1.358000e+03 3.650672e-09
1.359000e+03 3.626179e-09
1.360000e+03 3.675984e-09
1.361000e+03 3.639976e-09
1.362000e+03 3.722405e-09
1.363000e+03 3.666175e-09
1.364000e+03 3.593451e-09
1.365000e+03 3.605721e-09
1.366000e+03 3.640599e-09
1.367000e+03 3.591970e-09
1.368000e+03 3.521850e-09
1.369000e+03 3.685486e-09
1.370000e+03 3.562378e-09
1.371000e+03 3.519091e-09
1.372000e+03 3.538512e-09
1.373000e+03 3.495300e-09
1.374000e+03 3.500617e-09
1.375000e+03 3.573302e-09
1.376000e+03 3.621564e-09
1.377000e+03 3.474916e-09
1.378000e+03 3.464489e-09
1.379000e+03 3.464340e-09
1.380000e+03 3.432065e-09
1.381000e+03 3.560869e-09
1.382000e+03 3.483418e-09
1.383000e+03 3.432021e-09
1.384000e+03 3.461134e-09
1.385000e+03 3.423380e-09
1.386000e+03 3.311010e-09
1.387000e+03 3.363887e-09
1.388000e+03 3.407109e-09
1.389000e+03 3.340451e-09
1.390000e+03 3.343953e-09
1.391000e+03 3.290673e-09
1.392000e+03 3.340529e-09
1.393000e+03 3.343752e-09
1.394000e+03 3.288452e-09
1.395000e+03 3.337271e-09
1.396000e+03 3.255691e-09
1.397000e+03 3.339329e-09
1.398000e+03 3.384491e-09
1.399000e+03 3.452200e-09
1.400000e+03 3.195947e-09
1.401000e+03 3.198364e-09
1.402000e+03 3.268130e-09
1.403000e+03 3.168529e-09
1.404000e+03 3.112447e-09
1.405000e+03 3.210446e-09
1.406000e+03 3.158661e-09
1.407000e+03 3.308345e-09
1.408000e+03 3.211536e-09
1.409000e+03 3.171344e-09
1.410000e+03 3.055512e-09
1.411000e+03 3.144217e-09
1.412000e+03 3.081614e-09
1.413000e+03 3.135152e-09
1.414000e+03 3.155480e-09
1.415000e+03 3.063318e-09
1.416000e+03 3.128334e-09
1.417000e+03 3.177224e-09
1.418000e+03 3.006620e-09
1.419000e+03 3.027258e-09
1.420000e+03 3.014726e-09
1.421000e+03 3.011534e-09
1.422000e+03 2.979280e-09
1.423000e+03 3.091668e-09
1.424000e+03 2.973530e-09
1.425000e+03 2.983356e-09
1.426000e+03 2.960789e-09
1.427000e+03 2.977755e-09
1.428000e+03 2.955980e-09
1.429000e+03 3.000217e-09
1.430000e+03 2.964529e-09
1.431000e+03 2.948874e-09
1.432000e+03 2.925615e-09
1.433000e+03 3.130634e-09
1.434000e+03 3.018552e-09
1.435000e+03 3.124958e-09
1.436000e+03 3.034710e-09
1.437000e+03 2.984143e-09
1.438000e+03 3.052386e-09
1.439000e+03 3.081910e-09
1.440000e+03 3.114344e-09
1.441000e+03 3.163937e-09
1.442000e+03 3.002069e-09
1.443000e+03 3.137387e-09
1.444000e+03 3.051845e-09
1.445000e+03 2.959658e-09
1.446000e+03 3.082079e-09
1.447000e+03 3.000929e-09
1.448000e+03 2.942557e-09
1.449000e+03 2.926318e-09
1.450000e+03 2.931083e-09
1.451000e+03 2.937501e-09
1.452000e+03 2.975293e-09
1.453000e+03 3.038184e-09
1.454000e+03 2.903882e-09
1.455000e+03 2.930525e-09
1.456000e+03 2.954063e-09
1.457000e+03 2.890738e-09
1.458000e+03 2.867266e-09
1.459000e+03 2.936971e-09
1.460000e+03 2.864454e-09
1.461000e+03 2.884959e-09
1.462000e+03 2.875944e-09
1.463000e+03 2.805679e-09
1.464000e+03 2.792877e-09
1.465000e+03 2.948113e-09
1.466000e+03 2.803046e-09
1.467000e+03 2.783685e-09
1.468000e+03 2.968339e-09
1.469000e+03 3.017794e-09
1.470000e+03 2.911796e-09
1.471000e+03 2.894275e-09
1.472000e+03 2.839386e-09
1.473000e+03 2.789372e-09
1.474000e+03 2.751705e-09
1.475000e+03 2.867351e-09
1.476000e+03 2.746713e-09
1.477000e+03 2.809567e-09
1.478000e+03 2.771693e-09
1.479000e+03 2.787548e-09
1.480000e+03 2.770832e-09
1.481000e+03 2.751197e-09
1.482000e+03 2.715373e-09
1.483000e+03 2.807383e-09
1.484000e+03 2.701110e-09
1.485000e+03 2.723666e-09
1.486000e+03 3.896374e-08
1.487000e+03 1.073530e-08
1.488000e+03 8.305853e-09
1.489000e+03 5.778739e-09
1.490000e+03 3.024202e-08
1.491000e+03 2.780692e-08
1.492000e+03 2.369477e-08
1.493000e+03 2.010198e-08
1.494000e+03 1.719254e-08
1.495000e+03 1.447933e-08
1.496000e+03 1.227803e-08
1.497000e+03 1.048850e-08
1.498000e+03 9.081768e-09
1.499000e+03 7.886984e-09
1.500000e+03 6.971155e-09
1.501000e+03 6.326390e-09
1.502000e+03 5.818263e-09
1.503000e+03 5.410635e-09
1.504000e+03 5.075087e-09
1.505000e+03 4.685658e-09
1.506000e+03 4.406744e-09
1.507000e+03 4.247063e-09
1.508000e+03 4.024007e-09
1.509000e+03 3.912475e-09
1.510000e+03 3.846504e-09
1.511000e+03 3.632649e-09
1.512000e+03 3.576449e-09
1.513000e+03 3.446008e-09
1.514000e+03 3.401304e-09
1.515000e+03 3.295167e-09
1.516000e+03 3.173889e-09
1.517000e+03 3.106111e-09
1.518000e+03 3.016130e-09
1.519000e+03 3.027527e-09
1.520000e+03 2.999516e-09
1.521000e+03 2.929032e-09
1.522000e+03 2.893697e-09
1.523000e+03 2.834731e-09
1.524000e+03 2.860588e-09
1.525000e+03 3.139709e-09
1.526000e+03 2.937615e-09
1.527000e+03 2.891704e-09
1.528000e+03 2.869366e-09
1.529000e+03 2.825475e-09
1.530000e+03 2.803922e-09
1.531000e+03 2.858377e-09
1.532000e+03 2.824193e-09
1.533000e+03 2.791076e-09
1.534000e+03 2.743445e-09
1.535000e+03 2.744749e-09
1.536000e+03 2.840241e-09
1.537000e+03 2.790772e-09
1.538000e+03 2.633295e-09
1.539000e+03 2.652416e-09
1.540000e+03 2.616676e-09
1.541000e+03 2.623577e-09
1.542000e+03 2.708119e-09
1.543000e+03 2.674626e-09
1.544000e+03 2.635927e-09
1.545000e+03 2.552558e-09
1.546000e+03 2.544414e-09
1.547000e+03 2.553831e-09
1.548000e+03 2.522191e-09
1.549000e+03 2.606353e-09
1.550000e+03 2.564607e-09
1.551000e+03 2.490514e-09
1.552000e+03 2.540900e-09
1.553000e+03 2.539591e-09
1.554000e+03 2.555991e-09
1.555000e+03 2.587864e-09
1.556000e+03 2.503244e-09
1.557000e+03 2.512598e-09
1.558000e+03 2.607830e-09
1.559000e+03 2.549686e-09
1.560000e+03 2.499965e-09
1.561000e+03 2.620739e-09
1.562000e+03 2.508844e-09
1.563000e+03 2.489298e-09
1.564000e+03 2.702734e-09
1.565000e+03 2.707757e-09
1.566000e+03 2.775595e-09
1.567000e+03 2.782791e-09
1.568000e+03 2.733439e-09
1.569000e+03 2.675207e-09
1.570000e+03 2.795828e-09
1.571000e+03 2.761622e-09
1.572000e+03 2.716083e-09
1.573000e+03 2.739343e-09
1.574000e+03 2.745163e-09
1.575000e+03 2.707046e-09
1.576000e+03 2.722978e-09
1.577000e+03 2.767885e-09
1.578000e+03 2.703489e-09
1.579000e+03 2.738602e-09
1.580000e+03 2.624978e-09
1.581000e+03 2.666802e-09
1.582000e+03 2.658710e-09
1.583000e+03 2.603790e-09
1.584000e+03 2.664866e-09
1.585000e+03 2.695072e-09
1.586000e+03 2.685371e-09
1.587000e+03 2.830543e-09
1.588000e+03 2.743073e-09
1.589000e+03 2.695239e-09
1.590000e+03 2.781155e-09
1.591000e+03 2.795572e-09
1.592000e+03 2.667107e-09
1.593000e+03 2.720519e-09
1.594000e+03 2.692473e-09
1.595000e+03 2.749002e-09
1.596000e+03 2.636747e-09
1.597000e+03 2.688588e-09
1.598000e+03 2.651733e-09
1.599000e+03 2.734164e-09
1.600000e+03 2.782029e-09
1.601000e+03 2.649741e-09
1.602000e+03 2.586755e-09
1.603000e+03 2.673187e-09
1.604000e+03 2.680249e-09
1.605000e+03 2.656052e-09
1.606000e+03 2.658714e-09
1.607000e+03 2.578035e-09
1.608000e+03 2.678344e-09
1.609000e+03 2.732870e-09
1.610000e+03 2.493033e-09
1.611000e+03 2.520873e-09
1.612000e+03 2.507142e-09
1.613000e+03 2.502871e-09
1.614000e+03 2.494315e-09
1.615000e+03 2.610271e-09
1.616000e+03 2.473889e-09
1.617000e+03 2.482519e-09
1.618000e+03 2.486020e-09
1.619000e+03 2.525470e-09
1.620000e+03 2.468137e-09
1.621000e+03 2.563585e-09
1.622000e+03 2.451775e-09
1.623000e+03 2.441695e-09
1.624000e+03 2.454168e-09
1.625000e+03 2.426854e-09
1.626000e+03 2.432945e-09
1.627000e+03 2.479315e-09
1.628000e+03 2.381840e-09
1.629000e+03 2.392440e-09
1.630000e+03 2.429824e-09
1.631000e+03 2.444560e-09
1.632000e+03 2.583466e-09
1.633000e+03 2.608535e-09
1.634000e+03 2.386659e-09
1.635000e+03 2.469070e-09
1.636000e+03 2.373856e-09
1.637000e+03 2.382303e-09
1.638000e+03 2.478218e-09
1.639000e+03 2.392688e-09
1.640000e+03 2.335140e-09
1.641000e+03 2.347638e-09
1.642000e+03 2.348358e-09
1.643000e+03 2.324840e-09
1.644000e+03 2.330590e-09
1.645000e+03 2.399499e-09
1.646000e+03 2.382227e-09
1.647000e+03 2.368356e-09
1.648000e+03 2.415009e-09
1.649000e+03 2.270093e-09
1.650000e+03 2.326971e-09
1.651000e+03 2.245968e-09
1.652000e+03 2.202564e-09
1.653000e+03 2.222802e-09
1.654000e+03 2.228780e-09
1.655000e+03 2.191298e-09
1.656000e+03 2.214610e-09
1.657000e+03 2.317447e-09
1.658000e+03 2.269399e-09
1.659000e+03 2.185579e-09
1.660000e+03 2.248340e-09
1.661000e+03 2.147328e-09
1.662000e+03 2.243613e-09
1.663000e+03 2.229772e-09
1.664000e+03 2.287089e-09
1.665000e+03 2.248167e-09
1.666000e+03 2.144259e-09
1.667000e+03 2.195225e-09
1.668000e+03 2.133011e-09
1.669000e+03 2.214342e-09
1.670000e+03 2.228971e-09
1.671000e+03 2.137525e-09
1.672000e+03 2.151468e-09
1.673000e+03 2.091149e-09
1.674000e+03 2.101968e-09
1.675000e+03 2.154083e-09
1.676000e+03 2.098456e-09
1.677000e+03 2.117230e-09
1.678000e+03 2.151970e-09
1.679000e+03 2.128343e-09
1.680000e+03 2.199426e-09
1.681000e+03 2.122051e-09
1.682000e+03 2.070347e-09
1.683000e+03 2.180124e-09
1.684000e+03 2.082774e-09
1.685000e+03 2.143162e-09
1.686000e+03 2.200415e-09
1.687000e+03 2.180989e-09
1.688000e+03 2.067544e-09
1.689000e+03 2.108402e-09
1.690000e+03 2.066395e-09
1.691000e+03 2.046368e-09
1.692000e+03 2.007171e-09
1.693000e+03 2.112800e-09
1.694000e+03 2.033385e-09
1.695000e+03 2.207066e-09
1.696000e+03 2.078765e-09
1.697000e+03 2.040017e-09
1.698000e+03 2.006926e-09
1.699000e+03 2.054311e-09
1.700000e+03 2.017752e-09
1.701000e+03 2.046168e-09
1.702000e+03 2.063589e-09
1.703000e+03 2.039758e-09
1.704000e+03 2.150981e-09
1.705000e+03 2.143356e-09
1.706000e+03 1.974030e-09
1.707000e+03 1.946416e-09
1.708000e+03 1.957765e-09
1.709000e+03 1.986626e-09
1.710000e+03 1.985203e-09
1.711000e+03 2.100187e-09
1.712000e+03 2.063006e-09
1.713000e+03 2.059685e-09
1.714000e+03 2.040968e-09
1.715000e+03 2.117468e-09
1.716000e+03 2.041255e-09
1.717000e+03 2.138102e-09
1.718000e+03 2.121392e-09
1.719000e+03 2.040171e-09
1.720000e+03 2.006832e-09
1.721000e+03 2.131072e-09
1.722000e+03 2.037926e-09
1.723000e+03 2.078993e-09
1.724000e+03 2.040821e-09
1.725000e+03 2.005200e-09
1.726000e+03 2.054454e-09
1.727000e+03 2.061754e-09
1.728000e+03 2.077782e-09
1.729000e+03 2.067693e-09
1.730000e+03 2.043935e-09
1.731000e+03 2.069769e-09
1.732000e+03 1.981349e-09
1.733000e+03 1.962862e-09
1.734000e+03 2.086255e-09
1.735000e+03 2.039413e-09
1.736000e+03 2.000564e-09
1.737000e+03 1.936461e-09
1.738000e+03 1.957876e-09
1.739000e+03 1.896214e-09
1.740000e+03 2.019613e-09
1.741000e+03 2.036541e-09
1.742000e+03 1.968479e-09
1.743000e+03 1.902651e-09
1.744000e+03 1.964108e-09
1.745000e+03 1.909386e-09
1.746000e+03 1.960587e-09
1.747000e+03 1.930881e-09
1.748000e+03 1.908646e-09
1.749000e+03 1.899996e-09
1.750000e+03 1.932035e-09
1.751000e+03 1.867386e-09
1.752000e+03 1.858601e-09
1.753000e+03 1.980286e-09
1.754000e+03 1.890438e-09
1.755000e+03 1.881595e-09
1.756000e+03 1.901970e-09
1.757000e+03 1.840369e-09
1.758000e+03 1.972204e-09
1.759000e+03 1.941943e-09
1.760000e+03 1.958286e-09
1.761000e+03 1.900302e-09
1.762000e+03 1.840211e-09
1.763000e+03 1.837972e-09
1.764000e+03 1.861208e-09
1.765000e+03 1.881057e-09
1.766000e+03 1.830874e-09
1.767000e+03 1.892828e-09
1.768000e+03 1.887423e-09
1.769000e+03 1.854018e-09
1.770000e+03 1.819334e-09
1.771000e+03 1.833410e-09
1.772000e+03 1.821881e-09
1.773000e+03 1.853819e-09
1.774000e+03 1.839712e-09
1.775000e+03 1.880630e-09
1.776000e+03 1.997631e-09
1.777000e+03 2.001252e-09
1.778000e+03 1.828339e-09
1.779000e+03 1.965214e-09
1.780000e+03 1.827268e-09
1.781000e+03 1.801996e-09
1.782000e+03 3.612643e-08
1.783000e+03 8.535890e-09
1.784000e+03 6.390138e-09
1.785000e+03 4.764760e-09
1.786000e+03 4.033665e-09
1.787000e+03 2.505726e-08
1.788000e+03 2.262364e-08
1.789000e+03 1.930372e-08
1.790000e+03 1.635572e-08
1.791000e+03 1.379616e-08
1.792000e+03 1.167716e-08
1.793000e+03 9.729916e-09
1.794000e+03 8.105113e-09
1.795000e+03 7.015425e-09
1.796000e+03 6.031420e-09
1.797000e+03 5.369158e-09
1.798000e+03 4.842255e-09
1.799000e+03 4.368568e-09
1.800000e+03 4.059653e-09
