Title ="THE FLUX ERR"
Variables=
iter
residual
1.000000e+00 1.920916e-04
2.000000e+00 9.047797e-04
3.000000e+00 5.238755e-04
4.000000e+00 5.030485e-04
5.000000e+00 3.150911e-05
6.000000e+00 1.304087e-04
7.000000e+00 1.135792e-04
8.000000e+00 1.744546e-05
9.000000e+00 1.836173e-05
1.000000e+01 2.639143e-04
1.100000e+01 4.968597e-04
1.200000e+01 4.166986e-05
1.300000e+01 2.701927e-04
1.400000e+01 3.056945e-05
1.500000e+01 2.616386e-04
1.600000e+01 1.974589e-04
1.700000e+01 9.784977e-05
1.800000e+01 7.095422e-05
1.900000e+01 5.435620e-05
2.000000e+01 4.140121e-05
2.100000e+01 3.919925e-05
2.200000e+01 2.818751e-05
2.300000e+01 2.728347e-05
2.400000e+01 2.740951e-05
2.500000e+01 1.980014e-05
2.600000e+01 1.745889e-05
2.700000e+01 1.898948e-05
2.800000e+01 1.687210e-05
2.900000e+01 2.433625e-05
3.000000e+01 1.401996e-05
3.100000e+01 1.013923e-05
3.200000e+01 2.266764e-05
3.300000e+01 3.919200e-05
3.400000e+01 3.114217e-06
3.500000e+01 2.639075e-06
3.600000e+01 3.217399e-06
3.700000e+01 2.927520e-06
3.800000e+01 3.167809e-06
3.900000e+01 2.244023e-05
4.000000e+01 3.042260e-06
4.100000e+01 4.569985e-06
4.200000e+01 3.710955e-06
4.300000e+01 1.562572e-05
4.400000e+01 3.904485e-06
4.500000e+01 2.156780e-06
4.600000e+01 1.392412e-05
4.700000e+01 3.059696e-05
4.800000e+01 6.894179e-06
4.900000e+01 2.433039e-05
5.000000e+01 2.763308e-05
5.100000e+01 2.113895e-05
5.200000e+01 2.799658e-05
5.300000e+01 1.373557e-05
5.400000e+01 2.215708e-05
5.500000e+01 7.477115e-06
5.600000e+01 1.157292e-05
5.700000e+01 1.761179e-05
5.800000e+01 2.229797e-05
5.900000e+01 1.828230e-05
6.000000e+01 1.853790e-05
6.100000e+01 2.274749e-05
6.200000e+01 1.966632e-05
6.300000e+01 2.897414e-05
6.400000e+01 1.726947e-05
6.500000e+01 2.096317e-05
6.600000e+01 2.002544e-05
6.700000e+01 1.890730e-05
6.800000e+01 2.887771e-05
6.900000e+01 3.373327e-05
7.000000e+01 1.946094e-05
7.100000e+01 1.732488e-05
7.200000e+01 1.814018e-05
7.300000e+01 1.623986e-05
7.400000e+01 1.129915e-05
7.500000e+01 1.092376e-05
7.600000e+01 1.812361e-05
7.700000e+01 6.907415e-06
7.800000e+01 1.010073e-05
7.900000e+01 1.977897e-05
8.000000e+01 1.828306e-05
8.100000e+01 2.478268e-05
8.200000e+01 1.350047e-05
8.300000e+01 2.151741e-05
8.400000e+01 2.070989e-05
8.500000e+01 1.774423e-05
8.600000e+01 1.943590e-05
8.700000e+01 1.891913e-05
8.800000e+01 2.649707e-05
8.900000e+01 1.549821e-05
9.000000e+01 3.508604e-05
9.100000e+01 1.562603e-05
9.200000e+01 1.100781e-05
9.300000e+01 1.231116e-05
9.400000e+01 9.101853e-06
9.500000e+01 1.214923e-05
9.600000e+01 1.052679e-05
9.700000e+01 6.275539e-06
9.800000e+01 6.007297e-06
9.900000e+01 9.223587e-06
1.000000e+02 1.522886e-05
1.010000e+02 8.871456e-06
1.020000e+02 7.856553e-06
1.030000e+02 1.224313e-05
1.040000e+02 1.099418e-05
1.050000e+02 7.447271e-05
1.060000e+02 7.714890e-05
1.070000e+02 1.004616e-05
1.080000e+02 7.852274e-05
1.090000e+02 8.273451e-05
1.100000e+02 8.425738e-05
1.110000e+02 8.373315e-05
1.120000e+02 9.292965e-05
1.130000e+02 8.583127e-05
1.140000e+02 7.646188e-05
1.150000e+02 8.619409e-05
1.160000e+02 9.427114e-05
1.170000e+02 7.771273e-05
1.180000e+02 8.618471e-05
1.190000e+02 7.941053e-05
1.200000e+02 1.133567e-04
1.210000e+02 8.485507e-05
1.220000e+02 8.367141e-05
1.230000e+02 8.623008e-05
1.240000e+02 1.025801e-04
1.250000e+02 1.043578e-04
1.260000e+02 1.151138e-04
1.270000e+02 1.162672e-04
1.280000e+02 1.134423e-04
1.290000e+02 1.047216e-04
1.300000e+02 1.076587e-04
1.310000e+02 1.031602e-04
1.320000e+02 1.084810e-04
1.330000e+02 8.622604e-05
1.340000e+02 1.080027e-04
1.350000e+02 1.009968e-04
1.360000e+02 1.059389e-04
1.370000e+02 1.044619e-04
1.380000e+02 1.085510e-04
1.390000e+02 1.169834e-04
1.400000e+02 1.121202e-04
1.410000e+02 1.009262e-04
1.420000e+02 1.026561e-04
1.430000e+02 1.018069e-04
1.440000e+02 9.747764e-05
1.450000e+02 9.417677e-05
1.460000e+02 9.764991e-05
1.470000e+02 8.104519e-05
1.480000e+02 7.388289e-05
1.490000e+02 1.092955e-04
1.500000e+02 1.097925e-04
1.510000e+02 8.415486e-05
1.520000e+02 7.694322e-05
1.530000e+02 5.904972e-05
1.540000e+02 6.130707e-05
1.550000e+02 5.869484e-05
1.560000e+02 5.433925e-05
1.570000e+02 6.803876e-05
1.580000e+02 6.026471e-05
1.590000e+02 6.630884e-05
1.600000e+02 6.463251e-05
1.610000e+02 6.532573e-05
1.620000e+02 6.927298e-05
1.630000e+02 6.982498e-05
1.640000e+02 8.384284e-05
1.650000e+02 8.918851e-05
1.660000e+02 1.069819e-04
1.670000e+02 1.014999e-04
1.680000e+02 8.586066e-05
1.690000e+02 7.230199e-05
1.700000e+02 9.924494e-05
1.710000e+02 1.179143e-04
1.720000e+02 1.062541e-04
1.730000e+02 9.248187e-05
1.740000e+02 1.236402e-04
1.750000e+02 1.306827e-04
1.760000e+02 1.118293e-04
1.770000e+02 1.264531e-04
1.780000e+02 1.357206e-04
1.790000e+02 1.072450e-04
1.800000e+02 2.077711e-05
1.810000e+02 1.396512e-05
1.820000e+02 1.323025e-05
1.830000e+02 1.209482e-04
1.840000e+02 1.276251e-04
1.850000e+02 1.163856e-04
1.860000e+02 2.426258e-05
1.870000e+02 1.418999e-05
1.880000e+02 1.112232e-05
1.890000e+02 1.604628e-05
1.900000e+02 1.801053e-05
1.910000e+02 2.138473e-05
1.920000e+02 9.705798e-05
1.930000e+02 1.817291e-05
1.940000e+02 1.199676e-05
1.950000e+02 2.106731e-05
1.960000e+02 1.372505e-05
1.970000e+02 2.276504e-05
1.980000e+02 8.906585e-05
1.990000e+02 2.768992e-05
2.000000e+02 1.898710e-05
2.010000e+02 2.104818e-05
2.020000e+02 2.320955e-05
2.030000e+02 8.820952e-05
2.040000e+02 8.107527e-05
2.050000e+02 9.886067e-05
2.060000e+02 7.914665e-05
2.070000e+02 8.308389e-05
2.080000e+02 7.720140e-05
2.090000e+02 5.665964e-05
2.100000e+02 6.295401e-05
2.110000e+02 5.976286e-05
2.120000e+02 5.169675e-05
2.130000e+02 4.622507e-05
2.140000e+02 3.339501e-05
2.150000e+02 3.591469e-05
2.160000e+02 4.020471e-05
2.170000e+02 3.854067e-05
2.180000e+02 4.780075e-05
2.190000e+02 6.084677e-05
2.200000e+02 7.663557e-05
2.210000e+02 8.734363e-05
2.220000e+02 7.935442e-05
2.230000e+02 8.846249e-05
2.240000e+02 1.213798e-04
2.250000e+02 1.272764e-04
2.260000e+02 1.351191e-04
2.270000e+02 1.257486e-04
2.280000e+02 1.187921e-04
2.290000e+02 1.203510e-04
2.300000e+02 1.157108e-04
2.310000e+02 1.148419e-04
2.320000e+02 1.496277e-05
2.330000e+02 1.167354e-04
2.340000e+02 1.770847e-05
2.350000e+02 1.649395e-05
2.360000e+02 8.917345e-05
2.370000e+02 1.447160e-05
2.380000e+02 2.740098e-05
2.390000e+02 2.303063e-05
2.400000e+02 1.666063e-05
2.410000e+02 2.297195e-05
2.420000e+02 1.206431e-05
2.430000e+02 7.946326e-05
2.440000e+02 2.018459e-05
2.450000e+02 1.692988e-05
2.460000e+02 1.976345e-05
2.470000e+02 2.251513e-05
2.480000e+02 1.830474e-05
2.490000e+02 1.457382e-05
2.500000e+02 1.657679e-05
2.510000e+02 1.612984e-05
2.520000e+02 1.471271e-05
2.530000e+02 1.621255e-05
2.540000e+02 1.775883e-05
2.550000e+02 1.129196e-05
2.560000e+02 2.062325e-05
2.570000e+02 8.758846e-06
2.580000e+02 9.884344e-06
2.590000e+02 9.687988e-06
2.600000e+02 1.303438e-05
2.610000e+02 1.546239e-05
2.620000e+02 1.515815e-05
2.630000e+02 1.046375e-05
2.640000e+02 1.061654e-05
2.650000e+02 1.089389e-05
2.660000e+02 8.691581e-06
2.670000e+02 3.595428e-05
2.680000e+02 4.378474e-05
2.690000e+02 3.060055e-05
2.700000e+02 4.249198e-05
2.710000e+02 3.253962e-05
2.720000e+02 2.830786e-05
2.730000e+02 4.106864e-05
2.740000e+02 5.929850e-06
2.750000e+02 3.275428e-05
2.760000e+02 2.938402e-05
2.770000e+02 3.243021e-05
2.780000e+02 3.355444e-05
2.790000e+02 3.000863e-05
2.800000e+02 2.357880e-05
2.810000e+02 2.222197e-05
2.820000e+02 2.028453e-05
2.830000e+02 1.360858e-05
2.840000e+02 1.553875e-05
2.850000e+02 1.728984e-05
2.860000e+02 1.544313e-05
2.870000e+02 1.355840e-05
2.880000e+02 1.629221e-05
2.890000e+02 1.468268e-05
2.900000e+02 1.492130e-05
2.910000e+02 1.372787e-05
2.920000e+02 1.438623e-05
2.930000e+02 1.521969e-05
2.940000e+02 1.609619e-05
2.950000e+02 1.450024e-05
2.960000e+02 1.723442e-05
2.970000e+02 1.923916e-05
2.980000e+02 1.641618e-05
2.990000e+02 1.523711e-05
3.000000e+02 1.696459e-05
3.010000e+02 1.718200e-05
3.020000e+02 2.109818e-05
3.030000e+02 2.302823e-05
3.040000e+02 2.148470e-05
3.050000e+02 2.311882e-05
3.060000e+02 2.314691e-05
3.070000e+02 2.692216e-05
3.080000e+02 2.541644e-05
3.090000e+02 2.534893e-05
3.100000e+02 2.949650e-05
3.110000e+02 2.976243e-05
3.120000e+02 2.964562e-05
3.130000e+02 3.092122e-05
3.140000e+02 2.920520e-05
3.150000e+02 3.160889e-05
3.160000e+02 2.675983e-05
3.170000e+02 2.613157e-05
3.180000e+02 3.002605e-05
3.190000e+02 2.934397e-05
3.200000e+02 3.144100e-05
3.210000e+02 2.829521e-05
3.220000e+02 2.905699e-05
3.230000e+02 3.694887e-05
3.240000e+02 3.723462e-05
3.250000e+02 2.596385e-05
3.260000e+02 3.125151e-05
3.270000e+02 3.205240e-05
3.280000e+02 3.710442e-05
3.290000e+02 3.377106e-05
3.300000e+02 4.515909e-05
3.310000e+02 4.117484e-05
3.320000e+02 4.080925e-05
3.330000e+02 4.253762e-05
3.340000e+02 4.077415e-05
3.350000e+02 3.913949e-05
3.360000e+02 4.102746e-05
3.370000e+02 4.526305e-05
3.380000e+02 4.120395e-05
3.390000e+02 3.534905e-05
3.400000e+02 3.958216e-05
3.410000e+02 3.422599e-05
3.420000e+02 4.310830e-05
3.430000e+02 3.646386e-05
3.440000e+02 4.527747e-05
3.450000e+02 4.724037e-05
3.460000e+02 4.895108e-05
3.470000e+02 4.134603e-05
3.480000e+02 4.071032e-05
3.490000e+02 4.205571e-05
3.500000e+02 4.038882e-05
3.510000e+02 3.041418e-05
3.520000e+02 3.310436e-05
3.530000e+02 3.357748e-05
3.540000e+02 3.167457e-05
3.550000e+02 3.506932e-05
3.560000e+02 3.491831e-05
3.570000e+02 3.341315e-05
3.580000e+02 3.187672e-05
3.590000e+02 3.459282e-05
3.600000e+02 3.400675e-05
3.610000e+02 3.433912e-05
3.620000e+02 3.312288e-05
3.630000e+02 2.888890e-05
3.640000e+02 2.347851e-05
3.650000e+02 2.225703e-05
3.660000e+02 2.312480e-05
3.670000e+02 2.152161e-05
3.680000e+02 1.759599e-05
3.690000e+02 1.571088e-05
3.700000e+02 1.559240e-05
3.710000e+02 1.813801e-05
3.720000e+02 1.746776e-05
3.730000e+02 1.821038e-05
3.740000e+02 1.537296e-05
3.750000e+02 1.581471e-05
3.760000e+02 1.455361e-05
3.770000e+02 1.559007e-05
3.780000e+02 1.274588e-05
3.790000e+02 1.396743e-05
3.800000e+02 1.357245e-05
3.810000e+02 1.255747e-05
3.820000e+02 1.125397e-05
3.830000e+02 1.154868e-05
3.840000e+02 1.039340e-05
3.850000e+02 9.663853e-06
3.860000e+02 9.190330e-06
3.870000e+02 9.438508e-06
3.880000e+02 8.889443e-06
3.890000e+02 8.612822e-06
3.900000e+02 9.402889e-06
3.910000e+02 8.126588e-06
3.920000e+02 6.691099e-06
3.930000e+02 6.658316e-06
3.940000e+02 7.624867e-06
3.950000e+02 6.818142e-06
3.960000e+02 6.352196e-06
3.970000e+02 6.243209e-06
3.980000e+02 6.271451e-06
3.990000e+02 5.960451e-06
4.000000e+02 5.728854e-06
4.010000e+02 5.808872e-06
4.020000e+02 5.834626e-06
4.030000e+02 5.629810e-06
4.040000e+02 5.258059e-06
4.050000e+02 5.215318e-06
4.060000e+02 5.389650e-06
4.070000e+02 5.919753e-06
4.080000e+02 5.559739e-06
4.090000e+02 6.153173e-06
4.100000e+02 5.925795e-06
4.110000e+02 6.133356e-06
4.120000e+02 7.071677e-06
4.130000e+02 8.148803e-06
4.140000e+02 8.015850e-06
4.150000e+02 7.745746e-06
4.160000e+02 6.957938e-06
4.170000e+02 6.944857e-06
4.180000e+02 8.509338e-06
4.190000e+02 8.077369e-06
4.200000e+02 7.938017e-06
4.210000e+02 7.195275e-06
4.220000e+02 8.577537e-06
4.230000e+02 8.461524e-06
4.240000e+02 9.072082e-06
4.250000e+02 9.624858e-06
4.260000e+02 9.865474e-06
4.270000e+02 8.552769e-06
4.280000e+02 6.882530e-06
4.290000e+02 6.815246e-06
4.300000e+02 9.036431e-06
4.310000e+02 1.029455e-05
4.320000e+02 1.086693e-05
4.330000e+02 1.121336e-05
4.340000e+02 1.104016e-05
4.350000e+02 1.066183e-05
4.360000e+02 1.134586e-05
4.370000e+02 9.985643e-06
4.380000e+02 1.004707e-05
4.390000e+02 1.008407e-05
4.400000e+02 8.950870e-06
4.410000e+02 7.518783e-06
4.420000e+02 8.104384e-06
4.430000e+02 7.949150e-06
4.440000e+02 8.561030e-06
4.450000e+02 7.718011e-06
4.460000e+02 9.539551e-06
4.470000e+02 1.012589e-05
4.480000e+02 1.015800e-05
4.490000e+02 9.791951e-06
4.500000e+02 9.129359e-06
4.510000e+02 1.008025e-05
4.520000e+02 1.039740e-05
4.530000e+02 8.700758e-06
4.540000e+02 9.283695e-06
4.550000e+02 9.127059e-06
4.560000e+02 9.508610e-06
4.570000e+02 9.610373e-06
4.580000e+02 9.658274e-06
4.590000e+02 8.180595e-06
4.600000e+02 7.980519e-06
4.610000e+02 8.778420e-06
4.620000e+02 8.264740e-06
4.630000e+02 7.649102e-06
4.640000e+02 7.469490e-06
4.650000e+02 9.536710e-06
4.660000e+02 8.987615e-06
4.670000e+02 9.039142e-06
4.680000e+02 8.474408e-06
4.690000e+02 6.041066e-06
4.700000e+02 6.501410e-06
4.710000e+02 6.867277e-06
4.720000e+02 8.240736e-06
4.730000e+02 7.818120e-06
4.740000e+02 7.468019e-06
4.750000e+02 7.197083e-06
4.760000e+02 6.566463e-06
4.770000e+02 7.010962e-06
4.780000e+02 6.000381e-06
4.790000e+02 6.317603e-06
4.800000e+02 6.181996e-06
4.810000e+02 6.202515e-06
4.820000e+02 4.077846e-06
4.830000e+02 4.944056e-06
4.840000e+02 3.765503e-06
4.850000e+02 3.917052e-06
4.860000e+02 4.996929e-06
4.870000e+02 4.816717e-06
4.880000e+02 3.948178e-06
4.890000e+02 4.735260e-06
4.900000e+02 4.623186e-06
4.910000e+02 4.133375e-06
4.920000e+02 3.754426e-06
4.930000e+02 3.719015e-06
4.940000e+02 3.627887e-06
4.950000e+02 3.468293e-06
4.960000e+02 3.669932e-06
4.970000e+02 8.675429e-06
4.980000e+02 2.688299e-06
4.990000e+02 2.731134e-06
5.000000e+02 6.821063e-06
5.010000e+02 2.455261e-06
5.020000e+02 6.445167e-06
5.030000e+02 2.923718e-06
5.040000e+02 6.028929e-06
5.050000e+02 3.272714e-06
5.060000e+02 5.168780e-06
5.070000e+02 3.431950e-06
5.080000e+02 4.963536e-06
5.090000e+02 3.340511e-06
5.100000e+02 5.241211e-06
5.110000e+02 3.610221e-06
5.120000e+02 4.618666e-06
5.130000e+02 3.305176e-06
5.140000e+02 5.000885e-06
5.150000e+02 3.995431e-06
5.160000e+02 4.469261e-06
5.170000e+02 3.705859e-06
5.180000e+02 4.102060e-06
5.190000e+02 3.636863e-06
5.200000e+02 3.969255e-06
5.210000e+02 3.520273e-06
5.220000e+02 3.455812e-06
5.230000e+02 3.335524e-06
5.240000e+02 3.269515e-06
5.250000e+02 3.883896e-06
5.260000e+02 2.902370e-06
5.270000e+02 2.890375e-06
5.280000e+02 3.738923e-06
5.290000e+02 2.503105e-06
5.300000e+02 2.672917e-06
5.310000e+02 3.477980e-06
5.320000e+02 2.340803e-06
5.330000e+02 2.587304e-06
5.340000e+02 3.451079e-06
5.350000e+02 2.351436e-06
5.360000e+02 2.757615e-06
5.370000e+02 3.866524e-06
5.380000e+02 2.438277e-06
5.390000e+02 2.812613e-06
5.400000e+02 3.746736e-06
5.410000e+02 2.399265e-06
5.420000e+02 3.041417e-06
5.430000e+02 3.518530e-06
5.440000e+02 2.415247e-06
5.450000e+02 2.574066e-06
5.460000e+02 2.380701e-06
5.470000e+02 3.027876e-06
5.480000e+02 2.441802e-06
5.490000e+02 3.224088e-06
5.500000e+02 3.149069e-06
5.510000e+02 3.080418e-06
5.520000e+02 2.224527e-06
5.530000e+02 2.707715e-06
5.540000e+02 2.716874e-06
5.550000e+02 2.321141e-06
5.560000e+02 2.681266e-06
5.570000e+02 2.794588e-06
5.580000e+02 2.965222e-06
5.590000e+02 2.164166e-06
5.600000e+02 2.717750e-06
5.610000e+02 2.435787e-06
5.620000e+02 3.135882e-06
5.630000e+02 2.262575e-06
5.640000e+02 2.547789e-06
5.650000e+02 2.410777e-06
5.660000e+02 2.835393e-06
5.670000e+02 2.083582e-06
5.680000e+02 2.630847e-06
5.690000e+02 2.525815e-06
5.700000e+02 3.151345e-06
5.710000e+02 2.021230e-06
5.720000e+02 2.308150e-06
5.730000e+02 2.241931e-06
5.740000e+02 2.027845e-06
5.750000e+02 3.285248e-06
5.760000e+02 1.676500e-06
5.770000e+02 2.076895e-06
5.780000e+02 2.096258e-06
5.790000e+02 2.935786e-06
5.800000e+02 1.869737e-06
5.810000e+02 2.276508e-06
5.820000e+02 2.169003e-06
5.830000e+02 2.025247e-06
5.840000e+02 3.178619e-06
5.850000e+02 1.612419e-06
5.860000e+02 2.090319e-06
5.870000e+02 1.962778e-06
5.880000e+02 1.762533e-06
5.890000e+02 2.963045e-06
5.900000e+02 1.204753e-06
5.910000e+02 1.705307e-06
5.920000e+02 1.628309e-06
5.930000e+02 1.524721e-06
5.940000e+02 1.395306e-06
5.950000e+02 2.885532e-06
5.960000e+02 1.110999e-06
5.970000e+02 1.450482e-06
5.980000e+02 1.381569e-06
5.990000e+02 1.266590e-06
6.000000e+02 1.132726e-06
6.010000e+02 2.858444e-06
6.020000e+02 1.077860e-06
6.030000e+02 1.294813e-06
6.040000e+02 1.197436e-06
6.050000e+02 1.078793e-06
6.060000e+02 9.761039e-07
6.070000e+02 8.384340e-07
6.080000e+02 7.590139e-07
6.090000e+02 2.892570e-06
6.100000e+02 7.619923e-07
6.110000e+02 9.776992e-07
6.120000e+02 9.475224e-07
6.130000e+02 7.049464e-07
6.140000e+02 6.080516e-07
6.150000e+02 5.909133e-07
6.160000e+02 5.383107e-07
6.170000e+02 5.601487e-07
6.180000e+02 2.200364e-06
6.190000e+02 6.584430e-07
6.200000e+02 7.808214e-07
6.210000e+02 6.807515e-07
6.220000e+02 5.950115e-07
6.230000e+02 5.266203e-07
6.240000e+02 4.794833e-07
6.250000e+02 4.280504e-07
6.260000e+02 3.950821e-07
6.270000e+02 3.713174e-07
6.280000e+02 1.768040e-06
6.290000e+02 5.865446e-07
6.300000e+02 5.994368e-07
6.310000e+02 5.334423e-07
6.320000e+02 4.158700e-07
6.330000e+02 3.669341e-07
6.340000e+02 3.655150e-07
6.350000e+02 3.475309e-07
6.360000e+02 3.306698e-07
6.370000e+02 3.155748e-07
6.380000e+02 2.927706e-07
6.390000e+02 2.835120e-07
6.400000e+02 2.757723e-07
6.410000e+02 1.895439e-06
6.420000e+02 4.499377e-07
6.430000e+02 4.290143e-07
6.440000e+02 3.791091e-07
6.450000e+02 3.409226e-07
6.460000e+02 3.114380e-07
6.470000e+02 2.844240e-07
6.480000e+02 2.713460e-07
6.490000e+02 2.630462e-07
6.500000e+02 2.558049e-07
6.510000e+02 2.451381e-07
6.520000e+02 2.405888e-07
6.530000e+02 2.327392e-07
6.540000e+02 1.767529e-06
6.550000e+02 3.981503e-07
6.560000e+02 3.791657e-07
6.570000e+02 3.339792e-07
6.580000e+02 2.952784e-07
6.590000e+02 2.677788e-07
6.600000e+02 2.472981e-07
6.610000e+02 2.358023e-07
6.620000e+02 2.247661e-07
6.630000e+02 2.166563e-07
6.640000e+02 2.231489e-07
6.650000e+02 2.198659e-07
6.660000e+02 2.154915e-07
6.670000e+02 2.112631e-07
6.680000e+02 2.070477e-07
6.690000e+02 1.997849e-07
6.700000e+02 2.100536e-07
6.710000e+02 4.636602e-07
6.720000e+02 3.757828e-07
6.730000e+02 3.200030e-07
6.740000e+02 2.845167e-07
6.750000e+02 2.610030e-07
6.760000e+02 2.404029e-07
6.770000e+02 2.338196e-07
6.780000e+02 2.131938e-07
6.790000e+02 2.059763e-07
6.800000e+02 2.015862e-07
6.810000e+02 1.965200e-07
6.820000e+02 1.916988e-07
6.830000e+02 1.873267e-07
6.840000e+02 1.942553e-07
6.850000e+02 1.915460e-07
6.860000e+02 1.882674e-07
6.870000e+02 2.285438e-07
6.880000e+02 4.412374e-07
6.890000e+02 3.772614e-07
6.900000e+02 3.304447e-07
6.910000e+02 2.761462e-07
6.920000e+02 2.853576e-07
6.930000e+02 2.658904e-07
6.940000e+02 2.491937e-07
6.950000e+02 2.374557e-07
6.960000e+02 2.151866e-07
6.970000e+02 2.059596e-07
6.980000e+02 1.982914e-07
6.990000e+02 1.926341e-07
7.000000e+02 1.890517e-07
7.010000e+02 1.880412e-07
7.020000e+02 1.829671e-07
7.030000e+02 1.779823e-07
7.040000e+02 1.781578e-07
7.050000e+02 5.263215e-07
7.060000e+02 4.419502e-07
7.070000e+02 3.987297e-07
7.080000e+02 3.376934e-07
7.090000e+02 2.839955e-07
7.100000e+02 2.646685e-07
7.110000e+02 2.293468e-07
7.120000e+02 2.127541e-07
7.130000e+02 2.008597e-07
7.140000e+02 2.011040e-07
7.150000e+02 2.121218e-07
7.160000e+02 2.034076e-07
7.170000e+02 1.918512e-07
7.180000e+02 1.836814e-07
7.190000e+02 9.362271e-07
7.200000e+02 5.276309e-07
7.210000e+02 4.851797e-07
7.220000e+02 4.132723e-07
7.230000e+02 3.604979e-07
7.240000e+02 3.170034e-07
7.250000e+02 2.881340e-07
7.260000e+02 2.364602e-07
7.270000e+02 2.173714e-07
7.280000e+02 2.032589e-07
7.290000e+02 1.974510e-07
7.300000e+02 4.329559e-07
7.310000e+02 5.508529e-07
7.320000e+02 4.738564e-07
7.330000e+02 3.950695e-07
7.340000e+02 3.395085e-07
7.350000e+02 3.106801e-07
7.360000e+02 2.710019e-07
7.370000e+02 2.500067e-07
7.380000e+02 2.294096e-07
7.390000e+02 3.639515e-07
7.400000e+02 5.634728e-07
7.410000e+02 4.919463e-07
7.420000e+02 3.614233e-07
7.430000e+02 3.094489e-07
7.440000e+02 2.856592e-07
7.450000e+02 2.582690e-07
7.460000e+02 3.909907e-07
7.470000e+02 5.654080e-07
7.480000e+02 4.566529e-07
7.490000e+02 3.822453e-07
7.500000e+02 3.582761e-07
7.510000e+02 2.812303e-07
7.520000e+02 2.501472e-07
7.530000e+02 1.401861e-07
7.540000e+02 5.630737e-07
7.550000e+02 4.811370e-07
7.560000e+02 4.093622e-07
7.570000e+02 3.545667e-07
7.580000e+02 3.132205e-07
7.590000e+02 2.889881e-07
7.600000e+02 6.028092e-07
7.610000e+02 5.155659e-07
7.620000e+02 4.356990e-07
7.630000e+02 3.799268e-07
7.640000e+02 1.250864e-07
7.650000e+02 5.925260e-07
7.660000e+02 5.461374e-07
7.670000e+02 4.617503e-07
7.680000e+02 4.308798e-07
7.690000e+02 3.822810e-07
7.700000e+02 2.108120e-07
7.710000e+02 6.549916e-07
7.720000e+02 6.104957e-07
7.730000e+02 5.224470e-07
7.740000e+02 4.521496e-07
7.750000e+02 1.370878e-07
7.760000e+02 6.948538e-07
7.770000e+02 5.989718e-07
7.780000e+02 5.080917e-07
7.790000e+02 4.400731e-07
7.800000e+02 1.307632e-07
7.810000e+02 5.952583e-07
7.820000e+02 5.052477e-07
7.830000e+02 3.722912e-07
7.840000e+02 3.543170e-07
7.850000e+02 1.379233e-07
7.860000e+02 5.660132e-07
7.870000e+02 4.846898e-07
7.880000e+02 3.779876e-07
7.890000e+02 3.423240e-07
7.900000e+02 1.536906e-07
7.910000e+02 5.453173e-07
7.920000e+02 4.646259e-07
7.930000e+02 3.902724e-07
7.940000e+02 3.341051e-07
7.950000e+02 1.859197e-07
7.960000e+02 5.107624e-07
7.970000e+02 4.429659e-07
7.980000e+02 3.755437e-07
7.990000e+02 3.252284e-07
8.000000e+02 2.817974e-07
8.010000e+02 1.463956e-07
8.020000e+02 4.654946e-07
8.030000e+02 3.992644e-07
8.040000e+02 3.992903e-07
8.050000e+02 3.515395e-07
8.060000e+02 3.076986e-07
8.070000e+02 2.165841e-07
8.080000e+02 5.284978e-07
8.090000e+02 4.459564e-07
8.100000e+02 3.776975e-07
8.110000e+02 3.266207e-07
8.120000e+02 2.279218e-07
8.130000e+02 5.295017e-07
8.140000e+02 4.708093e-07
8.150000e+02 4.005217e-07
8.160000e+02 3.457419e-07
8.170000e+02 3.034573e-07
8.180000e+02 2.678168e-07
8.190000e+02 2.410161e-07
8.200000e+02 5.025183e-07
8.210000e+02 4.381099e-07
8.220000e+02 3.611776e-07
8.230000e+02 3.113458e-07
8.240000e+02 2.736991e-07
8.250000e+02 2.203698e-07
8.260000e+02 5.047333e-07
8.270000e+02 4.385812e-07
8.280000e+02 3.721299e-07
8.290000e+02 3.209184e-07
8.300000e+02 2.544534e-07
8.310000e+02 2.261303e-07
8.320000e+02 2.232171e-07
8.330000e+02 4.274014e-07
8.340000e+02 3.876028e-07
8.350000e+02 3.200083e-07
8.360000e+02 2.850457e-07
8.370000e+02 2.469368e-07
8.380000e+02 2.194941e-07
8.390000e+02 2.247924e-07
8.400000e+02 4.072278e-07
8.410000e+02 3.534890e-07
8.420000e+02 2.910521e-07
8.430000e+02 2.510754e-07
8.440000e+02 2.208793e-07
8.450000e+02 1.973646e-07
8.460000e+02 1.773124e-07
8.470000e+02 2.064031e-07
8.480000e+02 3.681966e-07
8.490000e+02 3.128490e-07
8.500000e+02 2.641401e-07
8.510000e+02 2.272670e-07
8.520000e+02 2.027801e-07
8.530000e+02 1.822802e-07
8.540000e+02 1.656912e-07
8.550000e+02 1.956071e-07
8.560000e+02 3.438117e-07
8.570000e+02 2.957106e-07
8.580000e+02 2.546698e-07
8.590000e+02 2.222447e-07
8.600000e+02 2.185774e-07
8.610000e+02 1.797074e-07
8.620000e+02 1.619657e-07
8.630000e+02 1.479085e-07
8.640000e+02 2.242918e-07
8.650000e+02 4.056356e-07
8.660000e+02 3.444143e-07
8.670000e+02 2.864754e-07
8.680000e+02 2.425343e-07
8.690000e+02 2.063607e-07
8.700000e+02 2.014942e-07
8.710000e+02 1.762399e-07
8.720000e+02 1.550707e-07
8.730000e+02 1.820673e-07
8.740000e+02 3.796472e-07
8.750000e+02 3.280236e-07
8.760000e+02 2.769955e-07
8.770000e+02 2.396905e-07
8.780000e+02 2.070788e-07
8.790000e+02 1.822353e-07
8.800000e+02 1.592037e-07
8.810000e+02 1.441414e-07
8.820000e+02 1.321609e-07
8.830000e+02 1.802462e-07
8.840000e+02 3.651467e-07
8.850000e+02 3.278344e-07
8.860000e+02 2.777203e-07
8.870000e+02 2.359421e-07
8.880000e+02 1.889951e-07
8.890000e+02 1.671766e-07
8.900000e+02 1.487913e-07
8.910000e+02 1.336856e-07
8.920000e+02 1.220169e-07
8.930000e+02 1.127205e-07
8.940000e+02 1.789738e-07
8.950000e+02 3.618577e-07
8.960000e+02 3.126847e-07
8.970000e+02 2.647015e-07
8.980000e+02 1.856061e-07
8.990000e+02 1.598436e-07
9.000000e+02 1.455219e-07
9.010000e+02 1.310447e-07
9.020000e+02 1.180906e-07
9.030000e+02 1.080898e-07
9.040000e+02 9.973470e-08
9.050000e+02 9.288122e-08
9.060000e+02 1.866160e-07
9.070000e+02 3.072836e-07
9.080000e+02 2.585278e-07
9.090000e+02 2.141299e-07
9.100000e+02 1.822736e-07
9.110000e+02 1.579117e-07
9.120000e+02 1.390807e-07
9.130000e+02 1.242804e-07
9.140000e+02 1.116675e-07
9.150000e+02 9.932351e-08
9.160000e+02 9.153992e-08
9.170000e+02 8.478104e-08
9.180000e+02 8.007474e-08
9.190000e+02 1.762143e-07
9.200000e+02 2.846250e-07
9.210000e+02 2.369976e-07
9.220000e+02 1.933624e-07
9.230000e+02 1.656288e-07
9.240000e+02 1.443094e-07
9.250000e+02 1.286129e-07
9.260000e+02 1.160248e-07
9.270000e+02 1.047928e-07
9.280000e+02 9.641176e-08
9.290000e+02 8.928239e-08
9.300000e+02 8.387657e-08
9.310000e+02 7.803810e-08
9.320000e+02 7.540242e-08
9.330000e+02 7.102750e-08
9.340000e+02 1.716186e-07
9.350000e+02 2.528145e-07
9.360000e+02 2.106634e-07
9.370000e+02 1.752848e-07
9.380000e+02 1.490643e-07
9.390000e+02 1.371265e-07
9.400000e+02 1.225600e-07
9.410000e+02 1.092779e-07
9.420000e+02 9.920026e-08
9.430000e+02 9.146806e-08
9.440000e+02 8.432523e-08
9.450000e+02 7.848018e-08
9.460000e+02 7.425074e-08
9.470000e+02 7.073078e-08
9.480000e+02 6.826120e-08
9.490000e+02 6.630913e-08
9.500000e+02 6.402193e-08
9.510000e+02 1.684936e-07
9.520000e+02 2.556856e-07
9.530000e+02 2.131181e-07
9.540000e+02 1.764125e-07
9.550000e+02 1.502924e-07
9.560000e+02 1.305314e-07
9.570000e+02 1.149087e-07
9.580000e+02 1.026889e-07
9.590000e+02 9.298496e-08
9.600000e+02 8.552716e-08
9.610000e+02 7.601306e-08
9.620000e+02 7.012204e-08
9.630000e+02 6.568072e-08
9.640000e+02 6.225725e-08
9.650000e+02 5.946342e-08
9.660000e+02 5.672430e-08
9.670000e+02 5.504510e-08
9.680000e+02 5.607629e-08
9.690000e+02 5.359348e-08
9.700000e+02 5.258969e-08
9.710000e+02 1.676513e-07
9.720000e+02 2.480603e-07
9.730000e+02 2.052737e-07
9.740000e+02 1.686870e-07
9.750000e+02 1.448275e-07
9.760000e+02 1.249864e-07
9.770000e+02 1.115719e-07
9.780000e+02 9.957312e-08
9.790000e+02 9.021879e-08
9.800000e+02 8.194026e-08
9.810000e+02 7.349857e-08
9.820000e+02 6.858570e-08
9.830000e+02 6.468335e-08
9.840000e+02 6.179738e-08
9.850000e+02 5.956884e-08
9.860000e+02 5.713779e-08
9.870000e+02 5.321083e-08
9.880000e+02 5.194861e-08
9.890000e+02 5.069574e-08
9.900000e+02 5.026745e-08
9.910000e+02 4.928447e-08
9.920000e+02 4.867326e-08
9.930000e+02 4.975386e-08
9.940000e+02 1.638317e-07
9.950000e+02 2.323704e-07
9.960000e+02 2.009688e-07
9.970000e+02 1.651288e-07
9.980000e+02 1.363981e-07
9.990000e+02 1.234518e-07
1.000000e+03 1.075246e-07
1.001000e+03 9.442962e-08
1.002000e+03 8.408495e-08
1.003000e+03 7.570658e-08
1.004000e+03 6.960112e-08
1.005000e+03 6.289485e-08
1.006000e+03 5.809548e-08
1.007000e+03 5.451040e-08
1.008000e+03 5.180262e-08
1.009000e+03 4.949497e-08
1.010000e+03 4.767753e-08
1.011000e+03 4.634463e-08
1.012000e+03 4.451289e-08
1.013000e+03 4.342862e-08
1.014000e+03 4.269531e-08
1.015000e+03 4.261194e-08
1.016000e+03 4.136235e-08
1.017000e+03 4.049375e-08
1.018000e+03 3.998826e-08
1.019000e+03 4.006845e-08
1.020000e+03 3.943101e-08
1.021000e+03 3.938427e-08
1.022000e+03 3.847972e-08
1.023000e+03 3.809405e-08
1.024000e+03 1.429906e-07
1.025000e+03 2.887535e-08
1.026000e+03 1.831820e-07
1.027000e+03 1.549866e-07
1.028000e+03 1.299340e-07
1.029000e+03 1.103094e-07
1.030000e+03 9.510786e-08
1.031000e+03 8.298568e-08
1.032000e+03 7.341388e-08
1.033000e+03 6.774108e-08
1.034000e+03 6.027417e-08
1.035000e+03 5.464519e-08
1.036000e+03 5.070229e-08
1.037000e+03 4.704853e-08
1.038000e+03 4.427156e-08
1.039000e+03 4.175846e-08
1.040000e+03 4.055530e-08
1.041000e+03 3.806140e-08
1.042000e+03 3.689409e-08
1.043000e+03 3.610769e-08
1.044000e+03 3.550433e-08
1.045000e+03 3.501971e-08
1.046000e+03 3.421030e-08
1.047000e+03 3.394146e-08
1.048000e+03 3.303122e-08
1.049000e+03 3.205999e-08
1.050000e+03 2.948543e-08
1.051000e+03 2.988435e-08
1.052000e+03 2.894046e-08
1.053000e+03 2.849391e-08
1.054000e+03 2.782008e-08
1.055000e+03 2.789620e-08
1.056000e+03 2.764963e-08
1.057000e+03 2.744005e-08
1.058000e+03 2.673938e-08
1.059000e+03 2.663173e-08
1.060000e+03 2.587350e-08
1.061000e+03 2.593822e-08
1.062000e+03 2.599331e-08
1.063000e+03 2.584803e-08
1.064000e+03 2.518052e-08
1.065000e+03 1.423073e-07
1.066000e+03 3.261593e-08
1.067000e+03 2.443557e-08
1.068000e+03 1.430239e-07
1.069000e+03 1.235314e-07
1.070000e+03 1.039388e-07
1.071000e+03 8.808269e-08
1.072000e+03 7.578688e-08
1.073000e+03 6.534940e-08
1.074000e+03 5.708650e-08
1.075000e+03 5.054736e-08
1.076000e+03 4.560500e-08
1.077000e+03 4.030763e-08
1.078000e+03 3.685278e-08
1.079000e+03 3.401505e-08
1.080000e+03 3.196302e-08
1.081000e+03 3.039383e-08
1.082000e+03 2.904312e-08
1.083000e+03 2.810548e-08
1.084000e+03 2.688629e-08
1.085000e+03 2.670461e-08
1.086000e+03 2.389523e-08
1.087000e+03 2.428465e-08
1.088000e+03 2.313263e-08
1.089000e+03 2.222121e-08
1.090000e+03 2.188991e-08
1.091000e+03 2.168777e-08
1.092000e+03 2.123252e-08
1.093000e+03 2.106348e-08
1.094000e+03 2.193931e-08
1.095000e+03 2.147909e-08
1.096000e+03 2.128921e-08
1.097000e+03 2.082300e-08
1.098000e+03 2.118075e-08
1.099000e+03 2.194189e-08
1.100000e+03 2.217689e-08
1.101000e+03 2.155959e-08
1.102000e+03 2.117436e-08
1.103000e+03 2.118612e-08
1.104000e+03 2.074840e-08
1.105000e+03 2.150003e-08
1.106000e+03 2.042468e-08
1.107000e+03 2.035635e-08
1.108000e+03 2.000786e-08
1.109000e+03 1.985689e-08
1.110000e+03 2.099524e-08
1.111000e+03 2.123541e-08
1.112000e+03 2.154918e-08
1.113000e+03 2.046249e-08
1.114000e+03 2.007708e-08
1.115000e+03 2.066619e-08
1.116000e+03 2.019996e-08
1.117000e+03 1.999224e-08
1.118000e+03 1.791483e-08
1.119000e+03 1.777362e-08
1.120000e+03 1.729901e-08
1.121000e+03 1.751205e-08
1.122000e+03 1.704364e-08
1.123000e+03 1.747901e-08
1.124000e+03 1.723499e-08
1.125000e+03 1.650610e-08
1.126000e+03 1.662654e-08
1.127000e+03 1.657648e-08
1.128000e+03 1.622677e-08
1.129000e+03 1.631300e-08
1.130000e+03 1.606043e-08
1.131000e+03 1.621500e-08
1.132000e+03 1.576385e-08
1.133000e+03 1.408990e-07
1.134000e+03 2.467079e-08
1.135000e+03 2.031553e-08
1.136000e+03 1.630825e-08
1.137000e+03 1.339436e-08
1.138000e+03 8.496124e-08
1.139000e+03 7.653572e-08
1.140000e+03 6.528658e-08
1.141000e+03 5.641529e-08
1.142000e+03 4.497518e-08
1.143000e+03 3.915807e-08
1.144000e+03 3.462658e-08
1.145000e+03 3.101515e-08
1.146000e+03 2.845198e-08
1.147000e+03 2.694642e-08
1.148000e+03 2.568332e-08
1.149000e+03 2.288061e-08
1.150000e+03 2.165446e-08
1.151000e+03 2.218091e-08
1.152000e+03 2.093322e-08
1.153000e+03 2.003269e-08
1.154000e+03 1.917723e-08
1.155000e+03 1.871878e-08
1.156000e+03 1.826185e-08
1.157000e+03 1.807447e-08
1.158000e+03 1.808221e-08
1.159000e+03 1.871923e-08
1.160000e+03 1.779735e-08
1.161000e+03 1.697034e-08
1.162000e+03 1.690757e-08
1.163000e+03 1.672575e-08
1.164000e+03 1.626963e-08
1.165000e+03 1.582898e-08
1.166000e+03 1.516651e-08
1.167000e+03 1.508686e-08
1.168000e+03 1.478592e-08
1.169000e+03 1.446333e-08
1.170000e+03 1.493799e-08
1.171000e+03 1.464126e-08
1.172000e+03 1.406589e-08
1.173000e+03 1.367130e-08
1.174000e+03 1.391107e-08
1.175000e+03 1.377663e-08
1.176000e+03 1.367909e-08
1.177000e+03 1.485664e-08
1.178000e+03 1.358680e-08
1.179000e+03 1.442121e-08
1.180000e+03 1.379355e-08
1.181000e+03 1.353463e-08
1.182000e+03 1.361686e-08
1.183000e+03 1.329716e-08
1.184000e+03 1.458874e-08
1.185000e+03 1.301687e-08
1.186000e+03 1.299811e-08
1.187000e+03 1.301362e-08
1.188000e+03 1.265761e-08
1.189000e+03 1.152706e-08
1.190000e+03 1.122054e-08
1.191000e+03 1.119939e-08
1.192000e+03 1.064123e-08
1.193000e+03 1.058155e-08
1.194000e+03 1.064618e-08
1.195000e+03 1.128266e-08
1.196000e+03 1.094412e-08
1.197000e+03 1.066040e-08
1.198000e+03 1.040646e-08
1.199000e+03 1.050311e-08
1.200000e+03 1.042814e-08
1.201000e+03 1.038675e-08
1.202000e+03 1.004940e-08
1.203000e+03 1.157357e-08
1.204000e+03 1.146046e-08
1.205000e+03 9.464834e-09
1.206000e+03 9.897093e-09
1.207000e+03 1.000955e-08
1.208000e+03 9.548642e-09
1.209000e+03 9.512507e-09
1.210000e+03 9.452462e-09
1.211000e+03 9.554697e-09
1.212000e+03 9.576705e-09
1.213000e+03 1.040478e-08
1.214000e+03 9.399887e-09
1.215000e+03 9.831865e-09
1.216000e+03 1.004319e-08
1.217000e+03 9.476397e-09
1.218000e+03 9.357574e-09
1.219000e+03 9.080732e-09
1.220000e+03 9.946803e-09
1.221000e+03 8.785913e-09
1.222000e+03 9.174512e-09
1.223000e+03 8.914458e-09
1.224000e+03 8.732420e-09
1.225000e+03 9.154517e-09
1.226000e+03 8.875340e-09
1.227000e+03 8.776433e-09
1.228000e+03 8.515047e-09
1.229000e+03 8.532407e-09
1.230000e+03 8.519087e-09
1.231000e+03 9.552423e-09
1.232000e+03 9.031851e-09
1.233000e+03 8.303165e-09
1.234000e+03 8.149987e-09
1.235000e+03 8.369756e-09
1.236000e+03 8.286178e-09
1.237000e+03 8.252040e-09
1.238000e+03 7.971571e-09
1.239000e+03 8.245998e-09
1.240000e+03 7.715567e-09
1.241000e+03 7.677146e-09
1.242000e+03 8.246444e-09
1.243000e+03 8.174816e-09
1.244000e+03 7.895386e-09
1.245000e+03 8.771839e-09
1.246000e+03 7.968150e-09
1.247000e+03 7.957586e-09
1.248000e+03 7.863510e-09
1.249000e+03 8.826177e-09
1.250000e+03 7.343229e-09
1.251000e+03 7.778602e-09
1.252000e+03 7.377262e-09
1.253000e+03 8.016517e-09
1.254000e+03 7.303982e-09
1.255000e+03 7.508034e-09
1.256000e+03 8.608387e-09
1.257000e+03 7.246017e-09
1.258000e+03 7.466217e-09
1.259000e+03 7.537639e-09
1.260000e+03 7.955804e-09
1.261000e+03 7.654755e-09
1.262000e+03 8.026274e-09
1.263000e+03 1.414162e-07
1.264000e+03 2.698918e-08
1.265000e+03 2.315742e-08
1.266000e+03 1.869745e-08
1.267000e+03 1.494700e-08
1.268000e+03 1.203037e-08
1.269000e+03 9.722085e-09
1.270000e+03 6.007173e-08
1.271000e+03 5.163482e-08
1.272000e+03 4.337124e-08
1.273000e+03 3.680233e-08
1.274000e+03 3.081560e-08
1.275000e+03 2.633100e-08
1.276000e+03 2.202449e-08
1.277000e+03 1.916376e-08
1.278000e+03 1.751462e-08
1.279000e+03 1.563770e-08
1.280000e+03 1.431596e-08
1.281000e+03 1.307686e-08
1.282000e+03 1.246141e-08
1.283000e+03 1.209844e-08
1.284000e+03 1.148383e-08
1.285000e+03 1.223792e-08
1.286000e+03 1.037149e-08
1.287000e+03 1.015554e-08
1.288000e+03 9.675610e-09
1.289000e+03 1.000491e-08
1.290000e+03 9.396447e-09
1.291000e+03 9.260286e-09
1.292000e+03 1.003810e-08
1.293000e+03 8.584928e-09
1.294000e+03 8.598109e-09
1.295000e+03 1.006163e-08
1.296000e+03 8.545262e-09
1.297000e+03 8.445802e-09
1.298000e+03 8.226904e-09
1.299000e+03 7.877561e-09
1.300000e+03 7.595840e-09
1.301000e+03 7.582939e-09
1.302000e+03 7.526009e-09
1.303000e+03 7.979619e-09
1.304000e+03 7.548454e-09
1.305000e+03 6.905203e-09
1.306000e+03 7.064650e-09
1.307000e+03 7.195269e-09
1.308000e+03 6.912662e-09
1.309000e+03 7.383328e-09
1.310000e+03 7.119448e-09
1.311000e+03 8.676187e-09
1.312000e+03 7.299231e-09
1.313000e+03 6.992102e-09
1.314000e+03 7.099675e-09
1.315000e+03 6.797376e-09
1.316000e+03 6.630314e-09
1.317000e+03 6.552893e-09
1.318000e+03 7.357359e-09
1.319000e+03 6.608280e-09
1.320000e+03 6.973721e-09
1.321000e+03 8.324472e-09
1.322000e+03 6.815304e-09
1.323000e+03 6.892993e-09
1.324000e+03 6.077611e-09
1.325000e+03 6.238517e-09
1.326000e+03 6.356551e-09
1.327000e+03 6.346794e-09
1.328000e+03 7.403997e-09
1.329000e+03 5.984435e-09
1.330000e+03 6.510239e-09
1.331000e+03 6.232265e-09
1.332000e+03 6.117419e-09
1.333000e+03 6.551650e-09
1.334000e+03 6.250210e-09
1.335000e+03 6.342565e-09
1.336000e+03 6.591515e-09
1.337000e+03 5.960382e-09
1.338000e+03 5.889754e-09
1.339000e+03 6.454789e-09
1.340000e+03 6.227041e-09
1.341000e+03 6.054838e-09
1.342000e+03 6.059990e-09
1.343000e+03 6.362416e-09
1.344000e+03 6.014794e-09
1.345000e+03 6.201463e-09
1.346000e+03 5.947213e-09
1.347000e+03 5.939231e-09
1.348000e+03 6.024233e-09
1.349000e+03 6.022439e-09
1.350000e+03 6.476029e-09
1.351000e+03 6.327233e-09
1.352000e+03 6.040639e-09
1.353000e+03 5.651010e-09
1.354000e+03 6.203822e-09
1.355000e+03 6.874591e-09
1.356000e+03 6.314524e-09
1.357000e+03 8.073796e-09
1.358000e+03 6.437550e-09
1.359000e+03 6.619526e-09
1.360000e+03 6.408053e-09
1.361000e+03 6.928268e-09
1.362000e+03 6.159525e-09
1.363000e+03 6.041412e-09
1.364000e+03 7.074381e-09
1.365000e+03 5.825696e-09
1.366000e+03 6.313578e-09
1.367000e+03 6.272316e-09
1.368000e+03 5.991176e-09
1.369000e+03 6.312085e-09
1.370000e+03 6.269416e-09
1.371000e+03 6.190883e-09
1.372000e+03 5.737362e-09
1.373000e+03 6.745177e-09
1.374000e+03 5.860002e-09
1.375000e+03 6.375818e-09
1.376000e+03 6.103217e-09
1.377000e+03 5.783669e-09
1.378000e+03 5.795734e-09
1.379000e+03 6.261138e-09
1.380000e+03 6.189388e-09
1.381000e+03 6.014616e-09
1.382000e+03 5.618528e-09
1.383000e+03 5.628020e-09
1.384000e+03 5.605787e-09
1.385000e+03 5.647331e-09
1.386000e+03 6.077951e-09
1.387000e+03 5.788790e-09
1.388000e+03 5.674238e-09
1.389000e+03 5.414545e-09
1.390000e+03 5.795913e-09
1.391000e+03 6.097735e-09
1.392000e+03 5.813594e-09
1.393000e+03 7.335107e-09
1.394000e+03 5.717907e-09
1.395000e+03 5.843319e-09
1.396000e+03 5.682453e-09
1.397000e+03 5.846347e-09
1.398000e+03 5.777606e-09
1.399000e+03 5.383091e-09
1.400000e+03 6.440676e-09
1.401000e+03 5.119738e-09
1.402000e+03 5.580217e-09
1.403000e+03 5.543780e-09
1.404000e+03 5.386786e-09
1.405000e+03 5.792082e-09
1.406000e+03 5.655471e-09
1.407000e+03 5.705991e-09
1.408000e+03 5.194457e-09
1.409000e+03 5.462366e-09
1.410000e+03 5.303672e-09
1.411000e+03 5.930419e-09
1.412000e+03 5.421706e-09
1.413000e+03 5.472708e-09
1.414000e+03 4.924008e-09
1.415000e+03 5.379934e-09
1.416000e+03 5.062286e-09
1.417000e+03 5.527983e-09
1.418000e+03 5.257709e-09
1.419000e+03 5.624769e-09
1.420000e+03 5.952425e-09
1.421000e+03 5.475425e-09
1.422000e+03 6.229960e-09
1.423000e+03 5.526290e-09
1.424000e+03 5.206339e-09
1.425000e+03 5.718968e-09
1.426000e+03 5.792033e-09
1.427000e+03 5.615951e-09
1.428000e+03 5.291842e-09
1.429000e+03 6.826375e-09
1.430000e+03 5.780548e-09
1.431000e+03 5.493200e-09
1.432000e+03 5.335120e-09
1.433000e+03 5.382387e-09
1.434000e+03 4.981385e-09
1.435000e+03 5.122151e-09
1.436000e+03 6.508468e-09
1.437000e+03 4.909491e-09
1.438000e+03 5.447055e-09
1.439000e+03 5.308528e-09
1.440000e+03 5.171965e-09
1.441000e+03 5.412917e-09
1.442000e+03 5.320305e-09
1.443000e+03 5.218534e-09
1.444000e+03 4.918304e-09
1.445000e+03 5.027264e-09
1.446000e+03 5.297943e-09
1.447000e+03 5.503104e-09
1.448000e+03 4.936036e-09
1.449000e+03 4.806275e-09
1.450000e+03 4.562478e-09
1.451000e+03 5.129480e-09
1.452000e+03 4.494765e-09
1.453000e+03 5.025004e-09
1.454000e+03 4.636441e-09
1.455000e+03 6.382803e-09
1.456000e+03 5.015701e-09
1.457000e+03 4.836275e-09
1.458000e+03 5.112347e-09
1.459000e+03 4.740062e-09
1.460000e+03 4.616970e-09
1.461000e+03 4.923385e-09
1.462000e+03 5.243755e-09
1.463000e+03 5.230963e-09
1.464000e+03 4.926832e-09
1.465000e+03 6.333725e-09
1.466000e+03 4.893067e-09
1.467000e+03 5.012563e-09
1.468000e+03 4.595762e-09
1.469000e+03 4.863676e-09
1.470000e+03 4.656322e-09
1.471000e+03 5.659683e-09
1.472000e+03 6.465198e-09
1.473000e+03 4.721100e-09
1.474000e+03 4.857852e-09
1.475000e+03 5.024835e-09
1.476000e+03 4.445137e-09
1.477000e+03 4.701142e-09
1.478000e+03 4.483527e-09
1.479000e+03 5.094171e-09
1.480000e+03 4.540671e-09
1.481000e+03 4.530001e-09
1.482000e+03 5.076457e-09
1.483000e+03 5.179477e-09
1.484000e+03 4.961887e-09
1.485000e+03 4.337363e-09
1.486000e+03 4.475674e-09
1.487000e+03 4.839412e-09
1.488000e+03 4.412803e-09
1.489000e+03 4.714493e-09
1.490000e+03 4.477914e-09
1.491000e+03 4.614098e-09
1.492000e+03 4.347834e-09
1.493000e+03 4.473674e-09
1.494000e+03 4.849144e-09
1.495000e+03 4.639377e-09
1.496000e+03 4.714968e-09
1.497000e+03 4.234093e-09
1.498000e+03 4.778395e-09
1.499000e+03 5.453469e-09
1.500000e+03 1.475838e-07
1.501000e+03 2.589436e-08
1.502000e+03 2.205776e-08
1.503000e+03 1.769536e-08
1.504000e+03 1.409920e-08
1.505000e+03 1.131812e-08
1.506000e+03 6.755774e-08
1.507000e+03 5.794900e-08
1.508000e+03 4.969219e-08
1.509000e+03 4.076644e-08
1.510000e+03 3.391797e-08
1.511000e+03 2.838477e-08
1.512000e+03 2.382394e-08
1.513000e+03 2.061904e-08
1.514000e+03 1.781751e-08
1.515000e+03 1.567687e-08
1.516000e+03 1.399115e-08
1.517000e+03 1.234361e-08
1.518000e+03 1.135800e-08
1.519000e+03 1.112273e-08
1.520000e+03 9.763541e-09
1.521000e+03 9.245696e-09
1.522000e+03 8.484054e-09
1.523000e+03 8.339087e-09
1.524000e+03 7.748007e-09
1.525000e+03 7.977351e-09
1.526000e+03 7.324939e-09
1.527000e+03 7.367596e-09
1.528000e+03 6.928083e-09
1.529000e+03 6.768951e-09
1.530000e+03 7.172924e-09
1.531000e+03 6.613749e-09
1.532000e+03 6.253876e-09
1.533000e+03 6.465991e-09
1.534000e+03 5.976109e-09
1.535000e+03 6.293388e-09
1.536000e+03 5.670957e-09
1.537000e+03 7.031725e-09
1.538000e+03 5.544063e-09
1.539000e+03 5.797035e-09
1.540000e+03 5.098537e-09
1.541000e+03 5.488021e-09
1.542000e+03 5.038571e-09
1.543000e+03 5.088095e-09
1.544000e+03 5.776409e-09
1.545000e+03 4.974339e-09
1.546000e+03 4.680295e-09
1.547000e+03 4.901262e-09
1.548000e+03 4.880367e-09
1.549000e+03 5.163650e-09
1.550000e+03 5.091947e-09
1.551000e+03 5.002778e-09
1.552000e+03 5.389869e-09
1.553000e+03 4.606143e-09
1.554000e+03 4.659813e-09
1.555000e+03 5.460074e-09
1.556000e+03 4.825000e-09
1.557000e+03 4.488037e-09
1.558000e+03 4.711024e-09
1.559000e+03 4.680621e-09
1.560000e+03 4.399178e-09
1.561000e+03 4.924655e-09
1.562000e+03 4.518576e-09
1.563000e+03 4.577659e-09
1.564000e+03 4.669145e-09
1.565000e+03 4.749687e-09
1.566000e+03 5.074298e-09
1.567000e+03 4.864773e-09
1.568000e+03 4.512619e-09
1.569000e+03 4.518346e-09
1.570000e+03 4.673012e-09
1.571000e+03 4.570638e-09
1.572000e+03 4.619342e-09
1.573000e+03 5.493169e-09
1.574000e+03 4.515323e-09
1.575000e+03 4.446435e-09
1.576000e+03 4.151047e-09
1.577000e+03 5.004394e-09
1.578000e+03 4.356370e-09
1.579000e+03 4.538290e-09
1.580000e+03 4.646053e-09
1.581000e+03 4.748991e-09
1.582000e+03 4.680134e-09
1.583000e+03 4.941907e-09
1.584000e+03 4.548010e-09
1.585000e+03 4.601512e-09
1.586000e+03 4.573184e-09
1.587000e+03 4.754720e-09
1.588000e+03 4.663954e-09
1.589000e+03 4.365890e-09
1.590000e+03 4.441635e-09
1.591000e+03 5.418403e-09
1.592000e+03 4.502317e-09
1.593000e+03 4.243908e-09
1.594000e+03 4.414659e-09
1.595000e+03 4.854458e-09
1.596000e+03 4.406985e-09
1.597000e+03 4.737274e-09
1.598000e+03 4.351222e-09
1.599000e+03 4.788819e-09
1.600000e+03 4.389396e-09
1.601000e+03 4.399411e-09
1.602000e+03 5.394486e-09
1.603000e+03 4.747377e-09
1.604000e+03 4.638380e-09
1.605000e+03 4.401775e-09
1.606000e+03 5.282183e-09
1.607000e+03 4.771680e-09
1.608000e+03 4.522747e-09
1.609000e+03 5.558128e-09
1.610000e+03 4.308955e-09
1.611000e+03 4.975994e-09
1.612000e+03 4.152458e-09
1.613000e+03 4.578045e-09
1.614000e+03 4.365910e-09
1.615000e+03 4.953791e-09
1.616000e+03 5.778519e-09
1.617000e+03 4.302761e-09
1.618000e+03 4.708258e-09
1.619000e+03 4.717204e-09
1.620000e+03 4.103904e-09
1.621000e+03 4.433291e-09
1.622000e+03 4.191241e-09
1.623000e+03 4.342151e-09
1.624000e+03 4.139834e-09
1.625000e+03 4.309945e-09
1.626000e+03 4.189564e-09
1.627000e+03 5.141708e-09
1.628000e+03 4.609470e-09
1.629000e+03 4.107373e-09
1.630000e+03 4.112758e-09
1.631000e+03 5.762915e-09
1.632000e+03 4.615636e-09
1.633000e+03 4.690185e-09
1.634000e+03 4.097254e-09
1.635000e+03 4.552541e-09
1.636000e+03 3.997971e-09
1.637000e+03 3.976099e-09
1.638000e+03 4.217116e-09
1.639000e+03 4.419766e-09
1.640000e+03 4.218643e-09
1.641000e+03 4.059439e-09
1.642000e+03 4.933606e-09
1.643000e+03 4.571385e-09
1.644000e+03 4.472950e-09
1.645000e+03 5.653173e-09
1.646000e+03 4.113079e-09
1.647000e+03 4.472529e-09
1.648000e+03 4.191856e-09
1.649000e+03 4.573805e-09
1.650000e+03 4.131664e-09
1.651000e+03 4.600426e-09
1.652000e+03 5.277323e-09
1.653000e+03 4.050569e-09
1.654000e+03 4.326513e-09
1.655000e+03 4.263721e-09
1.656000e+03 4.231260e-09
1.657000e+03 4.395850e-09
1.658000e+03 4.269091e-09
1.659000e+03 4.087764e-09
1.660000e+03 4.442337e-09
1.661000e+03 4.306663e-09
1.662000e+03 4.357534e-09
1.663000e+03 4.507603e-09
1.664000e+03 4.096284e-09
1.665000e+03 4.170109e-09
1.666000e+03 3.845250e-09
1.667000e+03 4.264648e-09
1.668000e+03 4.083032e-09
1.669000e+03 4.586420e-09
1.670000e+03 4.096937e-09
1.671000e+03 4.097730e-09
1.672000e+03 3.963933e-09
1.673000e+03 3.997764e-09
1.674000e+03 4.476877e-09
1.675000e+03 4.293182e-09
1.676000e+03 4.204174e-09
1.677000e+03 3.937970e-09
1.678000e+03 4.154766e-09
1.679000e+03 4.284912e-09
1.680000e+03 3.804027e-09
1.681000e+03 5.019899e-09
1.682000e+03 3.830315e-09
1.683000e+03 4.137493e-09
1.684000e+03 3.757442e-09
1.685000e+03 4.270362e-09
1.686000e+03 3.976124e-09
1.687000e+03 4.018390e-09
1.688000e+03 5.016939e-09
1.689000e+03 3.718603e-09
1.690000e+03 3.809629e-09
1.691000e+03 4.064965e-09
1.692000e+03 3.859781e-09
1.693000e+03 3.822086e-09
1.694000e+03 4.170453e-09
1.695000e+03 3.964426e-09
1.696000e+03 4.272581e-09
1.697000e+03 4.099707e-09
1.698000e+03 4.071037e-09
1.699000e+03 4.414731e-09
1.700000e+03 3.910611e-09
1.701000e+03 3.856244e-09
1.702000e+03 3.738538e-09
1.703000e+03 3.845814e-09
1.704000e+03 4.005759e-09
1.705000e+03 4.346434e-09
1.706000e+03 3.940102e-09
1.707000e+03 3.862575e-09
1.708000e+03 3.812679e-09
1.709000e+03 3.829970e-09
1.710000e+03 4.317662e-09
1.711000e+03 4.071799e-09
1.712000e+03 4.094572e-09
1.713000e+03 3.610715e-09
1.714000e+03 3.849618e-09
1.715000e+03 4.110491e-09
1.716000e+03 3.581206e-09
1.717000e+03 5.115364e-09
1.718000e+03 3.691698e-09
1.719000e+03 4.215220e-09
1.720000e+03 3.551079e-09
1.721000e+03 4.104677e-09
1.722000e+03 3.769632e-09
1.723000e+03 3.979229e-09
1.724000e+03 5.105842e-09
1.725000e+03 4.062841e-09
1.726000e+03 3.711482e-09
1.727000e+03 3.768516e-09
1.728000e+03 3.638599e-09
1.729000e+03 3.624038e-09
1.730000e+03 3.733148e-09
1.731000e+03 3.817343e-09
1.732000e+03 3.451185e-09
1.733000e+03 4.112735e-09
1.734000e+03 3.673797e-09
1.735000e+03 4.349495e-09
1.736000e+03 3.818446e-09
1.737000e+03 3.374092e-09
1.738000e+03 3.510299e-09
1.739000e+03 3.760613e-09
1.740000e+03 4.395960e-09
1.741000e+03 3.570823e-09
1.742000e+03 3.893507e-09
1.743000e+03 3.788476e-09
1.744000e+03 3.461356e-09
1.745000e+03 3.613124e-09
1.746000e+03 3.703124e-09
1.747000e+03 3.841486e-09
1.748000e+03 3.574136e-09
1.749000e+03 3.424900e-09
1.750000e+03 3.751200e-09
1.751000e+03 3.587690e-09
1.752000e+03 3.460940e-09
1.753000e+03 4.987221e-09
1.754000e+03 3.734835e-09
1.755000e+03 4.044901e-09
1.756000e+03 3.286584e-09
1.757000e+03 3.853196e-09
1.758000e+03 3.477194e-09
1.759000e+03 3.469450e-09
1.760000e+03 4.533004e-09
1.761000e+03 3.220317e-09
1.762000e+03 3.483638e-09
1.763000e+03 3.771150e-09
1.764000e+03 3.390798e-09
1.765000e+03 3.621517e-09
1.766000e+03 3.063200e-09
1.767000e+03 3.464858e-09
1.768000e+03 3.158564e-09
1.769000e+03 3.563961e-09
1.770000e+03 3.289839e-09
1.771000e+03 3.706010e-09
1.772000e+03 3.487578e-09
1.773000e+03 3.158925e-09
1.774000e+03 3.046658e-09
1.775000e+03 4.502188e-09
1.776000e+03 3.163959e-09
1.777000e+03 3.571771e-09
1.778000e+03 3.151608e-09
1.779000e+03 3.715970e-09
1.780000e+03 3.000832e-09
1.781000e+03 3.012794e-09
1.782000e+03 3.357999e-09
1.783000e+03 3.214761e-09
1.784000e+03 3.119456e-09
1.785000e+03 3.117074e-09
1.786000e+03 3.502981e-09
1.787000e+03 3.522680e-09
1.788000e+03 3.478079e-09
1.789000e+03 4.802545e-09
1.790000e+03 3.359246e-09
1.791000e+03 4.813089e-09
1.792000e+03 3.263984e-09
1.793000e+03 3.430664e-09
1.794000e+03 3.286187e-09
1.795000e+03 3.028650e-09
1.796000e+03 4.162623e-09
1.797000e+03 3.090030e-09
1.798000e+03 3.856671e-09
1.799000e+03 3.187643e-09
1.800000e+03 3.208718e-09
