Title ="THE FLUX ERR"
Variables=
iter
residual
1.000000e+00 1.322330e-03
2.000000e+00 8.980878e-04
3.000000e+00 6.712928e-04
4.000000e+00 1.913142e-03
5.000000e+00 1.307709e-03
6.000000e+00 1.353576e-03
7.000000e+00 5.061255e-04
8.000000e+00 1.150302e-03
9.000000e+00 4.195424e-05
1.000000e+01 1.001544e-04
1.100000e+01 4.357446e-04
1.200000e+01 8.208532e-05
1.300000e+01 2.394129e-04
1.400000e+01 3.462713e-04
1.500000e+01 2.820130e-04
1.600000e+01 3.139399e-04
1.700000e+01 1.155138e-04
1.800000e+01 1.390847e-04
1.900000e+01 3.838013e-04
2.000000e+01 4.450663e-05
2.100000e+01 3.547688e-05
2.200000e+01 2.636583e-04
2.300000e+01 4.948847e-05
2.400000e+01 2.676681e-05
2.500000e+01 2.736750e-05
2.600000e+01 2.676683e-05
2.700000e+01 1.890431e-05
2.800000e+01 1.122282e-04
2.900000e+01 1.920526e-05
3.000000e+01 2.020079e-05
3.100000e+01 2.614319e-05
3.200000e+01 2.356005e-05
3.300000e+01 1.581356e-05
3.400000e+01 5.592929e-05
3.500000e+01 4.254191e-06
3.600000e+01 3.965028e-06
3.700000e+01 4.628149e-06
3.800000e+01 6.455867e-06
3.900000e+01 3.466190e-06
4.000000e+01 4.960502e-06
4.100000e+01 4.899039e-06
4.200000e+01 4.565120e-06
4.300000e+01 2.683145e-05
4.400000e+01 8.341571e-06
4.500000e+01 5.686133e-06
4.600000e+01 2.575213e-05
4.700000e+01 9.579802e-06
4.800000e+01 6.887137e-06
4.900000e+01 3.389084e-05
5.000000e+01 2.777520e-05
5.100000e+01 2.904214e-05
5.200000e+01 2.134476e-05
5.300000e+01 4.185802e-05
5.400000e+01 1.141586e-05
5.500000e+01 3.035961e-05
5.600000e+01 3.755184e-05
5.700000e+01 3.350355e-05
5.800000e+01 2.896699e-05
5.900000e+01 3.069749e-05
6.000000e+01 3.144674e-05
6.100000e+01 3.715217e-05
6.200000e+01 3.382059e-05
6.300000e+01 3.633901e-05
6.400000e+01 2.890168e-05
6.500000e+01 4.280155e-05
6.600000e+01 8.056845e-06
6.700000e+01 2.865145e-05
6.800000e+01 1.626332e-05
6.900000e+01 1.213587e-05
7.000000e+01 2.187916e-05
7.100000e+01 2.383252e-05
7.200000e+01 2.431073e-05
7.300000e+01 2.270702e-05
7.400000e+01 2.845088e-05
7.500000e+01 3.429501e-05
7.600000e+01 1.857146e-05
7.700000e+01 3.381309e-05
7.800000e+01 3.420337e-05
7.900000e+01 5.020029e-05
8.000000e+01 2.562395e-05
8.100000e+01 2.678099e-05
8.200000e+01 1.757807e-05
8.300000e+01 2.075459e-05
8.400000e+01 1.834873e-05
8.500000e+01 2.573577e-05
8.600000e+01 2.869043e-05
8.700000e+01 2.725853e-05
8.800000e+01 2.281684e-05
8.900000e+01 2.203132e-05
9.000000e+01 1.826127e-05
9.100000e+01 1.666770e-05
9.200000e+01 1.734087e-05
9.300000e+01 1.348142e-05
9.400000e+01 9.234381e-06
9.500000e+01 2.200499e-05
9.600000e+01 1.137790e-05
9.700000e+01 1.209204e-05
9.800000e+01 1.395189e-05
9.900000e+01 1.073138e-05
1.000000e+02 1.763301e-05
1.010000e+02 1.336803e-05
1.020000e+02 1.912973e-05
1.030000e+02 9.672854e-05
1.040000e+02 9.236420e-05
1.050000e+02 9.263703e-05
1.060000e+02 1.026946e-04
1.070000e+02 1.055433e-04
1.080000e+02 9.875285e-05
1.090000e+02 1.107383e-04
1.100000e+02 9.413421e-05
1.110000e+02 1.006806e-04
1.120000e+02 1.004369e-04
1.130000e+02 1.098549e-04
1.140000e+02 1.133455e-04
1.150000e+02 1.202864e-04
1.160000e+02 1.346841e-04
1.170000e+02 1.215490e-04
1.180000e+02 1.154474e-04
1.190000e+02 1.192068e-04
1.200000e+02 1.206637e-04
1.210000e+02 1.312400e-04
1.220000e+02 1.328473e-04
1.230000e+02 1.341417e-04
1.240000e+02 1.399267e-04
1.250000e+02 1.550006e-04
1.260000e+02 1.502418e-04
1.270000e+02 1.514906e-04
1.280000e+02 1.381521e-04
1.290000e+02 1.587289e-04
1.300000e+02 1.926486e-04
1.310000e+02 1.715076e-04
1.320000e+02 1.662969e-04
1.330000e+02 1.879224e-04
1.340000e+02 1.751646e-04
1.350000e+02 1.637299e-04
1.360000e+02 1.699219e-04
1.370000e+02 1.534452e-04
1.380000e+02 1.504725e-04
1.390000e+02 1.542081e-04
1.400000e+02 1.618294e-04
1.410000e+02 1.423710e-04
1.420000e+02 1.702545e-04
1.430000e+02 1.446982e-04
1.440000e+02 1.432646e-04
1.450000e+02 1.443558e-04
1.460000e+02 1.322200e-04
1.470000e+02 1.261430e-04
1.480000e+02 1.189816e-04
1.490000e+02 1.176600e-04
1.500000e+02 1.145810e-04
1.510000e+02 1.133463e-04
1.520000e+02 1.130197e-04
1.530000e+02 9.659281e-05
1.540000e+02 9.961386e-05
1.550000e+02 9.605135e-05
1.560000e+02 8.505996e-05
1.570000e+02 8.619511e-05
1.580000e+02 8.947728e-05
1.590000e+02 7.704653e-05
1.600000e+02 8.953129e-05
1.610000e+02 9.007782e-05
1.620000e+02 8.772480e-05
1.630000e+02 9.083448e-05
1.640000e+02 1.063926e-04
1.650000e+02 1.419441e-04
1.660000e+02 1.389877e-04
1.670000e+02 1.265444e-04
1.680000e+02 1.158178e-04
1.690000e+02 1.272227e-04
1.700000e+02 1.605152e-04
1.710000e+02 1.576822e-04
1.720000e+02 1.629329e-04
1.730000e+02 1.637380e-04
1.740000e+02 1.749785e-04
1.750000e+02 1.324020e-04
1.760000e+02 1.981604e-04
1.770000e+02 1.760825e-04
1.780000e+02 1.733873e-04
1.790000e+02 1.742070e-04
1.800000e+02 2.561518e-05
1.810000e+02 1.616213e-04
1.820000e+02 1.789651e-04
1.830000e+02 2.096371e-05
1.840000e+02 2.166847e-05
1.850000e+02 1.576125e-04
1.860000e+02 2.956484e-05
1.870000e+02 1.821887e-05
1.880000e+02 1.506883e-04
1.890000e+02 2.637115e-05
1.900000e+02 2.305997e-05
1.910000e+02 2.480656e-05
1.920000e+02 2.240348e-05
1.930000e+02 3.352212e-05
1.940000e+02 2.631720e-05
1.950000e+02 3.346482e-05
1.960000e+02 2.634841e-05
1.970000e+02 1.881181e-05
1.980000e+02 2.389386e-05
1.990000e+02 2.463175e-05
2.000000e+02 2.682001e-05
2.010000e+02 2.488925e-05
2.020000e+02 2.344105e-05
2.030000e+02 2.023473e-05
2.040000e+02 3.079774e-05
2.050000e+02 1.323340e-04
2.060000e+02 3.046072e-05
2.070000e+02 1.100279e-04
2.080000e+02 1.016968e-04
2.090000e+02 8.243675e-05
2.100000e+02 9.457791e-05
2.110000e+02 8.924695e-05
2.120000e+02 7.108618e-05
2.130000e+02 5.511572e-05
2.140000e+02 5.454160e-05
2.150000e+02 5.898009e-05
2.160000e+02 4.998601e-05
2.170000e+02 6.110244e-05
2.180000e+02 7.090707e-05
2.190000e+02 9.321225e-05
2.200000e+02 7.285024e-05
2.210000e+02 1.235083e-04
2.220000e+02 1.290140e-04
2.230000e+02 1.262878e-04
2.240000e+02 1.467159e-04
2.250000e+02 1.631660e-04
2.260000e+02 1.600338e-04
2.270000e+02 1.640794e-04
2.280000e+02 1.665737e-04
2.290000e+02 1.548829e-04
2.300000e+02 1.430076e-04
2.310000e+02 1.163477e-04
2.320000e+02 1.852636e-04
2.330000e+02 1.621072e-04
2.340000e+02 1.697890e-04
2.350000e+02 2.365745e-05
2.360000e+02 2.697802e-05
2.370000e+02 2.081603e-05
2.380000e+02 1.174565e-04
2.390000e+02 1.548797e-04
2.400000e+02 3.408056e-05
2.410000e+02 2.427182e-05
2.420000e+02 2.869918e-05
2.430000e+02 2.695574e-05
2.440000e+02 2.121249e-05
2.450000e+02 2.641174e-05
2.460000e+02 1.954077e-05
2.470000e+02 2.917453e-05
2.480000e+02 2.163412e-05
2.490000e+02 2.139895e-05
2.500000e+02 2.079118e-05
2.510000e+02 2.124902e-05
2.520000e+02 2.608169e-05
2.530000e+02 2.544048e-05
2.540000e+02 2.040134e-05
2.550000e+02 3.275265e-05
2.560000e+02 2.722601e-05
2.570000e+02 1.394796e-05
2.580000e+02 2.185115e-05
2.590000e+02 1.211985e-05
2.600000e+02 2.100570e-05
2.610000e+02 1.687251e-05
2.620000e+02 1.763485e-05
2.630000e+02 1.699952e-05
2.640000e+02 1.884597e-05
2.650000e+02 1.286469e-05
2.660000e+02 5.432833e-05
2.670000e+02 6.850131e-06
2.680000e+02 4.690890e-05
2.690000e+02 9.083243e-06
2.700000e+02 4.428867e-05
2.710000e+02 4.042383e-05
2.720000e+02 4.852569e-05
2.730000e+02 9.419481e-06
2.740000e+02 4.687963e-05
2.750000e+02 5.099387e-05
2.760000e+02 4.398038e-05
2.770000e+02 4.665905e-05
2.780000e+02 4.558372e-05
2.790000e+02 3.856840e-05
2.800000e+02 3.406742e-05
2.810000e+02 3.715614e-05
2.820000e+02 3.442767e-05
2.830000e+02 3.150644e-05
2.840000e+02 2.483030e-05
2.850000e+02 2.422737e-05
2.860000e+02 2.637064e-05
2.870000e+02 2.659784e-05
2.880000e+02 2.190137e-05
2.890000e+02 2.108257e-05
2.900000e+02 2.054775e-05
2.910000e+02 1.986373e-05
2.920000e+02 2.090306e-05
2.930000e+02 2.188038e-05
2.940000e+02 2.230107e-05
2.950000e+02 2.170203e-05
2.960000e+02 2.412615e-05
2.970000e+02 2.472225e-05
2.980000e+02 2.394884e-05
2.990000e+02 2.220672e-05
3.000000e+02 2.694433e-05
3.010000e+02 2.602704e-05
3.020000e+02 2.438247e-05
3.030000e+02 2.889059e-05
3.040000e+02 2.677913e-05
3.050000e+02 3.433380e-05
3.060000e+02 3.097093e-05
3.070000e+02 2.915533e-05
3.080000e+02 2.910601e-05
3.090000e+02 3.290013e-05
3.100000e+02 4.364141e-05
3.110000e+02 3.692740e-05
3.120000e+02 3.356509e-05
3.130000e+02 3.582607e-05
3.140000e+02 3.436475e-05
3.150000e+02 4.060745e-05
3.160000e+02 4.263638e-05
3.170000e+02 4.298459e-05
3.180000e+02 5.031928e-05
3.190000e+02 4.673154e-05
3.200000e+02 5.668286e-05
3.210000e+02 4.076565e-05
3.220000e+02 4.747603e-05
3.230000e+02 4.461521e-05
3.240000e+02 3.325135e-05
3.250000e+02 4.209135e-05
3.260000e+02 3.749294e-05
3.270000e+02 4.442225e-05
3.280000e+02 5.123562e-05
3.290000e+02 4.513197e-05
3.300000e+02 3.796624e-05
3.310000e+02 4.144694e-05
3.320000e+02 4.129362e-05
3.330000e+02 5.033666e-05
3.340000e+02 5.640601e-05
3.350000e+02 3.938981e-05
3.360000e+02 5.312605e-05
3.370000e+02 5.209675e-05
3.380000e+02 5.296330e-05
3.390000e+02 5.162943e-05
3.400000e+02 5.188479e-05
3.410000e+02 5.489662e-05
3.420000e+02 5.745097e-05
3.430000e+02 5.609252e-05
3.440000e+02 5.972519e-05
3.450000e+02 5.437060e-05
3.460000e+02 6.019344e-05
3.470000e+02 5.430119e-05
3.480000e+02 5.811020e-05
3.490000e+02 5.073328e-05
3.500000e+02 5.091766e-05
3.510000e+02 4.922265e-05
3.520000e+02 4.872838e-05
3.530000e+02 6.172107e-05
3.540000e+02 4.841383e-05
3.550000e+02 4.784365e-05
3.560000e+02 4.998424e-05
3.570000e+02 4.414746e-05
3.580000e+02 4.844828e-05
3.590000e+02 4.634528e-05
3.600000e+02 4.664223e-05
3.610000e+02 4.534318e-05
3.620000e+02 4.396424e-05
3.630000e+02 4.150499e-05
3.640000e+02 2.725597e-05
3.650000e+02 3.229282e-05
3.660000e+02 3.801685e-05
3.670000e+02 3.437184e-05
3.680000e+02 3.060889e-05
3.690000e+02 3.012922e-05
3.700000e+02 3.162316e-05
3.710000e+02 2.696514e-05
3.720000e+02 2.214035e-05
3.730000e+02 2.434023e-05
3.740000e+02 2.620998e-05
3.750000e+02 2.351416e-05
3.760000e+02 2.283268e-05
3.770000e+02 2.109140e-05
3.780000e+02 2.196851e-05
3.790000e+02 1.812631e-05
3.800000e+02 1.808995e-05
3.810000e+02 1.624328e-05
3.820000e+02 1.549015e-05
3.830000e+02 1.504205e-05
3.840000e+02 1.561267e-05
3.850000e+02 1.596385e-05
3.860000e+02 1.676246e-05
3.870000e+02 1.289207e-05
3.880000e+02 1.260679e-05
3.890000e+02 1.089343e-05
3.900000e+02 1.109244e-05
3.910000e+02 1.102915e-05
3.920000e+02 9.041054e-06
3.930000e+02 9.892290e-06
3.940000e+02 1.080934e-05
3.950000e+02 1.028875e-05
3.960000e+02 9.665964e-06
3.970000e+02 8.859780e-06
3.980000e+02 7.872280e-06
3.990000e+02 8.659755e-06
4.000000e+02 8.693043e-06
4.010000e+02 8.103569e-06
4.020000e+02 7.409386e-06
4.030000e+02 7.423359e-06
4.040000e+02 8.012538e-06
4.050000e+02 8.248749e-06
4.060000e+02 7.780275e-06
4.070000e+02 8.703715e-06
4.080000e+02 8.644903e-06
4.090000e+02 8.351371e-06
4.100000e+02 8.293785e-06
4.110000e+02 7.954297e-06
4.120000e+02 8.717353e-06
4.130000e+02 9.894623e-06
4.140000e+02 9.110628e-06
4.150000e+02 1.004625e-05
4.160000e+02 1.087174e-05
4.170000e+02 1.120768e-05
4.180000e+02 9.331849e-06
4.190000e+02 9.742599e-06
4.200000e+02 1.107038e-05
4.210000e+02 1.018415e-05
4.220000e+02 1.204086e-05
4.230000e+02 1.155582e-05
4.240000e+02 1.230827e-05
4.250000e+02 1.239085e-05
4.260000e+02 1.272671e-05
4.270000e+02 1.362881e-05
4.280000e+02 1.057426e-05
4.290000e+02 1.177642e-05
4.300000e+02 9.101254e-06
4.310000e+02 9.734937e-06
4.320000e+02 1.266104e-05
4.330000e+02 1.244987e-05
4.340000e+02 1.330205e-05
4.350000e+02 1.423486e-05
4.360000e+02 1.446316e-05
4.370000e+02 1.420979e-05
4.380000e+02 1.490542e-05
4.390000e+02 1.379516e-05
4.400000e+02 1.358612e-05
4.410000e+02 1.367847e-05
4.420000e+02 1.285199e-05
4.430000e+02 1.352927e-05
4.440000e+02 1.247868e-05
4.450000e+02 1.389757e-05
4.460000e+02 1.297606e-05
4.470000e+02 1.320258e-05
4.480000e+02 1.501810e-05
4.490000e+02 1.203777e-05
4.500000e+02 1.226642e-05
4.510000e+02 1.343609e-05
4.520000e+02 1.248204e-05
4.530000e+02 1.192351e-05
4.540000e+02 1.280764e-05
4.550000e+02 1.244061e-05
4.560000e+02 1.261511e-05
4.570000e+02 1.162633e-05
4.580000e+02 1.090301e-05
4.590000e+02 1.096029e-05
4.600000e+02 1.082676e-05
4.610000e+02 1.072358e-05
4.620000e+02 1.077860e-05
4.630000e+02 1.094291e-05
4.640000e+02 9.466909e-06
4.650000e+02 8.327023e-06
4.660000e+02 8.038211e-06
4.670000e+02 1.008435e-05
4.680000e+02 8.654559e-06
4.690000e+02 1.000155e-05
4.700000e+02 9.962485e-06
4.710000e+02 1.030662e-05
4.720000e+02 9.289273e-06
4.730000e+02 9.862803e-06
4.740000e+02 9.119945e-06
4.750000e+02 9.394274e-06
4.760000e+02 9.462089e-06
4.770000e+02 7.321875e-06
4.780000e+02 8.844309e-06
4.790000e+02 8.792746e-06
4.800000e+02 8.000184e-06
4.810000e+02 5.253745e-06
4.820000e+02 4.803466e-06
4.830000e+02 5.166403e-06
4.840000e+02 5.873505e-06
4.850000e+02 5.878119e-06
4.860000e+02 5.804342e-06
4.870000e+02 5.542979e-06
4.880000e+02 5.398018e-06
4.890000e+02 5.474259e-06
4.900000e+02 5.157825e-06
4.910000e+02 4.791538e-06
4.920000e+02 5.086477e-06
4.930000e+02 4.397662e-06
4.940000e+02 3.806696e-06
4.950000e+02 4.051217e-06
4.960000e+02 4.123527e-06
4.970000e+02 1.088995e-05
4.980000e+02 2.961173e-06
4.990000e+02 7.805801e-06
5.000000e+02 3.491956e-06
5.010000e+02 3.125087e-06
5.020000e+02 7.923255e-06
5.030000e+02 3.575773e-06
5.040000e+02 7.542806e-06
5.050000e+02 6.093793e-06
5.060000e+02 8.593121e-06
5.070000e+02 5.845961e-06
5.080000e+02 7.534717e-06
5.090000e+02 4.833319e-06
5.100000e+02 7.406393e-06
5.110000e+02 4.949012e-06
5.120000e+02 5.369136e-06
5.130000e+02 4.843000e-06
5.140000e+02 5.258796e-06
5.150000e+02 4.198328e-06
5.160000e+02 5.164838e-06
5.170000e+02 4.849964e-06
5.180000e+02 5.213314e-06
5.190000e+02 5.005943e-06
5.200000e+02 5.446218e-06
5.210000e+02 5.180097e-06
5.220000e+02 5.563019e-06
5.230000e+02 7.022968e-06
5.240000e+02 3.821631e-06
5.250000e+02 5.386722e-06
5.260000e+02 4.978092e-06
5.270000e+02 4.717008e-06
5.280000e+02 5.440155e-06
5.290000e+02 4.085623e-06
5.300000e+02 4.358766e-06
5.310000e+02 5.432852e-06
5.320000e+02 3.710971e-06
5.330000e+02 4.214047e-06
5.340000e+02 5.019762e-06
5.350000e+02 3.637869e-06
5.360000e+02 4.163764e-06
5.370000e+02 6.913192e-06
5.380000e+02 3.351798e-06
5.390000e+02 3.653095e-06
5.400000e+02 3.990076e-06
5.410000e+02 3.442051e-06
5.420000e+02 3.548385e-06
5.430000e+02 3.471105e-06
5.440000e+02 4.357224e-06
5.450000e+02 3.153019e-06
5.460000e+02 3.386792e-06
5.470000e+02 4.203203e-06
5.480000e+02 3.337797e-06
5.490000e+02 3.450456e-06
5.500000e+02 3.959367e-06
5.510000e+02 3.261823e-06
5.520000e+02 3.426519e-06
5.530000e+02 3.199781e-06
5.540000e+02 3.815453e-06
5.550000e+02 2.963118e-06
5.560000e+02 2.928373e-06
5.570000e+02 3.524798e-06
5.580000e+02 3.176737e-06
5.590000e+02 3.564400e-06
5.600000e+02 3.330521e-06
5.610000e+02 3.656466e-06
5.620000e+02 2.960119e-06
5.630000e+02 3.480661e-06
5.640000e+02 3.738794e-06
5.650000e+02 3.007279e-06
5.660000e+02 3.745823e-06
5.670000e+02 3.365963e-06
5.680000e+02 3.666736e-06
5.690000e+02 2.892061e-06
5.700000e+02 3.431462e-06
5.710000e+02 3.088419e-06
5.720000e+02 4.110556e-06
5.730000e+02 2.782833e-06
5.740000e+02 3.441477e-06
5.750000e+02 3.187192e-06
5.760000e+02 4.114066e-06
5.770000e+02 2.476599e-06
5.780000e+02 2.871276e-06
5.790000e+02 2.654711e-06
5.800000e+02 3.462212e-06
5.810000e+02 2.285147e-06
5.820000e+02 2.601477e-06
5.830000e+02 1.908154e-06
5.840000e+02 1.801744e-06
5.850000e+02 3.306232e-06
5.860000e+02 2.141019e-06
5.870000e+02 2.474194e-06
5.880000e+02 2.302786e-06
5.890000e+02 3.622931e-06
5.900000e+02 1.730962e-06
5.910000e+02 1.744318e-06
5.920000e+02 1.598052e-06
5.930000e+02 1.402930e-06
5.940000e+02 1.338405e-06
5.950000e+02 3.368878e-06
5.960000e+02 1.327589e-06
5.970000e+02 1.778382e-06
5.980000e+02 1.668263e-06
5.990000e+02 1.635869e-06
6.000000e+02 1.362283e-06
6.010000e+02 3.367274e-06
6.020000e+02 1.385948e-06
6.030000e+02 1.728379e-06
6.040000e+02 1.678678e-06
6.050000e+02 1.406991e-06
6.060000e+02 1.018323e-06
6.070000e+02 8.952755e-07
6.080000e+02 3.184564e-06
6.090000e+02 1.081707e-06
6.100000e+02 1.346957e-06
6.110000e+02 1.156462e-06
6.120000e+02 1.025055e-06
6.130000e+02 9.397591e-07
6.140000e+02 8.650304e-07
6.150000e+02 7.908728e-07
6.160000e+02 7.397702e-07
6.170000e+02 2.394512e-06
6.180000e+02 7.424699e-07
6.190000e+02 8.632688e-07
6.200000e+02 8.074712e-07
6.210000e+02 7.377709e-07
6.220000e+02 6.759989e-07
6.230000e+02 6.385192e-07
6.240000e+02 6.674634e-07
6.250000e+02 6.420475e-07
6.260000e+02 6.052816e-07
6.270000e+02 3.175967e-06
6.280000e+02 6.197338e-07
6.290000e+02 8.416474e-07
6.300000e+02 7.754942e-07
6.310000e+02 6.928802e-07
6.320000e+02 6.198086e-07
6.330000e+02 5.359225e-07
6.340000e+02 5.130635e-07
6.350000e+02 4.787962e-07
6.360000e+02 4.486728e-07
6.370000e+02 4.216944e-07
6.380000e+02 3.783622e-07
6.390000e+02 7.365259e-07
6.400000e+02 6.922612e-07
6.410000e+02 5.770688e-07
6.420000e+02 5.030532e-07
6.430000e+02 4.502767e-07
6.440000e+02 4.251836e-07
6.450000e+02 3.893738e-07
6.460000e+02 3.746108e-07
6.470000e+02 3.619306e-07
6.480000e+02 3.409754e-07
6.490000e+02 2.602293e-06
6.500000e+02 5.545728e-07
6.510000e+02 5.772062e-07
6.520000e+02 5.341280e-07
6.530000e+02 4.772118e-07
6.540000e+02 4.350018e-07
6.550000e+02 4.062314e-07
6.560000e+02 3.897493e-07
6.570000e+02 3.731460e-07
6.580000e+02 3.635925e-07
6.590000e+02 3.598510e-07
6.600000e+02 4.861184e-07
6.610000e+02 6.442089e-07
6.620000e+02 6.394294e-07
6.630000e+02 5.500437e-07
6.640000e+02 4.649158e-07
6.650000e+02 4.256220e-07
6.660000e+02 4.048724e-07
6.670000e+02 3.860541e-07
6.680000e+02 3.545693e-07
6.690000e+02 3.407320e-07
6.700000e+02 3.297078e-07
6.710000e+02 3.783470e-07
6.720000e+02 6.883260e-07
6.730000e+02 6.045541e-07
6.740000e+02 5.365128e-07
6.750000e+02 4.820426e-07
6.760000e+02 4.412941e-07
6.770000e+02 3.782076e-07
6.780000e+02 3.522890e-07
6.790000e+02 3.425344e-07
6.800000e+02 3.304087e-07
6.810000e+02 5.353151e-07
6.820000e+02 6.507705e-07
6.830000e+02 5.616585e-07
6.840000e+02 4.831714e-07
6.850000e+02 4.318592e-07
6.860000e+02 3.584744e-07
6.870000e+02 3.354974e-07
6.880000e+02 3.149149e-07
6.890000e+02 2.314943e-07
6.900000e+02 6.981320e-07
6.910000e+02 6.432282e-07
6.920000e+02 5.574974e-07
6.930000e+02 4.022214e-07
6.940000e+02 3.666263e-07
6.950000e+02 3.517299e-07
6.960000e+02 3.339873e-07
6.970000e+02 1.860600e-07
6.980000e+02 7.755947e-07
6.990000e+02 6.663914e-07
7.000000e+02 5.635042e-07
7.010000e+02 4.848806e-07
7.020000e+02 4.236048e-07
7.030000e+02 3.574742e-07
7.040000e+02 8.119068e-07
7.050000e+02 7.207954e-07
7.060000e+02 6.035640e-07
7.070000e+02 5.125497e-07
7.080000e+02 4.425131e-07
7.090000e+02 3.259538e-07
7.100000e+02 7.230684e-07
7.110000e+02 6.429709e-07
7.120000e+02 5.604951e-07
7.130000e+02 5.025995e-07
7.140000e+02 3.513267e-07
7.150000e+02 7.506356e-07
7.160000e+02 6.817278e-07
7.170000e+02 6.063926e-07
7.180000e+02 2.046116e-06
7.190000e+02 8.021907e-07
7.200000e+02 7.530240e-07
7.210000e+02 6.267880e-07
7.220000e+02 5.474620e-07
7.230000e+02 3.059080e-07
7.240000e+02 8.352331e-07
7.250000e+02 7.695850e-07
7.260000e+02 6.360494e-07
7.270000e+02 2.769121e-07
7.280000e+02 9.123370e-07
7.290000e+02 8.034256e-07
7.300000e+02 6.650612e-07
7.310000e+02 2.027695e-06
7.320000e+02 8.045183e-07
7.330000e+02 8.065223e-07
7.340000e+02 6.703018e-07
7.350000e+02 2.030863e-06
7.360000e+02 8.574744e-07
7.370000e+02 8.655423e-07
7.380000e+02 7.319617e-07
7.390000e+02 2.004275e-06
7.400000e+02 8.076631e-07
7.410000e+02 7.754623e-07
7.420000e+02 6.931753e-07
7.430000e+02 5.924031e-07
7.440000e+02 2.019302e-06
7.450000e+02 7.672377e-07
7.460000e+02 7.317300e-07
7.470000e+02 6.101461e-07
7.480000e+02 1.980422e-06
7.490000e+02 7.722300e-07
7.500000e+02 7.171528e-07
7.510000e+02 6.353974e-07
7.520000e+02 2.000324e-06
7.530000e+02 7.938362e-07
7.540000e+02 7.872122e-07
7.550000e+02 6.613885e-07
7.560000e+02 5.492184e-07
7.570000e+02 2.716017e-07
7.580000e+02 7.820315e-07
7.590000e+02 6.965260e-07
7.600000e+02 5.850078e-07
7.610000e+02 4.967635e-07
7.620000e+02 1.950218e-06
7.630000e+02 7.078033e-07
7.640000e+02 6.958827e-07
7.650000e+02 5.804316e-07
7.660000e+02 5.052716e-07
7.670000e+02 2.015701e-06
7.680000e+02 6.982164e-07
7.690000e+02 6.913190e-07
7.700000e+02 5.761655e-07
7.710000e+02 4.884781e-07
7.720000e+02 2.032041e-06
7.730000e+02 6.789599e-07
7.740000e+02 6.804394e-07
7.750000e+02 5.710840e-07
7.760000e+02 4.826946e-07
7.770000e+02 2.747606e-07
7.780000e+02 7.375693e-07
7.790000e+02 6.419109e-07
7.800000e+02 5.546947e-07
7.810000e+02 4.721854e-07
7.820000e+02 2.700935e-07
7.830000e+02 7.475783e-07
7.840000e+02 6.580141e-07
7.850000e+02 5.480257e-07
7.860000e+02 4.675712e-07
7.870000e+02 4.081584e-07
7.880000e+02 1.912097e-06
7.890000e+02 6.044952e-07
7.900000e+02 6.136633e-07
7.910000e+02 5.192655e-07
7.920000e+02 4.338498e-07
7.930000e+02 3.749347e-07
7.940000e+02 1.747615e-06
7.950000e+02 5.700921e-07
7.960000e+02 5.848698e-07
7.970000e+02 4.959984e-07
7.980000e+02 4.331695e-07
7.990000e+02 3.741494e-07
8.000000e+02 1.791708e-06
8.010000e+02 5.361611e-07
8.020000e+02 5.845855e-07
8.030000e+02 5.072685e-07
8.040000e+02 4.262243e-07
8.050000e+02 3.579249e-07
8.060000e+02 1.773195e-06
8.070000e+02 5.624990e-07
8.080000e+02 5.815595e-07
8.090000e+02 4.937810e-07
8.100000e+02 4.155711e-07
8.110000e+02 3.565536e-07
8.120000e+02 3.132070e-07
8.130000e+02 1.838531e-06
8.140000e+02 5.195280e-07
8.150000e+02 5.510423e-07
8.160000e+02 4.597263e-07
8.170000e+02 3.873127e-07
8.180000e+02 3.327456e-07
8.190000e+02 2.909191e-07
8.200000e+02 2.609274e-07
8.210000e+02 1.819006e-06
8.220000e+02 4.652998e-07
8.230000e+02 4.995823e-07
8.240000e+02 4.259969e-07
8.250000e+02 3.596831e-07
8.260000e+02 3.125130e-07
8.270000e+02 2.825645e-07
8.280000e+02 2.523399e-07
8.290000e+02 2.543257e-07
8.300000e+02 5.309676e-07
8.310000e+02 4.763652e-07
8.320000e+02 3.974601e-07
8.330000e+02 3.339141e-07
8.340000e+02 2.880444e-07
8.350000e+02 2.533733e-07
8.360000e+02 2.273799e-07
8.370000e+02 2.523477e-07
8.380000e+02 5.137822e-07
8.390000e+02 4.630136e-07
8.400000e+02 3.844212e-07
8.410000e+02 3.229151e-07
8.420000e+02 2.778723e-07
8.430000e+02 2.431604e-07
8.440000e+02 2.203695e-07
8.450000e+02 2.004813e-07
8.460000e+02 1.820192e-07
8.470000e+02 2.744483e-07
8.480000e+02 4.930099e-07
8.490000e+02 4.489997e-07
8.500000e+02 3.575736e-07
8.510000e+02 2.964244e-07
8.520000e+02 2.522552e-07
8.530000e+02 2.240288e-07
8.540000e+02 2.004955e-07
8.550000e+02 1.821124e-07
8.560000e+02 1.669338e-07
8.570000e+02 1.560265e-07
8.580000e+02 2.740769e-07
8.590000e+02 4.547074e-07
8.600000e+02 4.062934e-07
8.610000e+02 3.337808e-07
8.620000e+02 2.772754e-07
8.630000e+02 2.354014e-07
8.640000e+02 2.053268e-07
8.650000e+02 1.913872e-07
8.660000e+02 1.732353e-07
8.670000e+02 1.580002e-07
8.680000e+02 1.466445e-07
8.690000e+02 2.735507e-07
8.700000e+02 4.554462e-07
8.710000e+02 4.130120e-07
8.720000e+02 3.416189e-07
8.730000e+02 2.830871e-07
8.740000e+02 2.395109e-07
8.750000e+02 2.068942e-07
8.760000e+02 1.824231e-07
8.770000e+02 1.647670e-07
8.780000e+02 1.503792e-07
8.790000e+02 1.387970e-07
8.800000e+02 1.292809e-07
8.810000e+02 1.223487e-07
8.820000e+02 1.168514e-07
8.830000e+02 2.852424e-07
8.840000e+02 4.322343e-07
8.850000e+02 3.946187e-07
8.860000e+02 3.244513e-07
8.870000e+02 2.690816e-07
8.880000e+02 2.268447e-07
8.890000e+02 1.904305e-07
8.900000e+02 1.662286e-07
8.910000e+02 1.483224e-07
8.920000e+02 1.343189e-07
8.930000e+02 1.242312e-07
8.940000e+02 1.159274e-07
8.950000e+02 1.099716e-07
8.960000e+02 1.062299e-07
8.970000e+02 1.021608e-07
8.980000e+02 2.359501e-07
8.990000e+02 4.136206e-07
9.000000e+02 3.675840e-07
9.010000e+02 3.018046e-07
9.020000e+02 2.493717e-07
9.030000e+02 2.111958e-07
9.040000e+02 1.769808e-07
9.050000e+02 1.560917e-07
9.060000e+02 1.389387e-07
9.070000e+02 1.273223e-07
9.080000e+02 1.160016e-07
9.090000e+02 1.091748e-07
9.100000e+02 1.009749e-07
9.110000e+02 9.524434e-08
9.120000e+02 9.104628e-08
9.130000e+02 8.759110e-08
9.140000e+02 8.499156e-08
9.150000e+02 8.271154e-08
9.160000e+02 8.095984e-08
9.170000e+02 2.958040e-07
9.180000e+02 3.710815e-07
9.190000e+02 3.444050e-07
9.200000e+02 2.820993e-07
9.210000e+02 2.400327e-07
9.220000e+02 2.028718e-07
9.230000e+02 1.718039e-07
9.240000e+02 1.497359e-07
9.250000e+02 1.314030e-07
9.260000e+02 1.160874e-07
9.270000e+02 1.057198e-07
9.280000e+02 9.772672e-08
9.290000e+02 9.379120e-08
9.300000e+02 8.397449e-08
9.310000e+02 8.026935e-08
9.320000e+02 7.840913e-08
9.330000e+02 7.549041e-08
9.340000e+02 7.422992e-08
9.350000e+02 7.276807e-08
9.360000e+02 7.184663e-08
9.370000e+02 6.835744e-08
9.380000e+02 6.872068e-08
9.390000e+02 6.691584e-08
9.400000e+02 2.638966e-07
9.410000e+02 3.728894e-07
9.420000e+02 3.412172e-07
9.430000e+02 2.685087e-07
9.440000e+02 2.200944e-07
9.450000e+02 1.821707e-07
9.460000e+02 1.539384e-07
9.470000e+02 1.325556e-07
9.480000e+02 1.159207e-07
9.490000e+02 1.037236e-07
9.500000e+02 9.402470e-08
9.510000e+02 8.506209e-08
9.520000e+02 7.985279e-08
9.530000e+02 7.401549e-08
9.540000e+02 7.010428e-08
9.550000e+02 6.685394e-08
9.560000e+02 6.422609e-08
9.570000e+02 6.206356e-08
9.580000e+02 6.018906e-08
9.590000e+02 5.965179e-08
9.600000e+02 5.775385e-08
9.610000e+02 5.706055e-08
9.620000e+02 5.619034e-08
9.630000e+02 5.575812e-08
9.640000e+02 5.545614e-08
9.650000e+02 5.455230e-08
9.660000e+02 5.330497e-08
9.670000e+02 5.485983e-08
9.680000e+02 5.256193e-08
9.690000e+02 5.147950e-08
9.700000e+02 5.068772e-08
9.710000e+02 2.630264e-07
9.720000e+02 3.413061e-07
9.730000e+02 3.113886e-07
9.740000e+02 2.518466e-07
9.750000e+02 1.961561e-07
9.760000e+02 1.605580e-07
9.770000e+02 1.347523e-07
9.780000e+02 1.147831e-07
9.790000e+02 9.959373e-08
9.800000e+02 8.901689e-08
9.810000e+02 7.907538e-08
9.820000e+02 7.131395e-08
9.830000e+02 6.767740e-08
9.840000e+02 6.263822e-08
9.850000e+02 6.010543e-08
9.860000e+02 5.595549e-08
9.870000e+02 5.382242e-08
9.880000e+02 5.193841e-08
9.890000e+02 5.092483e-08
9.900000e+02 4.929077e-08
9.910000e+02 4.887396e-08
9.920000e+02 4.838469e-08
9.930000e+02 4.624921e-08
9.940000e+02 4.593921e-08
9.950000e+02 4.481232e-08
9.960000e+02 4.439742e-08
9.970000e+02 4.503198e-08
9.980000e+02 4.382824e-08
9.990000e+02 4.239971e-08
1.000000e+03 4.183109e-08
1.001000e+03 4.240373e-08
1.002000e+03 4.013235e-08
1.003000e+03 3.975992e-08
1.004000e+03 3.956402e-08
1.005000e+03 3.841178e-08
1.006000e+03 3.785942e-08
1.007000e+03 3.739623e-08
1.008000e+03 3.709267e-08
1.009000e+03 3.672355e-08
1.010000e+03 3.593664e-08
1.011000e+03 3.554548e-08
1.012000e+03 3.720748e-08
1.013000e+03 3.703020e-08
1.014000e+03 3.436717e-08
1.015000e+03 3.393931e-08
1.016000e+03 3.366435e-08
1.017000e+03 3.301542e-08
1.018000e+03 3.257565e-08
1.019000e+03 2.491010e-07
1.020000e+03 2.970118e-07
1.021000e+03 2.695481e-07
1.022000e+03 2.174259e-07
1.023000e+03 1.757182e-07
1.024000e+03 1.442551e-07
1.025000e+03 1.204015e-07
1.026000e+03 1.015272e-07
1.027000e+03 8.713266e-08
1.028000e+03 7.685580e-08
1.029000e+03 6.775044e-08
1.030000e+03 6.060915e-08
1.031000e+03 5.471186e-08
1.032000e+03 4.909219e-08
1.033000e+03 4.523609e-08
1.034000e+03 4.237904e-08
1.035000e+03 3.953514e-08
1.036000e+03 3.758496e-08
1.037000e+03 3.630155e-08
1.038000e+03 3.461267e-08
1.039000e+03 3.361693e-08
1.040000e+03 3.255203e-08
1.041000e+03 3.202930e-08
1.042000e+03 3.243602e-08
1.043000e+03 3.073760e-08
1.044000e+03 3.134478e-08
1.045000e+03 3.085434e-08
1.046000e+03 2.910848e-08
1.047000e+03 2.904361e-08
1.048000e+03 2.902811e-08
1.049000e+03 2.872253e-08
1.050000e+03 2.728185e-08
1.051000e+03 2.788243e-08
1.052000e+03 2.718795e-08
1.053000e+03 2.643678e-08
1.054000e+03 2.636936e-08
1.055000e+03 2.597063e-08
1.056000e+03 2.547208e-08
1.057000e+03 2.623524e-08
1.058000e+03 2.806956e-08
1.059000e+03 2.649028e-08
1.060000e+03 2.597301e-08
1.061000e+03 2.551399e-08
1.062000e+03 2.535356e-08
1.063000e+03 2.410169e-08
1.064000e+03 2.470101e-08
1.065000e+03 2.397280e-08
1.066000e+03 2.400728e-08
1.067000e+03 2.283694e-08
1.068000e+03 2.303706e-08
1.069000e+03 2.289294e-08
1.070000e+03 2.315958e-08
1.071000e+03 2.231962e-08
1.072000e+03 2.201487e-08
1.073000e+03 2.406321e-08
1.074000e+03 2.209813e-08
1.075000e+03 2.338043e-08
1.076000e+03 2.219989e-08
1.077000e+03 2.117151e-08
1.078000e+03 2.150699e-08
1.079000e+03 2.203466e-08
1.080000e+03 2.068666e-08
1.081000e+03 2.177173e-08
1.082000e+03 2.148279e-08
1.083000e+03 2.229923e-08
1.084000e+03 2.138039e-08
1.085000e+03 2.139719e-08
1.086000e+03 2.177662e-08
1.087000e+03 2.227795e-08
1.088000e+03 2.041423e-08
1.089000e+03 2.060132e-08
1.090000e+03 2.033596e-08
1.091000e+03 2.089787e-08
1.092000e+03 2.023636e-08
1.093000e+03 1.982578e-08
1.094000e+03 2.001375e-08
1.095000e+03 1.972043e-08
1.096000e+03 1.944374e-08
1.097000e+03 2.222043e-08
1.098000e+03 1.956817e-08
1.099000e+03 1.922739e-08
1.100000e+03 1.913170e-08
1.101000e+03 1.623450e-08
1.102000e+03 1.884621e-08
1.103000e+03 1.692520e-08
1.104000e+03 1.654444e-08
1.105000e+03 1.643451e-08
1.106000e+03 1.571546e-08
1.107000e+03 1.559772e-08
1.108000e+03 1.567302e-08
1.109000e+03 1.534608e-08
1.110000e+03 1.486201e-08
1.111000e+03 1.476764e-08
1.112000e+03 1.526242e-08
1.113000e+03 1.547098e-08
1.114000e+03 1.474443e-08
1.115000e+03 1.423291e-08
1.116000e+03 1.459862e-08
1.117000e+03 1.526753e-08
1.118000e+03 1.745718e-08
1.119000e+03 1.491993e-08
1.120000e+03 1.532621e-08
1.121000e+03 1.378057e-08
1.122000e+03 1.380025e-08
1.123000e+03 1.428394e-08
1.124000e+03 1.458930e-08
1.125000e+03 1.328785e-08
1.126000e+03 1.385480e-08
1.127000e+03 1.439648e-08
1.128000e+03 1.357400e-08
1.129000e+03 1.358339e-08
1.130000e+03 1.304965e-08
1.131000e+03 1.423410e-08
1.132000e+03 1.437258e-08
1.133000e+03 1.986853e-07
1.134000e+03 1.182615e-07
1.135000e+03 7.969136e-08
1.136000e+03 4.131008e-08
1.137000e+03 2.418546e-08
1.138000e+03 1.334362e-07
1.139000e+03 1.209146e-07
1.140000e+03 1.008171e-07
1.141000e+03 8.354913e-08
1.142000e+03 6.917073e-08
1.143000e+03 5.795955e-08
1.144000e+03 4.966089e-08
1.145000e+03 4.357300e-08
1.146000e+03 3.627751e-08
1.147000e+03 3.312936e-08
1.148000e+03 2.750436e-08
1.149000e+03 2.514263e-08
1.150000e+03 2.279562e-08
1.151000e+03 2.110360e-08
1.152000e+03 1.957370e-08
1.153000e+03 1.936334e-08
1.154000e+03 1.764235e-08
1.155000e+03 1.703076e-08
1.156000e+03 1.632622e-08
1.157000e+03 1.679687e-08
1.158000e+03 1.547380e-08
1.159000e+03 1.552209e-08
1.160000e+03 1.486455e-08
1.161000e+03 1.459995e-08
1.162000e+03 1.431346e-08
1.163000e+03 1.579253e-08
1.164000e+03 1.446573e-08
1.165000e+03 1.378470e-08
1.166000e+03 1.315368e-08
1.167000e+03 1.298952e-08
1.168000e+03 1.293162e-08
1.169000e+03 1.353466e-08
1.170000e+03 1.329161e-08
1.171000e+03 1.332573e-08
1.172000e+03 1.191924e-08
1.173000e+03 1.165273e-08
1.174000e+03 1.183906e-08
1.175000e+03 1.134161e-08
1.176000e+03 1.116137e-08
1.177000e+03 1.299797e-08
1.178000e+03 1.137680e-08
1.179000e+03 1.137464e-08
1.180000e+03 1.226236e-08
1.181000e+03 1.279624e-08
1.182000e+03 1.049891e-08
1.183000e+03 1.054589e-08
1.184000e+03 1.091785e-08
1.185000e+03 1.025782e-08
1.186000e+03 1.056519e-08
1.187000e+03 1.065287e-08
1.188000e+03 1.088494e-08
1.189000e+03 1.187489e-08
1.190000e+03 1.077241e-08
1.191000e+03 1.020900e-08
1.192000e+03 1.274091e-08
1.193000e+03 1.126911e-08
1.194000e+03 1.100385e-08
1.195000e+03 1.039769e-08
1.196000e+03 1.011033e-08
1.197000e+03 9.544053e-09
1.198000e+03 9.818203e-09
1.199000e+03 9.949973e-09
1.200000e+03 9.531975e-09
1.201000e+03 9.291739e-09
1.202000e+03 9.879886e-09
1.203000e+03 9.920475e-09
1.204000e+03 9.328185e-09
1.205000e+03 9.657602e-09
1.206000e+03 9.132014e-09
1.207000e+03 9.311726e-09
1.208000e+03 1.115488e-08
1.209000e+03 1.033884e-08
1.210000e+03 1.080036e-08
1.211000e+03 8.845776e-09
1.212000e+03 9.182810e-09
1.213000e+03 9.459359e-09
1.214000e+03 1.071551e-08
1.215000e+03 9.476504e-09
1.216000e+03 9.221760e-09
1.217000e+03 8.942910e-09
1.218000e+03 9.184291e-09
1.219000e+03 9.936693e-09
1.220000e+03 9.784872e-09
1.221000e+03 8.643701e-09
1.222000e+03 1.221554e-08
1.223000e+03 9.287906e-09
1.224000e+03 9.320842e-09
1.225000e+03 9.241067e-09
1.226000e+03 8.397471e-09
1.227000e+03 8.927323e-09
1.228000e+03 8.397092e-09
1.229000e+03 8.680371e-09
1.230000e+03 8.510810e-09
1.231000e+03 9.464219e-09
1.232000e+03 8.820880e-09
1.233000e+03 8.078551e-09
1.234000e+03 8.522403e-09
1.235000e+03 8.118400e-09
1.236000e+03 8.412223e-09
1.237000e+03 1.048319e-08
1.238000e+03 8.712266e-09
1.239000e+03 8.463801e-09
1.240000e+03 1.012039e-08
1.241000e+03 8.363320e-09
1.242000e+03 8.428468e-09
1.243000e+03 8.971033e-09
1.244000e+03 8.795874e-09
1.245000e+03 8.339057e-09
1.246000e+03 7.781019e-09
1.247000e+03 8.669398e-09
1.248000e+03 8.035241e-09
1.249000e+03 8.917633e-09
1.250000e+03 8.855761e-09
1.251000e+03 8.746279e-09
1.252000e+03 9.760008e-09
1.253000e+03 9.877150e-09
1.254000e+03 8.954256e-09
1.255000e+03 8.254438e-09
1.256000e+03 8.223611e-09
1.257000e+03 7.907011e-09
1.258000e+03 7.954253e-09
1.259000e+03 8.594620e-09
1.260000e+03 8.553051e-09
1.261000e+03 9.528810e-09
1.262000e+03 8.022012e-09
1.263000e+03 7.502288e-09
1.264000e+03 8.173608e-09
1.265000e+03 7.908202e-09
1.266000e+03 7.694243e-09
1.267000e+03 8.817696e-09
1.268000e+03 8.064144e-09
1.269000e+03 7.758978e-09
1.270000e+03 7.621877e-09
1.271000e+03 7.667610e-09
1.272000e+03 7.755285e-09
1.273000e+03 8.627082e-09
1.274000e+03 7.619818e-09
1.275000e+03 7.906984e-09
1.276000e+03 7.995681e-09
1.277000e+03 7.432750e-09
1.278000e+03 7.492672e-09
1.279000e+03 7.538094e-09
1.280000e+03 7.995057e-09
1.281000e+03 7.530074e-09
1.282000e+03 8.398922e-09
1.283000e+03 7.894678e-09
1.284000e+03 8.552811e-09
1.285000e+03 7.435357e-09
1.286000e+03 7.208085e-09
1.287000e+03 7.273060e-09
1.288000e+03 7.248802e-09
1.289000e+03 7.602780e-09
1.290000e+03 7.099749e-09
1.291000e+03 7.058570e-09
1.292000e+03 7.415761e-09
1.293000e+03 9.275996e-09
1.294000e+03 8.254801e-09
1.295000e+03 7.133873e-09
1.296000e+03 7.187228e-09
1.297000e+03 7.164576e-09
1.298000e+03 1.022256e-08
1.299000e+03 8.577816e-09
1.300000e+03 7.879484e-09
1.301000e+03 8.739880e-09
1.302000e+03 7.641094e-09
1.303000e+03 8.348595e-09
1.304000e+03 7.698829e-09
1.305000e+03 6.794621e-09
1.306000e+03 6.910940e-09
1.307000e+03 6.846125e-09
1.308000e+03 7.598263e-09
1.309000e+03 7.169699e-09
1.310000e+03 6.802562e-09
1.311000e+03 6.874905e-09
1.312000e+03 8.495677e-09
1.313000e+03 7.739970e-09
1.314000e+03 7.476540e-09
1.315000e+03 8.064263e-09
1.316000e+03 6.867596e-09
1.317000e+03 7.061799e-09
1.318000e+03 7.194077e-09
1.319000e+03 7.398621e-09
1.320000e+03 6.956390e-09
1.321000e+03 6.872822e-09
1.322000e+03 6.827780e-09
1.323000e+03 6.897886e-09
1.324000e+03 8.282954e-09
1.325000e+03 7.713581e-09
1.326000e+03 6.856741e-09
1.327000e+03 9.639473e-09
1.328000e+03 8.440644e-09
1.329000e+03 7.425609e-09
1.330000e+03 7.069256e-09
1.331000e+03 6.862076e-09
1.332000e+03 6.725979e-09
1.333000e+03 6.732094e-09
1.334000e+03 6.577232e-09
1.335000e+03 6.942031e-09
1.336000e+03 7.990898e-09
1.337000e+03 7.050301e-09
1.338000e+03 6.295500e-09
1.339000e+03 6.753184e-09
1.340000e+03 6.447697e-09
1.341000e+03 6.567795e-09
1.342000e+03 6.584659e-09
1.343000e+03 8.092805e-09
1.344000e+03 6.402984e-09
1.345000e+03 8.950918e-09
1.346000e+03 6.354586e-09
1.347000e+03 6.545742e-09
1.348000e+03 6.564238e-09
1.349000e+03 7.121297e-09
1.350000e+03 6.362899e-09
1.351000e+03 6.130912e-09
1.352000e+03 5.975371e-09
1.353000e+03 6.283147e-09
1.354000e+03 6.070558e-09
1.355000e+03 7.146733e-09
1.356000e+03 7.088784e-09
1.357000e+03 6.568438e-09
1.358000e+03 6.711641e-09
1.359000e+03 6.159925e-09
1.360000e+03 6.312431e-09
1.361000e+03 6.061067e-09
1.362000e+03 6.162954e-09
1.363000e+03 6.123973e-09
1.364000e+03 6.454271e-09
1.365000e+03 6.088942e-09
1.366000e+03 6.600650e-09
1.367000e+03 5.942394e-09
1.368000e+03 5.793673e-09
1.369000e+03 5.999096e-09
1.370000e+03 5.983651e-09
1.371000e+03 6.385012e-09
1.372000e+03 7.843765e-09
1.373000e+03 5.985137e-09
1.374000e+03 6.439607e-09
1.375000e+03 6.320670e-09
1.376000e+03 6.079158e-09
1.377000e+03 6.990028e-09
1.378000e+03 6.765398e-09
1.379000e+03 6.332884e-09
1.380000e+03 6.264879e-09
1.381000e+03 6.976094e-09
1.382000e+03 7.315703e-09
1.383000e+03 6.331526e-09
1.384000e+03 6.528105e-09
1.385000e+03 6.611531e-09
1.386000e+03 6.247143e-09
1.387000e+03 7.148633e-09
1.388000e+03 6.763025e-09
1.389000e+03 6.097231e-09
1.390000e+03 6.036222e-09
1.391000e+03 5.880226e-09
1.392000e+03 5.946348e-09
1.393000e+03 6.059668e-09
1.394000e+03 6.679618e-09
1.395000e+03 5.750903e-09
1.396000e+03 5.702264e-09
1.397000e+03 5.708758e-09
1.398000e+03 6.192359e-09
1.399000e+03 6.302507e-09
1.400000e+03 5.624787e-09
1.401000e+03 5.461953e-09
1.402000e+03 2.647269e-07
1.403000e+03 7.306772e-08
1.404000e+03 5.938330e-08
1.405000e+03 3.342357e-08
1.406000e+03 2.570201e-08
1.407000e+03 1.182159e-07
1.408000e+03 1.046811e-07
1.409000e+03 8.566296e-08
1.410000e+03 6.961975e-08
1.411000e+03 5.738647e-08
1.412000e+03 4.706861e-08
1.413000e+03 3.882002e-08
1.414000e+03 3.234807e-08
1.415000e+03 2.722751e-08
1.416000e+03 2.344982e-08
1.417000e+03 2.226999e-08
1.418000e+03 1.866140e-08
1.419000e+03 1.649473e-08
1.420000e+03 1.636615e-08
1.421000e+03 1.365715e-08
1.422000e+03 1.324124e-08
1.423000e+03 1.266038e-08
1.424000e+03 1.203169e-08
1.425000e+03 1.074784e-08
1.426000e+03 1.021562e-08
1.427000e+03 1.011558e-08
1.428000e+03 9.753765e-09
1.429000e+03 1.018953e-08
1.430000e+03 8.400694e-09
1.431000e+03 7.966712e-09
1.432000e+03 7.835537e-09
1.433000e+03 1.002999e-08
1.434000e+03 7.677682e-09
1.435000e+03 8.115889e-09
1.436000e+03 7.512934e-09
1.437000e+03 7.042166e-09
1.438000e+03 7.139629e-09
1.439000e+03 7.934656e-09
1.440000e+03 7.505195e-09
1.441000e+03 8.097599e-09
1.442000e+03 6.836794e-09
1.443000e+03 6.652419e-09
1.444000e+03 7.099517e-09
1.445000e+03 6.592045e-09
1.446000e+03 6.546142e-09
1.447000e+03 8.080519e-09
1.448000e+03 7.396768e-09
1.449000e+03 6.284211e-09
1.450000e+03 7.551563e-09
1.451000e+03 6.122613e-09
1.452000e+03 6.591949e-09
1.453000e+03 6.058249e-09
1.454000e+03 6.321746e-09
1.455000e+03 6.473284e-09
1.456000e+03 6.081981e-09
1.457000e+03 5.787163e-09
1.458000e+03 5.921956e-09
1.459000e+03 6.860169e-09
1.460000e+03 6.324056e-09
1.461000e+03 7.834829e-09
1.462000e+03 6.561276e-09
1.463000e+03 6.038680e-09
1.464000e+03 6.981606e-09
1.465000e+03 5.695509e-09
1.466000e+03 6.618532e-09
1.467000e+03 7.040772e-09
1.468000e+03 6.789842e-09
1.469000e+03 6.131958e-09
1.470000e+03 6.118378e-09
1.471000e+03 6.976835e-09
1.472000e+03 6.027994e-09
1.473000e+03 5.706768e-09
1.474000e+03 5.924315e-09
1.475000e+03 6.010544e-09
1.476000e+03 6.313538e-09
1.477000e+03 6.543955e-09
1.478000e+03 7.465845e-09
1.479000e+03 6.550645e-09
1.480000e+03 6.832332e-09
1.481000e+03 6.220724e-09
1.482000e+03 6.087463e-09
1.483000e+03 6.151841e-09
1.484000e+03 6.666854e-09
1.485000e+03 6.312957e-09
1.486000e+03 5.865937e-09
1.487000e+03 6.091323e-09
1.488000e+03 5.879241e-09
1.489000e+03 5.808713e-09
1.490000e+03 5.681477e-09
1.491000e+03 5.918456e-09
1.492000e+03 5.780273e-09
1.493000e+03 6.255326e-09
1.494000e+03 5.878285e-09
1.495000e+03 6.076692e-09
1.496000e+03 5.588124e-09
1.497000e+03 5.379911e-09
1.498000e+03 5.488820e-09
1.499000e+03 5.838444e-09
1.500000e+03 5.561192e-09
1.501000e+03 5.670706e-09
1.502000e+03 5.547396e-09
1.503000e+03 6.372017e-09
1.504000e+03 6.716755e-09
1.505000e+03 5.521463e-09
1.506000e+03 5.585124e-09
1.507000e+03 8.275207e-09
1.508000e+03 5.556863e-09
1.509000e+03 5.302731e-09
1.510000e+03 5.792211e-09
1.511000e+03 6.267215e-09
1.512000e+03 5.813554e-09
1.513000e+03 6.593066e-09
1.514000e+03 6.197294e-09
1.515000e+03 5.424913e-09
1.516000e+03 5.393844e-09
1.517000e+03 5.793463e-09
1.518000e+03 5.678517e-09
1.519000e+03 4.933459e-09
1.520000e+03 5.510783e-09
1.521000e+03 5.194238e-09
1.522000e+03 5.204919e-09
1.523000e+03 7.241548e-09
1.524000e+03 5.619978e-09
1.525000e+03 7.413535e-09
1.526000e+03 5.437189e-09
1.527000e+03 5.214054e-09
1.528000e+03 5.632927e-09
1.529000e+03 6.081296e-09
1.530000e+03 5.192233e-09
1.531000e+03 5.205436e-09
1.532000e+03 5.429393e-09
1.533000e+03 5.185421e-09
1.534000e+03 5.917112e-09
1.535000e+03 5.444889e-09
1.536000e+03 5.189263e-09
1.537000e+03 7.760065e-09
1.538000e+03 5.723967e-09
1.539000e+03 5.492430e-09
1.540000e+03 5.191606e-09
1.541000e+03 4.924976e-09
1.542000e+03 5.036276e-09
1.543000e+03 5.112848e-09
1.544000e+03 5.028917e-09
1.545000e+03 6.802886e-09
1.546000e+03 6.049263e-09
1.547000e+03 5.162410e-09
1.548000e+03 5.282340e-09
1.549000e+03 5.557992e-09
1.550000e+03 5.328592e-09
1.551000e+03 5.583883e-09
1.552000e+03 7.677478e-09
1.553000e+03 5.896746e-09
1.554000e+03 5.023031e-09
1.555000e+03 6.389341e-09
1.556000e+03 5.469322e-09
1.557000e+03 5.617134e-09
1.558000e+03 5.632549e-09
1.559000e+03 5.112645e-09
1.560000e+03 5.307141e-09
1.561000e+03 5.586834e-09
1.562000e+03 5.483916e-09
1.563000e+03 5.805182e-09
1.564000e+03 5.046839e-09
1.565000e+03 5.545722e-09
1.566000e+03 5.583470e-09
1.567000e+03 5.707614e-09
1.568000e+03 6.522037e-09
1.569000e+03 5.388494e-09
1.570000e+03 5.060565e-09
1.571000e+03 4.871104e-09
1.572000e+03 5.512732e-09
1.573000e+03 4.861953e-09
1.574000e+03 5.676883e-09
1.575000e+03 4.991903e-09
1.576000e+03 6.349077e-09
1.577000e+03 4.945901e-09
1.578000e+03 4.644380e-09
1.579000e+03 5.428277e-09
1.580000e+03 5.075283e-09
1.581000e+03 4.804953e-09
1.582000e+03 6.325068e-09
1.583000e+03 4.866513e-09
1.584000e+03 4.536465e-09
1.585000e+03 4.798792e-09
1.586000e+03 4.688770e-09
1.587000e+03 4.956174e-09
1.588000e+03 5.824530e-09
1.589000e+03 6.077843e-09
1.590000e+03 5.061904e-09
1.591000e+03 5.599721e-09
1.592000e+03 4.913019e-09
1.593000e+03 4.988033e-09
1.594000e+03 4.340909e-09
1.595000e+03 4.566327e-09
1.596000e+03 5.149456e-09
1.597000e+03 4.951454e-09
1.598000e+03 4.628811e-09
1.599000e+03 5.551880e-09
1.600000e+03 5.071620e-09
1.601000e+03 4.566284e-09
1.602000e+03 4.617654e-09
1.603000e+03 4.674781e-09
1.604000e+03 4.640655e-09
1.605000e+03 4.241523e-09
1.606000e+03 4.382922e-09
1.607000e+03 5.155834e-09
1.608000e+03 5.478481e-09
1.609000e+03 5.692508e-09
1.610000e+03 4.756963e-09
1.611000e+03 4.486996e-09
1.612000e+03 4.482078e-09
1.613000e+03 6.165928e-09
1.614000e+03 4.679267e-09
1.615000e+03 5.867988e-09
1.616000e+03 5.390738e-09
1.617000e+03 4.460562e-09
1.618000e+03 5.186134e-09
1.619000e+03 5.102795e-09
1.620000e+03 4.517675e-09
1.621000e+03 4.204272e-09
1.622000e+03 4.410661e-09
1.623000e+03 4.928794e-09
1.624000e+03 4.437682e-09
1.625000e+03 4.233756e-09
1.626000e+03 4.387862e-09
1.627000e+03 5.965891e-09
1.628000e+03 4.750032e-09
1.629000e+03 5.828271e-09
1.630000e+03 5.943567e-09
1.631000e+03 4.239720e-09
1.632000e+03 5.487251e-09
1.633000e+03 4.429211e-09
1.634000e+03 5.671346e-09
1.635000e+03 5.286168e-09
1.636000e+03 5.543260e-09
1.637000e+03 5.058188e-09
1.638000e+03 5.246416e-09
1.639000e+03 5.496522e-09
1.640000e+03 5.303707e-09
1.641000e+03 5.344438e-09
1.642000e+03 7.046803e-09
1.643000e+03 5.298011e-09
1.644000e+03 7.627349e-09
1.645000e+03 5.655065e-09
1.646000e+03 4.860881e-09
1.647000e+03 5.159383e-09
1.648000e+03 4.680097e-09
1.649000e+03 4.785043e-09
1.650000e+03 4.979693e-09
1.651000e+03 5.235625e-09
1.652000e+03 5.105426e-09
1.653000e+03 4.391016e-09
1.654000e+03 4.526692e-09
1.655000e+03 4.361355e-09
1.656000e+03 4.620364e-09
1.657000e+03 4.960039e-09
1.658000e+03 5.812210e-09
1.659000e+03 4.455896e-09
1.660000e+03 7.030179e-09
1.661000e+03 4.633879e-09
1.662000e+03 4.862398e-09
1.663000e+03 5.038301e-09
1.664000e+03 5.164195e-09
1.665000e+03 4.629487e-09
1.666000e+03 4.398080e-09
1.667000e+03 5.600278e-09
1.668000e+03 4.394449e-09
1.669000e+03 4.304032e-09
1.670000e+03 4.493325e-09
1.671000e+03 5.465484e-09
1.672000e+03 4.948570e-09
1.673000e+03 4.395537e-09
1.674000e+03 4.363230e-09
1.675000e+03 4.100420e-09
1.676000e+03 3.967034e-09
1.677000e+03 3.994239e-09
1.678000e+03 3.874320e-09
1.679000e+03 4.113708e-09
1.680000e+03 4.214822e-09
1.681000e+03 4.599760e-09
1.682000e+03 4.901739e-09
1.683000e+03 3.890996e-09
1.684000e+03 4.017453e-09
1.685000e+03 3.873864e-09
1.686000e+03 3.803424e-09
1.687000e+03 6.043987e-09
1.688000e+03 4.218153e-09
1.689000e+03 3.964418e-10
1.690000e+03 4.376465e-09
1.691000e+03 4.429886e-09
1.692000e+03 5.353124e-09
1.693000e+03 5.031905e-09
1.694000e+03 5.084996e-09
1.695000e+03 4.169793e-09
1.696000e+03 4.279393e-09
1.697000e+03 4.438475e-09
1.698000e+03 4.080010e-09
1.699000e+03 4.995441e-09
1.700000e+03 4.057201e-09
1.701000e+03 4.150466e-09
1.702000e+03 3.823152e-09
1.703000e+03 5.236343e-09
1.704000e+03 4.017956e-09
1.705000e+03 4.479133e-09
1.706000e+03 4.669927e-09
1.707000e+03 3.835966e-09
1.708000e+03 3.802936e-09
1.709000e+03 4.393415e-09
1.710000e+03 4.041564e-09
1.711000e+03 4.241696e-09
1.712000e+03 3.671491e-09
1.713000e+03 5.233443e-09
1.714000e+03 3.804412e-09
1.715000e+03 4.056087e-09
1.716000e+03 4.066597e-09
1.717000e+03 4.696647e-09
1.718000e+03 3.702764e-09
1.719000e+03 5.203322e-09
1.720000e+03 5.010999e-09
1.721000e+03 3.813022e-09
1.722000e+03 4.302486e-09
1.723000e+03 4.512309e-09
1.724000e+03 4.597214e-09
1.725000e+03 4.087836e-09
1.726000e+03 3.850365e-09
1.727000e+03 3.730507e-09
1.728000e+03 4.867313e-09
1.729000e+03 4.688757e-09
1.730000e+03 3.586040e-09
1.731000e+03 3.583903e-09
1.732000e+03 5.803540e-09
1.733000e+03 4.233854e-09
1.734000e+03 6.786827e-09
1.735000e+03 4.101874e-09
1.736000e+03 3.779442e-09
1.737000e+03 4.047092e-09
1.738000e+03 3.772509e-09
1.739000e+03 3.870822e-09
1.740000e+03 3.791631e-09
1.741000e+03 9.452394e-09
1.742000e+03 4.443540e-09
1.743000e+03 3.700925e-09
1.744000e+03 4.218514e-09
1.745000e+03 4.502625e-09
1.746000e+03 3.977505e-09
1.747000e+03 4.273287e-09
1.748000e+03 5.168885e-09
1.749000e+03 4.139060e-09
1.750000e+03 5.513719e-09
1.751000e+03 3.859054e-09
1.752000e+03 3.831037e-09
1.753000e+03 3.623479e-09
1.754000e+03 4.818372e-09
1.755000e+03 3.807200e-09
1.756000e+03 3.660900e-09
1.757000e+03 3.910637e-09
1.758000e+03 3.931414e-09
1.759000e+03 3.395557e-09
1.760000e+03 4.712500e-09
1.761000e+03 3.763273e-09
1.762000e+03 4.870463e-09
1.763000e+03 3.737794e-09
1.764000e+03 3.918995e-09
1.765000e+03 3.864114e-09
1.766000e+03 3.292161e-09
1.767000e+03 3.656253e-09
1.768000e+03 3.122604e-09
1.769000e+03 3.879813e-09
1.770000e+03 3.522827e-09
1.771000e+03 5.083111e-09
1.772000e+03 3.985290e-09
1.773000e+03 3.437118e-09
1.774000e+03 3.458660e-09
1.775000e+03 4.269379e-09
1.776000e+03 4.001054e-09
1.777000e+03 5.991973e-09
1.778000e+03 3.680743e-09
1.779000e+03 4.040693e-09
1.780000e+03 4.012501e-09
1.781000e+03 3.779011e-09
1.782000e+03 3.794193e-09
1.783000e+03 3.645537e-09
1.784000e+03 3.707853e-09
1.785000e+03 4.160194e-09
1.786000e+03 3.590454e-09
1.787000e+03 4.070610e-09
1.788000e+03 3.531973e-09
1.789000e+03 3.803812e-09
1.790000e+03 3.670618e-09
1.791000e+03 3.531995e-09
1.792000e+03 3.577238e-09
1.793000e+03 5.321616e-09
1.794000e+03 3.633372e-09
1.795000e+03 4.754566e-09
1.796000e+03 4.382619e-09
1.797000e+03 5.371468e-09
1.798000e+03 3.635526e-09
1.799000e+03 5.213200e-09
1.800000e+03 3.939906e-09
