Title ="THE FLUX ERR"
Variables=
iter
residual
1.000000e+00 1.687531e-03
2.000000e+00 3.435223e-03
3.000000e+00 1.032292e-03
4.000000e+00 2.298620e-03
5.000000e+00 1.041064e-04
6.000000e+00 1.244943e-03
7.000000e+00 7.277496e-04
8.000000e+00 2.380090e-04
9.000000e+00 5.522589e-04
1.000000e+01 1.452117e-04
1.100000e+01 1.218198e-04
1.200000e+01 4.931666e-04
1.300000e+01 3.655335e-04
1.400000e+01 6.000450e-05
1.500000e+01 3.114666e-05
1.600000e+01 5.131833e-05
1.700000e+01 9.966288e-05
1.800000e+01 1.002827e-04
1.900000e+01 9.463137e-06
2.000000e+01 5.155543e-05
2.100000e+01 5.278787e-05
2.200000e+01 5.549477e-05
2.300000e+01 4.179970e-05
2.400000e+01 4.673407e-05
2.500000e+01 4.080683e-05
2.600000e+01 7.177097e-05
2.700000e+01 4.253549e-05
2.800000e+01 4.035414e-05
2.900000e+01 8.099993e-05
3.000000e+01 5.136181e-05
3.100000e+01 5.440746e-05
3.200000e+01 3.998694e-05
3.300000e+01 4.956633e-05
3.400000e+01 1.014525e-04
3.500000e+01 3.992615e-05
3.600000e+01 4.549862e-05
3.700000e+01 4.260488e-05
3.800000e+01 4.596703e-05
3.900000e+01 3.501471e-05
4.000000e+01 3.404597e-05
4.100000e+01 4.134875e-05
4.200000e+01 1.695150e-05
4.300000e+01 1.708232e-05
4.400000e+01 1.371593e-05
4.500000e+01 2.512136e-05
4.600000e+01 1.634283e-05
4.700000e+01 2.596849e-05
4.800000e+01 1.402916e-04
4.900000e+01 1.452214e-04
5.000000e+01 1.662465e-04
5.100000e+01 1.721095e-04
5.200000e+01 1.803859e-04
5.300000e+01 2.117755e-04
5.400000e+01 1.827058e-04
5.500000e+01 1.618411e-04
5.600000e+01 2.290698e-04
5.700000e+01 2.195730e-04
5.800000e+01 1.905246e-04
5.900000e+01 2.101606e-04
6.000000e+01 2.309293e-04
6.100000e+01 2.245484e-04
6.200000e+01 1.973150e-04
6.300000e+01 1.775241e-04
6.400000e+01 1.761110e-04
6.500000e+01 1.584440e-04
6.600000e+01 1.621007e-04
6.700000e+01 1.574799e-04
6.800000e+01 1.420762e-04
6.900000e+01 1.692329e-04
7.000000e+01 1.311556e-04
7.100000e+01 1.535809e-04
7.200000e+01 1.707307e-04
7.300000e+01 1.634419e-04
7.400000e+01 2.325834e-04
7.500000e+01 2.520604e-04
7.600000e+01 2.191075e-04
7.700000e+01 2.600359e-04
7.800000e+01 2.039896e-04
7.900000e+01 2.766605e-04
8.000000e+01 2.668813e-04
8.100000e+01 2.952677e-04
8.200000e+01 2.740419e-04
8.300000e+01 3.021617e-04
8.400000e+01 2.836629e-04
8.500000e+01 2.841978e-04
8.600000e+01 3.000449e-04
8.700000e+01 2.718236e-04
8.800000e+01 2.766980e-04
8.900000e+01 2.147209e-04
9.000000e+01 1.994829e-04
9.100000e+01 1.813855e-04
9.200000e+01 1.411278e-04
9.300000e+01 9.933908e-05
9.400000e+01 7.556196e-05
9.500000e+01 6.797862e-05
9.600000e+01 1.010260e-04
9.700000e+01 1.082450e-04
9.800000e+01 1.136882e-04
9.900000e+01 1.399963e-04
1.000000e+02 1.822955e-04
1.010000e+02 1.747134e-04
1.020000e+02 2.165111e-04
1.030000e+02 2.438224e-04
1.040000e+02 2.483055e-04
1.050000e+02 2.534081e-04
1.060000e+02 2.249713e-04
1.070000e+02 2.652534e-04
1.080000e+02 2.770598e-04
1.090000e+02 2.334982e-04
1.100000e+02 2.208792e-04
1.110000e+02 2.461021e-04
1.120000e+02 3.295010e-05
1.130000e+02 1.604303e-04
1.140000e+02 2.392034e-04
1.150000e+02 2.316078e-04
1.160000e+02 1.943130e-04
1.170000e+02 1.731645e-04
1.180000e+02 1.574077e-04
1.190000e+02 2.074532e-04
1.200000e+02 1.767787e-04
1.210000e+02 1.659783e-04
1.220000e+02 1.205903e-04
1.230000e+02 1.242465e-04
1.240000e+02 8.683435e-05
1.250000e+02 7.562847e-05
1.260000e+02 5.360339e-05
1.270000e+02 5.477792e-05
1.280000e+02 4.850444e-05
1.290000e+02 3.283996e-05
1.300000e+02 2.812871e-05
1.310000e+02 3.176831e-05
1.320000e+02 3.521572e-05
1.330000e+02 4.138876e-05
1.340000e+02 4.858631e-05
1.350000e+02 5.788567e-05
1.360000e+02 6.797555e-05
1.370000e+02 6.824767e-05
1.380000e+02 5.575572e-05
1.390000e+02 6.367853e-05
1.400000e+02 5.967588e-05
1.410000e+02 7.151192e-05
1.420000e+02 6.573324e-05
1.430000e+02 7.803303e-05
1.440000e+02 7.205015e-05
1.450000e+02 7.249650e-05
1.460000e+02 6.421989e-05
1.470000e+02 6.953999e-05
1.480000e+02 6.246947e-05
1.490000e+02 6.569450e-05
1.500000e+02 5.850321e-05
1.510000e+02 7.197774e-05
1.520000e+02 6.727170e-05
1.530000e+02 6.638082e-05
1.540000e+02 6.611302e-05
1.550000e+02 5.942983e-05
1.560000e+02 5.718186e-05
1.570000e+02 5.954543e-05
1.580000e+02 4.790233e-05
1.590000e+02 5.586069e-05
1.600000e+02 5.277182e-05
1.610000e+02 4.667925e-05
1.620000e+02 4.896548e-05
1.630000e+02 3.463350e-05
1.640000e+02 2.518331e-05
1.650000e+02 3.018059e-05
1.660000e+02 3.497656e-05
1.670000e+02 3.716806e-05
1.680000e+02 3.017387e-05
1.690000e+02 3.366375e-05
1.700000e+02 2.474012e-05
1.710000e+02 2.407173e-05
1.720000e+02 2.498132e-05
1.730000e+02 2.364055e-05
1.740000e+02 2.227038e-05
1.750000e+02 1.866408e-05
1.760000e+02 1.890708e-05
1.770000e+02 1.815064e-05
1.780000e+02 1.883555e-05
1.790000e+02 1.646613e-05
1.800000e+02 1.989524e-05
1.810000e+02 1.784956e-05
1.820000e+02 1.721072e-05
1.830000e+02 1.790714e-05
1.840000e+02 1.819186e-05
1.850000e+02 1.993970e-05
1.860000e+02 2.271266e-05
1.870000e+02 1.967587e-05
1.880000e+02 2.075181e-05
1.890000e+02 2.169382e-05
1.900000e+02 1.937824e-05
1.910000e+02 1.621774e-05
1.920000e+02 1.615823e-05
1.930000e+02 1.781037e-05
1.940000e+02 1.728590e-05
1.950000e+02 1.682010e-05
1.960000e+02 1.905447e-05
1.970000e+02 1.821568e-05
1.980000e+02 1.299669e-05
1.990000e+02 1.662275e-05
2.000000e+02 1.576505e-05
2.010000e+02 1.448511e-05
2.020000e+02 1.638077e-05
2.030000e+02 1.631927e-05
2.040000e+02 1.585908e-05
2.050000e+02 1.787856e-05
2.060000e+02 1.129339e-05
2.070000e+02 1.110592e-05
2.080000e+02 1.344103e-05
2.090000e+02 1.437278e-05
2.100000e+02 1.168999e-05
2.110000e+02 1.136973e-05
2.120000e+02 1.046433e-05
2.130000e+02 1.208471e-05
2.140000e+02 1.098684e-05
2.150000e+02 9.483798e-06
2.160000e+02 1.219658e-05
2.170000e+02 1.276612e-05
2.180000e+02 1.148830e-05
2.190000e+02 1.165999e-05
2.200000e+02 1.023545e-05
2.210000e+02 9.861851e-06
2.220000e+02 9.044483e-06
2.230000e+02 8.817198e-06
2.240000e+02 7.252625e-06
2.250000e+02 5.923771e-06
2.260000e+02 5.795560e-06
2.270000e+02 5.333353e-06
2.280000e+02 5.374302e-06
2.290000e+02 5.186712e-06
2.300000e+02 5.261310e-06
2.310000e+02 4.772294e-06
2.320000e+02 4.936194e-06
2.330000e+02 4.580854e-06
2.340000e+02 4.395193e-06
2.350000e+02 4.391302e-06
2.360000e+02 4.148561e-06
2.370000e+02 4.075949e-06
2.380000e+02 4.232354e-06
2.390000e+02 4.501057e-06
2.400000e+02 4.552609e-06
2.410000e+02 4.767571e-06
2.420000e+02 4.582197e-06
2.430000e+02 4.488963e-06
2.440000e+02 4.253607e-06
2.450000e+02 4.557105e-06
2.460000e+02 4.431555e-06
2.470000e+02 4.330142e-06
2.480000e+02 3.752278e-06
2.490000e+02 3.822759e-06
2.500000e+02 3.796230e-06
2.510000e+02 4.084503e-06
2.520000e+02 3.254416e-06
2.530000e+02 3.018295e-06
2.540000e+02 3.047368e-06
2.550000e+02 3.136910e-06
2.560000e+02 4.054044e-06
2.570000e+02 4.032046e-06
2.580000e+02 3.586276e-06
2.590000e+02 3.457892e-06
2.600000e+02 3.441149e-06
2.610000e+02 3.412109e-06
2.620000e+02 3.418900e-06
2.630000e+02 3.056578e-06
2.640000e+02 3.414518e-06
2.650000e+02 3.080351e-06
2.660000e+02 2.910267e-06
2.670000e+02 2.932578e-06
2.680000e+02 2.972690e-06
2.690000e+02 2.750974e-06
2.700000e+02 2.597959e-06
2.710000e+02 2.566064e-06
2.720000e+02 1.871914e-06
2.730000e+02 1.739160e-06
2.740000e+02 1.820739e-06
2.750000e+02 1.937192e-06
2.760000e+02 1.901393e-06
2.770000e+02 1.462383e-06
2.780000e+02 2.055750e-06
2.790000e+02 2.011346e-06
2.800000e+02 2.017650e-06
2.810000e+02 1.814103e-06
2.820000e+02 1.861809e-06
2.830000e+02 1.804272e-06
2.840000e+02 1.639247e-06
2.850000e+02 1.573312e-06
2.860000e+02 1.600864e-06
2.870000e+02 1.474995e-06
2.880000e+02 1.425079e-06
2.890000e+02 1.386850e-06
2.900000e+02 1.326550e-06
2.910000e+02 1.013697e-06
2.920000e+02 9.491660e-07
2.930000e+02 9.416345e-07
2.940000e+02 9.346392e-07
2.950000e+02 9.662522e-07
2.960000e+02 9.794378e-07
2.970000e+02 9.954379e-07
2.980000e+02 9.673375e-07
2.990000e+02 9.158067e-07
3.000000e+02 9.072273e-07
3.010000e+02 9.430855e-07
3.020000e+02 9.409817e-07
3.030000e+02 8.886563e-07
3.040000e+02 8.866878e-07
3.050000e+02 8.441155e-07
3.060000e+02 8.574720e-07
3.070000e+02 8.520425e-07
3.080000e+02 8.653672e-07
3.090000e+02 8.428410e-07
3.100000e+02 8.712864e-07
3.110000e+02 8.321968e-07
3.120000e+02 8.177221e-07
3.130000e+02 7.782411e-07
3.140000e+02 7.662232e-07
3.150000e+02 7.673401e-07
3.160000e+02 7.772422e-07
3.170000e+02 7.405109e-07
3.180000e+02 7.257054e-07
3.190000e+02 7.346706e-07
3.200000e+02 7.319420e-07
3.210000e+02 7.432069e-07
3.220000e+02 6.884277e-07
3.230000e+02 6.631832e-07
3.240000e+02 6.334036e-07
3.250000e+02 6.407813e-07
3.260000e+02 6.222430e-07
3.270000e+02 6.353627e-07
3.280000e+02 6.442622e-07
3.290000e+02 5.896672e-07
3.300000e+02 6.654210e-07
3.310000e+02 6.657322e-07
3.320000e+02 6.388919e-07
3.330000e+02 6.309199e-07
3.340000e+02 6.489230e-07
3.350000e+02 6.409270e-07
3.360000e+02 6.132374e-07
3.370000e+02 6.295261e-07
3.380000e+02 6.022603e-07
3.390000e+02 6.043011e-07
3.400000e+02 6.555328e-07
3.410000e+02 6.582473e-07
3.420000e+02 5.606908e-07
3.430000e+02 5.773050e-07
3.440000e+02 5.903160e-07
3.450000e+02 5.939628e-07
3.460000e+02 5.671140e-07
3.470000e+02 5.374525e-07
3.480000e+02 5.487097e-07
3.490000e+02 5.384621e-07
3.500000e+02 6.250020e-07
3.510000e+02 5.334000e-07
3.520000e+02 6.758205e-07
3.530000e+02 5.809331e-07
3.540000e+02 5.751198e-07
3.550000e+02 2.157603e-07
3.560000e+02 9.802439e-07
3.570000e+02 1.088893e-06
3.580000e+02 1.003375e-06
3.590000e+02 9.806098e-07
3.600000e+02 9.718994e-07
3.610000e+02 9.672053e-07
3.620000e+02 9.383805e-07
3.630000e+02 9.692027e-07
3.640000e+02 9.410764e-07
3.650000e+02 9.731985e-07
3.660000e+02 9.478170e-07
3.670000e+02 9.770236e-07
3.680000e+02 9.810743e-07
3.690000e+02 9.741815e-07
3.700000e+02 1.009277e-06
3.710000e+02 1.263628e-07
3.720000e+02 6.647766e-07
3.730000e+02 1.359203e-07
3.740000e+02 9.099667e-08
3.750000e+02 1.334912e-07
3.760000e+02 1.418929e-07
3.770000e+02 7.161139e-07
3.780000e+02 1.046198e-07
3.790000e+02 1.044980e-07
3.800000e+02 6.485341e-07
3.810000e+02 1.125801e-07
3.820000e+02 9.994244e-08
3.830000e+02 5.947563e-07
3.840000e+02 1.569956e-07
3.850000e+02 1.695749e-07
3.860000e+02 6.714835e-07
3.870000e+02 1.485571e-07
3.880000e+02 1.214377e-07
3.890000e+02 6.247517e-07
3.900000e+02 4.809901e-07
3.910000e+02 1.504590e-07
3.920000e+02 1.051691e-07
3.930000e+02 5.838245e-07
3.940000e+02 1.223365e-07
3.950000e+02 1.031720e-07
3.960000e+02 5.299496e-07
3.970000e+02 3.965482e-07
3.980000e+02 2.908976e-07
3.990000e+02 1.683275e-07
4.000000e+02 9.690482e-08
4.010000e+02 4.671577e-07
4.020000e+02 3.614413e-07
4.030000e+02 1.635335e-07
4.040000e+02 1.480215e-07
4.050000e+02 4.307840e-08
4.060000e+02 3.263593e-07
4.070000e+02 2.699491e-07
4.080000e+02 2.354524e-07
4.090000e+02 1.619506e-07
4.100000e+02 4.888816e-08
4.110000e+02 2.900138e-07
4.120000e+02 2.343299e-07
4.130000e+02 1.891259e-07
4.140000e+02 2.374000e-07
4.150000e+02 1.702111e-07
4.160000e+02 5.006861e-08
4.170000e+02 2.837678e-08
4.180000e+02 2.056220e-07
4.190000e+02 1.798512e-07
4.200000e+02 2.364182e-07
4.210000e+02 2.019030e-07
4.220000e+02 4.995329e-08
4.230000e+02 2.703898e-08
4.240000e+02 1.958987e-07
4.250000e+02 1.638259e-07
4.260000e+02 1.361517e-07
4.270000e+02 1.166780e-07
4.280000e+02 2.164618e-07
4.290000e+02 1.165723e-07
4.300000e+02 3.751678e-08
4.310000e+02 2.409949e-07
4.320000e+02 1.755227e-07
4.330000e+02 1.369138e-07
4.340000e+02 1.063594e-07
4.350000e+02 1.035249e-07
4.360000e+02 9.613601e-08
4.370000e+02 1.667977e-07
4.380000e+02 2.234956e-07
4.390000e+02 6.509194e-08
4.400000e+02 2.388925e-08
4.410000e+02 1.651158e-07
4.420000e+02 1.343083e-07
4.430000e+02 1.113174e-07
4.440000e+02 9.483410e-08
4.450000e+02 9.347702e-08
4.460000e+02 8.436907e-08
4.470000e+02 7.894728e-08
4.480000e+02 1.426949e-07
4.490000e+02 1.775169e-07
4.500000e+02 5.312451e-08
4.510000e+02 2.228737e-08
4.520000e+02 1.380039e-07
4.530000e+02 1.155417e-07
4.540000e+02 9.076408e-08
4.550000e+02 8.634088e-08
4.560000e+02 7.724360e-08
4.570000e+02 7.777734e-08
4.580000e+02 6.807201e-08
4.590000e+02 6.523143e-08
4.600000e+02 6.292390e-08
4.610000e+02 6.156270e-08
4.620000e+02 1.368233e-07
4.630000e+02 1.988065e-07
4.640000e+02 7.287428e-08
4.650000e+02 1.712055e-08
4.660000e+02 1.126897e-07
4.670000e+02 9.790107e-08
4.680000e+02 7.281459e-08
4.690000e+02 7.269770e-08
4.700000e+02 6.097481e-08
4.710000e+02 5.592983e-08
4.720000e+02 5.594252e-08
4.730000e+02 5.311180e-08
4.740000e+02 5.470487e-08
4.750000e+02 6.168422e-08
4.760000e+02 5.105730e-08
4.770000e+02 4.895527e-08
4.780000e+02 5.606708e-08
4.790000e+02 6.079068e-08
4.800000e+02 5.100665e-08
4.810000e+02 1.950763e-07
4.820000e+02 1.198314e-08
4.830000e+02 1.009374e-07
4.840000e+02 1.832823e-08
4.850000e+02 1.027299e-07
4.860000e+02 8.339994e-08
4.870000e+02 6.318451e-08
4.880000e+02 6.033624e-08
4.890000e+02 5.179649e-08
4.900000e+02 4.868988e-08
4.910000e+02 5.082019e-08
4.920000e+02 4.654905e-08
4.930000e+02 5.313882e-08
4.940000e+02 4.667603e-08
4.950000e+02 4.562533e-08
4.960000e+02 4.265416e-08
4.970000e+02 4.237089e-08
4.980000e+02 4.567964e-08
4.990000e+02 4.836565e-08
5.000000e+02 3.782779e-08
5.010000e+02 3.785598e-08
5.020000e+02 4.194031e-08
5.030000e+02 4.855494e-08
5.040000e+02 4.641923e-08
5.050000e+02 4.853833e-08
5.060000e+02 3.934572e-08
5.070000e+02 3.916292e-08
5.080000e+02 3.523015e-08
5.090000e+02 3.403244e-08
5.100000e+02 3.651370e-08
5.110000e+02 1.028746e-08
5.120000e+02 1.977949e-07
5.130000e+02 1.305183e-07
5.140000e+02 4.004598e-08
5.150000e+02 9.595085e-08
5.160000e+02 7.010866e-08
5.170000e+02 5.696408e-08
5.180000e+02 4.123850e-08
5.190000e+02 3.602579e-08
5.200000e+02 3.563880e-08
5.210000e+02 2.935617e-08
5.220000e+02 3.450343e-08
5.230000e+02 4.045044e-08
5.240000e+02 3.221726e-08
5.250000e+02 3.103324e-08
5.260000e+02 3.321832e-08
5.270000e+02 4.024164e-08
5.280000e+02 3.064312e-08
5.290000e+02 3.806755e-08
5.300000e+02 3.108107e-08
5.310000e+02 2.713217e-08
5.320000e+02 2.665555e-08
5.330000e+02 2.948485e-08
5.340000e+02 2.742948e-08
5.350000e+02 2.884413e-08
5.360000e+02 3.205871e-08
5.370000e+02 2.644901e-08
5.380000e+02 2.712333e-08
5.390000e+02 3.005510e-08
5.400000e+02 2.474756e-08
5.410000e+02 3.290628e-08
5.420000e+02 2.387259e-08
5.430000e+02 2.442299e-08
5.440000e+02 2.114269e-08
5.450000e+02 2.225560e-08
5.460000e+02 2.510475e-08
5.470000e+02 2.769681e-08
5.480000e+02 2.186781e-08
5.490000e+02 2.132497e-08
5.500000e+02 2.078496e-08
5.510000e+02 2.983203e-08
5.520000e+02 2.445329e-08
5.530000e+02 3.061561e-08
5.540000e+02 2.353215e-08
5.550000e+02 2.118414e-08
5.560000e+02 2.011253e-08
5.570000e+02 1.922683e-08
5.580000e+02 2.038374e-08
5.590000e+02 2.257144e-08
5.600000e+02 1.887123e-08
5.610000e+02 1.115572e-08
5.620000e+02 1.699772e-07
5.630000e+02 9.368064e-08
5.640000e+02 3.756880e-08
5.650000e+02 8.567218e-08
5.660000e+02 5.768777e-08
5.670000e+02 4.162666e-08
5.680000e+02 3.084108e-08
5.690000e+02 2.321433e-08
5.700000e+02 2.609886e-08
5.710000e+02 2.832980e-08
5.720000e+02 2.435178e-08
5.730000e+02 2.351822e-08
5.740000e+02 2.428198e-08
5.750000e+02 3.221490e-08
5.760000e+02 2.262820e-08
5.770000e+02 3.241608e-08
5.780000e+02 2.485562e-08
5.790000e+02 1.972205e-08
5.800000e+02 1.974616e-08
5.810000e+02 2.222270e-08
5.820000e+02 2.048281e-08
5.830000e+02 2.085355e-08
5.840000e+02 2.265232e-08
5.850000e+02 2.066358e-08
5.860000e+02 1.987372e-08
5.870000e+02 2.079483e-08
5.880000e+02 2.007802e-08
5.890000e+02 2.987538e-08
5.900000e+02 1.884106e-08
5.910000e+02 2.068223e-08
5.920000e+02 1.658478e-08
5.930000e+02 1.875153e-08
5.940000e+02 2.116027e-08
5.950000e+02 2.274796e-08
5.960000e+02 1.751983e-08
5.970000e+02 1.788429e-08
5.980000e+02 1.631466e-08
5.990000e+02 2.433724e-08
6.000000e+02 2.089755e-08
6.010000e+02 2.812327e-08
6.020000e+02 1.962376e-08
6.030000e+02 1.590649e-08
6.040000e+02 1.574648e-08
6.050000e+02 1.446755e-08
6.060000e+02 1.701495e-08
6.070000e+02 2.013547e-08
6.080000e+02 1.700228e-08
6.090000e+02 1.849489e-08
6.100000e+02 1.649260e-08
6.110000e+02 1.961111e-08
6.120000e+02 1.591270e-08
6.130000e+02 2.609581e-08
6.140000e+02 1.456619e-08
6.150000e+02 1.731120e-08
6.160000e+02 1.608241e-08
6.170000e+02 1.408842e-08
6.180000e+02 1.955394e-08
6.190000e+02 5.363787e-08
6.200000e+02 1.636382e-08
6.210000e+02 1.676692e-08
6.220000e+02 1.793636e-08
6.230000e+02 2.756945e-08
6.240000e+02 1.764851e-08
6.250000e+02 2.583318e-08
6.260000e+02 1.766137e-08
6.270000e+02 1.497844e-08
6.280000e+02 1.373828e-08
6.290000e+02 1.478822e-08
6.300000e+02 1.361418e-08
6.310000e+02 1.840883e-08
6.320000e+02 1.632085e-08
6.330000e+02 1.612982e-08
6.340000e+02 1.575637e-08
6.350000e+02 2.031074e-08
6.360000e+02 1.545878e-08
6.370000e+02 2.542140e-08
6.380000e+02 3.331810e-07
6.390000e+02 8.956655e-08
6.400000e+02 5.964641e-08
6.410000e+02 3.200111e-08
6.420000e+02 7.871136e-08
6.430000e+02 5.702256e-08
6.440000e+02 3.435644e-08
6.450000e+02 2.529344e-08
6.460000e+02 2.200762e-08
6.470000e+02 2.758357e-08
6.480000e+02 1.993328e-08
6.490000e+02 2.709710e-08
6.500000e+02 1.823667e-08
6.510000e+02 1.648459e-08
6.520000e+02 1.553795e-08
6.530000e+02 1.755358e-08
6.540000e+02 1.811501e-08
6.550000e+02 1.985073e-08
6.560000e+02 1.569145e-08
6.570000e+02 1.892023e-08
6.580000e+02 1.528494e-08
6.590000e+02 3.029649e-08
6.600000e+02 1.466759e-08
6.610000e+02 2.355602e-08
6.620000e+02 1.727808e-08
6.630000e+02 1.585013e-08
6.640000e+02 1.423121e-08
6.650000e+02 1.995328e-08
6.660000e+02 1.643141e-08
6.670000e+02 3.445752e-09
6.680000e+02 1.753666e-08
6.690000e+02 1.609858e-08
6.700000e+02 1.576254e-08
6.710000e+02 2.427245e-08
6.720000e+02 1.394221e-08
6.730000e+02 2.323498e-08
6.740000e+02 1.452259e-08
6.750000e+02 1.139637e-08
6.760000e+02 9.949976e-09
6.770000e+02 2.150699e-08
6.780000e+02 1.212116e-08
6.790000e+02 3.458547e-08
6.800000e+02 1.343834e-08
6.810000e+02 1.383242e-08
6.820000e+02 1.341101e-08
6.830000e+02 1.767939e-08
6.840000e+02 1.468728e-08
6.850000e+02 2.359463e-08
6.860000e+02 1.336481e-08
6.870000e+02 1.513487e-08
6.880000e+02 1.049397e-08
6.890000e+02 1.257810e-08
6.900000e+02 1.577888e-08
6.910000e+02 2.691510e-08
6.920000e+02 1.184504e-08
6.930000e+02 1.175871e-08
6.940000e+02 4.049546e-08
6.950000e+02 6.610295e-08
6.960000e+02 1.486591e-08
6.970000e+02 2.316885e-08
6.980000e+02 1.669233e-08
6.990000e+02 1.256252e-08
7.000000e+02 1.130132e-08
7.010000e+02 1.291735e-09
7.020000e+02 1.333285e-08
7.030000e+02 1.596810e-08
7.040000e+02 1.093733e-08
7.050000e+02 1.443358e-08
7.060000e+02 1.221364e-08
7.070000e+02 7.085621e-08
7.080000e+02 1.102036e-08
7.090000e+02 2.080634e-08
7.100000e+02 2.962264e-08
7.110000e+02 1.279747e-08
7.120000e+02 1.138210e-08
7.130000e+02 1.132147e-08
7.140000e+02 1.648665e-08
7.150000e+02 3.511204e-08
7.160000e+02 1.498788e-08
7.170000e+02 1.237008e-08
7.180000e+02 1.470186e-08
7.190000e+02 2.404494e-08
7.200000e+02 1.286182e-08
7.210000e+02 2.224017e-08
7.220000e+02 1.649477e-08
7.230000e+02 9.563389e-09
7.240000e+02 1.013536e-08
7.250000e+02 1.727185e-09
7.260000e+02 1.323993e-08
7.270000e+02 1.863794e-09
7.280000e+02 1.544345e-08
7.290000e+02 1.521148e-08
7.300000e+02 1.354007e-08
7.310000e+02 4.462107e-08
7.320000e+02 1.146184e-08
7.330000e+02 2.134110e-08
7.340000e+02 1.177712e-08
7.350000e+02 1.402957e-08
7.360000e+02 9.873907e-09
7.370000e+02 1.160567e-08
7.380000e+02 1.445331e-08
7.390000e+02 4.615985e-08
7.400000e+02 1.510871e-08
7.410000e+02 1.053893e-08
7.420000e+02 1.061282e-09
7.430000e+02 2.280348e-08
7.440000e+02 1.597340e-08
7.450000e+02 2.189868e-08
7.460000e+02 5.551448e-08
7.470000e+02 5.689664e-08
7.480000e+02 1.827382e-08
7.490000e+02 1.628144e-08
7.500000e+02 1.249703e-08
7.510000e+02 8.775511e-09
7.520000e+02 1.199546e-07
7.530000e+02 5.611558e-08
7.540000e+02 8.095490e-08
7.550000e+02 6.598973e-08
7.560000e+02 3.290122e-08
7.570000e+02 3.073395e-08
7.580000e+02 1.881082e-08
7.590000e+02 1.843863e-08
7.600000e+02 1.433191e-08
7.610000e+02 2.029188e-09
7.620000e+02 1.630883e-08
7.630000e+02 2.681510e-08
7.640000e+02 2.680386e-08
7.650000e+02 1.755781e-08
7.660000e+02 1.864274e-08
7.670000e+02 2.536742e-08
7.680000e+02 1.524640e-08
7.690000e+02 2.431538e-08
7.700000e+02 1.618342e-08
7.710000e+02 1.214656e-08
7.720000e+02 1.371930e-08
7.730000e+02 1.552016e-08
7.740000e+02 1.254072e-08
7.750000e+02 2.183498e-09
7.760000e+02 1.598751e-08
7.770000e+02 1.436673e-08
7.780000e+02 2.279920e-08
7.790000e+02 2.193755e-08
7.800000e+02 1.194926e-08
7.810000e+02 2.103482e-08
7.820000e+02 1.172161e-08
7.830000e+02 1.371497e-08
7.840000e+02 1.160215e-08
7.850000e+02 1.115632e-08
7.860000e+02 1.366836e-08
7.870000e+02 1.967633e-08
7.880000e+02 1.202867e-08
7.890000e+02 1.122351e-08
7.900000e+02 1.740457e-09
7.910000e+02 3.343869e-09
7.920000e+02 1.411854e-08
7.930000e+02 2.017371e-08
7.940000e+02 4.386508e-08
7.950000e+02 4.113022e-08
7.960000e+02 3.690324e-08
7.970000e+02 1.084175e-08
7.980000e+02 1.083842e-08
7.990000e+02 1.350116e-08
8.000000e+02 9.518357e-09
8.010000e+02 1.228904e-08
8.020000e+02 1.657790e-08
8.030000e+02 1.880510e-08
8.040000e+02 1.065073e-08
8.050000e+02 1.901140e-08
8.060000e+02 8.260740e-10
8.070000e+02 1.146749e-08
8.080000e+02 1.106436e-08
8.090000e+02 2.163144e-08
8.100000e+02 1.472626e-08
8.110000e+02 1.984705e-08
8.120000e+02 4.088986e-08
8.130000e+02 1.536668e-08
8.140000e+02 1.365996e-08
8.150000e+02 2.187996e-08
8.160000e+02 1.062606e-08
8.170000e+02 2.023353e-08
8.180000e+02 1.411526e-08
8.190000e+02 9.868281e-09
8.200000e+02 1.232750e-08
8.210000e+02 1.656462e-08
8.220000e+02 1.093749e-08
8.230000e+02 3.394761e-08
8.240000e+02 1.622035e-08
8.250000e+02 1.513438e-08
8.260000e+02 3.335283e-08
8.270000e+02 1.595950e-08
8.280000e+02 1.001363e-08
8.290000e+02 1.912842e-08
8.300000e+02 9.964219e-09
8.310000e+02 1.237293e-08
8.320000e+02 1.172973e-08
8.330000e+02 1.180364e-08
8.340000e+02 1.440855e-08
8.350000e+02 2.847086e-09
8.360000e+02 3.236402e-08
8.370000e+02 9.285604e-09
8.380000e+02 2.541989e-08
8.390000e+02 6.491936e-08
8.400000e+02 1.203369e-08
8.410000e+02 2.012364e-08
8.420000e+02 2.089880e-08
8.430000e+02 1.798213e-08
8.440000e+02 8.451983e-10
8.450000e+02 8.644767e-09
8.460000e+02 1.010358e-08
8.470000e+02 1.287441e-08
8.480000e+02 1.048311e-08
8.490000e+02 1.296182e-08
8.500000e+02 1.415397e-08
8.510000e+02 2.270131e-08
8.520000e+02 8.627816e-09
8.530000e+02 1.761109e-08
8.540000e+02 3.268697e-08
8.550000e+02 1.073508e-08
8.560000e+02 9.038989e-09
8.570000e+02 1.866752e-08
8.580000e+02 1.561635e-08
8.590000e+02 1.880240e-08
8.600000e+02 1.086752e-09
8.610000e+02 1.947653e-08
8.620000e+02 1.340035e-08
8.630000e+02 2.299691e-08
8.640000e+02 1.150563e-08
8.650000e+02 1.984574e-08
8.660000e+02 4.775775e-08
8.670000e+02 1.005382e-08
8.680000e+02 2.916128e-08
8.690000e+02 1.076249e-08
8.700000e+02 1.947145e-08
8.710000e+02 1.674542e-08
8.720000e+02 1.132471e-08
8.730000e+02 1.207810e-08
8.740000e+02 3.324583e-08
8.750000e+02 1.422850e-08
8.760000e+02 9.920748e-09
8.770000e+02 1.892655e-08
8.780000e+02 1.089202e-08
8.790000e+02 1.249822e-08
8.800000e+02 1.038585e-08
8.810000e+02 1.061616e-08
8.820000e+02 1.265543e-08
8.830000e+02 2.923142e-08
8.840000e+02 7.111459e-10
8.850000e+02 1.094390e-08
8.860000e+02 3.441949e-08
8.870000e+02 2.379231e-08
8.880000e+02 1.227363e-08
8.890000e+02 1.934068e-08
8.900000e+02 3.478133e-08
8.910000e+02 1.785436e-08
8.920000e+02 7.407174e-10
8.930000e+02 1.294351e-08
8.940000e+02 1.110514e-08
8.950000e+02 1.266292e-08
8.960000e+02 9.627241e-09
8.970000e+02 1.116676e-08
8.980000e+02 2.012932e-08
8.990000e+02 1.745240e-08
9.000000e+02 8.902601e-09
9.010000e+02 1.640944e-08
9.020000e+02 1.917559e-08
9.030000e+02 1.455098e-08
9.040000e+02 1.319243e-08
9.050000e+02 1.086937e-08
9.060000e+02 1.254299e-08
9.070000e+02 2.324773e-08
9.080000e+02 1.177662e-08
9.090000e+02 1.110911e-08
9.100000e+02 1.234549e-08
9.110000e+02 2.083434e-08
9.120000e+02 9.592989e-09
9.130000e+02 1.861216e-08
9.140000e+02 1.519161e-09
9.150000e+02 1.613975e-08
9.160000e+02 5.448208e-10
9.170000e+02 9.875497e-09
9.180000e+02 2.250663e-08
9.190000e+02 1.352951e-08
9.200000e+02 1.968562e-08
9.210000e+02 1.988525e-08
9.220000e+02 9.962800e-10
9.230000e+02 1.811082e-08
9.240000e+02 1.069965e-08
9.250000e+02 1.790131e-08
9.260000e+02 9.202927e-09
9.270000e+02 1.104953e-08
9.280000e+02 2.577404e-07
9.290000e+02 1.000065e-07
9.300000e+02 6.725756e-08
9.310000e+02 1.124873e-07
9.320000e+02 6.509989e-08
9.330000e+02 4.023847e-08
9.340000e+02 2.862898e-09
9.350000e+02 3.583160e-08
9.360000e+02 1.726918e-08
9.370000e+02 2.252337e-08
9.380000e+02 1.541431e-08
9.390000e+02 2.299531e-09
9.400000e+02 1.118940e-08
9.410000e+02 2.623960e-08
9.420000e+02 1.309005e-08
9.430000e+02 1.548285e-08
9.440000e+02 1.183243e-08
9.450000e+02 1.614522e-08
9.460000e+02 2.344810e-08
9.470000e+02 1.678514e-08
9.480000e+02 1.197721e-08
9.490000e+02 2.077248e-08
9.500000e+02 1.351116e-08
9.510000e+02 1.585282e-08
9.520000e+02 1.377518e-08
9.530000e+02 1.454093e-08
9.540000e+02 2.396641e-08
9.550000e+02 2.862605e-08
9.560000e+02 3.196139e-08
9.570000e+02 1.091415e-08
9.580000e+02 2.019788e-08
9.590000e+02 1.430562e-08
9.600000e+02 1.180572e-08
9.610000e+02 1.987402e-08
9.620000e+02 1.012912e-08
9.630000e+02 4.225395e-08
9.640000e+02 1.645976e-08
9.650000e+02 1.434266e-08
9.660000e+02 1.609281e-08
9.670000e+02 1.718622e-08
9.680000e+02 1.106494e-08
9.690000e+02 9.946382e-09
9.700000e+02 2.125953e-08
9.710000e+02 1.545925e-08
9.720000e+02 1.173774e-08
9.730000e+02 1.797553e-08
9.740000e+02 1.255166e-08
9.750000e+02 1.404535e-08
9.760000e+02 8.929219e-09
9.770000e+02 1.070254e-08
9.780000e+02 1.810079e-08
9.790000e+02 1.540006e-08
9.800000e+02 6.679525e-10
9.810000e+02 9.377237e-09
9.820000e+02 2.052280e-08
9.830000e+02 3.494083e-08
9.840000e+02 1.473246e-08
9.850000e+02 1.668630e-08
9.860000e+02 1.096602e-08
9.870000e+02 8.107698e-09
9.880000e+02 3.267711e-08
9.890000e+02 8.078858e-09
9.900000e+02 2.475526e-08
9.910000e+02 2.421762e-08
9.920000e+02 1.636688e-08
9.930000e+02 1.795992e-08
9.940000e+02 1.689640e-08
9.950000e+02 9.360883e-09
9.960000e+02 8.776423e-09
9.970000e+02 1.477198e-08
9.980000e+02 1.017748e-08
9.990000e+02 8.326693e-09
1.000000e+03 1.385241e-08
1.001000e+03 1.079734e-08
1.002000e+03 2.068047e-08
1.003000e+03 1.044395e-08
1.004000e+03 1.299833e-08
1.005000e+03 1.292165e-09
1.006000e+03 1.068946e-08
1.007000e+03 1.180580e-08
1.008000e+03 8.953139e-09
1.009000e+03 1.728193e-08
1.010000e+03 8.674281e-09
1.011000e+03 1.042207e-08
1.012000e+03 1.570626e-08
1.013000e+03 9.983401e-09
1.014000e+03 1.242479e-08
1.015000e+03 2.372992e-09
1.016000e+03 1.456316e-08
1.017000e+03 1.026297e-08
1.018000e+03 4.335473e-08
1.019000e+03 1.860729e-08
1.020000e+03 1.244897e-08
1.021000e+03 2.039412e-08
1.022000e+03 1.066943e-08
1.023000e+03 7.728452e-09
1.024000e+03 1.367102e-08
1.025000e+03 3.549002e-08
1.026000e+03 9.516180e-09
1.027000e+03 1.124863e-08
1.028000e+03 8.740472e-09
1.029000e+03 1.136100e-08
1.030000e+03 2.061462e-08
1.031000e+03 1.884156e-08
1.032000e+03 8.830708e-09
1.033000e+03 1.549139e-08
1.034000e+03 2.597654e-08
1.035000e+03 1.918991e-08
1.036000e+03 1.994164e-08
1.037000e+03 6.587125e-09
1.038000e+03 2.775077e-08
1.039000e+03 1.582193e-08
1.040000e+03 1.606861e-08
1.041000e+03 1.187127e-09
1.042000e+03 1.139638e-08
1.043000e+03 2.119565e-08
1.044000e+03 1.006212e-08
1.045000e+03 1.810726e-08
1.046000e+03 3.779535e-08
1.047000e+03 1.106495e-08
1.048000e+03 1.136633e-08
1.049000e+03 1.189023e-08
1.050000e+03 1.755324e-08
1.051000e+03 1.023728e-08
1.052000e+03 1.404442e-08
1.053000e+03 1.277363e-09
1.054000e+03 1.104618e-08
1.055000e+03 1.129264e-08
1.056000e+03 1.017177e-08
1.057000e+03 2.210995e-08
1.058000e+03 9.705240e-09
1.059000e+03 1.090275e-08
1.060000e+03 7.603427e-09
1.061000e+03 1.109299e-08
1.062000e+03 1.232798e-08
1.063000e+03 2.816155e-08
1.064000e+03 1.515320e-08
1.065000e+03 1.115508e-08
1.066000e+03 3.700814e-08
1.067000e+03 1.792173e-08
1.068000e+03 1.248245e-08
1.069000e+03 2.134071e-08
1.070000e+03 1.016294e-08
1.071000e+03 7.397446e-09
1.072000e+03 1.142329e-08
1.073000e+03 7.223935e-09
1.074000e+03 9.608092e-09
1.075000e+03 1.110416e-08
1.076000e+03 7.027093e-09
1.077000e+03 9.978837e-09
1.078000e+03 2.303360e-08
1.079000e+03 1.644823e-08
1.080000e+03 8.530232e-09
1.081000e+03 1.512983e-08
1.082000e+03 2.201095e-08
1.083000e+03 2.129269e-08
1.084000e+03 1.522964e-08
1.085000e+03 6.226127e-09
1.086000e+03 3.121686e-08
1.087000e+03 1.550972e-08
1.088000e+03 9.146743e-09
1.089000e+03 8.961355e-09
1.090000e+03 1.118185e-08
1.091000e+03 1.975790e-08
1.092000e+03 8.523537e-09
1.093000e+03 1.821926e-08
1.094000e+03 1.865030e-08
1.095000e+03 9.712252e-09
1.096000e+03 1.225864e-08
1.097000e+03 1.099190e-08
1.098000e+03 1.815754e-08
1.099000e+03 9.934485e-09
1.100000e+03 1.213089e-08
1.101000e+03 1.231524e-09
1.102000e+03 1.017676e-08
1.103000e+03 1.184717e-08
1.104000e+03 8.652088e-09
1.105000e+03 1.860726e-08
1.106000e+03 8.244167e-09
1.107000e+03 9.778772e-09
1.108000e+03 1.430788e-08
1.109000e+03 1.422049e-08
1.110000e+03 1.136377e-08
1.111000e+03 3.357233e-08
1.112000e+03 1.408409e-08
1.113000e+03 1.161363e-08
1.114000e+03 3.106095e-08
1.115000e+03 1.781816e-08
1.116000e+03 1.280645e-08
1.117000e+03 2.159799e-08
1.118000e+03 1.049458e-08
1.119000e+03 9.270566e-09
1.120000e+03 1.469308e-08
1.121000e+03 6.362277e-09
1.122000e+03 8.344744e-09
1.123000e+03 1.121632e-08
1.124000e+03 7.400106e-09
1.125000e+03 1.207562e-08
1.126000e+03 2.538702e-08
1.127000e+03 5.837361e-08
1.128000e+03 9.402965e-09
1.129000e+03 1.743275e-08
1.130000e+03 1.117195e-08
1.131000e+03 4.044598e-08
1.132000e+03 2.051135e-08
1.133000e+03 1.127881e-08
1.134000e+03 2.232847e-08
1.135000e+03 5.134627e-08
1.136000e+03 1.248865e-09
1.137000e+03 7.653689e-10
1.138000e+03 1.090199e-08
1.139000e+03 1.013281e-08
1.140000e+03 1.018727e-08
1.141000e+03 2.100057e-08
1.142000e+03 8.583061e-09
1.143000e+03 3.675808e-10
1.144000e+03 7.800432e-09
1.145000e+03 3.233929e-08
1.146000e+03 1.582271e-08
1.147000e+03 1.500532e-08
1.148000e+03 1.319833e-08
1.149000e+03 7.518764e-09
1.150000e+03 9.232869e-09
1.151000e+03 1.445530e-08
1.152000e+03 1.080356e-08
1.153000e+03 1.687554e-08
1.154000e+03 3.697389e-08
1.155000e+03 9.869244e-09
1.156000e+03 8.423375e-09
1.157000e+03 7.788729e-09
1.158000e+03 2.126682e-08
1.159000e+03 1.730795e-08
1.160000e+03 1.050321e-08
1.161000e+03 8.203461e-09
1.162000e+03 1.367843e-08
1.163000e+03 5.562432e-08
1.164000e+03 1.175011e-08
1.165000e+03 1.492216e-08
1.166000e+03 8.953654e-09
1.167000e+03 1.158453e-08
1.168000e+03 1.090814e-08
1.169000e+03 7.032787e-09
1.170000e+03 3.524836e-08
1.171000e+03 1.449977e-08
1.172000e+03 1.618055e-08
1.173000e+03 4.477522e-08
1.174000e+03 9.356783e-09
1.175000e+03 8.481028e-09
1.176000e+03 8.919634e-09
1.177000e+03 1.414198e-08
1.178000e+03 9.129060e-09
1.179000e+03 7.364777e-09
1.180000e+03 2.841289e-08
1.181000e+03 7.613542e-09
1.182000e+03 3.637684e-08
1.183000e+03 8.752979e-09
1.184000e+03 8.677782e-09
1.185000e+03 1.789487e-08
1.186000e+03 8.579005e-09
1.187000e+03 1.090630e-08
1.188000e+03 1.073882e-08
1.189000e+03 2.721297e-08
1.190000e+03 8.150791e-09
1.191000e+03 9.917095e-09
1.192000e+03 9.445184e-09
1.193000e+03 9.415061e-09
1.194000e+03 1.204971e-08
1.195000e+03 2.087863e-08
1.196000e+03 1.227446e-08
1.197000e+03 1.025556e-08
1.198000e+03 1.452068e-08
1.199000e+03 1.693153e-08
1.200000e+03 1.338595e-08
1.201000e+03 2.314129e-08
1.202000e+03 9.689909e-09
1.203000e+03 6.543165e-09
1.204000e+03 8.343019e-09
1.205000e+03 6.017961e-09
1.206000e+03 8.040360e-09
1.207000e+03 1.030698e-08
1.208000e+03 9.687146e-09
1.209000e+03 1.160748e-08
1.210000e+03 1.653601e-08
1.211000e+03 1.388113e-08
1.212000e+03 6.303199e-09
1.213000e+03 1.503686e-08
1.214000e+03 1.251853e-08
1.215000e+03 1.026977e-09
1.216000e+03 1.037399e-08
1.217000e+03 5.624564e-09
1.218000e+03 4.254183e-08
1.219000e+03 1.470455e-08
1.220000e+03 1.046034e-08
1.221000e+03 1.052372e-09
1.222000e+03 1.030597e-08
1.223000e+03 2.045137e-08
1.224000e+03 1.066917e-08
1.225000e+03 1.773075e-08
1.226000e+03 1.527726e-09
1.227000e+03 1.333093e-08
1.228000e+03 2.074258e-08
1.229000e+03 4.014117e-08
1.230000e+03 1.280244e-08
1.231000e+03 8.999017e-09
1.232000e+03 8.950891e-09
1.233000e+03 3.632010e-08
1.234000e+03 9.222533e-09
1.235000e+03 1.047916e-08
1.236000e+03 1.024454e-08
1.237000e+03 2.605859e-08
1.238000e+03 9.027541e-09
1.239000e+03 1.003587e-08
1.240000e+03 7.561531e-09
1.241000e+03 1.223539e-08
1.242000e+03 1.178176e-08
1.243000e+03 1.635255e-08
1.244000e+03 1.138894e-08
1.245000e+03 1.712779e-08
1.246000e+03 2.954760e-08
1.247000e+03 2.321177e-08
1.248000e+03 1.181472e-08
1.249000e+03 2.491077e-08
1.250000e+03 9.490371e-09
1.251000e+03 6.461139e-09
1.252000e+03 7.926838e-09
1.253000e+03 6.549320e-09
1.254000e+03 8.842496e-09
1.255000e+03 1.058140e-08
1.256000e+03 7.794364e-09
1.257000e+03 9.976365e-09
1.258000e+03 2.069089e-08
1.259000e+03 1.312755e-08
1.260000e+03 8.507323e-09
1.261000e+03 1.449775e-08
1.262000e+03 9.267107e-09
1.263000e+03 8.820305e-09
1.264000e+03 1.588965e-08
1.265000e+03 5.406308e-09
1.266000e+03 4.526694e-08
1.267000e+03 1.481451e-08
1.268000e+03 8.557069e-09
1.269000e+03 8.246882e-09
1.270000e+03 1.064011e-08
1.271000e+03 1.969625e-08
1.272000e+03 9.464716e-09
1.273000e+03 1.718347e-08
1.274000e+03 1.474734e-09
1.275000e+03 1.755289e-08
1.276000e+03 1.695060e-08
1.277000e+03 7.820661e-09
1.278000e+03 3.186687e-08
1.279000e+03 8.183650e-09
1.280000e+03 1.539068e-08
1.281000e+03 1.288134e-08
1.282000e+03 9.967262e-09
1.283000e+03 1.101171e-08
1.284000e+03 7.847955e-09
1.285000e+03 1.873703e-08
1.286000e+03 7.661564e-09
1.287000e+03 9.467511e-09
1.288000e+03 9.002302e-09
1.289000e+03 1.243519e-08
1.290000e+03 1.199459e-08
1.291000e+03 1.540334e-08
1.292000e+03 1.023616e-08
1.293000e+03 1.817738e-08
1.294000e+03 1.187650e-08
1.295000e+03 1.641500e-08
1.296000e+03 1.318303e-08
1.297000e+03 1.707062e-08
1.298000e+03 9.921971e-09
1.299000e+03 9.533048e-09
1.300000e+03 1.071096e-08
1.301000e+03 5.888191e-09
1.302000e+03 7.905917e-09
1.303000e+03 1.047400e-08
1.304000e+03 8.514538e-09
1.305000e+03 1.186428e-08
1.306000e+03 1.798857e-08
1.307000e+03 1.149012e-08
1.308000e+03 7.826319e-09
1.309000e+03 1.707768e-08
1.310000e+03 8.552843e-09
1.311000e+03 6.154493e-09
1.312000e+03 7.877568e-09
1.313000e+03 8.758143e-09
1.314000e+03 1.939276e-08
1.315000e+03 2.420979e-08
1.316000e+03 2.507673e-08
1.317000e+03 1.010045e-09
1.318000e+03 8.672130e-09
1.319000e+03 1.318882e-08
1.320000e+03 8.035929e-09
1.321000e+03 1.742967e-08
1.322000e+03 1.068775e-08
1.323000e+03 1.203737e-08
1.324000e+03 7.855218e-09
1.325000e+03 7.628623e-09
1.326000e+03 1.833849e-08
1.327000e+03 1.028569e-08
1.328000e+03 1.097119e-08
1.329000e+03 7.750288e-09
1.330000e+03 1.024650e-08
1.331000e+03 2.305946e-08
1.332000e+03 7.304786e-09
1.333000e+03 1.955037e-08
1.334000e+03 2.452747e-08
1.335000e+03 8.811472e-09
1.336000e+03 1.191741e-08
1.337000e+03 1.616211e-07
1.338000e+03 1.021343e-07
1.339000e+03 1.137046e-07
1.340000e+03 6.239755e-08
1.341000e+03 3.815710e-08
1.342000e+03 5.387721e-08
1.343000e+03 5.225784e-08
1.344000e+03 1.366531e-08
1.345000e+03 2.299270e-08
1.346000e+03 1.287342e-08
1.347000e+03 9.850440e-09
1.348000e+03 1.651161e-08
1.349000e+03 1.060030e-08
1.350000e+03 1.171759e-08
1.351000e+03 1.420437e-08
1.352000e+03 1.195830e-08
1.353000e+03 1.498378e-08
1.354000e+03 2.132721e-08
1.355000e+03 1.345856e-08
1.356000e+03 1.051742e-08
1.357000e+03 1.942510e-08
1.358000e+03 1.110001e-08
1.359000e+03 7.676249e-09
1.360000e+03 1.567002e-08
1.361000e+03 9.621645e-09
1.362000e+03 1.938308e-08
1.363000e+03 1.774327e-08
1.364000e+03 7.936695e-10
1.365000e+03 1.015711e-08
1.366000e+03 5.125564e-08
1.367000e+03 1.454890e-08
1.368000e+03 8.778327e-09
1.369000e+03 1.766627e-08
1.370000e+03 1.063015e-08
1.371000e+03 1.236200e-08
1.372000e+03 7.928806e-09
1.373000e+03 1.086428e-08
1.374000e+03 1.947963e-08
1.375000e+03 9.880201e-09
1.376000e+03 6.871390e-09
1.377000e+03 1.933932e-08
1.378000e+03 8.851835e-09
1.379000e+03 1.047413e-08
1.380000e+03 9.875784e-09
1.381000e+03 2.349765e-08
1.382000e+03 7.741481e-09
1.383000e+03 5.192728e-09
1.384000e+03 7.210323e-10
1.385000e+03 4.084333e-08
1.386000e+03 1.116735e-08
1.387000e+03 1.326600e-08
1.388000e+03 1.094583e-08
1.389000e+03 6.165784e-09
1.390000e+03 1.087282e-08
1.391000e+03 1.644295e-08
1.392000e+03 1.370898e-08
1.393000e+03 3.226704e-08
1.394000e+03 8.970017e-09
1.395000e+03 5.702629e-09
1.396000e+03 6.442012e-09
1.397000e+03 5.656390e-09
1.398000e+03 7.700465e-09
1.399000e+03 1.012409e-08
1.400000e+03 7.183779e-09
1.401000e+03 9.742636e-09
1.402000e+03 2.202487e-08
1.403000e+03 2.417771e-09
1.404000e+03 6.366227e-09
1.405000e+03 1.414967e-08
1.406000e+03 9.538268e-09
1.407000e+03 9.663403e-10
1.408000e+03 8.148571e-09
1.409000e+03 5.041731e-09
1.410000e+03 1.617142e-09
1.411000e+03 1.589326e-08
1.412000e+03 8.945003e-09
1.413000e+03 2.694826e-08
1.414000e+03 9.834911e-09
1.415000e+03 1.910779e-08
1.416000e+03 9.606320e-09
1.417000e+03 1.726321e-08
1.418000e+03 1.035282e-08
1.419000e+03 5.981586e-09
1.420000e+03 4.790886e-10
1.421000e+03 7.568627e-09
1.422000e+03 2.502925e-08
1.423000e+03 7.983864e-09
1.424000e+03 7.971688e-09
1.425000e+03 1.751402e-08
1.426000e+03 8.105314e-09
1.427000e+03 1.013049e-08
1.428000e+03 1.020490e-08
1.429000e+03 2.774569e-08
1.430000e+03 7.637869e-09
1.431000e+03 9.011863e-09
1.432000e+03 8.688239e-09
1.433000e+03 8.916234e-09
1.434000e+03 1.183098e-08
1.435000e+03 2.392678e-08
1.436000e+03 1.112734e-08
1.437000e+03 1.277855e-08
1.438000e+03 1.207363e-08
1.439000e+03 1.625350e-08
1.440000e+03 1.330912e-08
1.441000e+03 2.596031e-08
1.442000e+03 8.990914e-09
1.443000e+03 5.876203e-09
1.444000e+03 7.016067e-09
1.445000e+03 5.433378e-09
1.446000e+03 7.445584e-09
1.447000e+03 1.001421e-08
1.448000e+03 9.743006e-09
1.449000e+03 1.223437e-08
1.450000e+03 1.013962e-08
1.451000e+03 1.616059e-08
1.452000e+03 6.976870e-09
1.453000e+03 1.685208e-08
1.454000e+03 8.323082e-09
1.455000e+03 5.721879e-09
1.456000e+03 6.831570e-09
1.457000e+03 7.723719e-09
1.458000e+03 1.876140e-08
1.459000e+03 1.611744e-08
1.460000e+03 5.324886e-10
1.461000e+03 9.009343e-10
1.462000e+03 7.831861e-09
1.463000e+03 2.530002e-09
1.464000e+03 8.606654e-09
1.465000e+03 1.586331e-08
1.466000e+03 1.089286e-08
1.467000e+03 1.218564e-08
1.468000e+03 7.882638e-09
1.469000e+03 8.828831e-09
1.470000e+03 1.862591e-08
1.471000e+03 1.010960e-08
1.472000e+03 6.338361e-09
1.473000e+03 1.111620e-08
1.474000e+03 8.325648e-09
1.475000e+03 1.021911e-08
1.476000e+03 9.645204e-09
1.477000e+03 2.439516e-08
1.478000e+03 5.978940e-09
1.479000e+03 5.442383e-09
1.480000e+03 6.771260e-10
1.481000e+03 1.584801e-09
1.482000e+03 1.064261e-08
1.483000e+03 1.326254e-08
1.484000e+03 1.546539e-08
1.485000e+03 8.276601e-09
1.486000e+03 1.038815e-08
1.487000e+03 1.612582e-08
1.488000e+03 1.488218e-08
1.489000e+03 3.478423e-08
1.490000e+03 8.554497e-09
1.491000e+03 5.638709e-09
1.492000e+03 6.272802e-09
1.493000e+03 5.908040e-09
1.494000e+03 8.101081e-09
1.495000e+03 9.589854e-09
1.496000e+03 7.930091e-09
1.497000e+03 1.150586e-08
1.498000e+03 1.797956e-08
1.499000e+03 1.116650e-08
1.500000e+03 7.481044e-09
1.501000e+03 1.588498e-08
1.502000e+03 1.422695e-08
1.503000e+03 9.547736e-09
1.504000e+03 6.725641e-09
1.505000e+03 7.698128e-09
1.506000e+03 1.876318e-08
1.507000e+03 1.606617e-08
1.508000e+03 8.139704e-09
1.509000e+03 7.472987e-09
1.510000e+03 8.693994e-09
1.511000e+03 1.296518e-08
1.512000e+03 7.557315e-09
1.513000e+03 1.686945e-08
1.514000e+03 1.035773e-08
1.515000e+03 1.166060e-08
1.516000e+03 7.486600e-09
1.517000e+03 7.170542e-09
1.518000e+03 1.407960e-08
1.519000e+03 1.261295e-08
1.520000e+03 6.884710e-09
1.521000e+03 1.115145e-08
1.522000e+03 8.384982e-09
1.523000e+03 1.059073e-08
1.524000e+03 7.454679e-09
1.525000e+03 1.835301e-08
1.526000e+03 1.913894e-08
1.527000e+03 7.584828e-09
1.528000e+03 7.356147e-10
1.529000e+03 3.187440e-08
1.530000e+03 1.092058e-08
1.531000e+03 1.301902e-08
1.532000e+03 5.723364e-09
1.533000e+03 1.559525e-08
1.534000e+03 8.395358e-09
1.535000e+03 2.863381e-08
1.536000e+03 9.226007e-09
1.537000e+03 2.567801e-08
1.538000e+03 9.073864e-09
1.539000e+03 6.310557e-09
1.540000e+03 7.751773e-09
1.541000e+03 5.490960e-09
1.542000e+03 7.430327e-09
1.543000e+03 9.725671e-09
1.544000e+03 8.025199e-09
1.545000e+03 1.170758e-08
1.546000e+03 1.843951e-08
1.547000e+03 1.109630e-08
1.548000e+03 7.481592e-09
1.549000e+03 1.715470e-08
1.550000e+03 8.010430e-09
1.551000e+03 5.051117e-09
1.552000e+03 7.343281e-09
1.553000e+03 8.416368e-09
1.554000e+03 1.914067e-08
1.555000e+03 1.633103e-08
1.556000e+03 4.537217e-08
1.557000e+03 9.581183e-10
1.558000e+03 7.842745e-09
1.559000e+03 1.260527e-08
1.560000e+03 7.534650e-09
1.561000e+03 1.721496e-08
1.562000e+03 1.022702e-08
1.563000e+03 1.155706e-08
1.564000e+03 7.434497e-09
1.565000e+03 7.052424e-09
1.566000e+03 1.577595e-08
1.567000e+03 9.812833e-09
1.568000e+03 1.409732e-08
1.569000e+03 7.473434e-09
1.570000e+03 1.887984e-08
1.571000e+03 1.082898e-08
1.572000e+03 9.152060e-09
1.573000e+03 2.215536e-08
1.574000e+03 2.117943e-08
1.575000e+03 8.507355e-09
1.576000e+03 7.062230e-10
1.577000e+03 2.615147e-08
1.578000e+03 1.118153e-08
1.579000e+03 1.292449e-08
1.580000e+03 5.617425e-09
1.581000e+03 1.514456e-08
1.582000e+03 8.357273e-09
1.583000e+03 1.616811e-08
1.584000e+03 7.577896e-09
1.585000e+03 2.331401e-08
1.586000e+03 3.384124e-08
1.587000e+03 1.059066e-08
1.588000e+03 7.917660e-09
1.589000e+03 5.465369e-09
1.590000e+03 7.343238e-09
1.591000e+03 9.563896e-09
1.592000e+03 7.908626e-09
1.593000e+03 1.166655e-08
1.594000e+03 1.853894e-08
1.595000e+03 1.106580e-08
1.596000e+03 7.446247e-09
1.597000e+03 1.714597e-08
1.598000e+03 8.243748e-09
1.599000e+03 4.836115e-09
1.600000e+03 9.606306e-09
1.601000e+03 7.405669e-09
1.602000e+03 1.857635e-08
1.603000e+03 3.496635e-08
1.604000e+03 1.137315e-08
1.605000e+03 3.848561e-08
1.606000e+03 7.214290e-09
1.607000e+03 1.269370e-08
1.608000e+03 8.548189e-09
1.609000e+03 2.082099e-08
1.610000e+03 9.125228e-09
1.611000e+03 6.729447e-09
1.612000e+03 4.863359e-09
1.613000e+03 6.706806e-09
1.614000e+03 1.502782e-08
1.615000e+03 7.457376e-09
1.616000e+03 6.559266e-09
1.617000e+03 1.112376e-08
1.618000e+03 7.686042e-09
1.619000e+03 1.025789e-08
1.620000e+03 7.178999e-09
1.621000e+03 2.157936e-08
1.622000e+03 9.859623e-09
1.623000e+03 4.833131e-09
1.624000e+03 1.590022e-08
1.625000e+03 4.430852e-08
1.626000e+03 1.311990e-08
1.627000e+03 1.346591e-08
1.628000e+03 5.979002e-09
1.629000e+03 6.406211e-09
1.630000e+03 1.151435e-08
1.631000e+03 1.590164e-08
1.632000e+03 1.193907e-08
1.633000e+03 2.501419e-08
1.634000e+03 8.639402e-09
1.635000e+03 5.507389e-09
1.636000e+03 6.313773e-09
1.637000e+03 1.087306e-08
1.638000e+03 7.494076e-09
1.639000e+03 9.455369e-09
1.640000e+03 7.852190e-09
1.641000e+03 1.149924e-08
1.642000e+03 1.789819e-08
1.643000e+03 1.212619e-08
1.644000e+03 7.318257e-09
1.645000e+03 1.530652e-08
1.646000e+03 8.334078e-09
1.647000e+03 5.793060e-09
1.648000e+03 6.295037e-09
1.649000e+03 7.509799e-09
1.650000e+03 1.851024e-08
1.651000e+03 1.583230e-08
1.652000e+03 5.153831e-10
1.653000e+03 8.895975e-10
1.654000e+03 1.724155e-08
1.655000e+03 3.836751e-08
1.656000e+03 8.097321e-09
1.657000e+03 1.705164e-08
1.658000e+03 1.162476e-08
1.659000e+03 1.186147e-08
1.660000e+03 8.113105e-09
1.661000e+03 7.546151e-09
1.662000e+03 1.927810e-08
1.663000e+03 9.877052e-09
1.664000e+03 5.879689e-09
1.665000e+03 1.022513e-08
1.666000e+03 8.181261e-09
1.667000e+03 1.003665e-08
1.668000e+03 9.526933e-09
1.669000e+03 2.427254e-08
1.670000e+03 2.249408e-08
1.671000e+03 4.281487e-09
1.672000e+03 1.259274e-08
1.673000e+03 9.349744e-09
1.674000e+03 1.034643e-08
1.675000e+03 1.322614e-08
1.676000e+03 5.899377e-09
1.677000e+03 3.086288e-08
1.678000e+03 8.420768e-09
1.679000e+03 1.579738e-08
1.680000e+03 1.527786e-08
1.681000e+03 3.869985e-08
1.682000e+03 8.167428e-09
1.683000e+03 5.250350e-09
1.684000e+03 5.838105e-09
1.685000e+03 5.344613e-09
1.686000e+03 7.155865e-09
1.687000e+03 9.560902e-09
1.688000e+03 9.692830e-09
1.689000e+03 1.231643e-08
1.690000e+03 1.332299e-08
1.691000e+03 1.114075e-08
1.692000e+03 7.078458e-09
1.693000e+03 1.679590e-08
1.694000e+03 8.039689e-09
1.695000e+03 5.021370e-09
1.696000e+03 6.178346e-09
1.697000e+03 7.378984e-09
1.698000e+03 1.848349e-08
1.699000e+03 1.570592e-08
1.700000e+03 5.177085e-10
1.701000e+03 9.021283e-10
1.702000e+03 7.646854e-09
1.703000e+03 3.592072e-08
1.704000e+03 8.724788e-09
1.705000e+03 1.517450e-08
1.706000e+03 3.348468e-08
1.707000e+03 1.058236e-08
1.708000e+03 7.207091e-09
1.709000e+03 7.170733e-09
1.710000e+03 1.643636e-08
1.711000e+03 9.728045e-09
1.712000e+03 5.817370e-09
1.713000e+03 9.410524e-09
1.714000e+03 8.005717e-09
1.715000e+03 1.002003e-08
1.716000e+03 9.694563e-09
1.717000e+03 2.464817e-08
1.718000e+03 5.726960e-09
1.719000e+03 5.090526e-09
1.720000e+03 6.716569e-10
1.721000e+03 1.551330e-09
1.722000e+03 8.894873e-09
1.723000e+03 3.741682e-08
1.724000e+03 6.797837e-09
1.725000e+03 1.536896e-08
1.726000e+03 8.404937e-09
1.727000e+03 1.583486e-08
1.728000e+03 1.536688e-08
1.729000e+03 3.973755e-08
1.730000e+03 8.175741e-09
1.731000e+03 5.219141e-09
1.732000e+03 5.810666e-09
1.733000e+03 5.715506e-09
1.734000e+03 7.743454e-09
1.735000e+03 9.344372e-09
1.736000e+03 7.718529e-09
1.737000e+03 1.130120e-08
1.738000e+03 1.741851e-08
1.739000e+03 2.371807e-08
1.740000e+03 6.429674e-09
1.741000e+03 1.597183e-08
1.742000e+03 8.020227e-09
1.743000e+03 5.144938e-09
1.744000e+03 6.042270e-09
1.745000e+03 7.318633e-09
1.746000e+03 1.846464e-08
1.747000e+03 1.569949e-08
1.748000e+03 7.725884e-09
1.749000e+03 7.267796e-09
1.750000e+03 8.451790e-09
1.751000e+03 1.264744e-08
1.752000e+03 8.306511e-09
1.753000e+03 2.008633e-08
1.754000e+03 8.877031e-09
1.755000e+03 6.468927e-09
1.756000e+03 1.127607e-08
1.757000e+03 6.968931e-09
1.758000e+03 8.679817e-10
1.759000e+03 7.647739e-09
1.760000e+03 6.329031e-09
1.761000e+03 8.806055e-09
1.762000e+03 7.463940e-09
1.763000e+03 1.035148e-08
1.764000e+03 6.943984e-09
1.765000e+03 2.106807e-08
1.766000e+03 9.922205e-09
1.767000e+03 4.518477e-09
1.768000e+03 1.599214e-08
1.769000e+03 4.959206e-08
1.770000e+03 1.334426e-08
1.771000e+03 1.345338e-08
1.772000e+03 6.277913e-09
1.773000e+03 6.203179e-09
1.774000e+03 6.800228e-10
1.775000e+03 1.590838e-08
1.776000e+03 1.275275e-08
1.777000e+03 2.535556e-08
1.778000e+03 8.731890e-09
1.779000e+03 6.255655e-09
1.780000e+03 8.167078e-09
1.781000e+03 5.341902e-09
1.782000e+03 7.123791e-09
1.783000e+03 9.507461e-09
1.784000e+03 7.820279e-09
1.785000e+03 1.138687e-08
1.786000e+03 1.797102e-08
1.787000e+03 1.095689e-08
1.788000e+03 7.357883e-09
1.789000e+03 1.735923e-08
1.790000e+03 5.403351e-08
1.791000e+03 6.504378e-09
1.792000e+03 8.933438e-09
1.793000e+03 8.185158e-09
1.794000e+03 1.880841e-08
1.795000e+03 1.593917e-08
1.796000e+03 5.353437e-10
1.797000e+03 8.987598e-10
1.798000e+03 7.573574e-09
1.799000e+03 1.232777e-08
1.800000e+03 8.368253e-09
