Title ="THE FLUX ERR"
Variables=
iter
residual
1.000000e+00 6.809007e-04
2.000000e+00 5.958386e-03
3.000000e+00 5.378700e-04
4.000000e+00 1.383288e-04
5.000000e+00 5.269424e-04
6.000000e+00 1.642298e-03
7.000000e+00 4.711960e-04
8.000000e+00 7.152334e-04
9.000000e+00 7.647868e-04
1.000000e+01 5.345544e-04
1.100000e+01 3.853488e-04
1.200000e+01 2.460416e-04
1.300000e+01 1.456668e-04
1.400000e+01 1.527456e-04
1.500000e+01 2.469402e-05
1.600000e+01 2.479744e-05
1.700000e+01 2.246368e-05
1.800000e+01 1.515081e-05
1.900000e+01 2.050418e-05
2.000000e+01 1.600781e-05
2.100000e+01 2.562885e-05
2.200000e+01 3.705151e-05
2.300000e+01 2.646599e-05
2.400000e+01 3.306105e-05
2.500000e+01 2.882460e-05
2.600000e+01 1.759450e-05
2.700000e+01 1.976440e-05
2.800000e+01 1.850070e-05
2.900000e+01 2.228232e-05
3.000000e+01 1.736868e-05
3.100000e+01 1.325182e-05
3.200000e+01 1.758360e-05
3.300000e+01 2.636160e-05
3.400000e+01 2.974365e-05
3.500000e+01 1.650702e-05
3.600000e+01 3.703663e-05
3.700000e+01 1.703065e-05
3.800000e+01 4.113109e-05
3.900000e+01 2.168332e-05
4.000000e+01 1.543350e-05
4.100000e+01 8.074194e-06
4.200000e+01 1.327466e-05
4.300000e+01 6.851753e-06
4.400000e+01 9.213863e-06
4.500000e+01 9.762200e-06
4.600000e+01 1.068269e-05
4.700000e+01 5.688391e-05
4.800000e+01 8.853392e-06
4.900000e+01 1.990615e-05
5.000000e+01 7.121488e-05
5.100000e+01 1.156812e-05
5.200000e+01 6.467111e-05
5.300000e+01 8.239895e-05
5.400000e+01 1.034335e-05
5.500000e+01 7.076157e-05
5.600000e+01 9.047427e-05
5.700000e+01 9.159510e-05
5.800000e+01 9.220831e-05
5.900000e+01 8.856470e-05
6.000000e+01 8.562402e-05
6.100000e+01 7.939940e-05
6.200000e+01 7.623376e-05
6.300000e+01 8.498947e-05
6.400000e+01 6.615908e-05
6.500000e+01 5.650376e-05
6.600000e+01 6.840144e-05
6.700000e+01 7.638004e-05
6.800000e+01 5.748352e-05
6.900000e+01 7.208338e-05
7.000000e+01 5.533176e-05
7.100000e+01 6.192724e-05
7.200000e+01 6.249238e-05
7.300000e+01 7.584335e-05
7.400000e+01 7.526375e-05
7.500000e+01 9.991447e-05
7.600000e+01 1.048927e-04
7.700000e+01 1.075215e-04
7.800000e+01 1.191605e-04
7.900000e+01 1.455724e-04
8.000000e+01 1.219554e-04
8.100000e+01 9.862572e-05
8.200000e+01 1.157106e-04
8.300000e+01 1.397216e-04
8.400000e+01 1.016481e-04
8.500000e+01 1.167158e-04
8.600000e+01 9.354274e-05
8.700000e+01 9.090359e-05
8.800000e+01 1.061816e-04
8.900000e+01 9.104658e-05
9.000000e+01 6.349672e-05
9.100000e+01 6.838777e-05
9.200000e+01 5.775978e-05
9.300000e+01 3.912963e-05
9.400000e+01 2.897714e-05
9.500000e+01 2.912812e-05
9.600000e+01 3.006698e-05
9.700000e+01 3.818399e-05
9.800000e+01 4.442192e-05
9.900000e+01 5.318029e-05
1.000000e+02 4.201335e-06
1.010000e+02 6.924548e-06
1.020000e+02 9.568551e-06
1.030000e+02 6.928667e-06
1.040000e+02 8.116135e-06
1.050000e+02 9.253183e-06
1.060000e+02 9.457197e-06
1.070000e+02 7.676891e-06
1.080000e+02 8.062436e-06
1.090000e+02 1.646385e-05
1.100000e+02 8.200237e-06
1.110000e+02 1.520401e-05
1.120000e+02 5.524971e-05
1.130000e+02 1.336596e-05
1.140000e+02 9.985140e-06
1.150000e+02 1.117124e-05
1.160000e+02 1.377460e-05
1.170000e+02 1.011892e-05
1.180000e+02 1.152846e-05
1.190000e+02 5.708610e-05
1.200000e+02 7.299906e-06
1.210000e+02 5.114569e-05
1.220000e+02 4.930496e-05
1.230000e+02 4.995528e-05
1.240000e+02 5.007917e-05
1.250000e+02 3.819943e-05
1.260000e+02 3.620654e-05
1.270000e+02 2.964248e-05
1.280000e+02 2.366112e-05
1.290000e+02 1.298468e-05
1.300000e+02 1.120955e-05
1.310000e+02 1.175566e-05
1.320000e+02 1.332409e-05
1.330000e+02 1.545955e-05
1.340000e+02 1.639120e-05
1.350000e+02 1.896591e-05
1.360000e+02 2.068475e-05
1.370000e+02 2.480332e-05
1.380000e+02 2.356071e-05
1.390000e+02 2.661556e-05
1.400000e+02 2.665016e-05
1.410000e+02 4.266361e-06
1.420000e+02 2.441987e-05
1.430000e+02 4.552683e-06
1.440000e+02 2.288342e-05
1.450000e+02 4.731180e-06
1.460000e+02 4.009419e-06
1.470000e+02 5.216769e-06
1.480000e+02 2.808089e-05
1.490000e+02 4.367963e-06
1.500000e+02 2.405295e-05
1.510000e+02 4.010582e-06
1.520000e+02 3.458570e-06
1.530000e+02 2.366412e-05
1.540000e+02 2.870608e-05
1.550000e+02 4.715684e-06
1.560000e+02 2.542293e-05
1.570000e+02 2.253472e-05
1.580000e+02 2.198499e-05
1.590000e+02 2.046613e-05
1.600000e+02 1.821647e-05
1.610000e+02 1.781837e-05
1.620000e+02 1.657410e-05
1.630000e+02 1.621923e-05
1.640000e+02 1.076873e-05
1.650000e+02 1.705955e-05
1.660000e+02 1.829510e-05
1.670000e+02 1.620117e-05
1.680000e+02 1.385453e-05
1.690000e+02 1.355398e-05
1.700000e+02 1.265289e-05
1.710000e+02 1.067629e-05
1.720000e+02 9.826542e-06
1.730000e+02 1.088023e-05
1.740000e+02 1.035036e-05
1.750000e+02 8.195558e-06
1.760000e+02 7.595017e-06
1.770000e+02 7.934092e-06
1.780000e+02 7.176284e-06
1.790000e+02 6.797782e-06
1.800000e+02 7.241163e-06
1.810000e+02 7.051823e-06
1.820000e+02 7.113132e-06
1.830000e+02 6.939347e-06
1.840000e+02 6.421440e-06
1.850000e+02 6.556373e-06
1.860000e+02 6.465577e-06
1.870000e+02 7.157838e-06
1.880000e+02 7.370260e-06
1.890000e+02 6.742643e-06
1.900000e+02 6.666748e-06
1.910000e+02 7.350846e-06
1.920000e+02 6.607549e-06
1.930000e+02 6.622654e-06
1.940000e+02 5.366991e-06
1.950000e+02 5.804719e-06
1.960000e+02 4.754594e-06
1.970000e+02 5.363340e-06
1.980000e+02 4.863954e-06
1.990000e+02 5.710053e-06
2.000000e+02 7.997061e-06
2.010000e+02 7.627102e-06
2.020000e+02 7.366352e-06
2.030000e+02 7.659176e-06
2.040000e+02 6.870664e-06
2.050000e+02 7.013336e-06
2.060000e+02 6.772277e-06
2.070000e+02 6.071502e-06
2.080000e+02 6.299890e-06
2.090000e+02 6.088749e-06
2.100000e+02 4.728316e-06
2.110000e+02 3.909618e-06
2.120000e+02 4.309042e-06
2.130000e+02 4.356589e-06
2.140000e+02 4.456831e-06
2.150000e+02 3.149048e-06
2.160000e+02 3.357437e-06
2.170000e+02 3.087935e-06
2.180000e+02 3.097055e-06
2.190000e+02 3.925380e-06
2.200000e+02 3.497009e-06
2.210000e+02 3.310036e-06
2.220000e+02 2.695581e-06
2.230000e+02 2.488941e-06
2.240000e+02 2.507547e-06
2.250000e+02 2.889755e-06
2.260000e+02 2.619488e-06
2.270000e+02 2.405337e-06
2.280000e+02 2.406473e-06
2.290000e+02 2.160744e-06
2.300000e+02 2.145720e-06
2.310000e+02 1.887629e-06
2.320000e+02 1.769068e-06
2.330000e+02 1.711361e-06
2.340000e+02 1.722204e-06
2.350000e+02 1.765846e-06
2.360000e+02 1.798033e-06
2.370000e+02 1.869328e-06
2.380000e+02 1.788868e-06
2.390000e+02 1.811766e-06
2.400000e+02 1.900831e-06
2.410000e+02 1.910040e-06
2.420000e+02 1.737126e-06
2.430000e+02 1.618985e-06
2.440000e+02 1.743830e-06
2.450000e+02 1.713980e-06
2.460000e+02 1.619065e-06
2.470000e+02 1.744024e-06
2.480000e+02 1.670376e-06
2.490000e+02 1.655194e-06
2.500000e+02 1.821387e-06
2.510000e+02 2.100148e-06
2.520000e+02 1.687573e-06
2.530000e+02 1.783295e-06
2.540000e+02 1.644768e-06
2.550000e+02 1.617474e-06
2.560000e+02 1.828921e-06
2.570000e+02 1.904147e-06
2.580000e+02 1.846994e-06
2.590000e+02 1.525737e-06
2.600000e+02 1.664541e-06
2.610000e+02 1.662647e-06
2.620000e+02 1.406258e-06
2.630000e+02 1.448408e-06
2.640000e+02 1.625241e-06
2.650000e+02 1.562812e-06
2.660000e+02 1.437062e-06
2.670000e+02 1.448831e-06
2.680000e+02 1.441472e-06
2.690000e+02 1.255122e-06
2.700000e+02 1.093645e-06
2.710000e+02 1.157314e-06
2.720000e+02 1.059166e-06
2.730000e+02 1.148137e-06
2.740000e+02 1.032470e-06
2.750000e+02 9.625110e-07
2.760000e+02 9.014593e-07
2.770000e+02 9.730902e-07
2.780000e+02 9.509811e-07
2.790000e+02 8.981134e-07
2.800000e+02 8.175071e-07
2.810000e+02 7.523394e-07
2.820000e+02 7.106868e-07
2.830000e+02 6.856616e-07
2.840000e+02 7.143176e-07
2.850000e+02 7.252086e-07
2.860000e+02 7.108203e-07
2.870000e+02 6.972818e-07
2.880000e+02 6.984308e-07
2.890000e+02 6.312951e-07
2.900000e+02 6.160717e-07
2.910000e+02 6.396256e-07
2.920000e+02 6.640871e-07
2.930000e+02 6.167555e-07
2.940000e+02 5.984981e-07
2.950000e+02 5.957307e-07
2.960000e+02 5.245440e-07
2.970000e+02 5.092909e-07
2.980000e+02 4.976881e-07
2.990000e+02 4.912890e-07
3.000000e+02 4.713858e-07
3.010000e+02 4.662913e-07
3.020000e+02 4.762328e-07
3.030000e+02 4.719843e-07
3.040000e+02 4.669693e-07
3.050000e+02 4.558739e-07
3.060000e+02 4.577059e-07
3.070000e+02 4.565450e-07
3.080000e+02 4.754879e-07
3.090000e+02 4.714837e-07
3.100000e+02 4.490844e-07
3.110000e+02 4.353209e-07
3.120000e+02 4.283400e-07
3.130000e+02 4.240518e-07
3.140000e+02 4.153603e-07
3.150000e+02 4.065133e-07
3.160000e+02 3.993930e-07
3.170000e+02 3.991403e-07
3.180000e+02 3.885010e-07
3.190000e+02 3.863303e-07
3.200000e+02 3.903097e-07
3.210000e+02 3.509526e-07
3.220000e+02 3.488465e-07
3.230000e+02 3.354531e-07
3.240000e+02 3.313128e-07
3.250000e+02 3.151601e-07
3.260000e+02 3.069487e-07
3.270000e+02 3.223074e-07
3.280000e+02 3.152034e-07
3.290000e+02 3.117818e-07
3.300000e+02 3.006369e-07
3.310000e+02 2.786175e-07
3.320000e+02 2.722592e-07
3.330000e+02 2.711012e-07
3.340000e+02 2.584080e-07
3.350000e+02 2.537968e-07
3.360000e+02 2.594369e-07
3.370000e+02 2.542461e-07
3.380000e+02 2.513949e-07
3.390000e+02 2.578609e-07
3.400000e+02 2.540344e-07
3.410000e+02 2.498089e-07
3.420000e+02 2.457979e-07
3.430000e+02 2.555120e-07
3.440000e+02 2.678732e-07
3.450000e+02 2.309986e-07
3.460000e+02 2.432089e-07
3.470000e+02 2.419337e-07
3.480000e+02 2.387140e-07
3.490000e+02 2.444338e-07
3.500000e+02 2.418810e-07
3.510000e+02 2.555061e-07
3.520000e+02 2.357115e-07
3.530000e+02 2.403279e-07
3.540000e+02 2.431264e-07
3.550000e+02 2.433625e-07
3.560000e+02 2.535604e-07
3.570000e+02 2.146409e-07
3.580000e+02 2.131418e-07
3.590000e+02 2.111890e-07
3.600000e+02 2.291603e-07
3.610000e+02 2.258285e-07
3.620000e+02 2.134179e-07
3.630000e+02 2.119401e-07
3.640000e+02 2.135391e-07
3.650000e+02 2.144924e-07
3.660000e+02 2.150189e-07
3.670000e+02 2.126597e-07
3.680000e+02 2.125801e-07
3.690000e+02 2.074195e-07
3.700000e+02 2.040293e-07
3.710000e+02 2.039309e-07
3.720000e+02 2.113646e-07
3.730000e+02 2.534880e-07
3.740000e+02 2.563909e-07
3.750000e+02 2.521739e-07
3.760000e+02 1.958497e-07
3.770000e+02 1.978717e-07
3.780000e+02 1.930689e-07
3.790000e+02 1.973246e-07
3.800000e+02 1.966660e-07
3.810000e+02 1.812806e-07
3.820000e+02 1.889158e-07
3.830000e+02 2.068119e-07
3.840000e+02 2.096876e-07
3.850000e+02 2.062940e-07
3.860000e+02 1.943582e-07
3.870000e+02 1.828306e-07
3.880000e+02 1.805653e-07
3.890000e+02 1.784742e-07
3.900000e+02 1.722371e-07
3.910000e+02 7.144031e-08
3.920000e+02 6.433944e-08
3.930000e+02 4.976349e-08
3.940000e+02 2.914170e-07
3.950000e+02 7.620304e-08
3.960000e+02 3.421333e-08
3.970000e+02 5.168589e-08
3.980000e+02 4.477235e-08
3.990000e+02 2.133397e-07
4.000000e+02 6.926025e-08
4.010000e+02 3.996064e-08
4.020000e+02 1.925239e-07
4.030000e+02 6.984263e-08
4.040000e+02 3.721892e-08
4.050000e+02 1.826734e-07
4.060000e+02 6.650256e-08
4.070000e+02 3.440909e-08
4.080000e+02 1.724548e-07
4.090000e+02 6.691369e-08
4.100000e+02 3.318172e-08
4.110000e+02 1.711340e-07
4.120000e+02 7.219066e-08
4.130000e+02 3.710276e-08
4.140000e+02 1.746520e-07
4.150000e+02 6.827050e-08
4.160000e+02 3.905606e-08
4.170000e+02 1.653802e-07
4.180000e+02 1.314682e-07
4.190000e+02 7.055410e-08
4.200000e+02 3.509412e-08
4.210000e+02 1.269784e-07
4.220000e+02 1.142621e-07
4.230000e+02 5.751843e-08
4.240000e+02 3.271943e-08
4.250000e+02 1.335295e-07
4.260000e+02 1.064569e-07
4.270000e+02 5.951940e-08
4.280000e+02 2.975736e-08
4.290000e+02 1.122563e-07
4.300000e+02 8.563253e-08
4.310000e+02 4.579401e-08
4.320000e+02 2.619663e-08
4.330000e+02 1.055844e-07
4.340000e+02 8.134395e-08
4.350000e+02 6.390406e-08
4.360000e+02 4.651634e-08
4.370000e+02 2.156113e-08
4.380000e+02 1.063852e-07
4.390000e+02 8.108567e-08
4.400000e+02 6.170916e-08
4.410000e+02 5.281286e-08
4.420000e+02 6.051644e-08
4.430000e+02 2.863373e-08
4.440000e+02 9.478326e-08
4.450000e+02 6.879794e-08
4.460000e+02 5.126912e-08
4.470000e+02 4.369795e-08
4.480000e+02 5.452463e-08
4.490000e+02 2.194608e-08
4.500000e+02 9.866948e-08
4.510000e+02 7.293085e-08
4.520000e+02 6.595825e-08
4.530000e+02 5.671350e-08
4.540000e+02 6.563086e-08
4.550000e+02 2.947787e-08
4.560000e+02 1.816020e-08
4.570000e+02 7.549343e-08
4.580000e+02 6.209536e-08
4.590000e+02 5.393610e-08
4.600000e+02 4.860919e-08
4.610000e+02 4.619225e-08
4.620000e+02 6.609494e-08
4.630000e+02 2.864954e-08
4.640000e+02 1.760100e-08
4.650000e+02 1.086148e-08
4.660000e+02 5.463643e-08
4.670000e+02 4.988665e-08
4.680000e+02 4.481538e-08
4.690000e+02 4.087921e-08
4.700000e+02 5.742198e-08
4.710000e+02 2.929781e-08
4.720000e+02 1.649366e-08
4.730000e+02 6.132727e-08
4.740000e+02 4.868059e-08
4.750000e+02 4.164678e-08
4.760000e+02 3.408711e-08
4.770000e+02 3.218532e-08
4.780000e+02 3.103105e-08
4.790000e+02 2.984693e-08
4.800000e+02 2.921326e-08
4.810000e+02 5.230909e-08
4.820000e+02 2.351555e-08
4.830000e+02 1.379241e-08
4.840000e+02 5.313145e-08
4.850000e+02 4.147603e-08
4.860000e+02 3.426484e-08
4.870000e+02 2.963921e-08
4.880000e+02 2.815087e-08
4.890000e+02 2.654441e-08
4.900000e+02 2.543358e-08
4.910000e+02 2.515612e-08
4.920000e+02 2.435842e-08
4.930000e+02 6.219292e-08
4.940000e+02 1.862756e-08
4.950000e+02 1.368526e-08
4.960000e+02 8.745858e-09
4.970000e+02 3.674262e-08
4.980000e+02 3.126659e-08
4.990000e+02 2.614773e-08
5.000000e+02 1.738733e-09
5.010000e+02 2.597929e-08
5.020000e+02 1.251190e-09
5.030000e+02 1.072547e-09
5.040000e+02 1.110502e-09
5.050000e+02 2.362714e-08
5.060000e+02 9.919087e-10
5.070000e+02 2.135999e-08
5.080000e+02 5.822625e-08
5.090000e+02 2.245099e-08
5.100000e+02 1.256721e-08
5.110000e+02 8.168519e-09
5.120000e+02 4.546488e-09
5.130000e+02 2.899215e-09
5.140000e+02 1.666732e-09
5.150000e+02 1.287011e-09
5.160000e+02 8.727348e-10
5.170000e+02 2.052986e-08
5.180000e+02 7.998062e-10
5.190000e+02 6.539935e-10
5.200000e+02 6.527008e-10
5.210000e+02 7.406968e-10
5.220000e+02 6.264365e-10
5.230000e+02 6.897423e-10
5.240000e+02 5.491006e-10
5.250000e+02 1.797469e-08
5.260000e+02 5.357621e-10
5.270000e+02 4.336399e-10
5.280000e+02 4.965966e-08
5.290000e+02 2.550034e-08
5.300000e+02 1.067269e-08
5.310000e+02 7.005945e-09
5.320000e+02 4.028022e-09
5.330000e+02 2.266459e-08
5.340000e+02 1.716761e-09
5.350000e+02 1.086837e-09
5.360000e+02 7.781148e-10
5.370000e+02 7.691257e-10
5.380000e+02 5.848090e-10
5.390000e+02 6.887757e-10
5.400000e+02 5.962129e-10
5.410000e+02 1.563524e-08
5.420000e+02 5.882071e-10
5.430000e+02 4.674826e-10
5.440000e+02 5.018765e-10
5.450000e+02 5.848627e-10
5.460000e+02 4.637229e-10
5.470000e+02 5.199849e-10
5.480000e+02 3.888067e-10
5.490000e+02 1.456339e-08
5.500000e+02 4.243775e-10
5.510000e+02 3.390656e-10
5.520000e+02 4.101209e-10
5.530000e+02 4.341207e-10
5.540000e+02 2.872987e-10
5.550000e+02 3.990362e-10
5.560000e+02 5.977381e-08
5.570000e+02 2.157341e-08
5.580000e+02 1.186846e-08
5.590000e+02 7.351944e-09
5.600000e+02 4.328429e-09
5.610000e+02 2.833292e-09
5.620000e+02 1.422537e-09
5.630000e+02 1.135419e-09
5.640000e+02 7.966762e-10
5.650000e+02 1.364313e-08
5.660000e+02 1.283356e-08
5.670000e+02 1.203103e-08
5.680000e+02 1.200597e-08
5.690000e+02 1.228560e-08
5.700000e+02 6.205724e-10
5.710000e+02 1.191055e-08
5.720000e+02 1.164241e-08
5.730000e+02 1.233730e-08
5.740000e+02 1.185804e-08
5.750000e+02 1.104047e-08
5.760000e+02 1.121095e-08
5.770000e+02 1.143259e-08
5.780000e+02 1.044941e-08
5.790000e+02 1.090391e-08
5.800000e+02 1.066754e-08
5.810000e+02 1.102561e-08
5.820000e+02 1.079444e-08
5.830000e+02 1.005471e-08
5.840000e+02 1.010542e-08
5.850000e+02 1.005995e-08
5.860000e+02 9.533326e-09
5.870000e+02 9.959855e-09
5.880000e+02 9.761217e-09
5.890000e+02 1.004826e-08
5.900000e+02 9.856450e-09
5.910000e+02 9.252929e-09
5.920000e+02 9.426168e-09
5.930000e+02 9.623802e-09
5.940000e+02 9.031223e-09
5.950000e+02 9.502528e-09
5.960000e+02 4.940995e-08
5.970000e+02 2.156165e-08
5.980000e+02 1.041455e-08
5.990000e+02 5.985823e-09
6.000000e+02 3.511885e-09
6.010000e+02 1.689019e-08
6.020000e+02 1.340011e-08
6.030000e+02 1.199641e-08
6.040000e+02 1.067280e-08
6.050000e+02 1.050336e-08
6.060000e+02 1.022674e-08
6.070000e+02 9.500965e-09
6.080000e+02 9.470389e-09
6.090000e+02 9.632510e-09
6.100000e+02 9.094900e-09
6.110000e+02 9.412322e-09
6.120000e+02 9.158255e-09
6.130000e+02 9.109547e-09
6.140000e+02 8.968636e-09
6.150000e+02 8.289629e-09
6.160000e+02 8.414062e-09
6.170000e+02 8.593770e-09
6.180000e+02 7.968214e-09
6.190000e+02 8.376573e-09
6.200000e+02 7.958472e-09
6.210000e+02 8.260785e-09
6.220000e+02 8.111515e-09
6.230000e+02 7.550283e-09
6.240000e+02 7.783538e-09
6.250000e+02 7.971868e-09
6.260000e+02 7.190630e-09
6.270000e+02 7.614412e-09
6.280000e+02 7.401525e-09
6.290000e+02 7.530819e-09
6.300000e+02 7.712596e-09
6.310000e+02 7.222422e-09
6.320000e+02 7.325430e-09
6.330000e+02 7.462841e-09
6.340000e+02 7.867617e-09
6.350000e+02 8.268509e-09
6.360000e+02 8.033420e-09
6.370000e+02 8.298046e-09
6.380000e+02 8.357425e-09
6.390000e+02 7.797271e-09
6.400000e+02 8.011021e-09
6.410000e+02 8.217649e-09
6.420000e+02 7.686612e-09
6.430000e+02 8.100030e-09
6.440000e+02 7.690263e-09
6.450000e+02 8.015925e-09
6.460000e+02 8.039028e-09
6.470000e+02 7.565768e-09
6.480000e+02 7.790371e-09
6.490000e+02 7.951494e-09
6.500000e+02 7.269745e-09
6.510000e+02 7.650150e-09
6.520000e+02 7.426573e-09
6.530000e+02 7.607899e-09
6.540000e+02 6.019515e-08
6.550000e+02 2.510503e-08
6.560000e+02 1.087382e-08
6.570000e+02 6.132512e-09
6.580000e+02 3.616138e-09
6.590000e+02 1.461221e-08
6.600000e+02 1.167963e-08
6.610000e+02 1.038302e-08
6.620000e+02 9.280799e-09
6.630000e+02 8.534024e-09
6.640000e+02 8.388803e-09
6.650000e+02 8.571248e-09
6.660000e+02 7.957793e-09
6.670000e+02 8.278588e-09
6.680000e+02 7.745774e-09
6.690000e+02 8.030423e-09
6.700000e+02 7.765346e-09
6.710000e+02 7.322804e-09
6.720000e+02 7.532613e-09
6.730000e+02 7.631376e-09
6.740000e+02 6.933234e-09
6.750000e+02 7.230844e-09
6.760000e+02 6.945393e-09
6.770000e+02 7.028880e-09
6.780000e+02 7.187137e-09
6.790000e+02 6.358286e-09
6.800000e+02 6.422800e-09
6.810000e+02 6.697918e-09
6.820000e+02 6.221195e-09
6.830000e+02 6.587300e-09
6.840000e+02 6.293597e-09
6.850000e+02 6.239221e-09
6.860000e+02 6.483220e-09
6.870000e+02 5.966876e-09
6.880000e+02 6.206307e-09
6.890000e+02 6.451377e-09
6.900000e+02 5.954409e-09
6.910000e+02 6.338612e-09
6.920000e+02 5.893744e-09
6.930000e+02 6.149534e-09
6.940000e+02 6.140992e-09
6.950000e+02 5.761499e-09
6.960000e+02 6.055595e-09
6.970000e+02 6.179788e-09
6.980000e+02 5.583846e-09
6.990000e+02 5.906394e-09
7.000000e+02 5.675702e-09
7.010000e+02 5.765760e-09
7.020000e+02 6.122956e-09
7.030000e+02 5.610231e-09
7.040000e+02 5.719074e-09
7.050000e+02 5.838115e-09
7.060000e+02 5.372980e-09
7.070000e+02 5.781080e-09
7.080000e+02 5.501407e-09
7.090000e+02 5.190075e-09
7.100000e+02 5.585796e-09
7.110000e+02 5.077104e-09
7.120000e+02 5.346924e-09
7.130000e+02 5.619660e-09
7.140000e+02 5.145679e-09
7.150000e+02 5.528917e-09
7.160000e+02 5.072146e-09
7.170000e+02 5.316372e-09
7.180000e+02 5.352962e-09
7.190000e+02 4.972824e-09
7.200000e+02 5.282793e-09
7.210000e+02 5.398951e-09
7.220000e+02 4.836608e-09
7.230000e+02 5.136703e-09
7.240000e+02 4.891357e-09
7.250000e+02 4.988105e-09
7.260000e+02 5.408161e-09
7.270000e+02 4.876705e-09
7.280000e+02 4.984857e-09
7.290000e+02 5.111023e-09
7.300000e+02 4.644870e-09
7.310000e+02 5.053369e-09
7.320000e+02 5.715223e-08
7.330000e+02 2.777867e-08
7.340000e+02 1.188145e-08
7.350000e+02 5.571251e-09
7.360000e+02 1.912944e-08
7.370000e+02 1.416182e-08
7.380000e+02 9.521426e-09
7.390000e+02 8.042172e-09
7.400000e+02 6.570802e-09
7.410000e+02 6.405069e-09
7.420000e+02 6.133840e-09
7.430000e+02 5.649856e-09
7.440000e+02 5.872123e-09
7.450000e+02 5.960075e-09
7.460000e+02 5.394134e-09
7.470000e+02 5.646940e-09
7.480000e+02 5.411777e-09
7.490000e+02 5.385414e-09
7.500000e+02 5.712260e-09
7.510000e+02 5.147126e-09
7.520000e+02 5.160601e-09
7.530000e+02 5.253232e-09
7.540000e+02 4.740157e-09
7.550000e+02 5.072243e-09
7.560000e+02 4.744421e-09
7.570000e+02 4.329474e-09
7.580000e+02 4.936651e-09
7.590000e+02 4.383063e-09
7.600000e+02 4.636367e-09
7.610000e+02 4.898878e-09
7.620000e+02 4.392948e-09
7.630000e+02 4.755343e-09
7.640000e+02 4.268532e-09
7.650000e+02 4.402024e-09
7.660000e+02 4.507884e-09
7.670000e+02 4.125745e-09
7.680000e+02 4.443361e-09
7.690000e+02 4.538116e-09
7.700000e+02 3.991525e-09
7.710000e+02 4.251239e-09
7.720000e+02 4.068625e-09
7.730000e+02 3.453263e-09
7.740000e+02 4.081449e-09
7.750000e+02 3.501716e-09
7.760000e+02 3.625782e-09
7.770000e+02 3.740952e-09
7.780000e+02 3.266675e-09
7.790000e+02 3.690188e-09
7.800000e+02 3.407436e-09
7.810000e+02 2.986220e-09
7.820000e+02 3.843858e-09
7.830000e+02 3.256279e-09
7.840000e+02 3.575897e-09
7.850000e+02 3.869492e-09
7.860000e+02 3.393064e-09
7.870000e+02 3.790494e-09
7.880000e+02 3.304292e-09
7.890000e+02 3.419720e-09
7.900000e+02 3.675666e-09
7.910000e+02 3.271113e-09
7.920000e+02 3.616258e-09
7.930000e+02 3.709872e-09
7.940000e+02 3.182245e-09
7.950000e+02 3.430554e-09
7.960000e+02 3.218750e-09
7.970000e+02 3.236545e-09
7.980000e+02 3.829590e-09
7.990000e+02 3.279440e-09
8.000000e+02 3.387608e-09
8.010000e+02 3.529593e-09
8.020000e+02 3.029279e-09
8.030000e+02 3.415229e-09
8.040000e+02 3.147521e-09
8.050000e+02 2.685606e-09
8.060000e+02 3.554162e-09
8.070000e+02 2.971902e-09
8.080000e+02 3.301899e-09
8.090000e+02 3.614336e-09
8.100000e+02 3.116574e-09
8.110000e+02 3.533242e-09
8.120000e+02 3.038047e-09
8.130000e+02 3.139184e-09
8.140000e+02 3.378761e-09
8.150000e+02 2.994737e-09
8.160000e+02 3.333007e-09
8.170000e+02 3.435576e-09
8.180000e+02 2.898973e-09
8.190000e+02 3.118403e-09
8.200000e+02 2.972563e-09
8.210000e+02 2.948933e-09
8.220000e+02 3.586046e-09
8.230000e+02 3.035685e-09
8.240000e+02 3.144763e-09
8.250000e+02 3.287818e-09
8.260000e+02 2.847669e-09
8.270000e+02 3.233205e-09
8.280000e+02 3.228572e-09
8.290000e+02 2.707614e-09
8.300000e+02 3.578222e-09
8.310000e+02 2.987157e-09
8.320000e+02 3.343519e-09
8.330000e+02 3.649080e-09
8.340000e+02 3.159477e-09
8.350000e+02 3.558477e-09
8.360000e+02 3.094041e-09
8.370000e+02 3.143408e-09
8.380000e+02 3.097315e-09
8.390000e+02 3.794485e-08
8.400000e+02 2.508588e-08
8.410000e+02 9.963348e-09
8.420000e+02 4.228759e-09
8.430000e+02 1.587830e-08
8.440000e+02 1.097169e-08
8.450000e+02 7.476448e-09
8.460000e+02 6.140377e-09
8.470000e+02 4.937355e-09
8.480000e+02 4.447798e-09
8.490000e+02 4.435525e-09
8.500000e+02 3.848182e-09
8.510000e+02 4.070777e-09
8.520000e+02 3.879273e-09
8.530000e+02 3.337050e-09
8.540000e+02 4.089571e-09
8.550000e+02 3.436403e-09
8.560000e+02 3.741038e-09
8.570000e+02 3.978959e-09
8.580000e+02 3.425501e-09
8.590000e+02 3.753689e-09
8.600000e+02 3.200133e-09
8.610000e+02 3.152676e-09
8.620000e+02 3.353404e-09
8.630000e+02 2.944577e-09
8.640000e+02 3.248367e-09
8.650000e+02 3.287096e-09
8.660000e+02 2.756798e-09
8.670000e+02 2.819838e-09
8.680000e+02 2.778803e-09
8.690000e+02 2.638335e-09
8.700000e+02 3.305699e-09
8.710000e+02 2.727787e-09
8.720000e+02 2.813779e-09
8.730000e+02 2.948752e-09
8.740000e+02 2.412674e-09
8.750000e+02 2.723331e-09
8.760000e+02 2.543574e-09
8.770000e+02 2.267191e-09
8.780000e+02 2.958962e-09
8.790000e+02 2.334846e-09
8.800000e+02 2.720138e-09
8.810000e+02 3.046133e-09
8.820000e+02 2.518693e-09
8.830000e+02 2.949551e-09
8.840000e+02 2.430102e-09
8.850000e+02 2.456964e-09
8.860000e+02 2.754167e-09
8.870000e+02 2.395001e-09
8.880000e+02 2.747197e-09
8.890000e+02 2.815683e-09
8.900000e+02 2.321070e-09
8.910000e+02 2.349459e-09
8.920000e+02 2.420514e-09
8.930000e+02 2.293985e-09
8.940000e+02 3.035187e-09
8.950000e+02 2.485017e-09
8.960000e+02 2.588136e-09
8.970000e+02 2.754194e-09
8.980000e+02 2.223173e-09
8.990000e+02 2.487370e-09
9.000000e+02 2.381167e-09
9.010000e+02 2.418762e-09
9.020000e+02 2.818625e-09
9.030000e+02 2.162234e-09
9.040000e+02 2.590463e-09
9.050000e+02 2.927166e-09
9.060000e+02 2.412786e-09
9.070000e+02 2.834386e-09
9.080000e+02 2.317477e-09
9.090000e+02 2.314856e-09
9.100000e+02 2.617295e-09
9.110000e+02 2.255281e-09
9.120000e+02 2.618557e-09
9.130000e+02 2.665401e-09
9.140000e+02 2.208197e-09
9.150000e+02 2.199944e-09
9.160000e+02 2.316602e-09
9.170000e+02 2.163458e-09
9.180000e+02 2.915548e-09
9.190000e+02 2.364368e-09
9.200000e+02 2.461525e-09
9.210000e+02 2.635682e-09
9.220000e+02 2.085878e-09
9.230000e+02 2.307268e-09
9.240000e+02 2.244172e-09
9.250000e+02 2.618693e-09
9.260000e+02 2.698704e-09
9.270000e+02 2.010978e-09
9.280000e+02 2.473094e-09
9.290000e+02 2.790470e-09
9.300000e+02 2.271307e-09
9.310000e+02 2.690862e-09
9.320000e+02 2.164844e-09
9.330000e+02 2.158249e-09
9.340000e+02 2.474603e-09
9.350000e+02 2.104521e-09
9.360000e+02 2.472620e-09
9.370000e+02 2.502279e-09
9.380000e+02 2.073204e-09
9.390000e+02 2.225510e-09
9.400000e+02 2.193292e-09
9.410000e+02 2.014338e-09
9.420000e+02 2.792576e-09
9.430000e+02 2.238023e-09
9.440000e+02 2.329672e-09
9.450000e+02 2.543400e-09
9.460000e+02 1.976563e-09
9.470000e+02 2.178290e-09
9.480000e+02 2.127521e-09
9.490000e+02 2.848034e-09
9.500000e+02 2.605259e-09
9.510000e+02 1.880965e-09
9.520000e+02 2.383944e-09
9.530000e+02 2.701070e-09
9.540000e+02 2.177703e-09
9.550000e+02 2.594898e-09
9.560000e+02 2.055868e-09
9.570000e+02 2.044597e-09
9.580000e+02 2.367170e-09
9.590000e+02 1.991188e-09
9.600000e+02 2.364573e-09
9.610000e+02 2.376250e-09
9.620000e+02 1.981041e-09
9.630000e+02 2.653857e-09
9.640000e+02 2.114601e-09
9.650000e+02 1.904441e-09
9.660000e+02 2.704966e-09
9.670000e+02 2.145883e-09
9.680000e+02 2.227727e-09
9.690000e+02 2.429342e-09
9.700000e+02 1.831907e-09
9.710000e+02 2.178530e-09
9.720000e+02 1.972797e-09
9.730000e+02 3.140288e-09
9.740000e+02 2.494208e-09
9.750000e+02 1.726736e-09
9.760000e+02 2.273137e-09
9.770000e+02 2.590847e-09
9.780000e+02 2.058869e-09
9.790000e+02 2.474238e-09
9.800000e+02 1.912012e-09
9.810000e+02 1.917328e-09
9.820000e+02 2.244819e-09
9.830000e+02 1.852531e-09
9.840000e+02 2.230557e-09
9.850000e+02 2.230240e-09
9.860000e+02 1.865947e-09
9.870000e+02 3.791086e-09
9.880000e+02 2.013841e-09
9.890000e+02 1.781960e-09
9.900000e+02 2.601044e-09
9.910000e+02 2.036128e-09
9.920000e+02 2.108099e-09
9.930000e+02 2.323810e-09
9.940000e+02 3.622855e-08
9.950000e+02 2.361041e-08
9.960000e+02 9.097659e-09
9.970000e+02 3.030434e-08
9.980000e+02 1.752079e-08
9.990000e+02 1.014287e-08
1.000000e+03 6.644222e-09
1.001000e+03 5.458188e-09
1.002000e+03 4.026827e-09
1.003000e+03 4.060784e-09
1.004000e+03 3.280766e-09
1.005000e+03 3.128493e-09
1.006000e+03 3.314185e-09
1.007000e+03 2.867489e-09
1.008000e+03 3.180468e-09
1.009000e+03 3.101965e-09
1.010000e+03 2.750962e-09
1.011000e+03 7.149180e-09
1.012000e+03 2.864955e-09
1.013000e+03 2.456371e-09
1.014000e+03 3.183117e-09
1.015000e+03 2.557074e-09
1.016000e+03 2.529118e-09
1.017000e+03 2.729726e-09
1.018000e+03 2.011965e-09
1.019000e+03 3.453233e-09
1.020000e+03 2.034012e-09
1.021000e+03 4.065248e-09
1.022000e+03 2.567483e-09
1.023000e+03 1.693956e-09
1.024000e+03 2.269216e-09
1.025000e+03 2.558417e-09
1.026000e+03 1.981548e-09
1.027000e+03 2.364276e-09
1.028000e+03 1.721030e-09
1.029000e+03 1.766550e-09
1.030000e+03 2.078666e-09
1.031000e+03 1.642486e-09
1.032000e+03 2.001286e-09
1.033000e+03 2.003102e-09
1.034000e+03 1.662297e-09
1.035000e+03 1.751760e-10
1.036000e+03 1.818829e-09
1.037000e+03 1.578011e-09
1.038000e+03 2.417967e-09
1.039000e+03 1.850315e-09
1.040000e+03 1.875963e-09
1.041000e+03 2.160630e-09
1.042000e+03 1.399965e-09
1.043000e+03 5.168980e-09
1.044000e+03 1.516860e-09
1.045000e+03 4.317132e-09
1.046000e+03 2.233797e-09
1.047000e+03 1.374320e-09
1.048000e+03 2.003281e-09
1.049000e+03 2.314824e-09
1.050000e+03 1.752911e-09
1.051000e+03 2.139767e-09
1.052000e+03 1.489168e-09
1.053000e+03 1.607442e-09
1.054000e+03 1.932331e-09
1.055000e+03 1.472850e-09
1.056000e+03 1.853794e-09
1.057000e+03 1.859193e-09
1.058000e+03 1.569774e-09
1.059000e+03 5.280976e-09
1.060000e+03 1.740550e-09
1.061000e+03 1.473038e-09
1.062000e+03 2.351268e-09
1.063000e+03 1.752562e-09
1.064000e+03 1.769570e-09
1.065000e+03 2.049020e-09
1.066000e+03 1.267842e-09
1.067000e+03 2.118932e-10
1.068000e+03 1.482525e-09
1.069000e+03 4.718551e-09
1.070000e+03 2.148434e-09
1.071000e+03 1.320409e-09
1.072000e+03 1.909834e-09
1.073000e+03 2.221036e-09
1.074000e+03 1.647076e-09
1.075000e+03 2.032877e-09
1.076000e+03 1.371285e-09
1.077000e+03 1.533718e-09
1.078000e+03 1.845371e-09
1.079000e+03 1.375621e-09
1.080000e+03 1.745426e-09
1.081000e+03 1.784222e-09
1.082000e+03 1.463427e-09
1.083000e+03 3.005313e-09
1.084000e+03 1.648698e-09
1.085000e+03 1.380489e-09
1.086000e+03 2.261001e-09
1.087000e+03 1.655486e-09
1.088000e+03 1.657466e-09
1.089000e+03 1.955024e-09
1.090000e+03 1.179818e-09
1.091000e+03 1.963034e-10
1.092000e+03 1.544861e-09
1.093000e+03 5.094121e-09
1.094000e+03 2.063970e-09
1.095000e+03 1.306676e-09
1.096000e+03 1.825517e-09
1.097000e+03 2.139941e-09
1.098000e+03 1.551807e-09
1.099000e+03 1.935282e-09
1.100000e+03 1.320577e-09
1.101000e+03 1.481787e-09
1.102000e+03 1.772156e-09
1.103000e+03 1.308286e-09
1.104000e+03 1.661568e-09
1.105000e+03 1.746897e-09
1.106000e+03 1.381907e-09
1.107000e+03 2.163159e-09
1.108000e+03 1.583716e-09
1.109000e+03 1.327554e-09
1.110000e+03 2.195816e-09
1.111000e+03 1.583142e-09
1.112000e+03 1.568705e-09
1.113000e+03 1.884707e-09
1.114000e+03 1.234347e-09
1.115000e+03 6.217595e-09
1.116000e+03 1.912593e-09
1.117000e+03 5.580238e-09
1.118000e+03 2.002565e-09
1.119000e+03 1.351269e-09
1.120000e+03 1.754424e-09
1.121000e+03 2.072149e-09
1.122000e+03 1.464678e-09
1.123000e+03 1.838368e-09
1.124000e+03 1.364616e-09
1.125000e+03 1.425667e-09
1.126000e+03 1.702356e-09
1.127000e+03 1.259882e-09
1.128000e+03 1.594522e-09
1.129000e+03 1.737581e-09
1.130000e+03 1.298089e-09
1.131000e+03 1.757394e-09
1.132000e+03 1.511831e-09
1.133000e+03 1.263031e-09
1.134000e+03 2.131740e-09
1.135000e+03 1.510625e-09
1.136000e+03 1.485690e-09
1.137000e+03 1.813338e-09
1.138000e+03 1.449108e-09
1.139000e+03 3.503441e-09
1.140000e+03 2.465577e-09
1.141000e+03 6.070132e-09
1.142000e+03 1.949112e-09
1.143000e+03 1.423932e-09
1.144000e+03 1.692769e-09
1.145000e+03 2.012100e-09
1.146000e+03 1.388838e-09
1.147000e+03 1.758126e-09
1.148000e+03 1.517765e-09
1.149000e+03 1.386076e-09
1.150000e+03 1.645756e-09
1.151000e+03 1.240239e-09
1.152000e+03 1.558963e-09
1.153000e+03 1.758123e-09
1.154000e+03 1.228597e-09
1.155000e+03 1.552376e-09
1.156000e+03 1.452757e-09
1.157000e+03 1.215781e-09
1.158000e+03 2.078159e-09
1.159000e+03 1.450772e-09
1.160000e+03 1.420947e-09
1.161000e+03 1.754516e-09
1.162000e+03 1.854217e-09
1.163000e+03 2.523653e-09
1.164000e+03 3.445554e-09
1.165000e+03 6.564675e-09
1.166000e+03 1.892406e-09
1.167000e+03 1.512951e-09
1.168000e+03 1.630092e-09
1.169000e+03 1.950403e-09
1.170000e+03 1.314021e-09
1.171000e+03 1.679326e-09
1.172000e+03 1.790656e-09
1.173000e+03 1.340946e-09
1.174000e+03 1.589606e-09
1.175000e+03 1.234759e-09
1.176000e+03 1.543339e-09
1.177000e+03 1.794837e-09
1.178000e+03 1.159470e-09
1.179000e+03 1.442818e-09
1.180000e+03 1.390137e-09
1.181000e+03 1.163640e-09
1.182000e+03 2.023300e-09
1.183000e+03 1.389606e-09
1.184000e+03 1.362270e-09
1.185000e+03 1.693035e-09
1.186000e+03 2.519069e-09
1.187000e+03 2.032758e-09
1.188000e+03 5.709716e-09
1.189000e+03 7.091875e-09
1.190000e+03 1.840268e-09
1.191000e+03 1.622305e-09
1.192000e+03 1.571145e-09
1.193000e+03 1.893086e-09
1.194000e+03 1.252511e-09
1.195000e+03 1.615418e-09
1.196000e+03 2.213781e-09
1.197000e+03 1.310479e-09
1.198000e+03 1.545630e-09
1.199000e+03 1.250839e-09
1.200000e+03 1.553263e-09
1.201000e+03 1.841418e-09
1.202000e+03 1.124724e-09
1.203000e+03 1.371643e-09
1.204000e+03 1.360576e-09
1.205000e+03 1.118939e-09
1.206000e+03 1.986276e-09
1.207000e+03 1.355194e-09
1.208000e+03 1.329730e-09
1.209000e+03 1.654783e-09
1.210000e+03 3.615315e-09
1.211000e+03 1.732528e-09
1.212000e+03 1.310342e-10
1.213000e+03 7.556650e-09
1.214000e+03 1.805109e-09
1.215000e+03 1.728090e-09
1.216000e+03 1.540312e-09
1.217000e+03 1.855085e-09
1.218000e+03 1.208167e-09
1.219000e+03 1.564482e-09
1.220000e+03 2.752441e-09
1.221000e+03 1.264992e-09
1.222000e+03 1.503223e-09
1.223000e+03 1.275709e-09
1.224000e+03 1.582409e-09
1.225000e+03 1.904810e-09
1.226000e+03 1.063535e-09
1.227000e+03 1.324550e-09
1.228000e+03 1.308100e-09
1.229000e+03 1.081172e-09
1.230000e+03 1.945485e-09
1.231000e+03 1.304114e-09
1.232000e+03 1.296714e-09
1.233000e+03 1.605121e-09
1.234000e+03 5.951999e-11
1.235000e+03 1.577796e-09
1.236000e+03 1.263496e-10
1.237000e+03 8.228755e-09
1.238000e+03 1.766858e-09
1.239000e+03 1.864702e-09
1.240000e+03 1.495353e-09
1.241000e+03 1.809798e-09
1.242000e+03 1.149293e-09
1.243000e+03 1.513007e-09
1.244000e+03 3.791852e-09
1.245000e+03 1.243607e-09
1.246000e+03 1.462259e-09
1.247000e+03 1.319227e-09
1.248000e+03 1.641591e-09
1.249000e+03 1.984688e-09
1.250000e+03 1.007603e-09
1.251000e+03 1.287046e-09
1.252000e+03 1.253149e-09
1.253000e+03 1.039965e-09
1.254000e+03 1.900498e-09
1.255000e+03 1.253909e-09
1.256000e+03 1.275822e-09
1.257000e+03 4.401247e-08
1.258000e+03 2.516741e-08
1.259000e+03 9.030562e-09
1.260000e+03 4.085528e-09
1.261000e+03 1.548883e-08
1.262000e+03 1.110232e-08
1.263000e+03 6.601370e-09
1.264000e+03 5.049443e-09
1.265000e+03 4.292607e-09
1.266000e+03 3.199086e-09
1.267000e+03 3.270362e-09
1.268000e+03 2.568720e-09
1.269000e+03 2.683723e-09
1.270000e+03 2.830486e-09
1.271000e+03 2.501026e-09
1.272000e+03 2.793404e-09
1.273000e+03 3.194707e-09
1.274000e+03 2.157122e-09
1.275000e+03 2.358833e-09
1.276000e+03 2.210089e-09
1.277000e+03 1.929848e-09
1.278000e+03 2.655915e-09
1.279000e+03 1.893201e-09
1.280000e+03 1.856655e-09
1.281000e+03 2.040764e-09
1.282000e+03 1.699250e-10
1.283000e+03 1.770477e-09
1.284000e+03 3.518260e-09
1.285000e+03 9.761730e-09
1.286000e+03 1.990916e-09
1.287000e+03 2.333021e-09
1.288000e+03 1.585693e-09
1.289000e+03 1.849499e-09
1.290000e+03 1.153617e-09
1.291000e+03 1.513751e-09
1.292000e+03 1.023811e-10
1.293000e+03 1.194332e-09
1.294000e+03 1.424499e-09
1.295000e+03 1.457511e-09
1.296000e+03 1.823664e-09
1.297000e+03 2.176124e-09
1.298000e+03 9.369697e-10
1.299000e+03 1.270005e-09
1.300000e+03 1.181976e-09
1.301000e+03 1.007020e-09
1.302000e+03 1.839478e-09
1.303000e+03 1.215149e-09
1.304000e+03 1.316380e-09
1.305000e+03 1.502791e-09
1.306000e+03 2.685279e-09
1.307000e+03 1.370172e-09
1.308000e+03 1.610373e-09
1.309000e+03 1.094628e-08
1.310000e+03 1.653247e-09
1.311000e+03 2.478276e-09
1.312000e+03 1.347108e-09
1.313000e+03 1.697503e-09
1.314000e+03 9.998692e-10
1.315000e+03 1.487335e-09
1.316000e+03 8.817426e-11
1.317000e+03 1.157533e-09
1.318000e+03 1.364926e-09
1.319000e+03 1.567730e-09
1.320000e+03 2.016837e-09
1.321000e+03 2.312997e-09
1.322000e+03 8.807202e-10
1.323000e+03 1.233949e-09
1.324000e+03 1.132650e-09
1.325000e+03 9.781778e-10
1.326000e+03 1.805879e-09
1.327000e+03 1.146523e-09
1.328000e+03 1.361838e-09
1.329000e+03 1.436784e-09
1.330000e+03 1.720592e-09
1.331000e+03 1.323964e-09
1.332000e+03 1.289385e-09
1.333000e+03 1.171167e-08
1.334000e+03 1.642223e-09
1.335000e+03 2.646812e-09
1.336000e+03 1.334170e-09
1.337000e+03 1.649566e-09
1.338000e+03 9.738629e-10
1.339000e+03 1.523462e-09
1.340000e+03 4.278978e-09
1.341000e+03 1.127322e-09
1.342000e+03 1.333685e-09
1.343000e+03 1.615190e-09
1.344000e+03 2.097610e-09
1.345000e+03 2.368027e-09
1.346000e+03 8.261582e-10
1.347000e+03 1.196340e-09
1.348000e+03 1.070359e-09
1.349000e+03 9.299981e-10
1.350000e+03 1.754197e-09
1.351000e+03 1.099927e-09
1.352000e+03 1.372314e-09
1.353000e+03 1.388308e-09
1.354000e+03 1.367518e-09
1.355000e+03 1.286878e-09
1.356000e+03 1.130849e-09
1.357000e+03 1.233463e-08
1.358000e+03 1.598430e-09
1.359000e+03 2.782568e-09
1.360000e+03 1.289877e-09
1.361000e+03 1.610567e-09
1.362000e+03 9.414799e-10
1.363000e+03 1.565824e-09
1.364000e+03 2.889835e-09
1.365000e+03 1.103910e-09
1.366000e+03 1.302313e-09
1.367000e+03 1.659345e-09
1.368000e+03 2.184726e-09
1.369000e+03 2.421583e-09
1.370000e+03 7.917985e-10
1.371000e+03 1.173250e-09
1.372000e+03 1.030951e-09
1.373000e+03 9.008863e-10
1.374000e+03 1.722873e-09
1.375000e+03 1.066794e-09
1.376000e+03 1.400916e-09
1.377000e+03 1.353157e-09
1.378000e+03 1.150041e-09
1.379000e+03 1.262944e-09
1.380000e+03 1.033582e-09
1.381000e+03 7.418313e-11
1.382000e+03 1.512019e-09
1.383000e+03 2.938385e-09
1.384000e+03 1.261540e-09
1.385000e+03 1.575950e-09
1.386000e+03 9.217828e-10
1.387000e+03 1.623362e-09
1.388000e+03 2.221679e-09
1.389000e+03 1.081250e-09
1.390000e+03 1.274960e-09
1.391000e+03 1.704063e-09
1.392000e+03 2.273960e-09
1.393000e+03 2.474581e-09
1.394000e+03 7.587021e-10
1.395000e+03 1.148730e-09
1.396000e+03 9.892369e-10
1.397000e+03 8.682457e-10
1.398000e+03 1.688309e-09
1.399000e+03 1.033679e-09
1.400000e+03 1.432899e-09
1.401000e+03 1.317207e-09
1.402000e+03 1.002655e-09
1.403000e+03 1.239594e-09
1.404000e+03 9.679546e-10
1.405000e+03 7.346021e-11
1.406000e+03 1.477601e-09
1.407000e+03 3.090370e-09
1.408000e+03 1.201495e-09
1.409000e+03 1.520546e-09
1.410000e+03 8.867294e-10
1.411000e+03 1.671722e-09
1.412000e+03 1.809039e-09
1.413000e+03 1.018613e-09
1.414000e+03 1.218359e-09
1.415000e+03 1.697802e-09
1.416000e+03 2.332657e-09
1.417000e+03 2.473919e-09
1.418000e+03 7.063465e-10
1.419000e+03 1.099540e-09
1.420000e+03 9.292036e-10
1.421000e+03 8.063428e-10
1.422000e+03 1.625339e-09
1.423000e+03 9.798530e-10
1.424000e+03 1.438514e-09
1.425000e+03 1.257784e-09
1.426000e+03 8.996560e-10
1.427000e+03 1.199160e-09
1.428000e+03 9.133662e-10
1.429000e+03 7.125638e-11
1.430000e+03 1.410864e-09
1.431000e+03 3.185669e-09
1.432000e+03 1.173135e-09
1.433000e+03 1.493784e-09
1.434000e+03 8.733416e-10
1.435000e+03 1.741127e-09
1.436000e+03 1.536341e-09
1.437000e+03 9.970984e-10
1.438000e+03 1.195533e-09
1.439000e+03 1.733604e-09
1.440000e+03 2.422141e-09
1.441000e+03 2.515016e-09
1.442000e+03 6.814538e-10
1.443000e+03 1.080537e-09
1.444000e+03 8.976493e-10
1.445000e+03 7.824129e-10
1.446000e+03 1.600029e-09
1.447000e+03 9.536630e-10
1.448000e+03 1.468001e-09
1.449000e+03 1.229880e-09
1.450000e+03 8.174109e-10
1.451000e+03 1.179543e-09
1.452000e+03 8.714613e-10
1.453000e+03 7.091489e-11
1.454000e+03 1.385634e-09
1.455000e+03 3.350377e-09
1.456000e+03 1.146549e-09
1.457000e+03 1.468230e-09
1.458000e+03 8.633953e-10
1.459000e+03 1.817588e-09
1.460000e+03 1.342644e-09
1.461000e+03 9.765100e-10
1.462000e+03 1.174213e-09
1.463000e+03 1.767624e-09
1.464000e+03 2.514964e-09
1.465000e+03 2.554365e-09
1.466000e+03 6.587270e-10
1.467000e+03 1.062600e-09
1.468000e+03 8.677354e-10
1.469000e+03 7.599990e-10
1.470000e+03 1.576352e-09
1.471000e+03 9.290358e-10
1.472000e+03 1.497918e-09
1.473000e+03 1.203822e-09
1.474000e+03 7.545295e-10
1.475000e+03 1.161519e-09
1.476000e+03 8.376929e-10
1.477000e+03 7.061209e-11
1.478000e+03 1.362031e-09
1.479000e+03 3.531204e-09
1.480000e+03 1.121523e-09
1.481000e+03 1.444348e-09
1.482000e+03 8.562470e-10
1.483000e+03 1.901105e-09
1.484000e+03 1.197773e-09
1.485000e+03 9.563128e-10
1.486000e+03 1.154021e-09
1.487000e+03 1.801187e-09
1.488000e+03 2.612565e-09
1.489000e+03 2.592536e-09
1.490000e+03 6.379724e-10
1.491000e+03 1.045414e-09
1.492000e+03 8.392402e-10
1.493000e+03 7.384359e-10
1.494000e+03 1.553791e-09
1.495000e+03 9.056417e-10
1.496000e+03 1.527797e-09
1.497000e+03 1.179146e-09
1.498000e+03 7.051355e-10
1.499000e+03 1.144529e-09
1.500000e+03 8.090971e-10
1.501000e+03 7.033372e-11
1.502000e+03 1.339549e-09
1.503000e+03 3.718942e-09
1.504000e+03 1.097883e-09
1.505000e+03 1.422077e-09
1.506000e+03 8.501649e-10
1.507000e+03 1.986746e-09
1.508000e+03 1.087297e-09
1.509000e+03 9.370836e-10
1.510000e+03 1.135130e-09
1.511000e+03 1.831178e-09
1.512000e+03 2.709833e-09
1.513000e+03 2.626111e-09
1.514000e+03 6.190034e-10
1.515000e+03 1.029007e-09
1.516000e+03 8.125750e-10
1.517000e+03 7.180677e-10
1.518000e+03 1.532473e-09
1.519000e+03 8.836841e-10
1.520000e+03 1.553904e-09
1.521000e+03 1.156355e-09
1.522000e+03 6.657156e-10
1.523000e+03 1.128711e-09
1.524000e+03 7.932315e-10
1.525000e+03 7.172997e-11
1.526000e+03 1.349840e-09
1.527000e+03 3.957216e-09
1.528000e+03 1.095369e-09
1.529000e+03 1.414294e-09
1.530000e+03 8.555709e-10
1.531000e+03 2.087481e-09
1.532000e+03 9.986742e-10
1.533000e+03 9.440408e-10
1.534000e+03 1.140539e-09
1.535000e+03 1.893462e-09
1.536000e+03 2.831120e-09
1.537000e+03 2.687839e-09
1.538000e+03 6.184034e-10
1.539000e+03 1.033013e-09
1.540000e+03 8.032182e-10
1.541000e+03 7.229718e-10
1.542000e+03 1.540425e-09
1.543000e+03 8.799027e-10
1.544000e+03 1.599130e-09
1.545000e+03 1.154346e-09
1.546000e+03 6.350395e-10
1.547000e+03 1.128320e-09
1.548000e+03 7.715615e-10
1.549000e+03 7.149205e-11
1.550000e+03 1.328698e-09
1.551000e+03 4.151457e-09
1.552000e+03 1.073559e-09
1.553000e+03 1.394209e-09
1.554000e+03 8.504408e-10
1.555000e+03 2.179204e-09
1.556000e+03 9.311946e-10
1.557000e+03 9.249238e-10
1.558000e+03 1.123380e-09
1.559000e+03 1.916647e-09
1.560000e+03 2.928989e-09
1.561000e+03 2.713434e-09
1.562000e+03 6.016126e-10
1.563000e+03 1.017659e-09
1.564000e+03 7.786886e-10
1.565000e+03 7.035413e-10
1.566000e+03 1.520644e-09
1.567000e+03 8.597329e-10
1.568000e+03 1.622408e-09
1.569000e+03 1.133632e-09
1.570000e+03 6.083286e-10
1.571000e+03 1.114151e-09
1.572000e+03 7.528990e-10
1.573000e+03 7.130818e-11
1.574000e+03 1.309026e-09
1.575000e+03 4.345808e-09
1.576000e+03 1.053143e-09
1.577000e+03 1.375616e-09
1.578000e+03 8.460731e-10
1.579000e+03 2.273643e-09
1.580000e+03 8.772277e-10
1.581000e+03 9.067993e-10
1.582000e+03 1.107460e-09
1.583000e+03 1.935967e-09
1.584000e+03 3.026377e-09
1.585000e+03 2.734321e-09
1.586000e+03 5.859561e-10
1.587000e+03 1.003175e-09
1.588000e+03 7.559818e-10
1.589000e+03 6.853129e-10
1.590000e+03 1.502122e-09
1.591000e+03 8.408635e-10
1.592000e+03 1.642505e-09
1.593000e+03 1.114520e-09
1.594000e+03 5.852106e-10
1.595000e+03 1.100835e-09
1.596000e+03 7.360202e-10
1.597000e+03 7.115223e-11
1.598000e+03 1.342178e-09
1.599000e+03 4.631114e-09
1.600000e+03 1.073136e-09
1.601000e+03 1.391122e-09
1.602000e+03 8.732964e-10
1.603000e+03 2.372426e-09
1.604000e+03 8.246204e-10
1.605000e+03 9.499909e-10
1.606000e+03 1.128063e-09
1.607000e+03 2.035482e-09
1.608000e+03 3.177139e-09
1.609000e+03 2.821649e-09
1.610000e+03 6.109050e-10
1.611000e+03 1.034739e-09
1.612000e+03 7.838317e-10
1.613000e+03 7.332144e-10
1.614000e+03 1.545284e-09
1.615000e+03 9.015103e-10
1.616000e+03 1.779423e-09
1.617000e+03 1.174342e-09
1.618000e+03 6.018558e-10
1.619000e+03 1.170942e-09
1.620000e+03 7.817293e-10
1.621000e+03 7.056402e-11
1.622000e+03 1.373723e-09
1.623000e+03 5.029148e-09
1.624000e+03 1.089764e-09
1.625000e+03 1.412439e-09
1.626000e+03 9.095555e-10
1.627000e+03 2.557809e-09
1.628000e+03 7.945622e-10
1.629000e+03 9.815737e-10
1.630000e+03 1.151265e-09
1.631000e+03 2.148995e-09
1.632000e+03 3.395887e-09
1.633000e+03 2.944256e-09
1.634000e+03 6.379737e-10
1.635000e+03 1.075367e-09
1.636000e+03 7.911399e-10
1.637000e+03 7.519574e-10
1.638000e+03 1.566219e-09
1.639000e+03 8.830105e-10
1.640000e+03 1.797201e-09
1.641000e+03 1.154897e-09
1.642000e+03 5.850775e-10
1.643000e+03 1.156377e-09
1.644000e+03 7.667002e-10
1.645000e+03 7.036462e-11
1.646000e+03 1.354536e-09
1.647000e+03 5.200944e-09
1.648000e+03 1.070270e-09
1.649000e+03 1.395144e-09
1.650000e+03 9.052760e-10
1.651000e+03 2.657097e-09
1.652000e+03 7.691770e-10
1.653000e+03 9.627731e-10
1.654000e+03 1.136563e-09
1.655000e+03 2.154087e-09
1.656000e+03 3.488757e-09
1.657000e+03 2.947984e-09
1.658000e+03 6.234715e-10
1.659000e+03 1.059124e-09
1.660000e+03 7.692409e-10
1.661000e+03 7.335181e-10
1.662000e+03 1.548282e-09
1.663000e+03 8.648819e-10
1.664000e+03 1.809619e-09
1.665000e+03 1.137164e-09
1.666000e+03 5.695770e-10
1.667000e+03 1.142484e-09
1.668000e+03 7.523456e-10
1.669000e+03 7.021034e-11
1.670000e+03 1.336393e-09
1.671000e+03 5.333530e-09
1.672000e+03 1.052333e-09
1.673000e+03 1.379319e-09
1.674000e+03 8.991387e-10
1.675000e+03 2.743449e-09
1.676000e+03 7.478785e-10
1.677000e+03 9.444849e-10
1.678000e+03 1.122966e-09
1.679000e+03 2.150930e-09
1.680000e+03 3.568228e-09
1.681000e+03 2.943303e-09
1.682000e+03 6.095147e-10
1.683000e+03 1.043784e-09
1.684000e+03 7.490202e-10
1.685000e+03 7.160268e-10
1.686000e+03 1.531372e-09
1.687000e+03 8.478372e-10
1.688000e+03 1.820139e-09
1.689000e+03 1.120524e-09
1.690000e+03 5.551081e-10
1.691000e+03 1.129269e-09
1.692000e+03 7.386824e-10
1.693000e+03 7.008808e-11
1.694000e+03 1.319286e-09
1.695000e+03 5.468307e-09
1.696000e+03 1.035303e-09
1.697000e+03 1.364431e-09
1.698000e+03 8.936001e-10
1.699000e+03 2.837908e-09
1.700000e+03 7.290143e-10
1.701000e+03 9.270946e-10
1.702000e+03 1.110284e-09
1.703000e+03 2.148162e-09
1.704000e+03 3.656941e-09
1.705000e+03 2.939552e-09
1.706000e+03 5.963064e-10
1.707000e+03 1.029231e-09
1.708000e+03 7.299006e-10
1.709000e+03 6.994187e-10
1.710000e+03 1.515237e-09
1.711000e+03 8.317220e-10
1.712000e+03 1.829689e-09
1.713000e+03 1.104892e-09
1.714000e+03 5.414827e-10
1.715000e+03 1.116834e-09
1.716000e+03 7.254362e-10
1.717000e+03 7.000943e-11
1.718000e+03 1.302976e-09
1.719000e+03 5.578258e-09
1.720000e+03 1.019418e-09
1.721000e+03 1.350726e-09
1.722000e+03 8.870684e-10
1.723000e+03 2.928673e-09
1.724000e+03 7.138362e-10
1.725000e+03 9.125997e-10
1.726000e+03 1.099940e-09
1.727000e+03 2.142581e-09
1.728000e+03 3.742569e-09
1.729000e+03 2.933238e-09
1.730000e+03 5.857142e-10
1.731000e+03 1.017216e-09
1.732000e+03 7.137832e-10
1.733000e+03 6.855938e-10
1.734000e+03 1.501189e-09
1.735000e+03 8.183814e-10
1.736000e+03 1.837822e-09
1.737000e+03 1.092104e-09
1.738000e+03 5.301479e-10
1.739000e+03 1.106083e-09
1.740000e+03 7.146252e-10
1.741000e+03 6.999662e-11
1.742000e+03 1.289099e-09
1.743000e+03 5.664298e-09
1.744000e+03 1.006206e-09
1.745000e+03 1.339447e-09
1.746000e+03 8.817935e-10
1.747000e+03 3.017497e-09
1.748000e+03 6.989486e-10
1.749000e+03 8.965965e-10
1.750000e+03 1.088861e-09
1.751000e+03 2.132087e-09
1.752000e+03 3.822331e-09
1.753000e+03 2.920983e-09
1.754000e+03 5.733000e-10
1.755000e+03 1.003712e-09
1.756000e+03 6.970510e-10
1.757000e+03 6.703542e-10
1.758000e+03 1.486562e-09
1.759000e+03 8.040273e-10
1.760000e+03 1.841765e-09
1.761000e+03 1.078413e-09
1.762000e+03 5.180326e-10
1.763000e+03 1.094529e-09
1.764000e+03 7.026338e-10
1.765000e+03 6.996368e-11
1.766000e+03 1.274479e-09
1.767000e+03 5.718897e-09
1.768000e+03 9.921181e-10
1.769000e+03 1.327477e-09
1.770000e+03 8.737810e-10
1.771000e+03 3.099645e-09
1.772000e+03 6.855582e-10
1.773000e+03 8.811967e-10
1.774000e+03 1.078401e-09
1.775000e+03 2.117723e-09
1.776000e+03 3.898643e-09
1.777000e+03 2.906110e-09
1.778000e+03 5.614948e-10
1.779000e+03 9.911796e-10
1.780000e+03 6.814160e-10
1.781000e+03 6.559757e-10
1.782000e+03 1.472607e-09
1.783000e+03 7.905105e-10
1.784000e+03 1.843223e-09
1.785000e+03 1.065688e-09
1.786000e+03 5.066139e-10
1.787000e+03 1.083533e-09
1.788000e+03 6.911783e-10
1.789000e+03 6.994634e-11
1.790000e+03 1.260599e-09
1.791000e+03 5.742834e-09
1.792000e+03 9.789364e-10
1.793000e+03 1.316359e-09
1.794000e+03 8.651405e-10
1.795000e+03 3.175869e-09
1.796000e+03 6.733403e-10
1.797000e+03 8.664953e-10
1.798000e+03 1.068522e-09
1.799000e+03 2.099914e-09
1.800000e+03 3.970456e-09
