Title ="THE FLUX ERR"
Variables=
iter
residual
1.000000e+00 1.232932e-03
2.000000e+00 2.727427e-03
3.000000e+00 3.949255e-04
4.000000e+00 8.408132e-04
5.000000e+00 4.805685e-05
6.000000e+00 6.804825e-04
7.000000e+00 5.503533e-04
8.000000e+00 7.635727e-04
9.000000e+00 1.838593e-04
1.000000e+01 1.538108e-04
1.100000e+01 1.255351e-04
1.200000e+01 3.074023e-04
1.300000e+01 2.039070e-04
1.400000e+01 3.263868e-05
1.500000e+01 2.731382e-05
1.600000e+01 6.337141e-05
1.700000e+01 4.106394e-05
1.800000e+01 4.764647e-05
1.900000e+01 7.707666e-05
2.000000e+01 3.095616e-05
2.100000e+01 2.434266e-05
2.200000e+01 3.755887e-05
2.300000e+01 4.475520e-05
2.400000e+01 5.494847e-05
2.500000e+01 3.733468e-05
2.600000e+01 2.973210e-05
2.700000e+01 4.161141e-05
2.800000e+01 1.846046e-05
2.900000e+01 5.751003e-05
3.000000e+01 4.193065e-05
3.100000e+01 3.478225e-05
3.200000e+01 2.200623e-05
3.300000e+01 2.530307e-05
3.400000e+01 2.703263e-05
3.500000e+01 2.930813e-05
3.600000e+01 2.796559e-05
3.700000e+01 1.616886e-05
3.800000e+01 2.150017e-05
3.900000e+01 2.101689e-05
4.000000e+01 2.526587e-05
4.100000e+01 2.488938e-05
4.200000e+01 2.354925e-05
4.300000e+01 9.898448e-06
4.400000e+01 9.329059e-06
4.500000e+01 1.083369e-05
4.600000e+01 1.455735e-05
4.700000e+01 8.893573e-05
4.800000e+01 1.271807e-05
4.900000e+01 9.736129e-05
5.000000e+01 1.746839e-05
5.100000e+01 9.733008e-05
5.200000e+01 1.434733e-05
5.300000e+01 1.081061e-04
5.400000e+01 1.139793e-04
5.500000e+01 1.165221e-04
5.600000e+01 1.158261e-04
5.700000e+01 1.416880e-04
5.800000e+01 1.114576e-04
5.900000e+01 1.306834e-04
6.000000e+01 1.226194e-04
6.100000e+01 1.178124e-04
6.200000e+01 1.195455e-04
6.300000e+01 1.223831e-04
6.400000e+01 1.227410e-04
6.500000e+01 9.264202e-05
6.600000e+01 8.321349e-05
6.700000e+01 8.127838e-05
6.800000e+01 8.350413e-05
6.900000e+01 8.786859e-05
7.000000e+01 1.006772e-04
7.100000e+01 9.985160e-05
7.200000e+01 1.050410e-04
7.300000e+01 1.299913e-04
7.400000e+01 1.216216e-04
7.500000e+01 1.656773e-04
7.600000e+01 1.619554e-04
7.700000e+01 1.876546e-04
7.800000e+01 1.807315e-04
7.900000e+01 1.751787e-04
8.000000e+01 1.506943e-04
8.100000e+01 1.637189e-04
8.200000e+01 1.404089e-04
8.300000e+01 1.898105e-04
8.400000e+01 1.629822e-04
8.500000e+01 1.819049e-04
8.600000e+01 1.884530e-04
8.700000e+01 1.786825e-04
8.800000e+01 1.832326e-04
8.900000e+01 1.369112e-04
9.000000e+01 1.358019e-04
9.100000e+01 9.701056e-05
9.200000e+01 1.020131e-04
9.300000e+01 7.762842e-05
9.400000e+01 4.967754e-05
9.500000e+01 4.273609e-05
9.600000e+01 4.643670e-05
9.700000e+01 6.364805e-05
9.800000e+01 5.278099e-05
9.900000e+01 5.248484e-05
1.000000e+02 1.000181e-04
1.010000e+02 9.749663e-06
1.020000e+02 8.450686e-06
1.030000e+02 9.428871e-06
1.040000e+02 1.396544e-05
1.050000e+02 1.007224e-04
1.060000e+02 1.249397e-04
1.070000e+02 2.058436e-05
1.080000e+02 1.484574e-05
1.090000e+02 1.377056e-04
1.100000e+02 1.305714e-04
1.110000e+02 1.297256e-04
1.120000e+02 2.255850e-05
1.130000e+02 1.458448e-05
1.140000e+02 1.277410e-04
1.150000e+02 1.253484e-04
1.160000e+02 1.416231e-04
1.170000e+02 1.328691e-04
1.180000e+02 9.870346e-05
1.190000e+02 9.140207e-05
1.200000e+02 8.976603e-05
1.210000e+02 1.106118e-04
1.220000e+02 1.033075e-04
1.230000e+02 8.484046e-05
1.240000e+02 7.747613e-05
1.250000e+02 5.407274e-05
1.260000e+02 4.569228e-05
1.270000e+02 2.875673e-05
1.280000e+02 2.422463e-05
1.290000e+02 1.679003e-05
1.300000e+02 1.565131e-05
1.310000e+02 1.593155e-05
1.320000e+02 1.859833e-05
1.330000e+02 2.142572e-05
1.340000e+02 2.297331e-05
1.350000e+02 2.797204e-05
1.360000e+02 2.870049e-05
1.370000e+02 2.389442e-05
1.380000e+02 3.391087e-05
1.390000e+02 3.381360e-05
1.400000e+02 4.148656e-05
1.410000e+02 4.913592e-05
1.420000e+02 3.767573e-05
1.430000e+02 3.203566e-05
1.440000e+02 4.169790e-05
1.450000e+02 3.779927e-05
1.460000e+02 3.393578e-05
1.470000e+02 3.983010e-05
1.480000e+02 3.216641e-05
1.490000e+02 4.358426e-05
1.500000e+02 3.751806e-05
1.510000e+02 3.673751e-05
1.520000e+02 3.678089e-05
1.530000e+02 3.278970e-05
1.540000e+02 3.581833e-05
1.550000e+02 4.067397e-05
1.560000e+02 4.141767e-05
1.570000e+02 3.799918e-05
1.580000e+02 3.638386e-05
1.590000e+02 3.217985e-05
1.600000e+02 3.057006e-05
1.610000e+02 3.018147e-05
1.620000e+02 3.556247e-05
1.630000e+02 2.047890e-05
1.640000e+02 2.238478e-05
1.650000e+02 2.775837e-05
1.660000e+02 2.097322e-05
1.670000e+02 1.699833e-05
1.680000e+02 1.793433e-05
1.690000e+02 1.613831e-05
1.700000e+02 1.665872e-05
1.710000e+02 1.541962e-05
1.720000e+02 1.378983e-05
1.730000e+02 1.548307e-05
1.740000e+02 1.350815e-05
1.750000e+02 1.241943e-05
1.760000e+02 1.193940e-05
1.770000e+02 1.284609e-05
1.780000e+02 1.151488e-05
1.790000e+02 1.192748e-05
1.800000e+02 1.167971e-05
1.810000e+02 1.256223e-05
1.820000e+02 1.017176e-05
1.830000e+02 1.061159e-05
1.840000e+02 9.003490e-06
1.850000e+02 8.113126e-06
1.860000e+02 1.045230e-05
1.870000e+02 9.019033e-06
1.880000e+02 1.148616e-05
1.890000e+02 1.189459e-05
1.900000e+02 1.034377e-05
1.910000e+02 1.098359e-05
1.920000e+02 1.178201e-05
1.930000e+02 1.373767e-05
1.940000e+02 1.165036e-05
1.950000e+02 1.156265e-05
1.960000e+02 1.247578e-05
1.970000e+02 1.156330e-05
1.980000e+02 9.292357e-06
1.990000e+02 1.031356e-05
2.000000e+02 9.083023e-06
2.010000e+02 1.089284e-05
2.020000e+02 1.066063e-05
2.030000e+02 9.213572e-06
2.040000e+02 1.102683e-05
2.050000e+02 1.206168e-05
2.060000e+02 1.265693e-05
2.070000e+02 1.204138e-05
2.080000e+02 8.726287e-06
2.090000e+02 9.118371e-06
2.100000e+02 9.399359e-06
2.110000e+02 6.351557e-06
2.120000e+02 6.072734e-06
2.130000e+02 5.851453e-06
2.140000e+02 5.684631e-06
2.150000e+02 4.949699e-06
2.160000e+02 5.181343e-06
2.170000e+02 5.152479e-06
2.180000e+02 6.242330e-06
2.190000e+02 4.911185e-06
2.200000e+02 5.487085e-06
2.210000e+02 4.946796e-06
2.220000e+02 4.820119e-06
2.230000e+02 5.163785e-06
2.240000e+02 5.480994e-06
2.250000e+02 4.862042e-06
2.260000e+02 4.289393e-06
2.270000e+02 4.276470e-06
2.280000e+02 4.197172e-06
2.290000e+02 4.140387e-06
2.300000e+02 3.779488e-06
2.310000e+02 3.475079e-06
2.320000e+02 3.289919e-06
2.330000e+02 2.982354e-06
2.340000e+02 3.071028e-06
2.350000e+02 3.097540e-06
2.360000e+02 2.996756e-06
2.370000e+02 3.091243e-06
2.380000e+02 3.052162e-06
2.390000e+02 2.834962e-06
2.400000e+02 2.889437e-06
2.410000e+02 3.010613e-06
2.420000e+02 2.769315e-06
2.430000e+02 2.904254e-06
2.440000e+02 3.106012e-06
2.450000e+02 3.088261e-06
2.460000e+02 2.994749e-06
2.470000e+02 2.873689e-06
2.480000e+02 2.890215e-06
2.490000e+02 3.028190e-06
2.500000e+02 2.542487e-06
2.510000e+02 2.474989e-06
2.520000e+02 2.611695e-06
2.530000e+02 2.479060e-06
2.540000e+02 2.589968e-06
2.550000e+02 2.622481e-06
2.560000e+02 2.585436e-06
2.570000e+02 2.562520e-06
2.580000e+02 2.862351e-06
2.590000e+02 2.859020e-06
2.600000e+02 2.139755e-06
2.610000e+02 2.243338e-06
2.620000e+02 2.274307e-06
2.630000e+02 2.343599e-06
2.640000e+02 2.360008e-06
2.650000e+02 2.211362e-06
2.660000e+02 2.242636e-06
2.670000e+02 2.289192e-06
2.680000e+02 2.111023e-06
2.690000e+02 2.102358e-06
2.700000e+02 2.121841e-06
2.710000e+02 1.946931e-06
2.720000e+02 1.829974e-06
2.730000e+02 1.753605e-06
2.740000e+02 1.880628e-06
2.750000e+02 1.870733e-06
2.760000e+02 1.649588e-06
2.770000e+02 1.570304e-06
2.780000e+02 1.492006e-06
2.790000e+02 1.592833e-06
2.800000e+02 1.526566e-06
2.810000e+02 1.311546e-06
2.820000e+02 1.272936e-06
2.830000e+02 1.277315e-06
2.840000e+02 1.291484e-06
2.850000e+02 1.251584e-06
2.860000e+02 1.233978e-06
2.870000e+02 1.207934e-06
2.880000e+02 1.083311e-06
2.890000e+02 1.028166e-06
2.900000e+02 9.869235e-07
2.910000e+02 9.958179e-07
2.920000e+02 9.966426e-07
2.930000e+02 9.625790e-07
2.940000e+02 9.563263e-07
2.950000e+02 8.582223e-07
2.960000e+02 8.612566e-07
2.970000e+02 7.378713e-07
2.980000e+02 7.226226e-07
2.990000e+02 7.874515e-07
3.000000e+02 7.145360e-07
3.010000e+02 7.143637e-07
3.020000e+02 7.220614e-07
3.030000e+02 7.244776e-07
3.040000e+02 7.136284e-07
3.050000e+02 6.708274e-07
3.060000e+02 6.670673e-07
3.070000e+02 6.463809e-07
3.080000e+02 6.627716e-07
3.090000e+02 6.474130e-07
3.100000e+02 5.526735e-07
3.110000e+02 5.832697e-07
3.120000e+02 5.723561e-07
3.130000e+02 5.307757e-07
3.140000e+02 5.106093e-07
3.150000e+02 5.538025e-07
3.160000e+02 4.793664e-07
3.170000e+02 5.172105e-07
3.180000e+02 5.044319e-07
3.190000e+02 4.953376e-07
3.200000e+02 4.907661e-07
3.210000e+02 4.879744e-07
3.220000e+02 5.198717e-07
3.230000e+02 4.860942e-07
3.240000e+02 4.618763e-07
3.250000e+02 4.376130e-07
3.260000e+02 4.359733e-07
3.270000e+02 4.274395e-07
3.280000e+02 4.141350e-07
3.290000e+02 3.983232e-07
3.300000e+02 4.143275e-07
3.310000e+02 3.753848e-07
3.320000e+02 3.948893e-07
3.330000e+02 3.984714e-07
3.340000e+02 3.944751e-07
3.350000e+02 3.932692e-07
3.360000e+02 3.864885e-07
3.370000e+02 3.845177e-07
3.380000e+02 3.686348e-07
3.390000e+02 3.591748e-07
3.400000e+02 3.574593e-07
3.410000e+02 3.584257e-07
3.420000e+02 3.623208e-07
3.430000e+02 3.544184e-07
3.440000e+02 3.516278e-07
3.450000e+02 3.480514e-07
3.460000e+02 3.371887e-07
3.470000e+02 3.343322e-07
3.480000e+02 3.648028e-07
3.490000e+02 3.685226e-07
3.500000e+02 3.717572e-07
3.510000e+02 3.382430e-07
3.520000e+02 3.320310e-07
3.530000e+02 3.335346e-07
3.540000e+02 3.386163e-07
3.550000e+02 3.394592e-07
3.560000e+02 3.419211e-07
3.570000e+02 3.291300e-07
3.580000e+02 3.353716e-07
3.590000e+02 3.296125e-07
3.600000e+02 3.281059e-07
3.610000e+02 3.266592e-07
3.620000e+02 3.234260e-07
3.630000e+02 3.234094e-07
3.640000e+02 3.573370e-07
3.650000e+02 3.696322e-07
3.660000e+02 3.484675e-07
3.670000e+02 3.253616e-07
3.680000e+02 3.285726e-07
3.690000e+02 3.340247e-07
3.700000e+02 7.439699e-07
3.710000e+02 5.319688e-07
3.720000e+02 5.843918e-07
3.730000e+02 6.250947e-07
3.740000e+02 5.507500e-07
3.750000e+02 6.053166e-07
3.760000e+02 5.608269e-07
3.770000e+02 5.916423e-07
3.780000e+02 4.965681e-07
3.790000e+02 5.989715e-07
3.800000e+02 4.724358e-07
3.810000e+02 5.702678e-07
3.820000e+02 4.745956e-07
3.830000e+02 3.749474e-07
3.840000e+02 6.449563e-07
3.850000e+02 3.738652e-07
3.860000e+02 5.387056e-07
3.870000e+02 4.116151e-07
3.880000e+02 3.491251e-07
3.890000e+02 6.313837e-07
3.900000e+02 3.549086e-07
3.910000e+02 5.277795e-07
3.920000e+02 3.929149e-07
3.930000e+02 3.243715e-07
3.940000e+02 8.678933e-08
3.950000e+02 3.965875e-07
3.960000e+02 2.961584e-07
3.970000e+02 9.731636e-08
3.980000e+02 5.467595e-08
3.990000e+02 2.639018e-07
4.000000e+02 9.733582e-08
4.010000e+02 4.806633e-08
4.020000e+02 2.605004e-07
4.030000e+02 2.147997e-07
4.040000e+02 1.184989e-07
4.050000e+02 4.567667e-08
4.060000e+02 2.450066e-07
4.070000e+02 1.006096e-07
4.080000e+02 4.357095e-08
4.090000e+02 2.432567e-07
4.100000e+02 1.939330e-07
4.110000e+02 9.367910e-08
4.120000e+02 3.940474e-08
4.130000e+02 2.101564e-07
4.140000e+02 1.762372e-07
4.150000e+02 9.140949e-08
4.160000e+02 3.895975e-08
4.170000e+02 2.034653e-07
4.180000e+02 1.660580e-07
4.190000e+02 8.953384e-08
4.200000e+02 3.675451e-08
4.210000e+02 2.061238e-07
4.220000e+02 1.616343e-07
4.230000e+02 1.289770e-07
4.240000e+02 8.217937e-08
4.250000e+02 4.144743e-08
4.260000e+02 2.019578e-07
4.270000e+02 1.573920e-07
4.280000e+02 1.179919e-07
4.290000e+02 7.889425e-08
4.300000e+02 3.878467e-08
4.310000e+02 1.909851e-07
4.320000e+02 1.512667e-07
4.330000e+02 1.129684e-07
4.340000e+02 9.167803e-08
4.350000e+02 7.747754e-08
4.360000e+02 3.615377e-08
4.370000e+02 2.640960e-08
4.380000e+02 1.281044e-07
4.390000e+02 1.051914e-07
4.400000e+02 8.728525e-08
4.410000e+02 8.261016e-08
4.420000e+02 8.614970e-08
4.430000e+02 3.187947e-08
4.440000e+02 2.478813e-08
4.450000e+02 1.218729e-07
4.460000e+02 9.617730e-08
4.470000e+02 8.175665e-08
4.480000e+02 7.275279e-08
4.490000e+02 6.725368e-08
4.500000e+02 3.020829e-08
4.510000e+02 2.241394e-08
4.520000e+02 1.085374e-07
4.530000e+02 8.942068e-08
4.540000e+02 7.571399e-08
4.550000e+02 6.481667e-08
4.560000e+02 6.366006e-08
4.570000e+02 6.210090e-08
4.580000e+02 3.005458e-08
4.590000e+02 2.011148e-08
4.600000e+02 1.056668e-07
4.610000e+02 8.287354e-08
4.620000e+02 7.138194e-08
4.630000e+02 5.982517e-08
4.640000e+02 5.475600e-08
4.650000e+02 5.359359e-08
4.660000e+02 5.263076e-08
4.670000e+02 1.099040e-07
4.680000e+02 5.344474e-08
4.690000e+02 1.751673e-08
4.700000e+02 9.650716e-08
4.710000e+02 7.725209e-08
4.720000e+02 6.174370e-08
4.730000e+02 4.958052e-08
4.740000e+02 4.841109e-08
4.750000e+02 4.627952e-08
4.760000e+02 4.800382e-08
4.770000e+02 4.767079e-08
4.780000e+02 1.023817e-07
4.790000e+02 6.018180e-08
4.800000e+02 1.673501e-08
4.810000e+02 9.361053e-08
4.820000e+02 7.251940e-08
4.830000e+02 5.740113e-08
4.840000e+02 4.755720e-08
4.850000e+02 4.157961e-08
4.860000e+02 4.180748e-08
4.870000e+02 4.101210e-08
4.880000e+02 3.699748e-08
4.890000e+02 3.965848e-08
4.900000e+02 3.906243e-08
4.910000e+02 3.610454e-08
4.920000e+02 3.641459e-08
4.930000e+02 8.342001e-08
4.940000e+02 5.968144e-08
4.950000e+02 1.638414e-08
4.960000e+02 8.835068e-08
4.970000e+02 6.302672e-08
4.980000e+02 5.245670e-08
4.990000e+02 4.235981e-08
5.000000e+02 3.736929e-08
5.010000e+02 3.623634e-08
5.020000e+02 3.565269e-08
5.030000e+02 3.227758e-08
5.040000e+02 3.366984e-08
5.050000e+02 3.408210e-08
5.060000e+02 2.996329e-08
5.070000e+02 3.334973e-08
5.080000e+02 3.262766e-08
5.090000e+02 2.903663e-08
5.100000e+02 3.213005e-08
5.110000e+02 3.129009e-08
5.120000e+02 9.621065e-08
5.130000e+02 6.171293e-08
5.140000e+02 1.490073e-08
5.150000e+02 1.074866e-08
5.160000e+02 5.129600e-08
5.170000e+02 4.401037e-08
5.180000e+02 3.462749e-08
5.190000e+02 3.234698e-08
5.200000e+02 3.097857e-08
5.210000e+02 2.767052e-08
5.220000e+02 2.923866e-08
5.230000e+02 2.929822e-08
5.240000e+02 2.544325e-08
5.250000e+02 2.761058e-08
5.260000e+02 2.731086e-08
5.270000e+02 2.459907e-08
5.280000e+02 2.733547e-08
5.290000e+02 2.711424e-08
5.300000e+02 2.956437e-08
5.310000e+02 3.098272e-08
5.320000e+02 2.762048e-08
5.330000e+02 2.321257e-08
5.340000e+02 2.627305e-08
5.350000e+02 2.623780e-08
5.360000e+02 2.461758e-08
5.370000e+02 2.503759e-08
5.380000e+02 2.560210e-08
5.390000e+02 7.108358e-08
5.400000e+02 7.603941e-08
5.410000e+02 2.086314e-08
5.420000e+02 9.985168e-09
5.430000e+02 4.800987e-08
5.440000e+02 4.049254e-08
5.450000e+02 3.120409e-08
5.460000e+02 2.987891e-08
5.470000e+02 2.752924e-08
5.480000e+02 2.911094e-08
5.490000e+02 3.013038e-08
5.500000e+02 2.748226e-08
5.510000e+02 2.322837e-08
5.520000e+02 2.648956e-08
5.530000e+02 2.578579e-08
5.540000e+02 2.379377e-08
5.550000e+02 2.448461e-08
5.560000e+02 2.478175e-08
5.570000e+02 2.120027e-08
5.580000e+02 2.377832e-08
5.590000e+02 2.410187e-08
5.600000e+02 2.031281e-08
5.610000e+02 2.245548e-08
5.620000e+02 2.185879e-08
5.630000e+02 1.949131e-08
5.640000e+02 2.088200e-08
5.650000e+02 2.088416e-08
5.660000e+02 2.186321e-08
5.670000e+02 2.488379e-08
5.680000e+02 2.224834e-08
5.690000e+02 1.780442e-08
5.700000e+02 2.117129e-08
5.710000e+02 2.036148e-08
5.720000e+02 1.871305e-08
5.730000e+02 1.934439e-08
5.740000e+02 2.066464e-08
5.750000e+02 1.586812e-08
5.760000e+02 1.919520e-08
5.770000e+02 1.990203e-08
5.780000e+02 5.586909e-08
5.790000e+02 3.285236e-08
5.800000e+02 1.351410e-08
5.810000e+02 8.044376e-09
5.820000e+02 4.061103e-08
5.830000e+02 3.365545e-08
5.840000e+02 2.704945e-08
5.850000e+02 2.713434e-08
5.860000e+02 2.277791e-08
5.870000e+02 1.794228e-08
5.880000e+02 2.083936e-08
5.890000e+02 2.015177e-08
5.900000e+02 1.810067e-08
5.910000e+02 1.897148e-08
5.920000e+02 1.936910e-08
5.930000e+02 1.590100e-08
5.940000e+02 1.871313e-08
5.950000e+02 1.932385e-08
5.960000e+02 1.480941e-08
5.970000e+02 1.709695e-08
5.980000e+02 1.719719e-08
5.990000e+02 1.455060e-08
6.000000e+02 1.701805e-08
6.010000e+02 1.947815e-08
6.020000e+02 1.872254e-08
6.030000e+02 2.247408e-08
6.040000e+02 2.048709e-08
6.050000e+02 1.595620e-08
6.060000e+02 1.949418e-08
6.070000e+02 1.862295e-08
6.080000e+02 1.690530e-08
6.090000e+02 1.756292e-08
6.100000e+02 1.835005e-08
6.110000e+02 1.471631e-08
6.120000e+02 1.773259e-08
6.130000e+02 1.833037e-08
6.140000e+02 1.512669e-08
6.150000e+02 1.736176e-08
6.160000e+02 1.715100e-08
6.170000e+02 1.489852e-08
6.180000e+02 1.724284e-08
6.190000e+02 1.762228e-08
6.200000e+02 1.707258e-08
6.210000e+02 2.113092e-08
6.220000e+02 1.900719e-08
6.230000e+02 1.471657e-08
6.240000e+02 1.804240e-08
6.250000e+02 1.765043e-08
6.260000e+02 1.588703e-08
6.270000e+02 1.688882e-08
6.280000e+02 1.757381e-08
6.290000e+02 1.341351e-08
6.300000e+02 1.684873e-08
6.310000e+02 1.770640e-08
6.320000e+02 1.519941e-08
6.330000e+02 1.724038e-08
6.340000e+02 6.152626e-08
6.350000e+02 3.850231e-08
6.360000e+02 1.601815e-08
6.370000e+02 7.444942e-09
6.380000e+02 3.824471e-08
6.390000e+02 3.525974e-08
6.400000e+02 2.564059e-08
6.410000e+02 1.941551e-08
6.420000e+02 2.136183e-08
6.430000e+02 1.946720e-08
6.440000e+02 1.750793e-08
6.450000e+02 1.808450e-08
6.460000e+02 1.808190e-08
6.470000e+02 1.488125e-08
6.480000e+02 1.740637e-08
6.490000e+02 1.822912e-08
6.500000e+02 1.489806e-08
6.510000e+02 1.685337e-08
6.520000e+02 1.676437e-08
6.530000e+02 1.451878e-08
6.540000e+02 1.625590e-08
6.550000e+02 1.688798e-08
6.560000e+02 1.496191e-08
6.570000e+02 1.953600e-08
6.580000e+02 1.776299e-08
6.590000e+02 1.335852e-08
6.600000e+02 1.682967e-08
6.610000e+02 1.631190e-08
6.620000e+02 1.451818e-08
6.630000e+02 1.535799e-08
6.640000e+02 1.632812e-08
6.650000e+02 1.200304e-08
6.660000e+02 1.536450e-08
6.670000e+02 1.561169e-08
6.680000e+02 1.282856e-08
6.690000e+02 1.486783e-08
6.700000e+02 1.475037e-08
6.710000e+02 1.288956e-08
6.720000e+02 1.446282e-08
6.730000e+02 1.568037e-08
6.740000e+02 1.339984e-08
6.750000e+02 1.869956e-08
6.760000e+02 1.650261e-08
6.770000e+02 1.218587e-08
6.780000e+02 1.571790e-08
6.790000e+02 1.530970e-08
6.800000e+02 1.291188e-08
6.810000e+02 1.383692e-08
6.820000e+02 1.461403e-08
6.830000e+02 1.059468e-08
6.840000e+02 1.382305e-08
6.850000e+02 1.460125e-08
6.860000e+02 1.156580e-08
6.870000e+02 1.398954e-08
6.880000e+02 1.382301e-08
6.890000e+02 1.132849e-08
6.900000e+02 1.349887e-08
6.910000e+02 1.421317e-08
6.920000e+02 1.221005e-08
6.930000e+02 1.710939e-08
6.940000e+02 1.539533e-08
6.950000e+02 1.084802e-08
6.960000e+02 1.452259e-08
6.970000e+02 1.401626e-08
6.980000e+02 1.210577e-08
6.990000e+02 1.308692e-08
7.000000e+02 1.398884e-08
7.010000e+02 9.805485e-09
7.020000e+02 1.338477e-08
7.030000e+02 1.388086e-08
7.040000e+02 1.072625e-08
7.050000e+02 1.306695e-08
7.060000e+02 1.296784e-08
7.070000e+02 1.095584e-08
7.080000e+02 9.783159e-08
7.090000e+02 4.084034e-08
7.100000e+02 1.540926e-08
7.110000e+02 7.141289e-09
7.120000e+02 3.626312e-08
7.130000e+02 2.525316e-08
7.140000e+02 2.209337e-08
7.150000e+02 1.796177e-08
7.160000e+02 1.546436e-08
7.170000e+02 1.543919e-08
7.180000e+02 1.540171e-08
7.190000e+02 1.151157e-08
7.200000e+02 1.442980e-08
7.210000e+02 1.519777e-08
7.220000e+02 1.182157e-08
7.230000e+02 1.389526e-08
7.240000e+02 1.432355e-08
7.250000e+02 1.147211e-08
7.260000e+02 1.361540e-08
7.270000e+02 1.388173e-08
7.280000e+02 1.221840e-08
7.290000e+02 1.645555e-08
7.300000e+02 1.487235e-08
7.310000e+02 1.043232e-08
7.320000e+02 1.403632e-08
7.330000e+02 1.344005e-08
7.340000e+02 1.160186e-08
7.350000e+02 1.282167e-08
7.360000e+02 1.354716e-08
7.370000e+02 9.339884e-09
7.380000e+02 1.270306e-08
7.390000e+02 1.359024e-08
7.400000e+02 1.002086e-08
7.410000e+02 1.200415e-08
7.420000e+02 1.298545e-08
7.430000e+02 9.760543e-09
7.440000e+02 1.242397e-08
7.450000e+02 1.261049e-08
7.460000e+02 1.124693e-08
7.470000e+02 1.606308e-08
7.480000e+02 1.402076e-08
7.490000e+02 9.035828e-09
7.500000e+02 1.318218e-08
7.510000e+02 1.268951e-08
7.520000e+02 1.072498e-08
7.530000e+02 1.176183e-08
7.540000e+02 1.299170e-08
7.550000e+02 8.373791e-09
7.560000e+02 1.207135e-08
7.570000e+02 1.281082e-08
7.580000e+02 9.476638e-09
7.590000e+02 1.138237e-08
7.600000e+02 1.265374e-08
7.610000e+02 9.160189e-09
7.620000e+02 1.229319e-08
7.630000e+02 1.208129e-08
7.640000e+02 1.129321e-08
7.650000e+02 1.552590e-08
7.660000e+02 1.340740e-08
7.670000e+02 8.394728e-09
7.680000e+02 1.259552e-08
7.690000e+02 1.261431e-08
7.700000e+02 1.015989e-08
7.710000e+02 1.151430e-08
7.720000e+02 1.241581e-08
7.730000e+02 7.877844e-09
7.740000e+02 1.145903e-08
7.750000e+02 1.226691e-08
7.760000e+02 8.809361e-09
7.770000e+02 1.102819e-08
7.780000e+02 1.222664e-08
7.790000e+02 8.712046e-09
7.800000e+02 1.175661e-08
7.810000e+02 1.173390e-08
7.820000e+02 1.067166e-08
7.830000e+02 1.523372e-08
7.840000e+02 1.327443e-08
7.850000e+02 8.089843e-09
7.860000e+02 1.226842e-08
7.870000e+02 1.176099e-08
7.880000e+02 9.037077e-09
7.890000e+02 1.075064e-08
7.900000e+02 1.194536e-08
7.910000e+02 7.534635e-09
7.920000e+02 1.125338e-08
7.930000e+02 1.217756e-08
7.940000e+02 8.297454e-09
7.950000e+02 1.077950e-08
7.960000e+02 1.180755e-08
7.970000e+02 8.352804e-09
7.980000e+02 1.129340e-08
7.990000e+02 1.139603e-08
8.000000e+02 1.048018e-08
8.010000e+02 1.484385e-08
8.020000e+02 5.155249e-08
8.030000e+02 2.951137e-08
8.040000e+02 1.275336e-08
8.050000e+02 6.206734e-09
8.060000e+02 3.319612e-08
8.070000e+02 2.627455e-08
8.080000e+02 1.950733e-08
8.090000e+02 1.343766e-08
8.100000e+02 1.484494e-08
8.110000e+02 1.427220e-08
8.120000e+02 1.079977e-08
8.130000e+02 1.250932e-08
8.140000e+02 1.356798e-08
8.150000e+02 1.043326e-08
8.160000e+02 1.277350e-08
8.170000e+02 1.291164e-08
8.180000e+02 1.149394e-08
8.190000e+02 1.493539e-08
8.200000e+02 1.278964e-08
8.210000e+02 8.067677e-09
8.220000e+02 1.170506e-08
8.230000e+02 1.115531e-08
8.240000e+02 8.571992e-09
8.250000e+02 9.976887e-09
8.260000e+02 1.096494e-08
8.270000e+02 6.777127e-09
8.280000e+02 9.960962e-09
8.290000e+02 1.166265e-08
8.300000e+02 6.756517e-09
8.310000e+02 9.859220e-09
8.320000e+02 1.061996e-08
8.330000e+02 6.960067e-09
8.340000e+02 9.801785e-09
8.350000e+02 1.015245e-08
8.360000e+02 9.649906e-09
8.370000e+02 1.365341e-08
8.380000e+02 1.143153e-08
8.390000e+02 6.524508e-09
8.400000e+02 1.041521e-08
8.410000e+02 1.014789e-08
8.420000e+02 7.815713e-09
8.430000e+02 9.146236e-09
8.440000e+02 1.048203e-08
8.450000e+02 5.771244e-09
8.460000e+02 9.381745e-09
8.470000e+02 1.041177e-08
8.480000e+02 6.790631e-09
8.490000e+02 8.833542e-09
8.500000e+02 1.015153e-08
8.510000e+02 6.614181e-09
8.520000e+02 9.678821e-09
8.530000e+02 9.949531e-09
8.540000e+02 9.695139e-09
8.550000e+02 1.373957e-08
8.560000e+02 1.124535e-08
8.570000e+02 6.121848e-09
8.580000e+02 1.013879e-08
8.590000e+02 9.993145e-09
8.600000e+02 9.680185e-09
8.610000e+02 8.851367e-09
8.620000e+02 9.931317e-09
8.630000e+02 5.651601e-09
8.640000e+02 8.955155e-09
8.650000e+02 1.044730e-08
8.660000e+02 6.172706e-09
8.670000e+02 9.022559e-09
8.680000e+02 1.008184e-08
8.690000e+02 5.978822e-09
8.700000e+02 9.391111e-09
8.710000e+02 9.446253e-09
8.720000e+02 9.421961e-09
8.730000e+02 1.320603e-08
8.740000e+02 1.112114e-08
8.750000e+02 5.873150e-09
8.760000e+02 9.913927e-09
8.770000e+02 9.642438e-09
8.780000e+02 1.087452e-08
8.790000e+02 8.600764e-09
8.800000e+02 9.852518e-09
8.810000e+02 5.426766e-09
8.820000e+02 8.924432e-09
8.830000e+02 1.006042e-08
8.840000e+02 7.067312e-09
8.850000e+02 8.520934e-09
8.860000e+02 9.529677e-09
8.870000e+02 5.918320e-09
8.880000e+02 8.961937e-09
8.890000e+02 9.625632e-09
8.900000e+02 9.149818e-09
8.910000e+02 1.330729e-08
8.920000e+02 1.069425e-08
8.930000e+02 5.638056e-09
8.940000e+02 9.494874e-09
8.950000e+02 9.180792e-09
8.960000e+02 1.359354e-08
8.970000e+02 8.408026e-09
8.980000e+02 9.521864e-09
8.990000e+02 5.209050e-09
9.000000e+02 8.661644e-09
9.010000e+02 9.961274e-09
9.020000e+02 6.391266e-09
9.030000e+02 8.458794e-09
9.040000e+02 9.707923e-09
9.050000e+02 5.465504e-09
9.060000e+02 8.848547e-09
9.070000e+02 8.877664e-09
9.080000e+02 9.361548e-09
9.090000e+02 1.270715e-08
9.100000e+02 1.038276e-08
9.110000e+02 5.370207e-09
9.120000e+02 9.446551e-09
9.130000e+02 9.189856e-09
9.140000e+02 1.606144e-08
9.150000e+02 8.390757e-09
9.160000e+02 9.301518e-09
9.170000e+02 5.197759e-09
9.180000e+02 8.358001e-09
9.190000e+02 9.735908e-09
9.200000e+02 8.572730e-09
9.210000e+02 8.075113e-09
9.220000e+02 9.059215e-09
9.230000e+02 5.242396e-09
9.240000e+02 8.361546e-09
9.250000e+02 8.900933e-09
9.260000e+02 8.928315e-09
9.270000e+02 1.299806e-08
9.280000e+02 1.034459e-08
9.290000e+02 5.304303e-09
9.300000e+02 9.201186e-09
9.310000e+02 8.652351e-09
9.320000e+02 8.111586e-10
9.330000e+02 7.656419e-09
9.340000e+02 8.845448e-08
9.350000e+02 3.704119e-08
9.360000e+02 1.868308e-08
9.370000e+02 8.713486e-09
9.380000e+02 3.135838e-08
9.390000e+02 2.484704e-08
9.400000e+02 1.732218e-08
9.410000e+02 1.110840e-08
9.420000e+02 1.192448e-08
9.430000e+02 1.112403e-08
9.440000e+02 1.087232e-08
9.450000e+02 1.445964e-08
9.460000e+02 1.157571e-08
9.470000e+02 6.806642e-09
9.480000e+02 1.040712e-08
9.490000e+02 1.035928e-08
9.500000e+02 1.234019e-09
9.510000e+02 8.840760e-09
9.520000e+02 1.024395e-08
9.530000e+02 6.335851e-09
9.540000e+02 8.835491e-09
9.550000e+02 1.010726e-08
9.560000e+02 1.398450e-08
9.570000e+02 8.650740e-09
9.580000e+02 9.341659e-09
9.590000e+02 6.584147e-09
9.600000e+02 8.565663e-09
9.610000e+02 8.905849e-09
9.620000e+02 8.942127e-09
9.630000e+02 1.287505e-08
9.640000e+02 1.023996e-08
9.650000e+02 5.069690e-09
9.660000e+02 8.866463e-09
9.670000e+02 8.389658e-09
9.680000e+02 1.527545e-08
9.690000e+02 7.355700e-09
9.700000e+02 8.631211e-09
9.710000e+02 4.824447e-09
9.720000e+02 7.915656e-09
9.730000e+02 9.271818e-09
9.740000e+02 1.277399e-08
9.750000e+02 7.793440e-09
9.760000e+02 8.691781e-09
9.770000e+02 8.015436e-09
9.780000e+02 7.950623e-09
9.790000e+02 8.243362e-09
9.800000e+02 8.908655e-09
9.810000e+02 1.262313e-08
9.820000e+02 9.625570e-09
9.830000e+02 4.556666e-09
9.840000e+02 8.403364e-09
9.850000e+02 8.291538e-09
9.860000e+02 7.716712e-10
9.870000e+02 7.471011e-09
9.880000e+02 8.550964e-09
9.890000e+02 4.656209e-09
9.900000e+02 7.728280e-09
9.910000e+02 8.740664e-09
9.920000e+02 1.893268e-08
9.930000e+02 7.371904e-09
9.940000e+02 8.570447e-09
9.950000e+02 1.109841e-08
9.960000e+02 7.863117e-09
9.970000e+02 8.017631e-09
9.980000e+02 8.770436e-09
9.990000e+02 1.242449e-08
1.000000e+03 9.608838e-09
1.001000e+03 4.557231e-09
1.002000e+03 8.567399e-09
1.003000e+03 8.103256e-09
1.004000e+03 1.266007e-08
1.005000e+03 7.213779e-09
1.006000e+03 8.196430e-09
1.007000e+03 4.654903e-09
1.008000e+03 7.369922e-09
1.009000e+03 9.105134e-09
1.010000e+03 2.091154e-08
1.011000e+03 7.505649e-09
1.012000e+03 8.327326e-09
1.013000e+03 5.406255e-10
1.014000e+03 7.356883e-09
1.015000e+03 7.689986e-09
1.016000e+03 8.676785e-09
1.017000e+03 1.239585e-08
1.018000e+03 9.451547e-09
1.019000e+03 4.440465e-09
1.020000e+03 8.358440e-09
1.021000e+03 8.035355e-09
1.022000e+03 1.620650e-08
1.023000e+03 7.114157e-09
1.024000e+03 8.439931e-09
1.025000e+03 4.519305e-09
1.026000e+03 7.423497e-09
1.027000e+03 8.444944e-09
1.028000e+03 3.970976e-10
1.029000e+03 6.990196e-09
1.030000e+03 7.958212e-09
1.031000e+03 5.888562e-10
1.032000e+03 7.396405e-09
1.033000e+03 7.802934e-09
1.034000e+03 8.696006e-09
1.035000e+03 1.248915e-08
1.036000e+03 9.323520e-09
1.037000e+03 4.253118e-09
1.038000e+03 8.223533e-09
1.039000e+03 7.945250e-09
1.040000e+03 9.233298e-09
1.041000e+03 6.974717e-09
1.042000e+03 7.845812e-09
1.043000e+03 4.514948e-09
1.044000e+03 7.044615e-09
1.045000e+03 8.581222e-09
1.046000e+03 4.043928e-10
1.047000e+03 7.223261e-09
1.048000e+03 7.895460e-09
1.049000e+03 4.988264e-10
1.050000e+03 7.247675e-09
1.051000e+03 7.387708e-09
1.052000e+03 8.480415e-09
1.053000e+03 1.211724e-08
1.054000e+03 9.305233e-09
1.055000e+03 4.088406e-09
1.056000e+03 8.129469e-09
1.057000e+03 7.725306e-09
1.058000e+03 7.996974e-09
1.059000e+03 6.869313e-09
1.060000e+03 7.957307e-09
1.061000e+03 4.406807e-09
1.062000e+03 7.207240e-09
1.063000e+03 8.342940e-09
1.064000e+03 3.951763e-10
1.065000e+03 6.951565e-09
1.066000e+03 7.540997e-09
1.067000e+03 1.777287e-08
1.068000e+03 6.851817e-09
1.069000e+03 7.707531e-09
1.070000e+03 8.300032e-09
1.071000e+03 1.231597e-08
1.072000e+03 9.044550e-09
1.073000e+03 3.923137e-09
1.074000e+03 7.843980e-09
1.075000e+03 7.336673e-09
1.076000e+03 7.169705e-09
1.077000e+03 6.754271e-09
1.078000e+03 7.618556e-09
1.079000e+03 4.196884e-09
1.080000e+03 6.935091e-09
1.081000e+03 8.250262e-09
1.082000e+03 3.836472e-10
1.083000e+03 6.825043e-09
1.084000e+03 7.698350e-09
1.085000e+03 8.462744e-09
1.086000e+03 6.926639e-09
1.087000e+03 7.149591e-09
1.088000e+03 8.492218e-09
1.089000e+03 1.176736e-08
1.090000e+03 8.760309e-09
1.091000e+03 3.744308e-09
1.092000e+03 7.929431e-09
1.093000e+03 7.514004e-09
1.094000e+03 6.752362e-09
1.095000e+03 6.844470e-09
1.096000e+03 7.583755e-09
1.097000e+03 4.173609e-09
1.098000e+03 6.807313e-09
1.099000e+03 8.190578e-09
1.100000e+03 1.778104e-08
1.101000e+03 6.647723e-09
1.102000e+03 7.066038e-09
1.103000e+03 5.894581e-09
1.104000e+03 6.597094e-09
1.105000e+03 7.214552e-09
1.106000e+03 8.059146e-09
1.107000e+03 1.217070e-08
1.108000e+03 8.827609e-09
1.109000e+03 3.846326e-09
1.110000e+03 7.947969e-09
1.111000e+03 7.108299e-09
1.112000e+03 6.139225e-09
1.113000e+03 6.528102e-09
1.114000e+03 7.530578e-09
1.115000e+03 4.113299e-09
1.116000e+03 6.741753e-09
1.117000e+03 8.009852e-09
1.118000e+03 1.461998e-08
1.119000e+03 6.544589e-09
1.120000e+03 7.249154e-09
1.121000e+03 5.177428e-09
1.122000e+03 6.821833e-09
1.123000e+03 7.111384e-09
1.124000e+03 8.390804e-09
1.125000e+03 1.188711e-08
1.126000e+03 8.550590e-09
1.127000e+03 3.541055e-09
1.128000e+03 7.884698e-09
1.129000e+03 7.478665e-09
1.130000e+03 5.839764e-09
1.131000e+03 6.767042e-09
1.132000e+03 7.348233e-09
1.133000e+03 4.257086e-09
1.134000e+03 6.498329e-09
1.135000e+03 7.764491e-09
1.136000e+03 1.139455e-08
1.137000e+03 6.568531e-09
1.138000e+03 7.011589e-09
1.139000e+03 4.857678e-09
1.140000e+03 6.650678e-09
1.141000e+03 7.177637e-09
1.142000e+03 7.886769e-09
1.143000e+03 1.194054e-08
1.144000e+03 8.771837e-09
1.145000e+03 3.573028e-09
1.146000e+03 7.874987e-09
1.147000e+03 6.897724e-09
1.148000e+03 5.258279e-09
1.149000e+03 6.254841e-09
1.150000e+03 7.093366e-09
1.151000e+03 4.024868e-09
1.152000e+03 6.611533e-09
1.153000e+03 7.947242e-09
1.154000e+03 1.145869e-08
1.155000e+03 6.722775e-09
1.156000e+03 7.006850e-09
1.157000e+03 4.186821e-09
1.158000e+03 6.574083e-09
1.159000e+03 7.158960e-09
1.160000e+03 1.573307e-07
1.161000e+03 2.473584e-08
1.162000e+03 1.251997e-08
1.163000e+03 8.417459e-09
1.164000e+03 3.330104e-08
1.165000e+03 2.489868e-08
1.166000e+03 1.387528e-08
1.167000e+03 1.258000e-08
1.168000e+03 1.139048e-08
1.169000e+03 6.414375e-09
1.170000e+03 9.127241e-09
1.171000e+03 9.870061e-09
1.172000e+03 9.087302e-10
1.173000e+03 8.038972e-09
1.174000e+03 8.903491e-09
1.175000e+03 6.444601e-09
1.176000e+03 8.185701e-09
1.177000e+03 8.637326e-09
1.178000e+03 9.639828e-09
1.179000e+03 1.287489e-08
1.180000e+03 9.583292e-09
1.181000e+03 4.664295e-09
1.182000e+03 8.755410e-09
1.183000e+03 7.765979e-09
1.184000e+03 5.782914e-09
1.185000e+03 7.059136e-09
1.186000e+03 7.534402e-09
1.187000e+03 4.860008e-09
1.188000e+03 6.791699e-09
1.189000e+03 8.218023e-09
1.190000e+03 7.019525e-09
1.191000e+03 7.036143e-09
1.192000e+03 6.941493e-09
1.193000e+03 3.777560e-09
1.194000e+03 6.440085e-09
1.195000e+03 7.352828e-09
1.196000e+03 8.118292e-09
1.197000e+03 1.183840e-08
1.198000e+03 8.355528e-09
1.199000e+03 3.523303e-09
1.200000e+03 7.701881e-09
1.201000e+03 6.900983e-09
1.202000e+03 5.259548e-09
1.203000e+03 6.596555e-09
1.204000e+03 7.276237e-09
1.205000e+03 4.422336e-09
1.206000e+03 6.585350e-09
1.207000e+03 7.427383e-09
1.208000e+03 4.342038e-09
1.209000e+03 6.197981e-09
1.210000e+03 6.806240e-09
1.211000e+03 3.748995e-09
1.212000e+03 6.488986e-09
1.213000e+03 7.541477e-09
1.214000e+03 8.235310e-09
1.215000e+03 1.200834e-08
1.216000e+03 8.311684e-09
1.217000e+03 3.351006e-09
1.218000e+03 7.689067e-09
1.219000e+03 6.886684e-09
1.220000e+03 5.077959e-09
1.221000e+03 6.459526e-09
1.222000e+03 6.802780e-09
1.223000e+03 4.357425e-09
1.224000e+03 6.166317e-09
1.225000e+03 7.568672e-09
1.226000e+03 5.540895e-09
1.227000e+03 6.895725e-09
1.228000e+03 7.315437e-09
1.229000e+03 3.349747e-09
1.230000e+03 6.547097e-09
1.231000e+03 7.773344e-09
1.232000e+03 7.999617e-09
1.233000e+03 1.162446e-08
1.234000e+03 8.375882e-09
1.235000e+03 3.269644e-09
1.236000e+03 7.591075e-09
1.237000e+03 6.790778e-09
1.238000e+03 5.022878e-09
1.239000e+03 6.332699e-09
1.240000e+03 6.987469e-09
1.241000e+03 4.237341e-09
1.242000e+03 6.480594e-09
1.243000e+03 7.441280e-09
1.244000e+03 4.689029e-09
1.245000e+03 6.483575e-09
1.246000e+03 7.200449e-09
1.247000e+03 3.648090e-09
1.248000e+03 6.665029e-09
1.249000e+03 7.315454e-09
1.250000e+03 7.846963e-09
1.251000e+03 1.191145e-08
1.252000e+03 8.186754e-09
1.253000e+03 3.461896e-09
1.254000e+03 7.450345e-09
1.255000e+03 6.582010e-09
1.256000e+03 4.985513e-09
1.257000e+03 6.454041e-09
1.258000e+03 6.851891e-09
1.259000e+03 4.135454e-09
1.260000e+03 6.310394e-09
1.261000e+03 7.491359e-09
1.262000e+03 5.274260e-09
1.263000e+03 6.560310e-09
1.264000e+03 6.796011e-09
1.265000e+03 3.443899e-09
1.266000e+03 6.527428e-09
1.267000e+03 7.907539e-09
1.268000e+03 8.203838e-09
1.269000e+03 1.142428e-08
1.270000e+03 8.037237e-09
1.271000e+03 3.180185e-09
1.272000e+03 7.552339e-09
1.273000e+03 6.817706e-09
1.274000e+03 4.832798e-09
1.275000e+03 6.612758e-09
1.276000e+03 6.867310e-09
1.277000e+03 4.116990e-09
1.278000e+03 6.261499e-09
1.279000e+03 7.470126e-09
1.280000e+03 4.601011e-09
1.281000e+03 6.509568e-09
1.282000e+03 7.310193e-09
1.283000e+03 3.431958e-09
1.284000e+03 6.150399e-09
1.285000e+03 7.343837e-09
1.286000e+03 7.720936e-09
1.287000e+03 1.183356e-08
1.288000e+03 8.130984e-09
1.289000e+03 3.368625e-09
1.290000e+03 7.705658e-09
1.291000e+03 6.506582e-09
1.292000e+03 4.913235e-09
1.293000e+03 6.320635e-09
1.294000e+03 6.849954e-09
1.295000e+03 4.053342e-09
1.296000e+03 6.191382e-09
1.297000e+03 7.360560e-09
1.298000e+03 4.504751e-09
1.299000e+03 6.301894e-09
1.300000e+03 6.449271e-09
1.301000e+03 3.349312e-09
1.302000e+03 6.509900e-09
1.303000e+03 7.601257e-09
1.304000e+03 8.097963e-09
1.305000e+03 1.158183e-08
1.306000e+03 7.896963e-09
1.307000e+03 3.070893e-09
1.308000e+03 7.886350e-09
1.309000e+03 6.822320e-09
1.310000e+03 4.893244e-09
1.311000e+03 6.628393e-09
1.312000e+03 6.708994e-09
1.313000e+03 4.266071e-09
1.314000e+03 6.020539e-09
1.315000e+03 7.197680e-09
1.316000e+03 4.422248e-09
1.317000e+03 6.517412e-09
1.318000e+03 6.977551e-09
1.319000e+03 3.250267e-09
1.320000e+03 6.264486e-09
1.321000e+03 7.704561e-09
1.322000e+03 7.603738e-09
1.323000e+03 1.166222e-08
1.324000e+03 8.161715e-09
1.325000e+03 3.158630e-09
1.326000e+03 7.728291e-09
1.327000e+03 6.401563e-09
1.328000e+03 4.808318e-09
1.329000e+03 5.982812e-09
1.330000e+03 6.503633e-09
1.331000e+03 3.969270e-09
1.332000e+03 6.147290e-09
1.333000e+03 7.410314e-09
1.334000e+03 4.508705e-09
1.335000e+03 6.742688e-09
1.336000e+03 6.404914e-09
1.337000e+03 3.287769e-09
1.338000e+03 6.282535e-09
1.339000e+03 7.551445e-09
1.340000e+03 7.720464e-09
1.341000e+03 1.152452e-08
1.342000e+03 7.769990e-09
1.343000e+03 3.068365e-09
1.344000e+03 7.316622e-09
1.345000e+03 6.529411e-09
1.346000e+03 4.820498e-09
1.347000e+03 6.669247e-09
1.348000e+03 6.659773e-09
1.349000e+03 3.957751e-09
1.350000e+03 6.215000e-09
1.351000e+03 7.213595e-09
1.352000e+03 4.212773e-09
1.353000e+03 6.491991e-09
1.354000e+03 7.007902e-09
1.355000e+03 3.344988e-09
1.356000e+03 6.197003e-09
1.357000e+03 7.815478e-09
1.358000e+03 7.684279e-09
1.359000e+03 1.148231e-08
1.360000e+03 7.880862e-09
1.361000e+03 3.070728e-09
1.362000e+03 7.741977e-09
1.363000e+03 6.417145e-09
1.364000e+03 4.599355e-09
1.365000e+03 6.257514e-09
1.366000e+03 6.438948e-09
1.367000e+03 3.889408e-09
1.368000e+03 6.207330e-09
1.369000e+03 7.396143e-09
1.370000e+03 4.124649e-09
1.371000e+03 6.877667e-09
1.372000e+03 6.324204e-09
1.373000e+03 3.101632e-09
1.374000e+03 6.075709e-09
1.375000e+03 7.966089e-09
1.376000e+03 7.658674e-09
1.377000e+03 1.152486e-08
1.378000e+03 7.829123e-09
1.379000e+03 3.021307e-09
1.380000e+03 7.465606e-09
1.381000e+03 6.482494e-09
1.382000e+03 4.775565e-09
1.383000e+03 6.354982e-09
1.384000e+03 6.720165e-09
1.385000e+03 3.811404e-09
1.386000e+03 6.180532e-09
1.387000e+03 7.160664e-09
1.388000e+03 3.552779e-09
1.389000e+03 6.050951e-09
1.390000e+03 7.642479e-09
1.391000e+03 3.220053e-09
1.392000e+03 6.159456e-09
1.393000e+03 8.272114e-09
1.394000e+03 7.617736e-09
1.395000e+03 1.159478e-08
1.396000e+03 7.741619e-09
1.397000e+03 2.917840e-09
1.398000e+03 7.465262e-09
1.399000e+03 6.472736e-09
1.400000e+03 4.626924e-09
1.401000e+03 6.216768e-09
1.402000e+03 6.340334e-09
1.403000e+03 3.686253e-09
1.404000e+03 5.757941e-09
1.405000e+03 7.176782e-09
1.406000e+03 3.937959e-09
1.407000e+03 6.944412e-09
1.408000e+03 8.911100e-09
1.409000e+03 2.774491e-09
1.410000e+03 6.377613e-09
1.411000e+03 8.689312e-09
1.412000e+03 7.446155e-09
1.413000e+03 1.125368e-08
1.414000e+03 7.829540e-09
1.415000e+03 2.820029e-09
1.416000e+03 7.360713e-09
1.417000e+03 6.389380e-09
1.418000e+03 4.592337e-09
1.419000e+03 6.053909e-09
1.420000e+03 6.426420e-09
1.421000e+03 3.569040e-09
1.422000e+03 6.123504e-09
1.423000e+03 7.117447e-09
1.424000e+03 3.684433e-09
1.425000e+03 6.429449e-09
1.426000e+03 8.910846e-09
1.427000e+03 3.092644e-09
1.428000e+03 6.767938e-09
1.429000e+03 7.639932e-09
1.430000e+03 7.274125e-09
1.431000e+03 1.154222e-08
1.432000e+03 7.666081e-09
1.433000e+03 3.063893e-09
1.434000e+03 7.232445e-09
1.435000e+03 6.214367e-09
1.436000e+03 4.558247e-09
1.437000e+03 6.231380e-09
1.438000e+03 6.368312e-09
1.439000e+03 3.484052e-09
1.440000e+03 5.928714e-09
1.441000e+03 7.180717e-09
1.442000e+03 3.862843e-09
1.443000e+03 6.530863e-09
1.444000e+03 6.856165e-09
1.445000e+03 2.965313e-09
1.446000e+03 6.435905e-09
1.447000e+03 8.890370e-09
1.448000e+03 7.652390e-09
1.449000e+03 1.105301e-08
1.450000e+03 7.548218e-09
1.451000e+03 2.758732e-09
1.452000e+03 7.339574e-09
1.453000e+03 6.465111e-09
1.454000e+03 4.418397e-09
1.455000e+03 6.409425e-09
1.456000e+03 6.354000e-09
1.457000e+03 3.486132e-09
1.458000e+03 5.913945e-09
1.459000e+03 7.149092e-09
1.460000e+03 3.639855e-09
1.461000e+03 6.515928e-09
1.462000e+03 9.038503e-09
1.463000e+03 2.907730e-09
1.464000e+03 6.003513e-09
1.465000e+03 9.657261e-09
1.466000e+03 3.520575e-09
1.467000e+03 6.330250e-09
1.468000e+03 9.972871e-09
1.469000e+03 2.772273e-09
1.470000e+03 8.325041e-09
1.471000e+03 8.494786e-09
1.472000e+03 2.758927e-08
1.473000e+03 6.447981e-09
1.474000e+03 6.547503e-09
1.475000e+03 9.176132e-09
1.476000e+03 6.169473e-09
1.477000e+03 6.668328e-09
1.478000e+03 8.333569e-09
1.479000e+03 6.270820e-09
1.480000e+03 6.282163e-09
1.481000e+03 3.104395e-09
1.482000e+03 6.515311e-09
1.483000e+03 8.283083e-09
1.484000e+03 3.511480e-09
1.485000e+03 6.065025e-09
1.486000e+03 8.733692e-09
1.487000e+03 3.039271e-09
1.488000e+03 9.552230e-09
1.489000e+03 7.743576e-09
1.490000e+03 3.282294e-10
1.491000e+03 6.694565e-09
1.492000e+03 6.287718e-09
1.493000e+03 1.216786e-08
1.494000e+03 5.957052e-09
1.495000e+03 6.504132e-09
1.496000e+03 7.707910e-09
1.497000e+03 6.297083e-09
1.498000e+03 7.075767e-09
1.499000e+03 2.963266e-09
1.500000e+03 6.162377e-09
1.501000e+03 8.384684e-09
1.502000e+03 3.588202e-09
1.503000e+03 6.154419e-09
1.504000e+03 7.608976e-09
1.505000e+03 2.888957e-09
1.506000e+03 8.444703e-09
1.507000e+03 8.176236e-09
1.508000e+03 6.982592e-09
1.509000e+03 6.336996e-09
1.510000e+03 6.400274e-09
1.511000e+03 8.634657e-09
1.512000e+03 6.179029e-09
1.513000e+03 6.759478e-09
1.514000e+03 9.638576e-09
1.515000e+03 6.507806e-09
1.516000e+03 6.299621e-09
1.517000e+03 3.043305e-09
1.518000e+03 6.230605e-09
1.519000e+03 8.254877e-09
1.520000e+03 3.524960e-09
1.521000e+03 6.013223e-09
1.522000e+03 8.771006e-09
1.523000e+03 2.801794e-09
1.524000e+03 7.792032e-09
1.525000e+03 7.746845e-09
1.526000e+03 3.315106e-10
1.527000e+03 6.731723e-09
1.528000e+03 6.765638e-09
1.529000e+03 9.088241e-09
1.530000e+03 6.161928e-09
1.531000e+03 6.444375e-09
1.532000e+03 7.747138e-09
1.533000e+03 6.307474e-09
1.534000e+03 6.805080e-09
1.535000e+03 3.220368e-09
1.536000e+03 6.184140e-09
1.537000e+03 8.511407e-09
1.538000e+03 3.495059e-09
1.539000e+03 5.979224e-09
1.540000e+03 7.317749e-09
1.541000e+03 2.776715e-09
1.542000e+03 8.428255e-09
1.543000e+03 7.866328e-09
1.544000e+03 1.460562e-08
1.545000e+03 6.556731e-09
1.546000e+03 6.311203e-09
1.547000e+03 8.775266e-09
1.548000e+03 6.022411e-09
1.549000e+03 6.867775e-09
1.550000e+03 7.904948e-09
1.551000e+03 6.517410e-09
1.552000e+03 6.227835e-09
1.553000e+03 2.882235e-09
1.554000e+03 5.989553e-09
1.555000e+03 8.366786e-09
1.556000e+03 3.449678e-09
1.557000e+03 6.012608e-09
1.558000e+03 8.197866e-09
1.559000e+03 2.795645e-09
1.560000e+03 7.875775e-09
1.561000e+03 7.967032e-09
1.562000e+03 3.333756e-10
1.563000e+03 6.604626e-09
1.564000e+03 6.487649e-09
1.565000e+03 8.805555e-09
1.566000e+03 6.136152e-09
1.567000e+03 6.367496e-09
1.568000e+03 4.124645e-09
1.569000e+03 5.898849e-09
1.570000e+03 7.325919e-09
1.571000e+03 3.027926e-09
1.572000e+03 6.104654e-09
1.573000e+03 8.634705e-09
1.574000e+03 3.386311e-09
1.575000e+03 6.167718e-09
1.576000e+03 7.301332e-09
1.577000e+03 2.764626e-09
1.578000e+03 8.079061e-09
1.579000e+03 7.815387e-09
1.580000e+03 2.115706e-08
1.581000e+03 6.479344e-09
1.582000e+03 6.484033e-09
1.583000e+03 9.241467e-09
1.584000e+03 5.823036e-09
1.585000e+03 6.599154e-09
1.586000e+03 7.580200e-09
1.587000e+03 6.560822e-09
1.588000e+03 8.380660e-09
1.589000e+03 2.634238e-09
1.590000e+03 6.406946e-09
1.591000e+03 8.766306e-09
1.592000e+03 3.414444e-09
1.593000e+03 5.859306e-09
1.594000e+03 8.102262e-09
1.595000e+03 2.787610e-09
1.596000e+03 7.784715e-09
1.597000e+03 7.931212e-09
1.598000e+03 3.279419e-10
1.599000e+03 6.455866e-09
1.600000e+03 6.208379e-09
1.601000e+03 8.703443e-09
1.602000e+03 6.138175e-09
1.603000e+03 6.479833e-09
1.604000e+03 5.311421e-09
1.605000e+03 6.195395e-09
1.606000e+03 8.152614e-09
1.607000e+03 2.983295e-09
1.608000e+03 6.987605e-09
1.609000e+03 8.189524e-09
1.610000e+03 3.415663e-09
1.611000e+03 6.101177e-09
1.612000e+03 7.216986e-09
1.613000e+03 2.544762e-09
1.614000e+03 7.679332e-09
1.615000e+03 7.918560e-09
1.616000e+03 2.757366e-08
1.617000e+03 6.497395e-09
1.618000e+03 6.394847e-09
1.619000e+03 8.090203e-09
1.620000e+03 6.024025e-09
1.621000e+03 6.550314e-09
1.622000e+03 7.872242e-09
1.623000e+03 6.260758e-09
1.624000e+03 6.689876e-09
1.625000e+03 2.857440e-09
1.626000e+03 6.501016e-09
1.627000e+03 8.798910e-09
1.628000e+03 3.335319e-09
1.629000e+03 5.727370e-09
1.630000e+03 8.518941e-09
1.631000e+03 2.700014e-09
1.632000e+03 7.753414e-09
1.633000e+03 8.155645e-09
1.634000e+03 3.222326e-10
1.635000e+03 6.682532e-09
1.636000e+03 6.194681e-09
1.637000e+03 8.415839e-09
1.638000e+03 5.990918e-09
1.639000e+03 6.589600e-09
1.640000e+03 5.830500e-09
1.641000e+03 6.200226e-09
1.642000e+03 8.054247e-09
1.643000e+03 2.838583e-09
1.644000e+03 6.018655e-09
1.645000e+03 8.206180e-09
1.646000e+03 3.367280e-09
1.647000e+03 6.113779e-09
1.648000e+03 9.593770e-09
1.649000e+03 2.519513e-09
1.650000e+03 8.414154e-09
1.651000e+03 8.223060e-09
1.652000e+03 3.250619e-10
1.653000e+03 6.362422e-09
1.654000e+03 6.440360e-09
1.655000e+03 8.171954e-09
1.656000e+03 6.018292e-09
1.657000e+03 6.491494e-09
1.658000e+03 6.241342e-09
1.659000e+03 6.068948e-09
1.660000e+03 6.290739e-09
1.661000e+03 2.837816e-09
1.662000e+03 6.517810e-09
1.663000e+03 8.390432e-09
1.664000e+03 3.274540e-09
1.665000e+03 5.921875e-09
1.666000e+03 9.296902e-09
1.667000e+03 2.682725e-09
1.668000e+03 1.014296e-08
1.669000e+03 7.680833e-09
1.670000e+03 3.090057e-10
1.671000e+03 6.610987e-09
1.672000e+03 6.137775e-09
1.673000e+03 1.135572e-08
1.674000e+03 5.808511e-09
1.675000e+03 6.312724e-09
1.676000e+03 6.174428e-09
1.677000e+03 6.219133e-09
1.678000e+03 7.315599e-09
1.679000e+03 2.742516e-09
1.680000e+03 6.146039e-09
1.681000e+03 8.456979e-09
1.682000e+03 3.357918e-09
1.683000e+03 6.000818e-09
1.684000e+03 7.756106e-09
1.685000e+03 2.583314e-09
1.686000e+03 8.638997e-09
1.687000e+03 8.198875e-09
1.688000e+03 6.017489e-09
1.689000e+03 6.204207e-09
1.690000e+03 6.320198e-09
1.691000e+03 8.142756e-09
1.692000e+03 6.019567e-09
1.693000e+03 6.549850e-09
1.694000e+03 7.388665e-09
1.695000e+03 6.417922e-09
1.696000e+03 6.307066e-09
1.697000e+03 2.830764e-09
1.698000e+03 6.213916e-09
1.699000e+03 8.263329e-09
1.700000e+03 3.294368e-09
1.701000e+03 5.861536e-09
1.702000e+03 9.169829e-09
1.703000e+03 2.516168e-09
1.704000e+03 7.929487e-09
1.705000e+03 7.708759e-09
1.706000e+03 3.109786e-10
1.707000e+03 6.609616e-09
1.708000e+03 6.724920e-09
1.709000e+03 8.601613e-09
1.710000e+03 6.012490e-09
1.711000e+03 6.242775e-09
1.712000e+03 6.234289e-09
1.713000e+03 6.106713e-09
1.714000e+03 7.117962e-09
1.715000e+03 2.903665e-09
1.716000e+03 6.074616e-09
1.717000e+03 8.415470e-09
1.718000e+03 3.270166e-09
1.719000e+03 5.846177e-09
1.720000e+03 7.313510e-09
1.721000e+03 2.528825e-09
1.722000e+03 8.610223e-09
1.723000e+03 7.856907e-09
1.724000e+03 1.206194e-08
1.725000e+03 6.432215e-09
1.726000e+03 6.493334e-09
1.727000e+03 7.922592e-09
1.728000e+03 5.902819e-09
1.729000e+03 6.676229e-09
1.730000e+03 6.640946e-09
1.731000e+03 6.446120e-09
1.732000e+03 6.186605e-09
1.733000e+03 2.688077e-09
1.734000e+03 5.949970e-09
1.735000e+03 8.414379e-09
1.736000e+03 3.232502e-09
1.737000e+03 5.871912e-09
1.738000e+03 8.473886e-09
1.739000e+03 2.511417e-09
1.740000e+03 7.970098e-09
1.741000e+03 7.936355e-09
1.742000e+03 3.134886e-10
1.743000e+03 6.477573e-09
1.744000e+03 6.352166e-09
1.745000e+03 8.273104e-09
1.746000e+03 5.999831e-09
1.747000e+03 6.177464e-09
1.748000e+03 3.722863e-09
1.749000e+03 5.790101e-09
1.750000e+03 7.554460e-09
1.751000e+03 2.827994e-09
1.752000e+03 6.055022e-09
1.753000e+03 8.647967e-09
1.754000e+03 3.175737e-09
1.755000e+03 6.028821e-09
1.756000e+03 7.351844e-09
1.757000e+03 2.519551e-09
1.758000e+03 8.146241e-09
1.759000e+03 7.763677e-09
1.760000e+03 1.767737e-08
1.761000e+03 6.353249e-09
1.762000e+03 6.411163e-09
1.763000e+03 8.663562e-09
1.764000e+03 5.675732e-09
1.765000e+03 6.415932e-09
1.766000e+03 6.349643e-09
1.767000e+03 6.479422e-09
1.768000e+03 8.718697e-09
1.769000e+03 2.434154e-09
1.770000e+03 6.375090e-09
1.771000e+03 8.779035e-09
1.772000e+03 3.205263e-09
1.773000e+03 5.724514e-09
1.774000e+03 8.240929e-09
1.775000e+03 2.554174e-09
1.776000e+03 7.832943e-09
1.777000e+03 7.885782e-09
1.778000e+03 2.534333e-08
1.779000e+03 6.329817e-09
1.780000e+03 6.063702e-09
1.781000e+03 8.153653e-09
1.782000e+03 6.014871e-09
1.783000e+03 6.294279e-09
1.784000e+03 4.673228e-09
1.785000e+03 6.100003e-09
1.786000e+03 8.410524e-09
1.787000e+03 2.794556e-09
1.788000e+03 6.982531e-09
1.789000e+03 8.136801e-09
1.790000e+03 3.219564e-09
1.791000e+03 5.972776e-09
1.792000e+03 7.226422e-09
1.793000e+03 2.360638e-09
1.794000e+03 7.692291e-09
1.795000e+03 7.864800e-09
1.796000e+03 2.356231e-08
1.797000e+03 6.378374e-09
1.798000e+03 6.288125e-09
1.799000e+03 7.546829e-09
1.800000e+03 5.895154e-09
