Title ="THE FLUX ERR"
Variables=
iter
residual
1.000000e+00 2.301759e-03
2.000000e+00 3.490758e-03
3.000000e+00 4.544546e-04
4.000000e+00 1.459576e-03
5.000000e+00 9.306728e-04
6.000000e+00 6.709029e-05
7.000000e+00 6.674920e-04
8.000000e+00 8.794660e-04
9.000000e+00 3.584471e-04
1.000000e+01 1.386002e-04
1.100000e+01 1.432425e-04
1.200000e+01 3.331889e-04
1.300000e+01 2.663580e-04
1.400000e+01 2.936581e-05
1.500000e+01 5.197008e-05
1.600000e+01 3.529430e-05
1.700000e+01 1.249240e-04
1.800000e+01 4.810509e-05
1.900000e+01 8.911292e-05
2.000000e+01 4.090624e-05
2.100000e+01 3.369803e-05
2.200000e+01 3.416210e-05
2.300000e+01 3.809323e-05
2.400000e+01 5.014599e-05
2.500000e+01 6.180011e-05
2.600000e+01 3.889474e-05
2.700000e+01 5.212120e-05
2.800000e+01 3.519089e-05
2.900000e+01 3.866651e-05
3.000000e+01 4.417929e-05
3.100000e+01 4.266729e-05
3.200000e+01 4.013826e-05
3.300000e+01 3.151424e-05
3.400000e+01 2.475119e-05
3.500000e+01 3.124719e-05
3.600000e+01 4.602346e-05
3.700000e+01 3.565236e-05
3.800000e+01 2.432019e-05
3.900000e+01 2.185053e-05
4.000000e+01 3.027795e-05
4.100000e+01 3.495775e-05
4.200000e+01 1.438888e-05
4.300000e+01 1.609652e-05
4.400000e+01 1.474135e-05
4.500000e+01 1.104158e-05
4.600000e+01 1.824952e-05
4.700000e+01 2.596775e-05
4.800000e+01 1.261669e-04
4.900000e+01 1.685349e-05
5.000000e+01 1.123632e-04
5.100000e+01 2.025051e-05
5.200000e+01 1.202431e-04
5.300000e+01 1.303897e-04
5.400000e+01 1.494464e-04
5.500000e+01 1.739982e-04
5.600000e+01 1.280225e-04
5.700000e+01 1.579262e-04
5.800000e+01 1.427305e-04
5.900000e+01 1.385354e-04
6.000000e+01 1.658776e-04
6.100000e+01 1.611743e-04
6.200000e+01 1.632140e-04
6.300000e+01 1.612293e-04
6.400000e+01 1.246397e-04
6.500000e+01 1.225924e-04
6.600000e+01 1.174410e-04
6.700000e+01 9.941290e-05
6.800000e+01 1.008205e-04
6.900000e+01 8.885764e-05
7.000000e+01 1.121886e-04
7.100000e+01 1.097676e-04
7.200000e+01 1.048904e-04
7.300000e+01 1.252111e-04
7.400000e+01 1.470391e-04
7.500000e+01 1.896175e-04
7.600000e+01 2.402227e-04
7.700000e+01 2.260424e-04
7.800000e+01 2.041510e-04
7.900000e+01 2.166894e-04
8.000000e+01 2.177639e-04
8.100000e+01 2.156653e-04
8.200000e+01 2.340021e-04
8.300000e+01 2.274579e-04
8.400000e+01 2.265277e-04
8.500000e+01 2.438544e-04
8.600000e+01 2.328218e-04
8.700000e+01 2.360671e-04
8.800000e+01 2.073418e-04
8.900000e+01 2.037500e-04
9.000000e+01 1.631203e-04
9.100000e+01 1.131302e-04
9.200000e+01 1.041497e-04
9.300000e+01 8.102484e-05
9.400000e+01 5.451781e-05
9.500000e+01 5.023291e-05
9.600000e+01 6.479553e-05
9.700000e+01 8.285759e-05
9.800000e+01 1.018773e-04
9.900000e+01 1.202721e-04
1.000000e+02 1.029304e-04
1.010000e+02 1.366972e-04
1.020000e+02 1.366188e-04
1.030000e+02 1.467992e-04
1.040000e+02 1.585929e-04
1.050000e+02 1.633634e-04
1.060000e+02 2.153555e-05
1.070000e+02 1.697521e-04
1.080000e+02 1.624623e-04
1.090000e+02 2.614029e-05
1.100000e+02 1.647292e-04
1.110000e+02 2.724073e-05
1.120000e+02 1.678349e-04
1.130000e+02 1.605324e-04
1.140000e+02 1.654398e-04
1.150000e+02 1.663467e-04
1.160000e+02 1.446807e-04
1.170000e+02 1.423721e-04
1.180000e+02 1.470221e-04
1.190000e+02 1.605089e-04
1.200000e+02 1.434615e-04
1.210000e+02 1.150199e-04
1.220000e+02 9.617766e-05
1.230000e+02 8.736955e-05
1.240000e+02 7.249460e-05
1.250000e+02 6.192000e-05
1.260000e+02 5.401002e-05
1.270000e+02 3.829910e-05
1.280000e+02 3.547903e-05
1.290000e+02 2.451097e-05
1.300000e+02 2.098858e-05
1.310000e+02 2.302926e-05
1.320000e+02 2.400041e-05
1.330000e+02 2.468318e-05
1.340000e+02 3.109717e-05
1.350000e+02 3.047980e-05
1.360000e+02 3.408588e-05
1.370000e+02 3.791360e-05
1.380000e+02 3.969488e-05
1.390000e+02 4.803295e-05
1.400000e+02 3.753478e-05
1.410000e+02 6.218774e-05
1.420000e+02 7.058589e-05
1.430000e+02 5.414408e-05
1.440000e+02 4.765332e-05
1.450000e+02 5.061805e-05
1.460000e+02 4.015540e-05
1.470000e+02 4.790065e-05
1.480000e+02 4.630027e-05
1.490000e+02 4.005058e-05
1.500000e+02 4.290186e-05
1.510000e+02 3.324155e-05
1.520000e+02 4.181088e-05
1.530000e+02 6.648473e-05
1.540000e+02 5.134099e-05
1.550000e+02 4.315269e-05
1.560000e+02 4.663193e-05
1.570000e+02 4.787605e-05
1.580000e+02 3.842808e-05
1.590000e+02 3.477707e-05
1.600000e+02 3.830211e-05
1.610000e+02 3.762132e-05
1.620000e+02 4.137119e-05
1.630000e+02 3.855873e-05
1.640000e+02 2.585291e-05
1.650000e+02 2.645824e-05
1.660000e+02 3.304507e-05
1.670000e+02 2.510404e-05
1.680000e+02 2.187456e-05
1.690000e+02 1.995913e-05
1.700000e+02 2.349218e-05
1.710000e+02 2.196228e-05
1.720000e+02 2.154815e-05
1.730000e+02 2.174005e-05
1.740000e+02 1.691269e-05
1.750000e+02 1.545153e-05
1.760000e+02 1.313945e-05
1.770000e+02 1.495280e-05
1.780000e+02 1.459090e-05
1.790000e+02 1.603481e-05
1.800000e+02 1.537281e-05
1.810000e+02 1.475955e-05
1.820000e+02 1.552306e-05
1.830000e+02 1.682061e-05
1.840000e+02 1.599210e-05
1.850000e+02 1.712285e-05
1.860000e+02 1.824060e-05
1.870000e+02 1.132996e-05
1.880000e+02 1.343860e-05
1.890000e+02 1.304467e-05
1.900000e+02 1.007909e-05
1.910000e+02 1.328394e-05
1.920000e+02 1.563014e-05
1.930000e+02 1.349765e-05
1.940000e+02 1.537927e-05
1.950000e+02 1.708178e-05
1.960000e+02 1.619236e-05
1.970000e+02 1.443838e-05
1.980000e+02 1.615255e-05
1.990000e+02 1.459239e-05
2.000000e+02 1.477563e-05
2.010000e+02 1.291344e-05
2.020000e+02 1.028737e-05
2.030000e+02 1.194315e-05
2.040000e+02 9.040012e-06
2.050000e+02 1.176201e-05
2.060000e+02 1.170370e-05
2.070000e+02 9.943965e-06
2.080000e+02 1.101300e-05
2.090000e+02 9.859816e-06
2.100000e+02 9.119952e-06
2.110000e+02 7.427144e-06
2.120000e+02 7.098846e-06
2.130000e+02 8.551735e-06
2.140000e+02 8.560610e-06
2.150000e+02 7.754209e-06
2.160000e+02 7.185506e-06
2.170000e+02 6.272207e-06
2.180000e+02 5.564376e-06
2.190000e+02 5.922478e-06
2.200000e+02 6.188529e-06
2.210000e+02 5.756725e-06
2.220000e+02 6.318651e-06
2.230000e+02 5.143196e-06
2.240000e+02 5.256135e-06
2.250000e+02 4.443595e-06
2.260000e+02 4.669521e-06
2.270000e+02 4.408057e-06
2.280000e+02 5.183999e-06
2.290000e+02 4.688779e-06
2.300000e+02 4.436916e-06
2.310000e+02 3.789834e-06
2.320000e+02 4.040439e-06
2.330000e+02 3.787112e-06
2.340000e+02 3.644552e-06
2.350000e+02 3.736096e-06
2.360000e+02 3.948653e-06
2.370000e+02 4.032923e-06
2.380000e+02 4.052590e-06
2.390000e+02 4.109537e-06
2.400000e+02 3.532443e-06
2.410000e+02 3.428456e-06
2.420000e+02 3.357296e-06
2.430000e+02 3.468032e-06
2.440000e+02 3.546077e-06
2.450000e+02 3.596789e-06
2.460000e+02 3.015725e-06
2.470000e+02 2.938390e-06
2.480000e+02 3.184936e-06
2.490000e+02 3.313560e-06
2.500000e+02 3.177011e-06
2.510000e+02 3.380005e-06
2.520000e+02 2.507942e-06
2.530000e+02 2.427403e-06
2.540000e+02 2.807463e-06
2.550000e+02 2.763856e-06
2.560000e+02 2.781818e-06
2.570000e+02 3.121494e-06
2.580000e+02 3.210844e-06
2.590000e+02 3.230944e-06
2.600000e+02 3.138234e-06
2.610000e+02 3.069922e-06
2.620000e+02 3.223322e-06
2.630000e+02 2.976192e-06
2.640000e+02 3.053025e-06
2.650000e+02 3.086428e-06
2.660000e+02 2.759466e-06
2.670000e+02 2.814032e-06
2.680000e+02 2.090828e-06
2.690000e+02 1.989440e-06
2.700000e+02 2.331077e-06
2.710000e+02 2.325448e-06
2.720000e+02 2.336887e-06
2.730000e+02 2.011720e-06
2.740000e+02 1.975955e-06
2.750000e+02 2.005190e-06
2.760000e+02 1.980141e-06
2.770000e+02 1.859009e-06
2.780000e+02 1.618496e-06
2.790000e+02 1.520051e-06
2.800000e+02 1.458251e-06
2.810000e+02 1.332647e-06
2.820000e+02 1.490749e-06
2.830000e+02 1.592012e-06
2.840000e+02 1.543830e-06
2.850000e+02 1.473201e-06
2.860000e+02 1.402389e-06
2.870000e+02 1.315101e-06
2.880000e+02 1.260105e-06
2.890000e+02 1.150353e-06
2.900000e+02 8.585038e-07
2.910000e+02 9.147109e-07
2.920000e+02 8.549205e-07
2.930000e+02 8.549249e-07
2.940000e+02 8.661997e-07
2.950000e+02 8.842883e-07
2.960000e+02 8.396033e-07
2.970000e+02 8.414973e-07
2.980000e+02 7.984817e-07
2.990000e+02 7.583240e-07
3.000000e+02 7.652242e-07
3.010000e+02 7.503587e-07
3.020000e+02 7.608830e-07
3.030000e+02 7.578450e-07
3.040000e+02 7.400674e-07
3.050000e+02 7.229177e-07
3.060000e+02 7.057300e-07
3.070000e+02 7.376941e-07
3.080000e+02 6.779894e-07
3.090000e+02 6.823434e-07
3.100000e+02 6.549707e-07
3.110000e+02 6.544793e-07
3.120000e+02 6.286598e-07
3.130000e+02 6.149510e-07
3.140000e+02 6.116212e-07
3.150000e+02 5.955824e-07
3.160000e+02 5.949739e-07
3.170000e+02 5.849285e-07
3.180000e+02 5.706864e-07
3.190000e+02 5.681347e-07
3.200000e+02 5.607370e-07
3.210000e+02 5.826521e-07
3.220000e+02 5.584656e-07
3.230000e+02 5.201893e-07
3.240000e+02 5.003480e-07
3.250000e+02 4.980720e-07
3.260000e+02 4.955455e-07
3.270000e+02 4.767563e-07
3.280000e+02 4.484594e-07
3.290000e+02 5.400947e-07
3.300000e+02 5.226463e-07
3.310000e+02 4.806861e-07
3.320000e+02 4.519428e-07
3.330000e+02 4.437389e-07
3.340000e+02 4.841645e-07
3.350000e+02 5.430727e-07
3.360000e+02 4.620549e-07
3.370000e+02 5.156721e-07
3.380000e+02 4.971766e-07
3.390000e+02 4.895873e-07
3.400000e+02 5.457897e-07
3.410000e+02 5.764249e-07
3.420000e+02 5.735483e-07
3.430000e+02 5.707550e-07
3.440000e+02 4.743057e-07
3.450000e+02 4.143548e-07
3.460000e+02 4.468766e-07
3.470000e+02 4.464017e-07
3.480000e+02 4.779026e-07
3.490000e+02 4.833710e-07
3.500000e+02 4.212115e-07
3.510000e+02 4.010170e-07
3.520000e+02 3.876929e-07
3.530000e+02 4.669697e-07
3.540000e+02 4.744459e-07
3.550000e+02 4.734523e-07
3.560000e+02 4.341748e-07
3.570000e+02 4.023455e-07
3.580000e+02 3.952744e-07
3.590000e+02 3.951458e-07
3.600000e+02 4.036402e-07
3.610000e+02 4.073968e-07
3.620000e+02 4.022093e-07
3.630000e+02 4.042494e-07
3.640000e+02 8.829674e-07
3.650000e+02 6.583329e-07
3.660000e+02 7.114234e-07
3.670000e+02 5.640828e-07
3.680000e+02 7.233333e-07
3.690000e+02 8.306461e-07
3.700000e+02 6.632477e-07
3.710000e+02 8.325662e-07
3.720000e+02 6.535320e-07
3.730000e+02 5.563653e-07
3.740000e+02 1.287236e-07
3.750000e+02 6.936170e-07
3.760000e+02 8.240719e-07
3.770000e+02 6.314023e-07
3.780000e+02 7.950873e-07
3.790000e+02 6.512521e-07
3.800000e+02 5.263673e-07
3.810000e+02 1.090671e-07
3.820000e+02 6.580797e-07
3.830000e+02 9.392530e-08
3.840000e+02 8.144194e-08
3.850000e+02 4.369297e-07
3.860000e+02 1.202311e-07
3.870000e+02 8.602377e-08
3.880000e+02 4.093497e-07
3.890000e+02 1.389115e-07
3.900000e+02 8.544615e-08
3.910000e+02 3.890104e-07
3.920000e+02 1.427389e-07
3.930000e+02 7.659110e-08
3.940000e+02 3.975037e-07
3.950000e+02 1.225293e-07
3.960000e+02 8.035128e-08
3.970000e+02 3.759281e-07
3.980000e+02 1.205838e-07
3.990000e+02 7.711913e-08
4.000000e+02 3.613411e-07
4.010000e+02 2.641726e-07
4.020000e+02 1.253127e-07
4.030000e+02 7.230830e-08
4.040000e+02 3.286877e-07
4.050000e+02 2.603705e-07
4.060000e+02 1.240722e-07
4.070000e+02 6.958599e-08
4.080000e+02 3.103022e-07
4.090000e+02 2.480839e-07
4.100000e+02 1.227491e-07
4.110000e+02 6.723474e-08
4.120000e+02 2.972060e-07
4.130000e+02 2.357803e-07
4.140000e+02 1.575829e-07
4.150000e+02 1.318455e-07
4.160000e+02 4.389807e-08
4.170000e+02 2.243900e-07
4.180000e+02 1.746663e-07
4.190000e+02 1.546665e-07
4.200000e+02 1.272098e-07
4.210000e+02 6.899993e-08
4.220000e+02 2.841746e-08
4.230000e+02 1.800209e-07
4.240000e+02 1.487918e-07
4.250000e+02 1.259906e-07
4.260000e+02 7.649218e-08
4.270000e+02 2.649909e-08
4.280000e+02 1.745298e-07
4.290000e+02 1.459322e-07
4.300000e+02 1.142177e-07
4.310000e+02 9.994705e-08
4.320000e+02 1.235971e-07
4.330000e+02 8.438059e-08
4.340000e+02 2.539639e-08
4.350000e+02 1.621112e-07
4.360000e+02 1.290286e-07
4.370000e+02 1.023891e-07
4.380000e+02 8.643556e-08
4.390000e+02 1.147725e-07
4.400000e+02 9.321260e-08
4.410000e+02 2.344078e-08
4.420000e+02 1.477506e-07
4.430000e+02 1.208408e-07
4.440000e+02 9.457914e-08
4.450000e+02 8.201410e-08
4.460000e+02 7.767398e-08
4.470000e+02 1.229657e-07
4.480000e+02 1.049517e-07
4.490000e+02 2.361090e-08
4.500000e+02 1.419770e-07
4.510000e+02 1.119352e-07
4.520000e+02 8.880788e-08
4.530000e+02 7.429566e-08
4.540000e+02 6.760329e-08
4.550000e+02 6.390529e-08
4.560000e+02 6.357271e-08
4.570000e+02 7.985808e-08
4.580000e+02 4.744429e-08
4.590000e+02 2.766664e-08
4.600000e+02 1.249874e-07
4.610000e+02 9.837570e-08
4.620000e+02 7.675959e-08
4.630000e+02 6.689654e-08
4.640000e+02 6.065701e-08
4.650000e+02 5.876258e-08
4.660000e+02 5.383909e-08
4.670000e+02 5.493623e-08
4.680000e+02 5.002343e-08
4.690000e+02 5.025319e-08
4.700000e+02 1.254791e-07
4.710000e+02 4.433235e-08
4.720000e+02 2.491174e-08
4.730000e+02 1.156295e-07
4.740000e+02 8.695501e-08
4.750000e+02 6.953488e-08
4.760000e+02 5.967121e-08
4.770000e+02 4.813013e-08
4.780000e+02 4.372828e-08
4.790000e+02 4.347464e-08
4.800000e+02 4.217295e-08
4.810000e+02 4.079851e-08
4.820000e+02 3.866154e-08
4.830000e+02 4.096936e-08
4.840000e+02 3.967479e-08
4.850000e+02 4.321526e-08
4.860000e+02 1.223923e-07
4.870000e+02 4.798127e-08
4.880000e+02 2.195077e-08
4.890000e+02 9.839490e-08
4.900000e+02 7.122455e-08
4.910000e+02 5.223296e-08
4.920000e+02 4.360196e-08
4.930000e+02 4.249612e-08
4.940000e+02 3.696073e-08
4.950000e+02 3.729963e-08
4.960000e+02 3.446494e-08
4.970000e+02 3.400544e-08
4.980000e+02 3.476689e-08
4.990000e+02 3.514319e-08
5.000000e+02 3.434485e-08
5.010000e+02 3.555392e-08
5.020000e+02 3.314837e-08
5.030000e+02 4.134137e-08
5.040000e+02 3.413973e-08
5.050000e+02 3.385550e-08
5.060000e+02 3.046918e-08
5.070000e+02 3.161665e-08
5.080000e+02 1.845420e-07
5.090000e+02 7.666053e-08
5.100000e+02 2.357679e-08
5.110000e+02 1.287440e-08
5.120000e+02 6.680563e-08
5.130000e+02 4.762413e-08
5.140000e+02 3.901987e-08
5.150000e+02 3.484869e-08
5.160000e+02 3.114856e-08
5.170000e+02 3.113494e-08
5.180000e+02 2.927707e-08
5.190000e+02 3.040574e-08
5.200000e+02 3.191765e-08
5.210000e+02 2.988345e-08
5.220000e+02 2.599797e-08
5.230000e+02 2.712640e-08
5.240000e+02 2.675767e-08
5.250000e+02 2.673471e-08
5.260000e+02 2.564968e-08
5.270000e+02 2.667459e-08
5.280000e+02 2.406407e-08
5.290000e+02 2.394106e-08
5.300000e+02 3.025724e-08
5.310000e+02 2.486690e-08
5.320000e+02 2.517410e-08
5.330000e+02 2.406329e-08
5.340000e+02 2.408194e-08
5.350000e+02 2.473702e-08
5.360000e+02 2.371104e-08
5.370000e+02 2.802026e-08
5.380000e+02 2.333436e-08
5.390000e+02 2.873356e-08
5.400000e+02 2.264364e-08
5.410000e+02 1.385972e-07
5.420000e+02 4.992952e-08
5.430000e+02 1.932686e-08
5.440000e+02 1.052901e-08
5.450000e+02 5.121530e-08
5.460000e+02 4.227571e-08
5.470000e+02 3.703101e-08
5.480000e+02 2.951995e-08
5.490000e+02 2.439303e-08
5.500000e+02 2.262284e-08
5.510000e+02 2.441307e-08
5.520000e+02 2.401974e-08
5.530000e+02 2.463092e-08
5.540000e+02 2.284334e-08
5.550000e+02 2.198823e-08
5.560000e+02 2.203925e-08
5.570000e+02 2.875178e-08
5.580000e+02 1.983832e-08
5.590000e+02 2.432932e-08
5.600000e+02 2.111671e-08
5.610000e+02 1.749840e-08
5.620000e+02 1.857215e-08
5.630000e+02 1.868080e-08
5.640000e+02 1.983385e-08
5.650000e+02 2.006257e-08
5.660000e+02 2.250080e-08
5.670000e+02 1.759354e-08
5.680000e+02 1.698630e-08
5.690000e+02 1.819068e-08
5.700000e+02 1.682759e-08
5.710000e+02 1.840175e-08
5.720000e+02 1.743608e-08
5.730000e+02 1.885303e-08
5.740000e+02 1.773857e-08
5.750000e+02 2.289087e-08
5.760000e+02 1.671301e-08
5.770000e+02 1.412571e-08
5.780000e+02 1.763764e-08
5.790000e+02 1.688118e-08
5.800000e+02 1.793684e-08
5.810000e+02 1.610524e-08
5.820000e+02 1.430379e-08
5.830000e+02 1.882464e-08
5.840000e+02 2.431298e-08
5.850000e+02 1.471764e-08
5.860000e+02 1.477038e-08
5.870000e+02 1.485444e-08
5.880000e+02 1.582452e-08
5.890000e+02 1.653886e-08
5.900000e+02 1.586837e-08
5.910000e+02 2.271935e-08
5.920000e+02 1.361366e-07
5.930000e+02 4.838737e-08
5.940000e+02 3.011174e-08
5.950000e+02 8.143837e-08
5.960000e+02 5.456448e-08
5.970000e+02 3.575033e-08
5.980000e+02 2.493378e-08
5.990000e+02 1.988309e-08
6.000000e+02 1.685689e-08
6.010000e+02 2.005314e-08
6.020000e+02 1.734061e-08
6.030000e+02 1.606475e-08
6.040000e+02 1.511492e-08
6.050000e+02 1.729885e-08
6.060000e+02 1.552373e-08
6.070000e+02 1.944247e-08
6.080000e+02 1.684879e-08
6.090000e+02 1.813757e-08
6.100000e+02 1.310005e-08
6.110000e+02 2.139462e-08
6.120000e+02 1.205554e-08
6.130000e+02 1.454139e-08
6.140000e+02 1.417055e-08
6.150000e+02 1.337184e-08
6.160000e+02 1.309010e-08
6.170000e+02 1.194141e-08
6.180000e+02 1.343287e-08
6.190000e+02 1.568411e-08
6.200000e+02 1.780167e-08
6.210000e+02 1.183764e-08
6.220000e+02 1.071756e-08
6.230000e+02 1.605037e-08
6.240000e+02 1.330672e-08
6.250000e+02 1.323455e-08
6.260000e+02 1.219630e-08
6.270000e+02 1.054486e-08
6.280000e+02 1.561745e-08
6.290000e+02 1.604875e-08
6.300000e+02 1.094659e-08
6.310000e+02 1.153210e-08
6.320000e+02 1.262509e-08
6.330000e+02 1.198843e-08
6.340000e+02 1.056070e-08
6.350000e+02 1.083399e-08
6.360000e+02 9.964733e-09
6.370000e+02 1.178613e-08
6.380000e+02 1.716450e-08
6.390000e+02 1.043213e-08
6.400000e+02 1.323335e-08
6.410000e+02 9.979308e-09
6.420000e+02 1.000505e-08
6.430000e+02 1.122544e-08
6.440000e+02 1.137662e-08
6.450000e+02 1.609075e-08
6.460000e+02 1.084714e-08
6.470000e+02 1.610345e-08
6.480000e+02 1.045030e-08
6.490000e+02 2.395885e-08
6.500000e+02 1.141691e-08
6.510000e+02 1.022816e-08
6.520000e+02 1.158062e-08
6.530000e+02 1.019413e-08
6.540000e+02 9.649843e-09
6.550000e+02 1.779228e-08
6.560000e+02 1.626189e-08
6.570000e+02 9.418174e-09
6.580000e+02 8.753878e-09
6.590000e+02 1.268647e-08
6.600000e+02 1.123094e-08
6.610000e+02 1.114468e-08
6.620000e+02 1.186089e-08
6.630000e+02 1.208690e-08
6.640000e+02 1.042612e-08
6.650000e+02 1.851061e-08
6.660000e+02 2.241857e-07
6.670000e+02 5.065026e-08
6.680000e+02 2.765433e-08
6.690000e+02 1.192980e-08
6.700000e+02 4.350109e-08
6.710000e+02 3.263100e-08
6.720000e+02 2.488597e-08
6.730000e+02 1.765573e-08
6.740000e+02 1.753413e-08
6.750000e+02 1.305500e-08
6.760000e+02 3.525606e-08
6.770000e+02 1.311102e-08
6.780000e+02 1.126158e-08
6.790000e+02 1.390847e-08
6.800000e+02 1.247866e-08
6.810000e+02 1.613381e-08
6.820000e+02 1.210741e-08
6.830000e+02 1.527961e-08
6.840000e+02 1.050135e-08
6.850000e+02 1.064318e-08
6.860000e+02 1.218134e-08
6.870000e+02 1.277979e-08
6.880000e+02 1.006953e-08
6.890000e+02 9.839566e-09
6.900000e+02 9.392768e-09
6.910000e+02 1.228274e-08
6.920000e+02 1.826224e-08
6.930000e+02 2.045037e-08
6.940000e+02 9.504226e-09
6.950000e+02 9.822843e-09
6.960000e+02 1.091538e-08
6.970000e+02 1.225409e-08
6.980000e+02 1.085539e-08
6.990000e+02 1.350780e-08
7.000000e+02 1.047479e-08
7.010000e+02 1.549740e-08
7.020000e+02 9.972252e-09
7.030000e+02 2.794827e-08
7.040000e+02 1.045903e-08
7.050000e+02 8.360069e-09
7.060000e+02 9.728496e-09
7.070000e+02 8.910754e-09
7.080000e+02 1.206429e-08
7.090000e+02 1.136511e-08
7.100000e+02 1.032846e-08
7.110000e+02 8.574058e-09
7.120000e+02 7.091870e-09
7.130000e+02 1.058069e-08
7.140000e+02 8.525150e-09
7.150000e+02 1.485416e-08
7.160000e+02 9.439296e-09
7.170000e+02 1.190644e-08
7.180000e+02 7.272010e-09
7.190000e+02 1.750929e-08
7.200000e+02 1.809461e-08
7.210000e+02 9.257158e-09
7.220000e+02 9.385679e-09
7.230000e+02 8.829680e-09
7.240000e+02 9.652421e-09
7.250000e+02 8.482124e-09
7.260000e+02 9.919922e-09
7.270000e+02 1.101880e-08
7.280000e+02 1.466611e-08
7.290000e+02 8.402375e-09
7.300000e+02 1.309593e-08
7.310000e+02 9.573085e-09
7.320000e+02 8.111168e-09
7.330000e+02 1.002375e-08
7.340000e+02 8.859034e-09
7.350000e+02 1.098927e-08
7.360000e+02 1.130647e-08
7.370000e+02 1.164505e-08
7.380000e+02 7.037696e-09
7.390000e+02 1.190029e-08
7.400000e+02 8.623761e-09
7.410000e+02 9.939779e-09
7.420000e+02 2.428383e-08
7.430000e+02 7.068813e-09
7.440000e+02 7.259378e-09
7.450000e+02 2.463223e-08
7.460000e+02 1.332351e-08
7.470000e+02 4.471519e-08
7.480000e+02 8.293091e-09
7.490000e+02 8.117996e-09
7.500000e+02 6.875964e-09
7.510000e+02 1.049509e-08
7.520000e+02 9.305997e-09
7.530000e+02 1.375262e-08
7.540000e+02 7.229061e-09
7.550000e+02 1.362319e-08
7.560000e+02 8.624205e-09
7.570000e+02 7.948684e-09
7.580000e+02 8.480586e-09
7.590000e+02 6.947815e-09
7.600000e+02 8.117184e-09
7.610000e+02 6.668131e-09
7.620000e+02 1.804237e-08
7.630000e+02 1.656874e-08
7.640000e+02 1.031638e-08
7.650000e+02 7.313377e-09
7.660000e+02 1.006550e-08
7.670000e+02 1.164981e-08
7.680000e+02 8.718280e-09
7.690000e+02 9.590724e-10
7.700000e+02 1.225230e-08
7.710000e+02 6.754815e-08
7.720000e+02 3.830570e-08
7.730000e+02 8.181632e-08
7.740000e+02 4.534685e-08
7.750000e+02 2.948294e-08
7.760000e+02 1.986343e-08
7.770000e+02 1.406745e-08
7.780000e+02 1.152948e-08
7.790000e+02 1.082845e-08
7.800000e+02 1.122988e-08
7.810000e+02 1.298519e-08
7.820000e+02 1.308112e-08
7.830000e+02 1.032535e-08
7.840000e+02 2.523286e-08
7.850000e+02 9.614693e-09
7.860000e+02 9.295710e-09
7.870000e+02 9.346681e-09
7.880000e+02 8.868033e-09
7.890000e+02 2.550812e-08
7.900000e+02 1.030297e-08
7.910000e+02 1.158077e-08
7.920000e+02 7.200238e-09
7.930000e+02 8.191684e-10
7.940000e+02 9.046053e-09
7.950000e+02 8.429933e-09
7.960000e+02 9.389321e-10
7.970000e+02 6.521853e-09
7.980000e+02 6.205209e-09
7.990000e+02 1.179189e-08
8.000000e+02 1.611225e-08
8.010000e+02 6.406747e-10
8.020000e+02 6.307929e-09
8.030000e+02 7.051093e-09
8.040000e+02 7.323482e-09
8.050000e+02 7.710933e-09
8.060000e+02 8.242260e-09
8.070000e+02 1.124665e-08
8.080000e+02 1.362405e-08
8.090000e+02 1.281598e-08
8.100000e+02 7.257862e-09
8.110000e+02 5.652215e-09
8.120000e+02 7.224762e-09
8.130000e+02 7.608449e-09
8.140000e+02 5.853942e-09
8.150000e+02 6.604724e-09
8.160000e+02 1.405419e-08
8.170000e+02 3.600651e-08
8.180000e+02 8.280950e-09
8.190000e+02 6.607632e-09
8.200000e+02 1.915766e-08
8.210000e+02 7.860111e-09
8.220000e+02 6.291926e-09
8.230000e+02 1.424685e-08
8.240000e+02 8.083555e-09
8.250000e+02 1.001070e-08
8.260000e+02 1.565631e-08
8.270000e+02 1.462735e-08
8.280000e+02 3.941200e-08
8.290000e+02 7.986954e-09
8.300000e+02 7.932237e-09
8.310000e+02 7.673685e-09
8.320000e+02 6.985640e-09
8.330000e+02 6.004107e-09
8.340000e+02 7.945779e-09
8.350000e+02 1.103160e-09
8.360000e+02 1.269437e-08
8.370000e+02 6.508147e-09
8.380000e+02 5.658748e-09
8.390000e+02 7.071159e-09
8.400000e+02 3.173948e-08
8.410000e+02 1.658106e-08
8.420000e+02 6.785896e-09
8.430000e+02 5.740924e-10
8.440000e+02 4.053884e-08
8.450000e+02 9.939118e-09
8.460000e+02 8.370969e-09
8.470000e+02 9.545363e-09
8.480000e+02 7.676865e-09
8.490000e+02 7.503322e-09
8.500000e+02 1.232409e-08
8.510000e+02 8.519024e-09
8.520000e+02 5.352705e-09
8.530000e+02 7.239432e-09
8.540000e+02 1.311544e-08
8.550000e+02 4.251098e-08
8.560000e+02 5.828705e-09
8.570000e+02 6.509236e-09
8.580000e+02 6.233127e-09
8.590000e+02 6.222534e-09
8.600000e+02 7.100634e-09
8.610000e+02 1.209895e-08
8.620000e+02 8.078907e-09
8.630000e+02 1.363048e-08
8.640000e+02 7.225176e-09
8.650000e+02 5.336562e-09
8.660000e+02 6.513324e-09
8.670000e+02 9.126610e-09
8.680000e+02 7.268869e-09
8.690000e+02 5.089782e-09
8.700000e+02 4.174099e-10
8.710000e+02 1.206004e-09
8.720000e+02 1.269291e-08
8.730000e+02 1.035096e-08
8.740000e+02 1.290606e-08
8.750000e+02 1.010367e-08
8.760000e+02 7.504687e-09
8.770000e+02 8.290980e-09
8.780000e+02 1.064339e-08
8.790000e+02 9.902404e-09
8.800000e+02 2.451041e-08
8.810000e+02 1.446790e-08
8.820000e+02 2.404027e-08
8.830000e+02 6.265058e-09
8.840000e+02 7.567210e-09
8.850000e+02 7.022253e-09
8.860000e+02 5.157862e-09
8.870000e+02 5.166287e-09
8.880000e+02 7.876459e-09
8.890000e+02 8.692193e-09
8.900000e+02 9.707784e-09
8.910000e+02 5.535019e-09
8.920000e+02 4.255321e-09
8.930000e+02 5.946208e-09
8.940000e+02 4.060652e-10
8.950000e+02 8.553120e-09
8.960000e+02 6.610362e-09
8.970000e+02 4.772851e-08
8.980000e+02 1.373443e-08
8.990000e+02 8.502037e-09
9.000000e+02 4.215826e-10
9.010000e+02 7.834598e-09
9.020000e+02 8.324522e-09
9.030000e+02 6.077949e-09
9.040000e+02 9.078198e-09
9.050000e+02 7.947125e-09
9.060000e+02 4.047154e-09
9.070000e+02 8.635126e-09
9.080000e+02 1.458482e-08
9.090000e+02 2.545084e-08
9.100000e+02 5.062743e-09
9.110000e+02 8.039296e-09
9.120000e+02 8.684739e-09
9.130000e+02 8.987373e-09
9.140000e+02 6.931877e-09
9.150000e+02 1.008812e-08
9.160000e+02 2.121732e-08
9.170000e+02 1.278023e-08
9.180000e+02 6.463027e-09
9.190000e+02 4.883509e-09
9.200000e+02 6.243541e-09
9.210000e+02 4.392651e-10
9.220000e+02 9.266040e-09
9.230000e+02 7.587585e-09
9.240000e+02 9.448819e-09
9.250000e+02 6.511238e-08
9.260000e+02 4.078991e-08
9.270000e+02 1.544043e-08
9.280000e+02 3.798455e-08
9.290000e+02 2.829840e-08
9.300000e+02 1.674951e-08
9.310000e+02 1.859042e-09
9.320000e+02 1.075468e-08
9.330000e+02 1.213246e-08
9.340000e+02 2.704276e-08
9.350000e+02 1.689459e-08
9.360000e+02 1.816109e-08
9.370000e+02 8.810915e-09
9.380000e+02 8.865036e-09
9.390000e+02 8.633824e-09
9.400000e+02 8.085306e-09
9.410000e+02 7.206843e-09
9.420000e+02 8.777581e-09
9.430000e+02 1.291691e-08
9.440000e+02 1.393595e-08
9.450000e+02 7.124984e-09
9.460000e+02 6.035210e-09
9.470000e+02 7.005872e-09
9.480000e+02 1.022040e-08
9.490000e+02 2.181410e-08
9.500000e+02 9.056018e-09
9.510000e+02 7.157320e-10
9.520000e+02 3.102159e-08
9.530000e+02 1.001129e-08
9.540000e+02 4.035313e-10
9.550000e+02 5.403724e-09
9.560000e+02 8.485977e-09
9.570000e+02 7.016163e-09
9.580000e+02 6.585190e-09
9.590000e+02 5.926512e-09
9.600000e+02 4.987642e-09
9.610000e+02 6.403974e-09
9.620000e+02 1.142356e-08
9.630000e+02 1.753461e-08
9.640000e+02 5.693774e-09
9.650000e+02 5.488947e-09
9.660000e+02 8.601298e-09
9.670000e+02 6.735182e-09
9.680000e+02 5.833945e-09
9.690000e+02 1.096599e-08
9.700000e+02 1.937930e-08
9.710000e+02 1.133104e-08
9.720000e+02 5.875955e-09
9.730000e+02 4.826290e-09
9.740000e+02 5.325072e-09
9.750000e+02 5.921295e-09
9.760000e+02 6.150983e-09
9.770000e+02 5.176275e-09
9.780000e+02 3.936397e-10
9.790000e+02 1.270548e-08
9.800000e+02 1.988069e-08
9.810000e+02 1.902883e-08
9.820000e+02 4.374538e-09
9.830000e+02 2.328459e-08
9.840000e+02 9.564748e-09
9.850000e+02 8.166297e-09
9.860000e+02 1.939537e-08
9.870000e+02 6.484085e-09
9.880000e+02 6.390440e-09
9.890000e+02 1.462596e-08
9.900000e+02 1.081333e-08
9.910000e+02 7.512691e-09
9.920000e+02 7.072651e-09
9.930000e+02 7.359748e-09
9.940000e+02 4.786389e-09
9.950000e+02 4.512074e-09
9.960000e+02 5.983390e-09
9.970000e+02 6.567274e-09
9.980000e+02 9.671841e-09
9.990000e+02 4.790054e-09
1.000000e+03 3.839042e-09
1.001000e+03 4.969422e-09
1.002000e+03 8.821196e-09
1.003000e+03 1.418008e-08
1.004000e+03 1.273964e-08
1.005000e+03 4.186847e-08
1.006000e+03 3.129038e-08
1.007000e+03 8.994407e-09
1.008000e+03 7.664942e-09
1.009000e+03 5.313192e-09
1.010000e+03 1.602995e-08
1.011000e+03 5.605001e-09
1.012000e+03 6.643749e-09
1.013000e+03 1.406968e-08
1.014000e+03 3.342742e-09
1.015000e+03 8.668321e-09
1.016000e+03 1.496036e-08
1.017000e+03 1.189560e-08
1.018000e+03 4.598721e-09
1.019000e+03 4.753351e-09
1.020000e+03 1.732286e-08
1.021000e+03 1.167011e-08
1.022000e+03 6.332442e-09
1.023000e+03 1.155204e-08
1.024000e+03 1.640008e-08
1.025000e+03 1.140436e-08
1.026000e+03 5.865167e-09
1.027000e+03 4.384982e-09
1.028000e+03 5.178814e-09
1.029000e+03 1.934999e-08
1.030000e+03 2.146536e-08
1.031000e+03 1.846223e-08
1.032000e+03 3.068851e-08
1.033000e+03 8.843440e-09
1.034000e+03 6.388677e-10
1.035000e+03 9.326313e-09
1.036000e+03 4.798193e-09
1.037000e+03 8.557048e-09
1.038000e+03 7.290449e-09
1.039000e+03 1.294363e-09
1.040000e+03 9.254112e-09
1.041000e+03 7.942258e-09
1.042000e+03 5.365441e-09
1.043000e+03 1.354950e-08
1.044000e+03 1.031954e-08
1.045000e+03 7.000840e-09
1.046000e+03 6.003629e-09
1.047000e+03 6.439936e-09
1.048000e+03 4.755044e-09
1.049000e+03 4.052054e-09
1.050000e+03 5.917437e-09
1.051000e+03 8.023736e-09
1.052000e+03 1.122473e-08
1.053000e+03 4.627499e-09
1.054000e+03 4.026807e-09
1.055000e+03 7.301259e-09
1.056000e+03 2.445307e-08
1.057000e+03 9.396939e-09
1.058000e+03 1.233806e-08
1.059000e+03 2.634162e-08
1.060000e+03 1.135186e-08
1.061000e+03 9.615185e-09
1.062000e+03 4.424828e-09
1.063000e+03 4.764358e-09
1.064000e+03 1.449689e-08
1.065000e+03 7.942601e-09
1.066000e+03 6.202497e-09
1.067000e+03 4.120531e-10
1.068000e+03 4.700063e-09
1.069000e+03 6.167796e-09
1.070000e+03 1.202120e-08
1.071000e+03 3.921491e-08
1.072000e+03 5.829303e-09
1.073000e+03 4.807187e-09
1.074000e+03 9.155204e-09
1.075000e+03 7.389952e-09
1.076000e+03 5.258698e-09
1.077000e+03 1.024424e-08
1.078000e+03 5.769696e-10
1.079000e+03 1.099260e-08
1.080000e+03 4.994309e-09
1.081000e+03 3.871045e-09
1.082000e+03 5.529761e-09
1.083000e+03 2.820769e-08
1.084000e+03 6.447992e-10
1.085000e+03 9.275673e-09
1.086000e+03 2.024296e-08
1.087000e+03 2.048301e-08
1.088000e+03 1.189949e-08
1.089000e+03 2.250238e-08
1.090000e+03 3.589823e-09
1.091000e+03 6.910511e-10
1.092000e+03 1.484167e-08
1.093000e+03 6.663745e-09
1.094000e+03 5.968391e-10
1.095000e+03 2.999306e-08
1.096000e+03 5.953066e-09
1.097000e+03 1.437560e-08
1.098000e+03 8.840973e-09
1.099000e+03 5.725228e-09
1.100000e+03 6.090012e-09
1.101000e+03 9.561841e-09
1.102000e+03 4.387093e-09
1.103000e+03 5.205138e-09
1.104000e+03 7.212478e-09
1.105000e+03 5.968303e-09
1.106000e+03 8.596879e-09
1.107000e+03 4.171584e-09
1.108000e+03 3.027192e-09
1.109000e+03 4.469379e-09
1.110000e+03 5.210579e-09
1.111000e+03 7.783252e-09
1.112000e+03 2.921887e-08
1.113000e+03 2.485214e-08
1.114000e+03 4.918751e-10
1.115000e+03 8.600934e-09
1.116000e+03 3.790580e-09
1.117000e+03 5.046523e-09
1.118000e+03 2.700473e-08
1.119000e+03 6.281388e-09
1.120000e+03 1.687211e-08
1.121000e+03 1.452458e-08
1.122000e+03 7.695793e-09
1.123000e+03 7.900299e-09
1.124000e+03 1.379698e-08
1.125000e+03 9.517905e-09
1.126000e+03 4.344889e-09
1.127000e+03 4.271729e-09
1.128000e+03 1.966905e-08
1.129000e+03 2.368060e-08
1.130000e+03 5.587613e-09
1.131000e+03 8.482025e-09
1.132000e+03 6.460587e-09
1.133000e+03 1.177297e-08
1.134000e+03 5.065042e-09
1.135000e+03 5.146449e-09
1.136000e+03 6.220351e-09
1.137000e+03 1.114232e-08
1.138000e+03 1.561024e-08
1.139000e+03 4.699686e-10
1.140000e+03 2.202995e-08
1.141000e+03 8.728130e-09
1.142000e+03 1.576786e-08
1.143000e+03 4.706035e-09
1.144000e+03 3.632859e-09
1.145000e+03 1.080728e-08
1.146000e+03 8.730753e-09
1.147000e+03 5.293925e-09
1.148000e+03 4.953864e-10
1.149000e+03 1.063706e-08
1.150000e+03 4.280676e-09
1.151000e+03 1.435039e-08
1.152000e+03 4.082425e-08
1.153000e+03 5.981383e-09
1.154000e+03 5.024638e-09
1.155000e+03 7.359272e-09
1.156000e+03 5.758638e-09
1.157000e+03 3.538728e-09
1.158000e+03 5.368562e-09
1.159000e+03 8.049506e-09
1.160000e+03 1.172371e-08
1.161000e+03 4.476548e-09
1.162000e+03 3.660167e-09
1.163000e+03 5.879077e-09
1.164000e+03 5.016301e-09
1.165000e+03 6.400567e-09
1.166000e+03 2.887438e-08
1.167000e+03 1.805996e-08
1.168000e+03 9.580213e-10
1.169000e+03 9.943296e-09
1.170000e+03 3.152606e-09
1.171000e+03 4.164760e-09
1.172000e+03 2.594236e-08
1.173000e+03 8.714936e-09
1.174000e+03 5.178739e-09
1.175000e+03 1.760058e-08
1.176000e+03 1.732179e-10
1.177000e+03 5.530607e-09
1.178000e+03 1.086905e-08
1.179000e+03 1.019402e-08
1.180000e+03 5.114637e-09
1.181000e+03 4.245607e-09
1.182000e+03 1.193008e-08
1.183000e+03 6.324529e-09
1.184000e+03 5.673234e-09
1.185000e+03 9.832588e-09
1.186000e+03 1.387964e-08
1.187000e+03 1.086467e-08
1.188000e+03 4.588229e-09
1.189000e+03 3.882263e-09
1.190000e+03 4.902083e-09
1.191000e+03 1.045799e-08
1.192000e+03 2.044095e-08
1.193000e+03 1.851547e-08
1.194000e+03 1.649631e-08
1.195000e+03 1.053857e-08
1.196000e+03 7.604476e-10
1.197000e+03 4.239020e-09
1.198000e+03 3.004421e-09
1.199000e+03 8.156632e-09
1.200000e+03 7.672264e-09
1.201000e+03 7.652518e-09
1.202000e+03 5.481868e-10
1.203000e+03 1.425605e-08
1.204000e+03 5.427132e-09
1.205000e+03 1.425989e-08
1.206000e+03 7.268228e-09
1.207000e+03 6.535161e-09
1.208000e+03 5.316560e-09
1.209000e+03 9.652252e-09
1.210000e+03 5.463934e-09
1.211000e+03 3.482412e-09
1.212000e+03 5.021846e-09
1.213000e+03 9.073774e-09
1.214000e+03 5.903796e-08
1.215000e+03 1.990635e-08
1.216000e+03 7.385535e-08
1.217000e+03 4.631902e-08
1.218000e+03 2.524329e-08
1.219000e+03 1.614040e-08
1.220000e+03 1.258996e-08
1.221000e+03 1.598492e-09
1.222000e+03 2.645902e-08
1.223000e+03 1.091346e-08
1.224000e+03 6.887561e-09
1.225000e+03 7.204331e-09
1.226000e+03 1.082933e-09
1.227000e+03 7.633277e-09
1.228000e+03 8.177058e-09
1.229000e+03 8.920696e-10
1.230000e+03 6.912444e-10
1.231000e+03 1.770280e-09
1.232000e+03 1.598922e-08
1.233000e+03 1.115771e-08
1.234000e+03 5.878558e-09
1.235000e+03 5.468386e-09
1.236000e+03 7.563423e-10
1.237000e+03 6.774596e-10
1.238000e+03 6.111544e-09
1.239000e+03 9.177957e-09
1.240000e+03 6.555425e-09
1.241000e+03 1.203168e-08
1.242000e+03 5.566177e-09
1.243000e+03 4.194442e-09
1.244000e+03 5.167976e-09
1.245000e+03 5.611587e-09
1.246000e+03 7.435106e-09
1.247000e+03 4.585430e-09
1.248000e+03 2.938258e-08
1.249000e+03 8.246964e-09
1.250000e+03 1.005761e-08
1.251000e+03 4.966186e-09
1.252000e+03 3.643066e-09
1.253000e+03 1.404584e-08
1.254000e+03 9.507173e-09
1.255000e+03 5.753025e-09
1.256000e+03 1.643516e-08
1.257000e+03 2.092466e-08
1.258000e+03 3.701730e-09
1.259000e+03 1.358733e-08
1.260000e+03 7.103142e-09
1.261000e+03 7.017637e-09
1.262000e+03 5.176083e-09
1.263000e+03 5.224455e-09
1.264000e+03 4.683864e-09
1.265000e+03 3.584757e-09
1.266000e+03 4.969954e-09
1.267000e+03 7.583375e-09
1.268000e+03 1.072241e-08
1.269000e+03 3.994875e-09
1.270000e+03 3.459638e-09
1.271000e+03 5.604065e-09
1.272000e+03 5.349680e-09
1.273000e+03 7.345311e-09
1.274000e+03 2.537947e-08
1.275000e+03 1.360788e-08
1.276000e+03 8.650977e-09
1.277000e+03 1.213872e-08
1.278000e+03 2.966837e-09
1.279000e+03 6.078728e-10
1.280000e+03 7.798577e-09
1.281000e+03 6.775132e-09
1.282000e+03 4.621739e-09
1.283000e+03 1.296728e-08
1.284000e+03 8.062694e-09
1.285000e+03 5.795404e-09
1.286000e+03 1.180897e-08
1.287000e+03 8.215689e-09
1.288000e+03 3.921462e-09
1.289000e+03 3.988162e-09
1.290000e+03 1.471196e-08
1.291000e+03 1.348431e-08
1.292000e+03 4.407986e-09
1.293000e+03 9.353612e-09
1.294000e+03 9.850168e-09
1.295000e+03 1.151930e-08
1.296000e+03 5.483757e-09
1.297000e+03 3.559721e-09
1.298000e+03 5.611015e-09
1.299000e+03 1.039080e-08
1.300000e+03 9.958141e-09
1.301000e+03 2.313584e-08
1.302000e+03 1.555770e-08
1.303000e+03 1.033846e-08
1.304000e+03 9.526888e-09
1.305000e+03 3.312079e-09
1.306000e+03 2.700152e-09
1.307000e+03 6.709405e-09
1.308000e+03 5.334713e-10
1.309000e+03 6.142033e-09
1.310000e+03 1.197745e-08
1.311000e+03 7.248264e-09
1.312000e+03 7.324492e-09
1.313000e+03 1.392991e-08
1.314000e+03 7.985126e-09
1.315000e+03 5.961495e-09
1.316000e+03 5.045877e-09
1.317000e+03 9.860336e-09
1.318000e+03 4.737165e-09
1.319000e+03 2.573796e-09
1.320000e+03 5.127658e-09
1.321000e+03 5.482347e-09
1.322000e+03 8.137056e-09
1.323000e+03 3.677103e-09
1.324000e+03 2.467653e-09
1.325000e+03 4.174206e-09
1.326000e+03 3.265145e-09
1.327000e+03 6.804347e-09
1.328000e+03 6.877995e-09
1.329000e+03 6.241462e-10
1.330000e+03 1.755192e-08
1.331000e+03 9.840539e-09
1.332000e+03 2.844520e-09
1.333000e+03 4.479264e-09
1.334000e+03 2.609626e-08
1.335000e+03 5.394659e-09
1.336000e+03 4.344907e-09
1.337000e+03 1.558987e-08
1.338000e+03 4.081277e-09
1.339000e+03 7.511862e-09
1.340000e+03 1.341901e-08
1.341000e+03 7.454303e-09
1.342000e+03 4.098456e-09
1.343000e+03 6.051943e-09
1.344000e+03 9.792649e-09
1.345000e+03 4.207051e-08
1.346000e+03 5.193696e-09
1.347000e+03 7.812053e-09
1.348000e+03 5.779618e-09
1.349000e+03 1.147627e-08
1.350000e+03 4.504903e-09
1.351000e+03 3.247954e-09
1.352000e+03 4.682408e-09
1.353000e+03 4.279021e-09
1.354000e+03 5.465571e-09
1.355000e+03 1.157106e-08
1.356000e+03 1.548625e-08
1.357000e+03 8.272626e-09
1.358000e+03 7.115968e-09
1.359000e+03 4.749071e-09
1.360000e+03 5.415017e-10
1.361000e+03 1.040968e-08
1.362000e+03 9.403398e-09
1.363000e+03 4.874145e-09
1.364000e+03 8.803330e-09
1.365000e+03 2.104870e-08
1.366000e+03 3.141740e-09
1.367000e+03 1.309813e-08
1.368000e+03 6.340556e-09
1.369000e+03 6.099058e-09
1.370000e+03 4.533220e-09
1.371000e+03 7.873762e-09
1.372000e+03 6.521122e-09
1.373000e+03 2.827961e-09
1.374000e+03 4.820757e-09
1.375000e+03 1.746439e-08
1.376000e+03 1.105967e-08
1.377000e+03 4.301541e-09
1.378000e+03 3.229957e-09
1.379000e+03 6.516372e-09
1.380000e+03 4.177195e-09
1.381000e+03 5.885033e-09
1.382000e+03 1.519096e-08
1.383000e+03 1.181960e-08
1.384000e+03 8.065449e-09
1.385000e+03 1.167695e-08
1.386000e+03 2.454703e-09
1.387000e+03 3.711780e-09
1.388000e+03 5.111912e-10
1.389000e+03 6.723007e-09
1.390000e+03 3.633591e-09
1.391000e+03 5.494926e-09
1.392000e+03 3.318116e-09
1.393000e+03 5.400502e-09
1.394000e+03 1.057150e-08
1.395000e+03 8.041963e-09
1.396000e+03 4.681363e-09
1.397000e+03 3.763536e-09
1.398000e+03 1.695849e-08
1.399000e+03 1.336499e-08
1.400000e+03 3.943804e-09
1.401000e+03 9.133399e-09
1.402000e+03 5.952527e-09
1.403000e+03 1.078239e-08
1.404000e+03 4.357758e-09
1.405000e+03 3.542264e-09
1.406000e+03 4.821954e-09
1.407000e+03 5.588112e-09
1.408000e+03 6.795483e-09
1.409000e+03 1.251095e-08
1.410000e+03 1.427142e-08
1.411000e+03 9.913443e-09
1.412000e+03 9.263960e-09
1.413000e+03 3.441042e-09
1.414000e+03 2.611329e-09
1.415000e+03 6.705895e-09
1.416000e+03 3.052628e-08
1.417000e+03 6.838083e-09
1.418000e+03 8.890436e-09
1.419000e+03 6.236698e-09
1.420000e+03 5.297732e-09
1.421000e+03 1.405726e-08
1.422000e+03 6.318131e-09
1.423000e+03 6.381112e-09
1.424000e+03 5.748617e-09
1.425000e+03 1.017539e-08
1.426000e+03 6.050282e-09
1.427000e+03 2.819322e-09
1.428000e+03 4.468844e-09
1.429000e+03 5.563049e-09
1.430000e+03 8.929217e-09
1.431000e+03 3.473205e-09
1.432000e+03 2.638710e-09
1.433000e+03 3.844554e-09
1.434000e+03 3.394502e-09
1.435000e+03 4.727591e-09
1.436000e+03 1.119292e-08
1.437000e+03 1.757152e-08
1.438000e+03 1.321654e-08
1.439000e+03 8.031682e-09
1.440000e+03 2.076211e-08
1.441000e+03 4.134758e-09
1.442000e+03 1.331546e-08
1.443000e+03 5.572812e-09
1.444000e+03 5.203061e-09
1.445000e+03 1.352761e-08
1.446000e+03 2.991385e-09
1.447000e+03 7.679657e-09
1.448000e+03 1.425891e-08
1.449000e+03 7.280123e-09
1.450000e+03 4.122851e-09
1.451000e+03 3.339341e-09
1.452000e+03 4.466677e-10
1.453000e+03 4.873506e-10
1.454000e+03 4.563491e-09
1.455000e+03 9.996771e-09
1.456000e+03 6.925498e-10
1.457000e+03 1.118959e-08
1.458000e+03 4.717121e-09
1.459000e+03 3.244650e-09
1.460000e+03 4.586659e-09
1.461000e+03 4.081819e-09
1.462000e+03 4.278961e-09
1.463000e+03 6.686277e-09
1.464000e+03 1.590872e-08
1.465000e+03 7.978795e-09
1.466000e+03 6.284957e-09
1.467000e+03 4.174408e-09
1.468000e+03 3.106102e-09
1.469000e+03 2.012932e-08
1.470000e+03 1.251582e-08
1.471000e+03 2.073555e-08
1.472000e+03 1.076424e-08
1.473000e+03 1.718411e-08
1.474000e+03 3.305034e-09
1.475000e+03 1.324147e-08
1.476000e+03 6.295993e-09
1.477000e+03 6.397391e-09
1.478000e+03 4.674152e-09
1.479000e+03 7.146206e-09
1.480000e+03 4.868747e-09
1.481000e+03 2.486495e-09
1.482000e+03 4.418484e-09
1.483000e+03 7.143399e-09
1.484000e+03 1.052344e-08
1.485000e+03 3.316464e-09
1.486000e+03 2.853213e-09
1.487000e+03 6.201117e-09
1.488000e+03 6.467820e-10
1.489000e+03 7.086224e-09
1.490000e+03 2.498644e-08
1.491000e+03 1.151630e-08
1.492000e+03 8.110308e-09
1.493000e+03 1.331429e-08
1.494000e+03 2.713890e-09
1.495000e+03 3.812312e-09
1.496000e+03 4.843287e-10
1.497000e+03 7.394859e-09
1.498000e+03 4.117174e-09
1.499000e+03 6.360804e-09
1.500000e+03 3.619297e-09
1.501000e+03 5.116446e-09
1.502000e+03 1.125358e-08
1.503000e+03 7.524182e-10
1.504000e+03 4.520853e-09
1.505000e+03 3.515367e-09
1.506000e+03 1.445700e-08
1.507000e+03 1.530273e-08
1.508000e+03 3.989204e-09
1.509000e+03 9.047383e-09
1.510000e+03 6.357219e-09
1.511000e+03 1.049341e-08
1.512000e+03 3.879954e-09
1.513000e+03 2.752677e-09
1.514000e+03 5.705519e-09
1.515000e+03 4.925290e-09
1.516000e+03 5.711371e-09
1.517000e+03 1.434006e-08
1.518000e+03 1.144333e-08
1.519000e+03 2.567595e-08
1.520000e+03 1.374474e-08
1.521000e+03 3.655564e-09
1.522000e+03 2.416841e-09
1.523000e+03 6.011386e-09
1.524000e+03 4.841357e-10
1.525000e+03 5.751382e-09
1.526000e+03 9.668709e-09
1.527000e+03 5.370280e-09
1.528000e+03 4.523959e-09
1.529000e+03 1.349435e-08
1.530000e+03 6.015503e-09
1.531000e+03 5.394545e-09
1.532000e+03 4.634931e-09
1.533000e+03 1.021684e-08
1.534000e+03 4.761479e-09
1.535000e+03 4.019798e-09
1.536000e+03 5.726126e-09
1.537000e+03 5.157266e-09
1.538000e+03 7.804112e-09
1.539000e+03 3.392426e-09
1.540000e+03 2.055559e-09
1.541000e+03 3.800358e-09
1.542000e+03 2.982674e-09
1.543000e+03 5.160409e-09
1.544000e+03 6.832581e-09
1.545000e+03 1.605088e-08
1.546000e+03 9.288658e-09
1.547000e+03 1.086052e-08
1.548000e+03 2.537601e-09
1.549000e+03 4.125983e-09
1.550000e+03 1.147503e-08
1.551000e+03 5.038501e-09
1.552000e+03 7.564306e-09
1.553000e+03 3.041955e-10
1.554000e+03 7.610928e-09
1.555000e+03 7.140492e-09
1.556000e+03 1.311436e-08
1.557000e+03 6.902574e-09
1.558000e+03 3.608781e-09
1.559000e+03 3.189878e-09
1.560000e+03 5.009403e-10
1.561000e+03 1.344571e-08
1.562000e+03 4.192222e-09
1.563000e+03 7.312571e-09
1.564000e+03 5.484282e-09
1.565000e+03 1.123971e-08
1.566000e+03 4.057947e-09
1.567000e+03 4.269744e-09
1.568000e+03 5.422410e-09
1.569000e+03 5.243893e-09
1.570000e+03 4.638784e-09
1.571000e+03 9.405070e-09
1.572000e+03 1.521610e-08
1.573000e+03 7.982812e-09
1.574000e+03 6.125306e-09
1.575000e+03 2.893965e-09
1.576000e+03 2.467873e-09
1.577000e+03 2.312184e-08
1.578000e+03 1.166738e-08
1.579000e+03 4.447061e-09
1.580000e+03 6.206273e-09
1.581000e+03 7.378891e-09
1.582000e+03 2.781729e-09
1.583000e+03 1.334573e-08
1.584000e+03 2.234998e-08
1.585000e+03 5.657224e-09
1.586000e+03 4.043095e-09
1.587000e+03 7.386849e-09
1.588000e+03 6.513070e-09
1.589000e+03 2.365450e-09
1.590000e+03 4.401532e-09
1.591000e+03 7.414280e-09
1.592000e+03 1.131237e-08
1.593000e+03 3.545044e-09
1.594000e+03 2.839852e-09
1.595000e+03 6.623911e-09
1.596000e+03 3.841595e-09
1.597000e+03 5.595673e-09
1.598000e+03 7.801380e-09
1.599000e+03 1.604771e-08
1.600000e+03 8.675848e-10
1.601000e+03 1.090399e-08
1.602000e+03 2.219659e-09
1.603000e+03 3.407551e-09
1.604000e+03 2.301410e-08
1.605000e+03 6.806065e-09
1.606000e+03 3.234197e-09
1.607000e+03 5.322144e-09
1.608000e+03 2.800463e-09
1.609000e+03 4.754013e-09
1.610000e+03 1.018222e-08
1.611000e+03 7.200357e-09
1.612000e+03 4.377152e-09
1.613000e+03 3.422518e-09
1.614000e+03 1.361733e-08
1.615000e+03 5.433161e-09
1.616000e+03 4.979438e-09
1.617000e+03 9.045493e-09
1.618000e+03 5.388622e-09
1.619000e+03 1.049641e-08
1.620000e+03 3.849173e-09
1.621000e+03 3.063583e-09
1.622000e+03 4.867736e-09
1.623000e+03 4.674848e-09
1.624000e+03 5.481549e-09
1.625000e+03 1.373963e-08
1.626000e+03 1.052629e-08
1.627000e+03 9.651600e-09
1.628000e+03 7.415364e-09
1.629000e+03 3.356788e-09
1.630000e+03 2.317782e-09
1.631000e+03 7.655177e-09
1.632000e+03 7.474807e-09
1.633000e+03 6.833942e-09
1.634000e+03 8.209783e-09
1.635000e+03 4.800785e-09
1.636000e+03 4.892452e-09
1.637000e+03 1.359740e-08
1.638000e+03 5.739111e-09
1.639000e+03 5.885143e-09
1.640000e+03 4.487971e-09
1.641000e+03 1.160507e-08
1.642000e+03 6.548751e-09
1.643000e+03 2.366243e-09
1.644000e+03 4.231525e-09
1.645000e+03 5.335659e-09
1.646000e+03 8.699160e-09
1.647000e+03 4.533674e-09
1.648000e+03 3.688218e-09
1.649000e+03 3.767991e-09
1.650000e+03 2.859780e-09
1.651000e+03 4.479333e-09
1.652000e+03 6.483116e-09
1.653000e+03 1.515643e-08
1.654000e+03 1.087664e-08
1.655000e+03 1.137492e-08
1.656000e+03 2.494389e-09
1.657000e+03 3.460351e-09
1.658000e+03 7.349890e-09
1.659000e+03 5.234704e-09
1.660000e+03 4.749405e-09
1.661000e+03 8.992077e-09
1.662000e+03 2.449909e-09
1.663000e+03 1.016522e-08
1.664000e+03 1.355205e-08
1.665000e+03 7.676316e-09
1.666000e+03 3.452396e-09
1.667000e+03 2.972314e-09
1.668000e+03 4.148397e-10
1.669000e+03 1.973602e-08
1.670000e+03 4.352601e-09
1.671000e+03 7.604854e-09
1.672000e+03 4.941336e-09
1.673000e+03 1.098956e-08
1.674000e+03 4.272514e-09
1.675000e+03 2.811225e-09
1.676000e+03 4.399369e-09
1.677000e+03 3.751498e-09
1.678000e+03 3.793806e-09
1.679000e+03 3.764669e-09
1.680000e+03 2.863904e-08
1.681000e+03 7.339792e-09
1.682000e+03 5.474874e-09
1.683000e+03 3.853507e-09
1.684000e+03 2.885348e-09
1.685000e+03 2.071756e-08
1.686000e+03 1.263275e-08
1.687000e+03 4.938956e-09
1.688000e+03 5.699930e-09
1.689000e+03 6.524009e-10
1.690000e+03 2.716807e-09
1.691000e+03 1.249806e-08
1.692000e+03 5.862666e-09
1.693000e+03 6.217315e-09
1.694000e+03 4.435926e-09
1.695000e+03 4.783104e-09
1.696000e+03 4.197703e-09
1.697000e+03 2.491437e-09
1.698000e+03 4.184590e-09
1.699000e+03 6.902835e-09
1.700000e+03 1.023055e-08
1.701000e+03 3.145349e-09
1.702000e+03 2.646799e-09
1.703000e+03 5.897430e-09
1.704000e+03 4.875645e-09
1.705000e+03 6.585324e-09
1.706000e+03 9.895738e-09
1.707000e+03 1.045177e-08
1.708000e+03 7.720791e-09
1.709000e+03 1.388444e-08
1.710000e+03 2.305640e-09
1.711000e+03 2.096712e-08
1.712000e+03 7.493592e-09
1.713000e+03 6.669457e-09
1.714000e+03 4.015965e-09
1.715000e+03 6.481545e-09
1.716000e+03 3.088000e-09
1.717000e+03 4.844621e-09
1.718000e+03 1.083681e-08
1.719000e+03 7.073415e-09
1.720000e+03 3.396586e-09
1.721000e+03 3.339808e-09
1.722000e+03 1.515604e-08
1.723000e+03 2.016235e-08
1.724000e+03 3.808494e-09
1.725000e+03 8.582461e-09
1.726000e+03 5.003724e-09
1.727000e+03 1.082808e-08
1.728000e+03 4.652658e-09
1.729000e+03 2.924249e-09
1.730000e+03 5.630017e-09
1.731000e+03 4.621744e-09
1.732000e+03 5.265609e-09
1.733000e+03 1.278512e-08
1.734000e+03 1.233076e-08
1.735000e+03 9.837626e-09
1.736000e+03 7.552841e-09
1.737000e+03 2.714624e-09
1.738000e+03 2.126424e-09
1.739000e+03 5.468930e-09
1.740000e+03 2.395161e-08
1.741000e+03 5.694586e-09
1.742000e+03 6.517299e-09
1.743000e+03 6.622608e-09
1.744000e+03 5.816740e-09
1.745000e+03 1.294436e-08
1.746000e+03 6.177514e-09
1.747000e+03 5.100013e-09
1.748000e+03 4.488823e-09
1.749000e+03 9.346313e-09
1.750000e+03 4.752707e-09
1.751000e+03 1.941504e-09
1.752000e+03 4.518586e-09
1.753000e+03 4.867774e-09
1.754000e+03 7.612338e-09
1.755000e+03 2.993982e-09
1.756000e+03 1.790002e-09
1.757000e+03 3.670607e-09
1.758000e+03 2.747018e-09
1.759000e+03 6.464613e-09
1.760000e+03 6.597243e-09
1.761000e+03 2.173805e-08
1.762000e+03 9.980666e-09
1.763000e+03 1.063632e-08
1.764000e+03 2.455017e-09
1.765000e+03 4.004022e-09
1.766000e+03 1.113632e-08
1.767000e+03 4.927699e-09
1.768000e+03 3.757603e-09
1.769000e+03 6.945508e-09
1.770000e+03 1.817239e-09
1.771000e+03 6.752837e-09
1.772000e+03 1.262070e-08
1.773000e+03 6.296146e-09
1.774000e+03 3.395205e-09
1.775000e+03 5.376585e-09
1.776000e+03 1.000880e-08
1.777000e+03 5.261396e-10
1.778000e+03 4.149196e-09
1.779000e+03 7.102939e-09
1.780000e+03 5.291543e-09
1.781000e+03 1.082850e-08
1.782000e+03 3.848135e-09
1.783000e+03 2.657346e-09
1.784000e+03 4.336984e-09
1.785000e+03 3.491565e-09
1.786000e+03 3.985679e-09
1.787000e+03 5.225996e-09
1.788000e+03 1.208181e-08
1.789000e+03 7.687375e-09
1.790000e+03 5.632060e-09
1.791000e+03 4.508089e-09
1.792000e+03 1.163431e-08
1.793000e+03 1.087262e-08
1.794000e+03 7.817344e-09
1.795000e+03 4.215981e-09
1.796000e+03 6.467112e-09
1.797000e+03 7.816573e-09
1.798000e+03 2.677448e-09
1.799000e+03 1.226914e-08
1.800000e+03 5.475479e-09
