Title ="THE FLUX ERR"
Variables=
iter
residual
1.000000e+00 7.326434e-04
2.000000e+00 7.222774e-03
3.000000e+00 5.087230e-04
4.000000e+00 1.675433e-03
5.000000e+00 1.072628e-03
6.000000e+00 1.622075e-03
7.000000e+00 4.704752e-04
8.000000e+00 6.855227e-04
9.000000e+00 1.258935e-04
1.000000e+01 6.196163e-04
1.100000e+01 4.625772e-04
1.200000e+01 2.691502e-04
1.300000e+01 1.770147e-04
1.400000e+01 2.690805e-05
1.500000e+01 2.162557e-05
1.600000e+01 2.580657e-05
1.700000e+01 2.518554e-05
1.800000e+01 3.217090e-05
1.900000e+01 2.848094e-05
2.000000e+01 2.339001e-05
2.100000e+01 2.744633e-05
2.200000e+01 2.906578e-05
2.300000e+01 3.182918e-05
2.400000e+01 2.852788e-05
2.500000e+01 2.253824e-05
2.600000e+01 2.940746e-05
2.700000e+01 5.117999e-05
2.800000e+01 2.105412e-05
2.900000e+01 2.642302e-05
3.000000e+01 2.941581e-05
3.100000e+01 1.764023e-05
3.200000e+01 1.992150e-05
3.300000e+01 2.196149e-05
3.400000e+01 2.881942e-05
3.500000e+01 2.788357e-05
3.600000e+01 2.302884e-05
3.700000e+01 2.842636e-05
3.800000e+01 1.337793e-05
3.900000e+01 2.252922e-05
4.000000e+01 1.764298e-05
4.100000e+01 1.329270e-05
4.200000e+01 1.312579e-05
4.300000e+01 1.323153e-05
4.400000e+01 1.482369e-05
4.500000e+01 8.146821e-06
4.600000e+01 1.227189e-05
4.700000e+01 1.257313e-05
4.800000e+01 8.062913e-05
4.900000e+01 1.437108e-05
5.000000e+01 7.416865e-05
5.100000e+01 1.639735e-05
5.200000e+01 9.170139e-05
5.300000e+01 1.690589e-05
5.400000e+01 9.967180e-05
5.500000e+01 1.583997e-05
5.600000e+01 9.419795e-05
5.700000e+01 1.177322e-04
5.800000e+01 1.071866e-04
5.900000e+01 1.041727e-04
6.000000e+01 9.438465e-05
6.100000e+01 1.018260e-04
6.200000e+01 1.020017e-04
6.300000e+01 1.038328e-04
6.400000e+01 1.085652e-04
6.500000e+01 7.577989e-05
6.600000e+01 8.627839e-05
6.700000e+01 7.955330e-05
6.800000e+01 7.221437e-05
6.900000e+01 6.715957e-05
7.000000e+01 7.727903e-05
7.100000e+01 8.335350e-05
7.200000e+01 9.589514e-05
7.300000e+01 9.192252e-05
7.400000e+01 1.257578e-04
7.500000e+01 1.239311e-04
7.600000e+01 1.344986e-04
7.700000e+01 1.592537e-04
7.800000e+01 1.687206e-04
7.900000e+01 1.443391e-04
8.000000e+01 1.912320e-04
8.100000e+01 1.440753e-04
8.200000e+01 1.570978e-04
8.300000e+01 1.540863e-04
8.400000e+01 1.618597e-04
8.500000e+01 1.424255e-04
8.600000e+01 1.313379e-04
8.700000e+01 1.327997e-04
8.800000e+01 1.162313e-04
8.900000e+01 1.145976e-04
9.000000e+01 8.885673e-05
9.100000e+01 8.743682e-05
9.200000e+01 7.427617e-05
9.300000e+01 5.025839e-05
9.400000e+01 4.269321e-05
9.500000e+01 3.164521e-05
9.600000e+01 3.902655e-05
9.700000e+01 4.872094e-05
9.800000e+01 7.413922e-05
9.900000e+01 6.129863e-06
1.000000e+02 6.518020e-05
1.010000e+02 8.637204e-06
1.020000e+02 8.007966e-06
1.030000e+02 1.267127e-05
1.040000e+02 8.000645e-06
1.050000e+02 1.457164e-05
1.060000e+02 1.603723e-05
1.070000e+02 9.770620e-06
1.080000e+02 1.188954e-05
1.090000e+02 1.297571e-05
1.100000e+02 8.141398e-05
1.110000e+02 1.799879e-05
1.120000e+02 8.928126e-05
1.130000e+02 7.817443e-05
1.140000e+02 1.190965e-05
1.150000e+02 1.655935e-05
1.160000e+02 9.427647e-05
1.170000e+02 1.108801e-04
1.180000e+02 1.071720e-04
1.190000e+02 9.126386e-05
1.200000e+02 7.070445e-05
1.210000e+02 8.537931e-05
1.220000e+02 7.892089e-05
1.230000e+02 6.499866e-05
1.240000e+02 6.267878e-05
1.250000e+02 4.141021e-05
1.260000e+02 3.785967e-05
1.270000e+02 3.205258e-05
1.280000e+02 2.381971e-05
1.290000e+02 1.238923e-05
1.300000e+02 1.203212e-05
1.310000e+02 1.401263e-05
1.320000e+02 1.623108e-05
1.330000e+02 1.859374e-05
1.340000e+02 2.079496e-05
1.350000e+02 2.727760e-05
1.360000e+02 2.348129e-05
1.370000e+02 2.631935e-05
1.380000e+02 2.419313e-05
1.390000e+02 2.709975e-05
1.400000e+02 2.808329e-05
1.410000e+02 3.178716e-05
1.420000e+02 3.584427e-05
1.430000e+02 4.294842e-05
1.440000e+02 2.862703e-05
1.450000e+02 3.165329e-05
1.460000e+02 3.983387e-05
1.470000e+02 3.631349e-05
1.480000e+02 3.488655e-05
1.490000e+02 4.088183e-05
1.500000e+02 4.651680e-06
1.510000e+02 3.549931e-05
1.520000e+02 3.858622e-05
1.530000e+02 3.237901e-05
1.540000e+02 3.437130e-05
1.550000e+02 3.381225e-05
1.560000e+02 3.403832e-05
1.570000e+02 2.922955e-05
1.580000e+02 3.660964e-05
1.590000e+02 2.676635e-05
1.600000e+02 2.862294e-05
1.610000e+02 2.969319e-05
1.620000e+02 1.860734e-05
1.630000e+02 2.228407e-05
1.640000e+02 2.285832e-05
1.650000e+02 2.198865e-05
1.660000e+02 2.313866e-05
1.670000e+02 1.777788e-05
1.680000e+02 1.721658e-05
1.690000e+02 1.810931e-05
1.700000e+02 1.523281e-05
1.710000e+02 1.568223e-05
1.720000e+02 1.455900e-05
1.730000e+02 1.131954e-05
1.740000e+02 1.137705e-05
1.750000e+02 1.155467e-05
1.760000e+02 9.382382e-06
1.770000e+02 1.039941e-05
1.780000e+02 9.587127e-06
1.790000e+02 9.870217e-06
1.800000e+02 9.571990e-06
1.810000e+02 9.280928e-06
1.820000e+02 9.046765e-06
1.830000e+02 9.207637e-06
1.840000e+02 9.350463e-06
1.850000e+02 7.632113e-06
1.860000e+02 8.705928e-06
1.870000e+02 8.938552e-06
1.880000e+02 1.000327e-05
1.890000e+02 8.709986e-06
1.900000e+02 8.735096e-06
1.910000e+02 7.868805e-06
1.920000e+02 9.050247e-06
1.930000e+02 9.747265e-06
1.940000e+02 1.057413e-05
1.950000e+02 1.077268e-05
1.960000e+02 9.840560e-06
1.970000e+02 8.316547e-06
1.980000e+02 7.286110e-06
1.990000e+02 7.061214e-06
2.000000e+02 7.163103e-06
2.010000e+02 9.766167e-06
2.020000e+02 8.049547e-06
2.030000e+02 8.631053e-06
2.040000e+02 1.021417e-05
2.050000e+02 8.643577e-06
2.060000e+02 7.603141e-06
2.070000e+02 6.944449e-06
2.080000e+02 6.652215e-06
2.090000e+02 5.709370e-06
2.100000e+02 5.824365e-06
2.110000e+02 5.785897e-06
2.120000e+02 5.159910e-06
2.130000e+02 5.045510e-06
2.140000e+02 4.739327e-06
2.150000e+02 4.963815e-06
2.160000e+02 4.881106e-06
2.170000e+02 5.741743e-06
2.180000e+02 5.732866e-06
2.190000e+02 5.235912e-06
2.200000e+02 3.975372e-06
2.210000e+02 3.594938e-06
2.220000e+02 3.446032e-06
2.230000e+02 3.458971e-06
2.240000e+02 3.797322e-06
2.250000e+02 3.399638e-06
2.260000e+02 3.765695e-06
2.270000e+02 3.372510e-06
2.280000e+02 3.538299e-06
2.290000e+02 3.541837e-06
2.300000e+02 3.425068e-06
2.310000e+02 2.695377e-06
2.320000e+02 2.753624e-06
2.330000e+02 2.739443e-06
2.340000e+02 2.601574e-06
2.350000e+02 2.500123e-06
2.360000e+02 2.566355e-06
2.370000e+02 2.536509e-06
2.380000e+02 2.471303e-06
2.390000e+02 2.509732e-06
2.400000e+02 2.494658e-06
2.410000e+02 2.379094e-06
2.420000e+02 2.348864e-06
2.430000e+02 2.215024e-06
2.440000e+02 2.328341e-06
2.450000e+02 2.476153e-06
2.460000e+02 2.838627e-06
2.470000e+02 3.002803e-06
2.480000e+02 2.930247e-06
2.490000e+02 2.877059e-06
2.500000e+02 2.634971e-06
2.510000e+02 2.442614e-06
2.520000e+02 2.531318e-06
2.530000e+02 2.497964e-06
2.540000e+02 2.535325e-06
2.550000e+02 2.337168e-06
2.560000e+02 2.414588e-06
2.570000e+02 2.491426e-06
2.580000e+02 2.234609e-06
2.590000e+02 1.881827e-06
2.600000e+02 2.128417e-06
2.610000e+02 2.107247e-06
2.620000e+02 2.037269e-06
2.630000e+02 1.807162e-06
2.640000e+02 2.165803e-06
2.650000e+02 2.047136e-06
2.660000e+02 1.732663e-06
2.670000e+02 2.012282e-06
2.680000e+02 1.757696e-06
2.690000e+02 1.646821e-06
2.700000e+02 1.981303e-06
2.710000e+02 1.974396e-06
2.720000e+02 1.403618e-06
2.730000e+02 1.383243e-06
2.740000e+02 1.453947e-06
2.750000e+02 1.436719e-06
2.760000e+02 1.402102e-06
2.770000e+02 1.321174e-06
2.780000e+02 1.278533e-06
2.790000e+02 1.398238e-06
2.800000e+02 1.485615e-06
2.810000e+02 1.524483e-06
2.820000e+02 1.371399e-06
2.830000e+02 1.323827e-06
2.840000e+02 1.274694e-06
2.850000e+02 1.054269e-06
2.860000e+02 8.629734e-07
2.870000e+02 8.971977e-07
2.880000e+02 8.908016e-07
2.890000e+02 8.661799e-07
2.900000e+02 7.948273e-07
2.910000e+02 7.818893e-07
2.920000e+02 7.641079e-07
2.930000e+02 7.731075e-07
2.940000e+02 7.357585e-07
2.950000e+02 6.946369e-07
2.960000e+02 7.105296e-07
2.970000e+02 7.426873e-07
2.980000e+02 7.034343e-07
2.990000e+02 6.932402e-07
3.000000e+02 7.015923e-07
3.010000e+02 6.663729e-07
3.020000e+02 6.690466e-07
3.030000e+02 6.518600e-07
3.040000e+02 6.417465e-07
3.050000e+02 6.267197e-07
3.060000e+02 6.247346e-07
3.070000e+02 5.965263e-07
3.080000e+02 5.893921e-07
3.090000e+02 5.843335e-07
3.100000e+02 5.749120e-07
3.110000e+02 5.612962e-07
3.120000e+02 5.539346e-07
3.130000e+02 5.430284e-07
3.140000e+02 5.593939e-07
3.150000e+02 5.476669e-07
3.160000e+02 5.322194e-07
3.170000e+02 5.227564e-07
3.180000e+02 5.021048e-07
3.190000e+02 4.791407e-07
3.200000e+02 4.733751e-07
3.210000e+02 4.941488e-07
3.220000e+02 4.801337e-07
3.230000e+02 4.598816e-07
3.240000e+02 4.324483e-07
3.250000e+02 4.264587e-07
3.260000e+02 4.322749e-07
3.270000e+02 4.163547e-07
3.280000e+02 4.074739e-07
3.290000e+02 3.747114e-07
3.300000e+02 3.675010e-07
3.310000e+02 3.649046e-07
3.320000e+02 3.551653e-07
3.330000e+02 3.497033e-07
3.340000e+02 3.483649e-07
3.350000e+02 3.614976e-07
3.360000e+02 3.584460e-07
3.370000e+02 3.503014e-07
3.380000e+02 3.517020e-07
3.390000e+02 3.617928e-07
3.400000e+02 3.594803e-07
3.410000e+02 3.521110e-07
3.420000e+02 3.405086e-07
3.430000e+02 3.332693e-07
3.440000e+02 3.250351e-07
3.450000e+02 3.359686e-07
3.460000e+02 3.281860e-07
3.470000e+02 3.182891e-07
3.480000e+02 3.184979e-07
3.490000e+02 3.207361e-07
3.500000e+02 3.193873e-07
3.510000e+02 3.181494e-07
3.520000e+02 3.135631e-07
3.530000e+02 3.119692e-07
3.540000e+02 3.055366e-07
3.550000e+02 3.454304e-07
3.560000e+02 3.329236e-07
3.570000e+02 3.278671e-07
3.580000e+02 3.225446e-07
3.590000e+02 3.106107e-07
3.600000e+02 3.167649e-07
3.610000e+02 3.164653e-07
3.620000e+02 3.100910e-07
3.630000e+02 3.100275e-07
3.640000e+02 3.108670e-07
3.650000e+02 3.082662e-07
3.660000e+02 2.971944e-07
3.670000e+02 2.996087e-07
3.680000e+02 2.880195e-07
3.690000e+02 2.951101e-07
3.700000e+02 2.946762e-07
3.710000e+02 2.942710e-07
3.720000e+02 2.627163e-07
3.730000e+02 2.563381e-07
3.740000e+02 2.717655e-07
3.750000e+02 2.722700e-07
3.760000e+02 2.704575e-07
3.770000e+02 2.663320e-07
3.780000e+02 2.624415e-07
3.790000e+02 3.055680e-07
3.800000e+02 3.192752e-07
3.810000e+02 3.168578e-07
3.820000e+02 1.639734e-07
3.830000e+02 5.069051e-07
3.840000e+02 1.089075e-07
3.850000e+02 5.426612e-07
3.860000e+02 1.039257e-07
3.870000e+02 3.651837e-07
3.880000e+02 1.248469e-07
3.890000e+02 7.627435e-08
3.900000e+02 1.095557e-07
3.910000e+02 8.839474e-08
3.920000e+02 3.338709e-07
3.930000e+02 1.319241e-07
3.940000e+02 9.149955e-08
3.950000e+02 6.523977e-08
3.960000e+02 4.017513e-07
3.970000e+02 3.055166e-07
3.980000e+02 7.592544e-08
3.990000e+02 3.622005e-07
4.000000e+02 2.666618e-07
4.010000e+02 7.904759e-08
4.020000e+02 3.455317e-07
4.030000e+02 2.488078e-07
4.040000e+02 6.849655e-08
4.050000e+02 3.331996e-07
4.060000e+02 2.389907e-07
4.070000e+02 6.662473e-08
4.080000e+02 4.949220e-08
4.090000e+02 2.119126e-07
4.100000e+02 7.030390e-08
4.110000e+02 4.532424e-08
4.120000e+02 2.091914e-07
4.130000e+02 1.757046e-07
4.140000e+02 8.616747e-08
4.150000e+02 4.299143e-08
4.160000e+02 1.923502e-07
4.170000e+02 7.468260e-08
4.180000e+02 4.319122e-08
4.190000e+02 1.938371e-07
4.200000e+02 1.563894e-07
4.210000e+02 7.566499e-08
4.220000e+02 4.234366e-08
4.230000e+02 1.849648e-07
4.240000e+02 1.485639e-07
4.250000e+02 1.246647e-07
4.260000e+02 7.715833e-08
4.270000e+02 4.043474e-08
4.280000e+02 1.709091e-07
4.290000e+02 1.353641e-07
4.300000e+02 1.062772e-07
4.310000e+02 7.472477e-08
4.320000e+02 3.903878e-08
4.330000e+02 1.614550e-07
4.340000e+02 1.303373e-07
4.350000e+02 1.026813e-07
4.360000e+02 7.877799e-08
4.370000e+02 3.778185e-08
4.380000e+02 2.264479e-08
4.390000e+02 1.126943e-07
4.400000e+02 9.386021e-08
4.410000e+02 8.678057e-08
4.420000e+02 7.905700e-08
4.430000e+02 3.744844e-08
4.440000e+02 2.190070e-08
4.450000e+02 1.070363e-07
4.460000e+02 9.239716e-08
4.470000e+02 8.124342e-08
4.480000e+02 7.528814e-08
4.490000e+02 3.716500e-08
4.500000e+02 2.119207e-08
4.510000e+02 1.019266e-07
4.520000e+02 8.693310e-08
4.530000e+02 7.740656e-08
4.540000e+02 6.942979e-08
4.550000e+02 7.680397e-08
4.560000e+02 3.560912e-08
4.570000e+02 2.214339e-08
4.580000e+02 9.892145e-08
4.590000e+02 8.236318e-08
4.600000e+02 6.705089e-08
4.610000e+02 6.424483e-08
4.620000e+02 5.973411e-08
4.630000e+02 6.850935e-08
4.640000e+02 3.162481e-08
4.650000e+02 1.895054e-08
4.660000e+02 8.608111e-08
4.670000e+02 6.775577e-08
4.680000e+02 5.640655e-08
4.690000e+02 4.899309e-08
4.700000e+02 4.756529e-08
4.710000e+02 4.499189e-08
4.720000e+02 4.642938e-08
4.730000e+02 6.638953e-08
4.740000e+02 2.990215e-08
4.750000e+02 1.876160e-08
4.760000e+02 8.544616e-08
4.770000e+02 6.698379e-08
4.780000e+02 5.379910e-08
4.790000e+02 4.915733e-08
4.800000e+02 4.595167e-08
4.810000e+02 4.224096e-08
4.820000e+02 4.205264e-08
4.830000e+02 4.077976e-08
4.840000e+02 7.486700e-08
4.850000e+02 3.872292e-08
4.860000e+02 1.707456e-08
4.870000e+02 8.150773e-08
4.880000e+02 6.486268e-08
4.890000e+02 5.209399e-08
4.900000e+02 4.283042e-08
4.910000e+02 3.994560e-08
4.920000e+02 3.766462e-08
4.930000e+02 3.531549e-08
4.940000e+02 3.618491e-08
4.950000e+02 3.484610e-08
4.960000e+02 3.369309e-08
4.970000e+02 3.539282e-08
4.980000e+02 6.041200e-08
4.990000e+02 5.098285e-08
5.000000e+02 1.644578e-08
5.010000e+02 1.131378e-08
5.020000e+02 4.890171e-08
5.030000e+02 4.455268e-08
5.040000e+02 4.140869e-08
5.050000e+02 3.436505e-08
5.060000e+02 3.422161e-08
5.070000e+02 3.196214e-08
5.080000e+02 2.928368e-08
5.090000e+02 3.191900e-08
5.100000e+02 3.153056e-08
5.110000e+02 2.807167e-08
5.120000e+02 2.886113e-08
5.130000e+02 2.801153e-08
5.140000e+02 2.775003e-08
5.150000e+02 2.727145e-08
5.160000e+02 2.691682e-08
5.170000e+02 6.454967e-08
5.180000e+02 5.875540e-08
5.190000e+02 1.415124e-08
5.200000e+02 7.034269e-08
5.210000e+02 5.395859e-08
5.220000e+02 3.982762e-08
5.230000e+02 3.021070e-08
5.240000e+02 2.974976e-08
5.250000e+02 2.648568e-08
5.260000e+02 2.361531e-08
5.270000e+02 2.583934e-08
5.280000e+02 2.729242e-08
5.290000e+02 2.291432e-08
5.300000e+02 2.376467e-08
5.310000e+02 2.383338e-08
5.320000e+02 2.196477e-08
5.330000e+02 2.443021e-08
5.340000e+02 2.519121e-08
5.350000e+02 2.365853e-08
5.360000e+02 2.501268e-08
5.370000e+02 2.457114e-08
5.380000e+02 2.234570e-08
5.390000e+02 2.437896e-08
5.400000e+02 2.300599e-08
5.410000e+02 2.106353e-08
5.420000e+02 2.291108e-08
5.430000e+02 7.113917e-08
5.440000e+02 5.242389e-08
5.450000e+02 1.406354e-08
5.460000e+02 9.470824e-09
5.470000e+02 7.256174e-09
5.480000e+02 3.385998e-08
5.490000e+02 2.796595e-08
5.500000e+02 2.346087e-09
5.510000e+02 2.346471e-09
5.520000e+02 2.922619e-08
5.530000e+02 2.523501e-08
5.540000e+02 2.412708e-08
5.550000e+02 2.129361e-08
5.560000e+02 1.904491e-08
5.570000e+02 2.173979e-08
5.580000e+02 2.038002e-08
5.590000e+02 1.825508e-08
5.600000e+02 1.910807e-08
5.610000e+02 1.892473e-08
5.620000e+02 1.671195e-08
5.630000e+02 1.887296e-08
5.640000e+02 1.870689e-08
5.650000e+02 1.671042e-08
5.660000e+02 1.858764e-08
5.670000e+02 1.799664e-08
5.680000e+02 1.810527e-08
5.690000e+02 2.078738e-08
5.700000e+02 1.872204e-08
5.710000e+02 1.561250e-08
5.720000e+02 1.828689e-08
5.730000e+02 1.637524e-08
5.740000e+02 1.641513e-08
5.750000e+02 1.879980e-08
5.760000e+02 2.055077e-08
5.770000e+02 1.713399e-08
5.780000e+02 1.818672e-08
5.790000e+02 1.831057e-08
5.800000e+02 1.631443e-08
5.810000e+02 1.898390e-08
5.820000e+02 6.651828e-08
5.830000e+02 5.993261e-08
5.840000e+02 1.548783e-08
5.850000e+02 7.411104e-09
5.860000e+02 3.509913e-08
5.870000e+02 2.992269e-08
5.880000e+02 2.314545e-08
5.890000e+02 1.932850e-08
5.900000e+02 1.916602e-08
5.910000e+02 1.804881e-08
5.920000e+02 1.707101e-08
5.930000e+02 1.954864e-08
5.940000e+02 1.822966e-08
5.950000e+02 1.548029e-08
5.960000e+02 1.762238e-08
5.970000e+02 1.636901e-08
5.980000e+02 1.480049e-08
5.990000e+02 1.709140e-08
6.000000e+02 1.950868e-08
6.010000e+02 1.540126e-08
6.020000e+02 1.629161e-08
6.030000e+02 1.578913e-08
6.040000e+02 1.347894e-08
6.050000e+02 1.619800e-08
6.060000e+02 1.506128e-08
6.070000e+02 1.287723e-08
6.080000e+02 1.398280e-08
6.090000e+02 1.463521e-08
6.100000e+02 1.279324e-08
6.110000e+02 1.477861e-08
6.120000e+02 1.484722e-08
6.130000e+02 1.284065e-08
6.140000e+02 1.460618e-08
6.150000e+02 1.425955e-08
6.160000e+02 1.403750e-08
6.170000e+02 1.684876e-08
6.180000e+02 1.491544e-08
6.190000e+02 1.242226e-08
6.200000e+02 1.490276e-08
6.210000e+02 1.331846e-08
6.220000e+02 1.219972e-08
6.230000e+02 1.452607e-08
6.240000e+02 1.554425e-08
6.250000e+02 1.230526e-08
6.260000e+02 1.349661e-08
6.270000e+02 1.365270e-08
6.280000e+02 1.161710e-08
6.290000e+02 1.433499e-08
6.300000e+02 1.359869e-08
6.310000e+02 1.255203e-08
6.320000e+02 1.278459e-08
6.330000e+02 1.342972e-08
6.340000e+02 1.182827e-08
6.350000e+02 1.494158e-08
6.360000e+02 1.512255e-08
6.370000e+02 1.359999e-08
6.380000e+02 1.516451e-08
6.390000e+02 1.472002e-08
6.400000e+02 1.348524e-08
6.410000e+02 6.202140e-08
6.420000e+02 3.605135e-08
6.430000e+02 2.111073e-08
6.440000e+02 6.352370e-09
6.450000e+02 3.193315e-08
6.460000e+02 2.536414e-08
6.470000e+02 2.188904e-08
6.480000e+02 2.009724e-08
6.490000e+02 1.623347e-08
6.500000e+02 1.621809e-08
6.510000e+02 1.607221e-08
6.520000e+02 1.404874e-08
6.530000e+02 1.653555e-08
6.540000e+02 1.567456e-08
6.550000e+02 1.380904e-08
6.560000e+02 1.381291e-08
6.570000e+02 1.411925e-08
6.580000e+02 1.239096e-08
6.590000e+02 1.420657e-08
6.600000e+02 1.458558e-08
6.610000e+02 1.241707e-08
6.620000e+02 1.387137e-08
6.630000e+02 1.349099e-08
6.640000e+02 1.194394e-08
6.650000e+02 1.563768e-08
6.660000e+02 1.406584e-08
6.670000e+02 1.105275e-08
6.680000e+02 1.340407e-08
6.690000e+02 1.185937e-08
6.700000e+02 1.086742e-08
6.710000e+02 1.307728e-08
6.720000e+02 1.354209e-08
6.730000e+02 9.498889e-09
6.740000e+02 1.064675e-08
6.750000e+02 1.118747e-08
6.760000e+02 8.931523e-09
6.770000e+02 1.162101e-08
6.780000e+02 1.089165e-08
6.790000e+02 8.979933e-09
6.800000e+02 8.776471e-09
6.810000e+02 1.008922e-08
6.820000e+02 8.322520e-09
6.830000e+02 1.022649e-08
6.840000e+02 1.041327e-08
6.850000e+02 8.760680e-09
6.860000e+02 1.047326e-08
6.870000e+02 1.009231e-08
6.880000e+02 8.427850e-09
6.890000e+02 1.197540e-08
6.900000e+02 1.113731e-08
6.910000e+02 8.340758e-09
6.920000e+02 1.063294e-08
6.930000e+02 9.522909e-09
6.940000e+02 8.196495e-09
6.950000e+02 1.041987e-08
6.960000e+02 1.215244e-08
6.970000e+02 9.314410e-09
6.980000e+02 1.021276e-08
6.990000e+02 1.041570e-08
7.000000e+02 8.096579e-09
7.010000e+02 1.112692e-08
7.020000e+02 1.013862e-08
7.030000e+02 8.261766e-09
7.040000e+02 8.599644e-09
7.050000e+02 9.436299e-09
7.060000e+02 7.574559e-09
7.070000e+02 9.495792e-09
7.080000e+02 9.873005e-09
7.090000e+02 7.921974e-09
7.100000e+02 9.410827e-09
7.110000e+02 9.456998e-09
7.120000e+02 8.201016e-09
7.130000e+02 1.229009e-08
7.140000e+02 1.037000e-08
7.150000e+02 7.661369e-09
7.160000e+02 1.006285e-08
7.170000e+02 8.577311e-09
7.180000e+02 7.563681e-09
7.190000e+02 9.946518e-09
7.200000e+02 1.066607e-08
7.210000e+02 7.931844e-09
7.220000e+02 9.072556e-09
7.230000e+02 9.527617e-09
7.240000e+02 7.395933e-09
7.250000e+02 1.003325e-08
7.260000e+02 9.562420e-09
7.270000e+02 5.934106e-09
7.280000e+02 5.526431e-08
7.290000e+02 1.632932e-08
7.300000e+02 7.559665e-09
7.310000e+02 3.026570e-08
7.320000e+02 2.260512e-08
7.330000e+02 1.478400e-08
7.340000e+02 1.307999e-08
7.350000e+02 1.129158e-08
7.360000e+02 8.966420e-09
7.370000e+02 1.208843e-08
7.380000e+02 1.100709e-08
7.390000e+02 8.266366e-09
7.400000e+02 1.032216e-08
7.410000e+02 9.423553e-09
7.420000e+02 8.047531e-09
7.430000e+02 1.019982e-08
7.440000e+02 1.192625e-08
7.450000e+02 8.889700e-09
7.460000e+02 9.654201e-09
7.470000e+02 9.785131e-09
7.480000e+02 7.122520e-09
7.490000e+02 1.025761e-08
7.500000e+02 9.199627e-09
7.510000e+02 7.356601e-09
7.520000e+02 7.599700e-09
7.530000e+02 8.385861e-09
7.540000e+02 6.413606e-09
7.550000e+02 7.925024e-09
7.560000e+02 8.596791e-09
7.570000e+02 6.559603e-09
7.580000e+02 8.031116e-09
7.590000e+02 8.100997e-09
7.600000e+02 7.817787e-09
7.610000e+02 1.106937e-08
7.620000e+02 9.059287e-09
7.630000e+02 6.211500e-09
7.640000e+02 8.690441e-09
7.650000e+02 7.265046e-09
7.660000e+02 6.165571e-09
7.670000e+02 8.386037e-09
7.680000e+02 9.391193e-09
7.690000e+02 6.522413e-09
7.700000e+02 7.400764e-09
7.710000e+02 8.089384e-09
7.720000e+02 5.692567e-09
7.730000e+02 8.619366e-09
7.740000e+02 7.902852e-09
7.750000e+02 6.206022e-09
7.760000e+02 6.034849e-09
7.770000e+02 7.684422e-09
7.780000e+02 5.620586e-09
7.790000e+02 7.268216e-09
7.800000e+02 7.675271e-09
7.810000e+02 6.006746e-09
7.820000e+02 7.445856e-09
7.830000e+02 7.330809e-09
7.840000e+02 6.428945e-09
7.850000e+02 9.243996e-09
7.860000e+02 8.356301e-09
7.870000e+02 5.728342e-09
7.880000e+02 7.872653e-09
7.890000e+02 6.852107e-09
7.900000e+02 5.657300e-09
7.910000e+02 7.831138e-09
7.920000e+02 1.030887e-08
7.930000e+02 7.331110e-09
7.940000e+02 7.946954e-09
7.950000e+02 8.266502e-09
7.960000e+02 5.558139e-09
7.970000e+02 8.758139e-09
7.980000e+02 7.617982e-09
7.990000e+02 6.132679e-09
8.000000e+02 6.402472e-09
8.010000e+02 7.354008e-09
8.020000e+02 5.366923e-09
8.030000e+02 7.090303e-09
8.040000e+02 7.578639e-09
8.050000e+02 5.478827e-09
8.060000e+02 7.152895e-09
8.070000e+02 7.280218e-09
8.080000e+02 7.611822e-09
8.090000e+02 1.055687e-08
8.100000e+02 8.452289e-09
8.110000e+02 5.589724e-09
8.120000e+02 7.892164e-09
8.130000e+02 6.412315e-09
8.140000e+02 5.478347e-09
8.150000e+02 7.545474e-09
8.160000e+02 8.962070e-09
8.170000e+02 5.941268e-09
8.180000e+02 6.916427e-09
8.190000e+02 7.392491e-09
8.200000e+02 5.370465e-09
8.210000e+02 8.095471e-09
8.220000e+02 7.291202e-09
8.230000e+02 5.683592e-09
8.240000e+02 5.687962e-09
8.250000e+02 7.307366e-09
8.260000e+02 5.133649e-09
8.270000e+02 6.696365e-09
8.280000e+02 6.920894e-09
8.290000e+02 5.351054e-09
8.300000e+02 6.877595e-09
8.310000e+02 6.718464e-09
8.320000e+02 6.481772e-09
8.330000e+02 8.894212e-09
8.340000e+02 7.747678e-09
8.350000e+02 5.206709e-09
8.360000e+02 7.242466e-09
8.370000e+02 6.274120e-09
8.380000e+02 4.981677e-09
8.390000e+02 7.301545e-09
8.400000e+02 1.008079e-08
8.410000e+02 6.656126e-09
8.420000e+02 7.175813e-09
8.430000e+02 7.414839e-09
8.440000e+02 5.135587e-09
8.450000e+02 8.041256e-09
8.460000e+02 7.077603e-09
8.470000e+02 8.163209e-09
8.480000e+02 6.846758e-08
8.490000e+02 2.253585e-08
8.500000e+02 8.337655e-09
8.510000e+02 2.691518e-08
8.520000e+02 1.971867e-08
8.530000e+02 1.246420e-08
8.540000e+02 1.082673e-08
8.550000e+02 9.289519e-09
8.560000e+02 8.484518e-09
8.570000e+02 1.153176e-08
8.580000e+02 9.137637e-09
8.590000e+02 6.391955e-09
8.600000e+02 8.500338e-09
8.610000e+02 7.125959e-09
8.620000e+02 6.203806e-09
8.630000e+02 8.487000e-09
8.640000e+02 9.606180e-09
8.650000e+02 6.298123e-09
8.660000e+02 7.333574e-09
8.670000e+02 7.737975e-09
8.680000e+02 6.712940e-09
8.690000e+02 8.529604e-09
8.700000e+02 7.861105e-09
8.710000e+02 5.576996e-09
8.720000e+02 5.632422e-09
8.730000e+02 7.083033e-09
8.740000e+02 4.839233e-09
8.750000e+02 6.323352e-09
8.760000e+02 6.562617e-09
8.770000e+02 4.847458e-09
8.780000e+02 7.283003e-09
8.790000e+02 6.162430e-09
8.800000e+02 6.516332e-09
8.810000e+02 8.284665e-09
8.820000e+02 7.184146e-09
8.830000e+02 4.448636e-09
8.840000e+02 6.710996e-09
8.850000e+02 5.872486e-09
8.860000e+02 4.327538e-09
8.870000e+02 6.761363e-09
8.880000e+02 9.469828e-09
8.890000e+02 6.053975e-09
8.900000e+02 6.343950e-09
8.910000e+02 6.859541e-09
8.920000e+02 5.491185e-09
8.930000e+02 8.154686e-09
8.940000e+02 7.041591e-09
8.950000e+02 4.657692e-09
8.960000e+02 5.436049e-09
8.970000e+02 6.091912e-09
8.980000e+02 3.948048e-09
8.990000e+02 6.929544e-09
9.000000e+02 6.609849e-09
9.010000e+02 4.402450e-09
9.020000e+02 7.859091e-09
9.030000e+02 5.858508e-09
9.040000e+02 7.270310e-09
9.050000e+02 9.237691e-09
9.060000e+02 7.084306e-09
9.070000e+02 4.257192e-09
9.080000e+02 6.901058e-09
9.090000e+02 5.309174e-09
9.100000e+02 4.148108e-09
9.110000e+02 7.324593e-09
9.120000e+02 8.186009e-09
9.130000e+02 4.703983e-09
9.140000e+02 6.042126e-09
9.150000e+02 7.197159e-09
9.160000e+02 8.137378e-09
9.170000e+02 8.873110e-09
9.180000e+02 7.767010e-09
9.190000e+02 4.386538e-09
9.200000e+02 4.698538e-09
9.210000e+02 6.255132e-09
9.220000e+02 3.929895e-09
9.230000e+02 6.171917e-09
9.240000e+02 6.024206e-09
9.250000e+02 4.281188e-09
9.260000e+02 8.215137e-09
9.270000e+02 5.666445e-09
9.280000e+02 6.343731e-09
9.290000e+02 7.846284e-09
9.300000e+02 7.164482e-09
9.310000e+02 3.906159e-09
9.320000e+02 6.764123e-09
9.330000e+02 5.672997e-09
9.340000e+02 3.859504e-09
9.350000e+02 6.741895e-09
9.360000e+02 9.408707e-09
9.370000e+02 5.649652e-09
9.380000e+02 6.199166e-09
9.390000e+02 6.689741e-09
9.400000e+02 6.542197e-09
9.410000e+02 8.519176e-09
9.420000e+02 7.992523e-09
9.430000e+02 4.175012e-09
9.440000e+02 5.212823e-09
9.450000e+02 5.831306e-09
9.460000e+02 3.594158e-09
9.470000e+02 8.710450e-09
9.480000e+02 6.575418e-09
9.490000e+02 5.105737e-09
9.500000e+02 9.046019e-09
9.510000e+02 5.618013e-09
9.520000e+02 7.315101e-09
9.530000e+02 9.098304e-09
9.540000e+02 6.744685e-09
9.550000e+02 3.945769e-09
9.560000e+02 6.747721e-09
9.570000e+02 5.133872e-09
9.580000e+02 3.817398e-09
9.590000e+02 7.500429e-09
9.600000e+02 8.218078e-09
9.610000e+02 4.344528e-09
9.620000e+02 6.446838e-09
9.630000e+02 7.367097e-09
9.640000e+02 1.009195e-08
9.650000e+02 9.802282e-09
9.660000e+02 9.277436e-09
9.670000e+02 3.960328e-09
9.680000e+02 4.622827e-09
9.690000e+02 5.923460e-09
9.700000e+02 3.653002e-09
9.710000e+02 6.157627e-09
9.720000e+02 5.972824e-09
9.730000e+02 4.747047e-09
9.740000e+02 8.450366e-09
9.750000e+02 5.868073e-09
9.760000e+02 6.366769e-09
9.770000e+02 7.552090e-09
9.780000e+02 6.971560e-09
9.790000e+02 3.572178e-09
9.800000e+02 6.758248e-09
9.810000e+02 6.001234e-09
9.820000e+02 3.700628e-09
9.830000e+02 7.535617e-09
9.840000e+02 9.322354e-09
9.850000e+02 5.239777e-09
9.860000e+02 5.973545e-09
9.870000e+02 6.546037e-09
9.880000e+02 7.647498e-09
9.890000e+02 8.692527e-09
9.900000e+02 9.764376e-09
9.910000e+02 3.844350e-09
9.920000e+02 5.124721e-09
9.930000e+02 5.457305e-09
9.940000e+02 3.335193e-09
9.950000e+02 1.001224e-08
9.960000e+02 7.232009e-09
9.970000e+02 6.780795e-09
9.980000e+02 1.203149e-08
9.990000e+02 5.537632e-09
1.000000e+03 7.513006e-09
1.001000e+03 8.829784e-09
1.002000e+03 6.480000e-09
1.003000e+03 3.577278e-09
1.004000e+03 6.590246e-09
1.005000e+03 5.461182e-09
1.006000e+03 3.769077e-09
1.007000e+03 8.913753e-09
1.008000e+03 7.807247e-09
1.009000e+03 4.108802e-09
1.010000e+03 6.467399e-09
1.011000e+03 8.195331e-09
1.012000e+03 1.931684e-08
1.013000e+03 1.199266e-08
1.014000e+03 1.058608e-08
1.015000e+03 3.605508e-09
1.016000e+03 4.328561e-09
1.017000e+03 5.698139e-09
1.018000e+03 3.240321e-09
1.019000e+03 6.053350e-09
1.020000e+03 6.344985e-09
1.021000e+03 5.276918e-09
1.022000e+03 1.197933e-08
1.023000e+03 5.688656e-09
1.024000e+03 6.130638e-09
1.025000e+03 7.162674e-09
1.026000e+03 7.321578e-09
1.027000e+03 3.416411e-09
1.028000e+03 7.644096e-09
1.029000e+03 6.689475e-09
1.030000e+03 3.854804e-09
1.031000e+03 7.815812e-09
1.032000e+03 9.088759e-09
1.033000e+03 5.071752e-09
1.034000e+03 5.749010e-09
1.035000e+03 8.779051e-09
1.036000e+03 5.659789e-09
1.037000e+03 2.391365e-08
1.038000e+03 1.198184e-08
1.039000e+03 2.928208e-08
1.040000e+03 1.998445e-08
1.041000e+03 1.362567e-08
1.042000e+03 8.234767e-09
1.043000e+03 8.689963e-09
1.044000e+03 7.802605e-09
1.045000e+03 6.818062e-09
1.046000e+03 1.161162e-08
1.047000e+03 7.161008e-09
1.048000e+03 8.720504e-09
1.049000e+03 1.035260e-08
1.050000e+03 8.167378e-09
1.051000e+03 5.127506e-09
1.052000e+03 8.552998e-09
1.053000e+03 6.943545e-09
1.054000e+03 5.188912e-09
1.055000e+03 1.097472e-08
1.056000e+03 8.840951e-09
1.057000e+03 4.985493e-09
1.058000e+03 8.448656e-09
1.059000e+03 1.037170e-08
1.060000e+03 7.204167e-10
1.061000e+03 1.448557e-08
1.062000e+03 1.518816e-08
1.063000e+03 3.808437e-09
1.064000e+03 4.526721e-09
1.065000e+03 5.887741e-09
1.066000e+03 3.342885e-09
1.067000e+03 6.853097e-09
1.068000e+03 6.465902e-09
1.069000e+03 6.308559e-09
1.070000e+03 1.449689e-08
1.071000e+03 6.223173e-09
1.072000e+03 6.213886e-09
1.073000e+03 7.205571e-09
1.074000e+03 7.667631e-09
1.075000e+03 3.609912e-09
1.076000e+03 8.089020e-09
1.077000e+03 7.176513e-09
1.078000e+03 4.180180e-09
1.079000e+03 7.913863e-09
1.080000e+03 9.146279e-09
1.081000e+03 4.913216e-09
1.082000e+03 5.718197e-09
1.083000e+03 6.587116e-09
1.084000e+03 9.579809e-09
1.085000e+03 1.094316e-08
1.086000e+03 1.506280e-08
1.087000e+03 3.319046e-09
1.088000e+03 4.779706e-09
1.089000e+03 4.968346e-09
1.090000e+03 3.190784e-09
1.091000e+03 1.717292e-08
1.092000e+03 8.950508e-09
1.093000e+03 3.741605e-10
1.094000e+03 1.416767e-08
1.095000e+03 5.949881e-09
1.096000e+03 6.974659e-09
1.097000e+03 8.427619e-09
1.098000e+03 6.121068e-09
1.099000e+03 3.095472e-09
1.100000e+03 6.948073e-09
1.101000e+03 5.791702e-09
1.102000e+03 4.107968e-09
1.103000e+03 1.204693e-08
1.104000e+03 7.576813e-09
1.105000e+03 3.845588e-09
1.106000e+03 7.730019e-09
1.107000e+03 1.029285e-08
1.108000e+03 5.336669e-10
1.109000e+03 1.388887e-08
1.110000e+03 9.069870e-10
1.111000e+03 3.148030e-09
1.112000e+03 4.058569e-09
1.113000e+03 5.333517e-09
1.114000e+03 2.868684e-09
1.115000e+03 6.589034e-09
1.116000e+03 6.646252e-09
1.117000e+03 7.897243e-09
1.118000e+03 2.303716e-08
1.119000e+03 6.428550e-09
1.120000e+03 6.250021e-09
1.121000e+03 6.966121e-09
1.122000e+03 8.041229e-09
1.123000e+03 3.532518e-09
1.124000e+03 7.445594e-09
1.125000e+03 8.530802e-09
1.126000e+03 4.353802e-09
1.127000e+03 9.402506e-09
1.128000e+03 8.765467e-09
1.129000e+03 4.670842e-09
1.130000e+03 5.447181e-09
1.131000e+03 6.725659e-09
1.132000e+03 1.230914e-08
1.133000e+03 1.242699e-08
1.134000e+03 1.646424e-08
1.135000e+03 3.215507e-09
1.136000e+03 4.601658e-09
1.137000e+03 4.834078e-09
1.138000e+03 3.015820e-09
1.139000e+03 1.512325e-08
1.140000e+03 1.040578e-08
1.141000e+03 3.557893e-10
1.142000e+03 9.139243e-10
1.143000e+03 6.255596e-09
1.144000e+03 6.711109e-09
1.145000e+03 8.179977e-09
1.146000e+03 6.051441e-09
1.147000e+03 2.970431e-09
1.148000e+03 7.423789e-09
1.149000e+03 6.054910e-09
1.150000e+03 4.404923e-09
1.151000e+03 1.257553e-08
1.152000e+03 7.414255e-09
1.153000e+03 3.889870e-09
1.154000e+03 7.062520e-09
1.155000e+03 1.229510e-08
1.156000e+03 1.388922e-08
1.157000e+03 2.129805e-08
1.158000e+03 7.607712e-10
1.159000e+03 2.935259e-09
1.160000e+03 3.767486e-09
1.161000e+03 5.224277e-09
1.162000e+03 2.712615e-09
1.163000e+03 7.163564e-09
1.164000e+03 6.687211e-09
1.165000e+03 1.101609e-08
1.166000e+03 8.985391e-10
1.167000e+03 7.396329e-09
1.168000e+03 6.003388e-09
1.169000e+03 6.942723e-09
1.170000e+03 8.732270e-09
1.171000e+03 3.553243e-09
1.172000e+03 9.210480e-09
1.173000e+03 8.506959e-09
1.174000e+03 4.140915e-09
1.175000e+03 9.682318e-09
1.176000e+03 8.721413e-09
1.177000e+03 4.566950e-09
1.178000e+03 5.631818e-09
1.179000e+03 6.905959e-09
1.180000e+03 1.528716e-08
1.181000e+03 1.262143e-08
1.182000e+03 8.580259e-10
1.183000e+03 3.152852e-09
1.184000e+03 4.437929e-09
1.185000e+03 4.843194e-09
1.186000e+03 3.040509e-09
1.187000e+03 9.652675e-10
1.188000e+03 1.153648e-08
1.189000e+03 3.629112e-10
1.190000e+03 8.787597e-10
1.191000e+03 6.489592e-09
1.192000e+03 6.627571e-09
1.193000e+03 8.271259e-09
1.194000e+03 5.972183e-09
1.195000e+03 2.948349e-09
1.196000e+03 7.345912e-09
1.197000e+03 6.009797e-09
1.198000e+03 4.530793e-09
1.199000e+03 1.139939e-08
1.200000e+03 7.567441e-09
1.201000e+03 3.787841e-09
1.202000e+03 8.618537e-09
1.203000e+03 1.246281e-08
1.204000e+03 1.423314e-08
1.205000e+03 1.227673e-09
1.206000e+03 1.084273e-09
1.207000e+03 2.988741e-09
1.208000e+03 3.873357e-09
1.209000e+03 5.108176e-09
1.210000e+03 2.677040e-09
1.211000e+03 7.045380e-09
1.212000e+03 6.903041e-09
1.213000e+03 1.358873e-08
1.214000e+03 1.881433e-08
1.215000e+03 7.490561e-09
1.216000e+03 5.874598e-09
1.217000e+03 6.847361e-09
1.218000e+03 8.595066e-09
1.219000e+03 3.518759e-09
1.220000e+03 9.098512e-09
1.221000e+03 9.345791e-09
1.222000e+03 4.794920e-09
1.223000e+03 1.118166e-08
1.224000e+03 8.541438e-09
1.225000e+03 4.308455e-09
1.226000e+03 5.496606e-09
1.227000e+03 6.795360e-09
1.228000e+03 1.748750e-08
1.229000e+03 1.162310e-08
1.230000e+03 8.779092e-10
1.231000e+03 3.053117e-09
1.232000e+03 4.423876e-09
1.233000e+03 4.631481e-09
1.234000e+03 2.879125e-09
1.235000e+03 9.090102e-10
1.236000e+03 1.299683e-08
1.237000e+03 9.602706e-09
1.238000e+03 8.973206e-10
1.239000e+03 6.866653e-09
1.240000e+03 6.717443e-09
1.241000e+03 8.148588e-09
1.242000e+03 5.869867e-09
1.243000e+03 2.756960e-09
1.244000e+03 6.834421e-09
1.245000e+03 6.726022e-09
1.246000e+03 4.680519e-09
1.247000e+03 1.581712e-08
1.248000e+03 7.086520e-09
1.249000e+03 3.715569e-09
1.250000e+03 8.481597e-09
1.251000e+03 1.407254e-08
1.252000e+03 7.709549e-09
1.253000e+03 1.219774e-09
1.254000e+03 1.064287e-09
1.255000e+03 2.831012e-09
1.256000e+03 3.709894e-09
1.257000e+03 5.036035e-09
1.258000e+03 2.441662e-09
1.259000e+03 6.632521e-09
1.260000e+03 7.445996e-09
1.261000e+03 3.815995e-10
1.262000e+03 8.533264e-10
1.263000e+03 8.115450e-09
1.264000e+03 5.673000e-09
1.265000e+03 6.676061e-09
1.266000e+03 9.021065e-09
1.267000e+03 3.624120e-09
1.268000e+03 1.037957e-08
1.269000e+03 1.014246e-08
1.270000e+03 5.343375e-09
1.271000e+03 1.118540e-08
1.272000e+03 8.421526e-09
1.273000e+03 4.355507e-09
1.274000e+03 5.321508e-09
1.275000e+03 7.225042e-09
1.276000e+03 2.027109e-08
1.277000e+03 1.453774e-08
1.278000e+03 7.901976e-10
1.279000e+03 2.960139e-09
1.280000e+03 4.169456e-09
1.281000e+03 4.564504e-09
1.282000e+03 2.991490e-09
1.283000e+03 9.253115e-10
1.284000e+03 1.293736e-08
1.285000e+03 5.746635e-09
1.286000e+03 8.746289e-10
1.287000e+03 6.793653e-09
1.288000e+03 6.372336e-09
1.289000e+03 8.121542e-09
1.290000e+03 6.013794e-09
1.291000e+03 2.695296e-09
1.292000e+03 7.668940e-09
1.293000e+03 6.404775e-09
1.294000e+03 4.310852e-09
1.295000e+03 1.713679e-08
1.296000e+03 7.023488e-09
1.297000e+03 3.694374e-09
1.298000e+03 9.586173e-09
1.299000e+03 1.531502e-08
1.300000e+03 6.145563e-09
1.301000e+03 1.188329e-09
1.302000e+03 1.035075e-09
1.303000e+03 2.839855e-09
1.304000e+03 3.577753e-09
1.305000e+03 5.012000e-09
1.306000e+03 2.390433e-09
1.307000e+03 7.324131e-09
1.308000e+03 7.097605e-09
1.309000e+03 3.743191e-10
1.310000e+03 8.037222e-10
1.311000e+03 8.641122e-09
1.312000e+03 5.761533e-09
1.313000e+03 6.856503e-09
1.314000e+03 9.056490e-09
1.315000e+03 4.032329e-09
1.316000e+03 1.032823e-08
1.317000e+03 1.065411e-08
1.318000e+03 5.589293e-09
1.319000e+03 9.978747e-09
1.320000e+03 8.630468e-09
1.321000e+03 4.293649e-09
1.322000e+03 5.517057e-09
1.323000e+03 6.943207e-09
1.324000e+03 1.639877e-08
1.325000e+03 1.497652e-08
1.326000e+03 7.800191e-10
1.327000e+03 2.991056e-09
1.328000e+03 4.340320e-09
1.329000e+03 4.485160e-09
1.330000e+03 3.197058e-09
1.331000e+03 9.020465e-10
1.332000e+03 1.609174e-08
1.333000e+03 5.052390e-09
1.334000e+03 8.695104e-10
1.335000e+03 7.538110e-09
1.336000e+03 6.367849e-09
1.337000e+03 8.078366e-09
1.338000e+03 5.746183e-09
1.339000e+03 2.604468e-09
1.340000e+03 7.429242e-09
1.341000e+03 6.718794e-09
1.342000e+03 5.023673e-09
1.343000e+03 2.333248e-08
1.344000e+03 6.699444e-09
1.345000e+03 3.623843e-09
1.346000e+03 9.463766e-09
1.347000e+03 1.686202e-08
1.348000e+03 5.534240e-09
1.349000e+03 1.176518e-09
1.350000e+03 1.513202e-08
1.351000e+03 2.901278e-09
1.352000e+03 3.557156e-09
1.353000e+03 4.910259e-09
1.354000e+03 2.295501e-09
1.355000e+03 7.127523e-09
1.356000e+03 7.387000e-09
1.357000e+03 3.620758e-10
1.358000e+03 8.302300e-10
1.359000e+03 9.034658e-09
1.360000e+03 5.855484e-09
1.361000e+03 6.730839e-09
1.362000e+03 9.470359e-09
1.363000e+03 3.904400e-09
1.364000e+03 8.696999e-09
1.365000e+03 1.290706e-08
1.366000e+03 5.744024e-09
1.367000e+03 1.276463e-08
1.368000e+03 8.171037e-09
1.369000e+03 4.195006e-09
1.370000e+03 5.243577e-09
1.371000e+03 7.059837e-09
1.372000e+03 4.311251e-10
1.373000e+03 1.728202e-08
1.374000e+03 7.237008e-10
1.375000e+03 2.957807e-09
1.376000e+03 4.170493e-09
1.377000e+03 4.416674e-09
1.378000e+03 3.059885e-09
1.379000e+03 8.879485e-10
1.380000e+03 1.966025e-08
1.381000e+03 4.387051e-09
1.382000e+03 1.670687e-08
1.383000e+03 7.387507e-09
1.384000e+03 6.102837e-09
1.385000e+03 7.885911e-09
1.386000e+03 5.742702e-09
1.387000e+03 2.522293e-09
1.388000e+03 7.954522e-09
1.389000e+03 6.910567e-09
1.390000e+03 5.391134e-09
1.391000e+03 2.262142e-08
1.392000e+03 6.578106e-09
1.393000e+03 3.666188e-09
1.394000e+03 7.976176e-09
1.395000e+03 2.178873e-08
1.396000e+03 5.180926e-09
1.397000e+03 1.162516e-09
1.398000e+03 1.234311e-08
1.399000e+03 2.759143e-09
1.400000e+03 3.299377e-09
1.401000e+03 4.841678e-09
1.402000e+03 2.195606e-09
1.403000e+03 7.642800e-09
1.404000e+03 7.150017e-09
1.405000e+03 3.348662e-10
1.406000e+03 8.141130e-10
1.407000e+03 8.953854e-09
1.408000e+03 5.512997e-09
1.409000e+03 6.640258e-09
1.410000e+03 1.012809e-08
1.411000e+03 3.855832e-09
1.412000e+03 1.112316e-08
1.413000e+03 1.221756e-08
1.414000e+03 4.940287e-09
1.415000e+03 1.277287e-08
1.416000e+03 8.124829e-09
1.417000e+03 4.132562e-09
1.418000e+03 5.460382e-09
1.419000e+03 7.160420e-09
1.420000e+03 4.711811e-10
1.421000e+03 1.660321e-08
1.422000e+03 1.832996e-08
1.423000e+03 3.202829e-09
1.424000e+03 4.011252e-09
1.425000e+03 4.453981e-09
1.426000e+03 3.032772e-09
1.427000e+03 6.459965e-09
1.428000e+03 5.940541e-08
1.429000e+03 1.596349e-08
1.430000e+03 8.005998e-09
1.431000e+03 2.667404e-08
1.432000e+03 1.875748e-08
1.433000e+03 1.632071e-08
1.434000e+03 9.979494e-09
1.435000e+03 5.933851e-09
1.436000e+03 8.331337e-09
1.437000e+03 7.366508e-09
1.438000e+03 6.163221e-09
1.439000e+03 1.218475e-08
1.440000e+03 9.161649e-09
1.441000e+03 5.675215e-09
1.442000e+03 1.180294e-08
1.443000e+03 2.331690e-08
1.444000e+03 7.442918e-09
1.445000e+03 1.283011e-09
1.446000e+03 1.141535e-08
1.447000e+03 3.860857e-09
1.448000e+03 4.687254e-09
1.449000e+03 5.933306e-09
1.450000e+03 3.236022e-09
1.451000e+03 8.339289e-09
1.452000e+03 8.313394e-09
1.453000e+03 4.408518e-10
1.454000e+03 8.712253e-10
1.455000e+03 1.075477e-08
1.456000e+03 5.956468e-09
1.457000e+03 6.959975e-09
1.458000e+03 1.013237e-08
1.459000e+03 3.938832e-09
1.460000e+03 1.085224e-08
1.461000e+03 1.375401e-08
1.462000e+03 6.253148e-09
1.463000e+03 1.552631e-08
1.464000e+03 7.954182e-09
1.465000e+03 3.961961e-09
1.466000e+03 5.335111e-09
1.467000e+03 7.015326e-09
1.468000e+03 4.507006e-10
1.469000e+03 1.378296e-08
1.470000e+03 1.289050e-08
1.471000e+03 3.130576e-09
1.472000e+03 4.081856e-09
1.473000e+03 4.261900e-09
1.474000e+03 2.908037e-09
1.475000e+03 1.595306e-08
1.476000e+03 2.325609e-08
1.477000e+03 3.784015e-09
1.478000e+03 9.832325e-09
1.479000e+03 7.626696e-09
1.480000e+03 6.177788e-09
1.481000e+03 7.931216e-09
1.482000e+03 5.558112e-09
1.483000e+03 2.440736e-09
1.484000e+03 7.062070e-09
1.485000e+03 7.532202e-09
1.486000e+03 5.513779e-09
1.487000e+03 8.608044e-10
1.488000e+03 7.644909e-09
1.489000e+03 3.662525e-09
1.490000e+03 9.805657e-09
1.491000e+03 6.978166e-10
1.492000e+03 4.028155e-09
1.493000e+03 1.132265e-09
1.494000e+03 1.103529e-08
1.495000e+03 2.620849e-09
1.496000e+03 3.250480e-09
1.497000e+03 4.742169e-09
1.498000e+03 2.047384e-09
1.499000e+03 6.764056e-09
1.500000e+03 7.896438e-09
1.501000e+03 3.155282e-10
1.502000e+03 1.531040e-08
1.503000e+03 9.846718e-09
1.504000e+03 5.229567e-09
1.505000e+03 6.459065e-09
1.506000e+03 1.009622e-08
1.507000e+03 3.805304e-09
1.508000e+03 1.217166e-08
1.509000e+03 1.434189e-08
1.510000e+03 6.824296e-09
1.511000e+03 1.462693e-08
1.512000e+03 7.800617e-09
1.513000e+03 4.007364e-09
1.514000e+03 5.095352e-09
1.515000e+03 7.420002e-09
1.516000e+03 4.348553e-10
1.517000e+03 1.845751e-08
1.518000e+03 1.108234e-08
1.519000e+03 2.874295e-09
1.520000e+03 3.790778e-09
1.521000e+03 4.235894e-09
1.522000e+03 2.953741e-09
1.523000e+03 1.187356e-08
1.524000e+03 1.906398e-08
1.525000e+03 3.254301e-09
1.526000e+03 9.905691e-09
1.527000e+03 7.520705e-09
1.528000e+03 5.867860e-09
1.529000e+03 7.966393e-09
1.530000e+03 5.777816e-09
1.531000e+03 2.376211e-09
1.532000e+03 7.927930e-09
1.533000e+03 6.961822e-09
1.534000e+03 4.679434e-09
1.535000e+03 8.286441e-10
1.536000e+03 7.712921e-09
1.537000e+03 3.651919e-09
1.538000e+03 1.099802e-08
1.539000e+03 6.914198e-10
1.540000e+03 3.743869e-09
1.541000e+03 1.116099e-09
1.542000e+03 8.224406e-09
1.543000e+03 2.616486e-09
1.544000e+03 3.189322e-09
1.545000e+03 4.755095e-09
1.546000e+03 2.051285e-09
1.547000e+03 7.474246e-09
1.548000e+03 7.313578e-09
1.549000e+03 3.108970e-10
1.550000e+03 1.505007e-08
1.551000e+03 1.007233e-08
1.552000e+03 5.291240e-09
1.553000e+03 6.743097e-09
1.554000e+03 9.644557e-09
1.555000e+03 4.126768e-09
1.556000e+03 1.148099e-08
1.557000e+03 1.462355e-08
1.558000e+03 6.689593e-09
1.559000e+03 1.124111e-08
1.560000e+03 8.097098e-09
1.561000e+03 3.952796e-09
1.562000e+03 5.383871e-09
1.563000e+03 7.000185e-09
1.564000e+03 4.255391e-10
1.565000e+03 1.798045e-08
1.566000e+03 1.005780e-08
1.567000e+03 2.880706e-09
1.568000e+03 3.962881e-09
1.569000e+03 4.212672e-09
1.570000e+03 3.134455e-09
1.571000e+03 1.234202e-08
1.572000e+03 9.193499e-10
1.573000e+03 3.638271e-09
1.574000e+03 8.193678e-10
1.575000e+03 8.294149e-09
1.576000e+03 5.997371e-09
1.577000e+03 7.889726e-09
1.578000e+03 5.498289e-09
1.579000e+03 2.303143e-09
1.580000e+03 7.531151e-09
1.581000e+03 7.089732e-09
1.582000e+03 5.400200e-09
1.583000e+03 8.536735e-10
1.584000e+03 7.676488e-09
1.585000e+03 3.590483e-09
1.586000e+03 1.037334e-08
1.587000e+03 6.814185e-10
1.588000e+03 3.656121e-09
1.589000e+03 1.109419e-09
1.590000e+03 7.831483e-09
1.591000e+03 2.539053e-09
1.592000e+03 3.193642e-09
1.593000e+03 4.655870e-09
1.594000e+03 1.980409e-09
1.595000e+03 7.103308e-09
1.596000e+03 7.450221e-09
1.597000e+03 3.027167e-10
1.598000e+03 1.143630e-08
1.599000e+03 1.004034e-08
1.600000e+03 5.435084e-09
1.601000e+03 6.618647e-09
1.602000e+03 1.003267e-08
1.603000e+03 3.906977e-09
1.604000e+03 9.123270e-09
1.605000e+03 1.849886e-08
1.606000e+03 6.724920e-09
1.607000e+03 1.569419e-08
1.608000e+03 7.584816e-09
1.609000e+03 3.914283e-09
1.610000e+03 5.122123e-09
1.611000e+03 7.101543e-09
1.612000e+03 4.185049e-10
1.613000e+03 2.130043e-08
1.614000e+03 1.285145e-08
1.615000e+03 2.921462e-09
1.616000e+03 3.860857e-09
1.617000e+03 4.190726e-09
1.618000e+03 2.986335e-09
1.619000e+03 8.221133e-10
1.620000e+03 9.417062e-10
1.621000e+03 3.471963e-09
1.622000e+03 8.221791e-09
1.623000e+03 7.660344e-09
1.624000e+03 5.799377e-09
1.625000e+03 7.697885e-09
1.626000e+03 5.553381e-09
1.627000e+03 2.305969e-09
1.628000e+03 8.044044e-09
1.629000e+03 7.185670e-09
1.630000e+03 5.778323e-09
1.631000e+03 8.344884e-10
1.632000e+03 7.626094e-09
1.633000e+03 3.684081e-09
1.634000e+03 8.394581e-09
1.635000e+03 7.349835e-10
1.636000e+03 3.556753e-09
1.637000e+03 1.110698e-09
1.638000e+03 7.466801e-09
1.639000e+03 2.493359e-09
1.640000e+03 3.022701e-09
1.641000e+03 4.639686e-09
1.642000e+03 1.963476e-09
1.643000e+03 7.645960e-09
1.644000e+03 7.161650e-09
1.645000e+03 9.550800e-09
1.646000e+03 1.294832e-08
1.647000e+03 9.936339e-09
1.648000e+03 5.188541e-09
1.649000e+03 6.572535e-09
1.650000e+03 1.068837e-08
1.651000e+03 3.874406e-09
1.652000e+03 1.201193e-08
1.653000e+03 1.630168e-08
1.654000e+03 5.330001e-09
1.655000e+03 1.529656e-08
1.656000e+03 7.650961e-09
1.657000e+03 3.915638e-09
1.658000e+03 5.373745e-09
1.659000e+03 7.167360e-09
1.660000e+03 4.578181e-10
1.661000e+03 1.919720e-08
1.662000e+03 8.561026e-09
1.663000e+03 2.893805e-09
1.664000e+03 3.800179e-09
1.665000e+03 4.247402e-09
1.666000e+03 2.959137e-09
1.667000e+03 1.051056e-08
1.668000e+03 8.939235e-10
1.669000e+03 3.646812e-09
1.670000e+03 7.999822e-09
1.671000e+03 7.792481e-09
1.672000e+03 5.802569e-09
1.673000e+03 7.850747e-09
1.674000e+03 5.497771e-09
1.675000e+03 2.392756e-09
1.676000e+03 7.770596e-09
1.677000e+03 6.923422e-09
1.678000e+03 5.592342e-09
1.679000e+03 1.903509e-08
1.680000e+03 6.533384e-09
1.681000e+03 3.456703e-09
1.682000e+03 1.062527e-08
1.683000e+03 6.864970e-10
1.684000e+03 3.958795e-09
1.685000e+03 1.827405e-08
1.686000e+03 7.646037e-09
1.687000e+03 2.586989e-09
1.688000e+03 3.169039e-09
1.689000e+03 4.596153e-09
1.690000e+03 2.035754e-09
1.691000e+03 7.274568e-09
1.692000e+03 7.313122e-09
1.693000e+03 1.038244e-08
1.694000e+03 7.750039e-10
1.695000e+03 1.092461e-08
1.696000e+03 5.249248e-09
1.697000e+03 6.639042e-09
1.698000e+03 9.983052e-09
1.699000e+03 3.592352e-09
1.700000e+03 1.120883e-08
1.701000e+03 1.753007e-08
1.702000e+03 6.658262e-09
1.703000e+03 1.877039e-08
1.704000e+03 7.395018e-09
1.705000e+03 3.729980e-09
1.706000e+03 5.219680e-09
1.707000e+03 6.970114e-09
1.708000e+03 4.135825e-10
1.709000e+03 1.424268e-08
1.710000e+03 8.210012e-09
1.711000e+03 2.840016e-09
1.712000e+03 3.859589e-09
1.713000e+03 4.105413e-09
1.714000e+03 2.692027e-09
1.715000e+03 9.804901e-09
1.716000e+03 8.849683e-10
1.717000e+03 3.390064e-09
1.718000e+03 7.053590e-09
1.719000e+03 7.869920e-09
1.720000e+03 5.973408e-09
1.721000e+03 7.771378e-09
1.722000e+03 5.431019e-09
1.723000e+03 2.245449e-09
1.724000e+03 6.999723e-09
1.725000e+03 7.558201e-09
1.726000e+03 5.457741e-09
1.727000e+03 8.319042e-10
1.728000e+03 7.538073e-09
1.729000e+03 3.526475e-09
1.730000e+03 9.991164e-09
1.731000e+03 6.755793e-10
1.732000e+03 3.402315e-09
1.733000e+03 1.389147e-08
1.734000e+03 8.271073e-09
1.735000e+03 2.535460e-09
1.736000e+03 3.068850e-09
1.737000e+03 4.577403e-09
1.738000e+03 1.881168e-09
1.739000e+03 6.625704e-09
1.740000e+03 7.740785e-09
1.741000e+03 9.989509e-09
1.742000e+03 1.094547e-08
1.743000e+03 9.983260e-09
1.744000e+03 5.003836e-09
1.745000e+03 6.423573e-09
1.746000e+03 1.018261e-08
1.747000e+03 3.690911e-09
1.748000e+03 1.265922e-08
1.749000e+03 1.708330e-08
1.750000e+03 7.437281e-09
1.751000e+03 1.649903e-08
1.752000e+03 7.441235e-09
1.753000e+03 3.852771e-09
1.754000e+03 5.014486e-09
1.755000e+03 7.346644e-09
1.756000e+03 4.245486e-10
1.757000e+03 1.989156e-08
1.758000e+03 7.679459e-09
1.759000e+03 2.669381e-09
1.760000e+03 3.643460e-09
1.761000e+03 4.108332e-09
1.762000e+03 2.847691e-09
1.763000e+03 8.519966e-09
1.764000e+03 2.400847e-08
1.765000e+03 2.838198e-09
1.766000e+03 7.312940e-09
1.767000e+03 7.502177e-09
1.768000e+03 5.585298e-09
1.769000e+03 7.835210e-09
1.770000e+03 5.605450e-09
1.771000e+03 2.229050e-09
1.772000e+03 7.832578e-09
1.773000e+03 6.876979e-09
1.774000e+03 4.521935e-09
1.775000e+03 7.972404e-10
1.776000e+03 7.555019e-09
1.777000e+03 3.533202e-09
1.778000e+03 1.119370e-08
1.779000e+03 6.563042e-10
1.780000e+03 3.267527e-09
1.781000e+03 1.550670e-08
1.782000e+03 7.035811e-09
1.783000e+03 2.561051e-09
1.784000e+03 3.029263e-09
1.785000e+03 4.594713e-09
1.786000e+03 1.896121e-09
1.787000e+03 7.258217e-09
1.788000e+03 7.151186e-09
1.789000e+03 2.758216e-10
1.790000e+03 1.078594e-08
1.791000e+03 1.012489e-08
1.792000e+03 5.042479e-09
1.793000e+03 6.646304e-09
1.794000e+03 9.620060e-09
1.795000e+03 3.982226e-09
1.796000e+03 1.175068e-08
1.797000e+03 1.743116e-08
1.798000e+03 7.108656e-09
1.799000e+03 1.167930e-08
1.800000e+03 7.838496e-09
