Title ="THE FLUX ERR"
Variables=
iter
residual
1.000000e+00 2.014598e-03
2.000000e+00 9.878220e-04
3.000000e+00 6.593224e-04
4.000000e+00 1.004241e-03
5.000000e+00 6.880252e-05
6.000000e+00 4.684192e-05
7.000000e+00 7.281560e-04
8.000000e+00 8.591236e-04
9.000000e+00 1.951531e-04
1.000000e+01 1.374610e-04
1.100000e+01 6.324547e-05
1.200000e+01 3.559470e-04
1.300000e+01 2.426033e-04
1.400000e+01 3.709041e-05
1.500000e+01 3.459339e-05
1.600000e+01 4.076602e-05
1.700000e+01 1.143349e-04
1.800000e+01 8.271822e-05
1.900000e+01 4.708090e-05
2.000000e+01 3.900884e-05
2.100000e+01 4.410319e-05
2.200000e+01 2.276641e-05
2.300000e+01 4.708116e-05
2.400000e+01 5.036165e-05
2.500000e+01 4.763328e-05
2.600000e+01 4.987624e-05
2.700000e+01 3.300460e-05
2.800000e+01 3.748298e-05
2.900000e+01 3.990159e-05
3.000000e+01 4.272778e-05
3.100000e+01 3.180553e-05
3.200000e+01 3.431020e-05
3.300000e+01 2.847648e-05
3.400000e+01 5.423925e-05
3.500000e+01 2.361029e-05
3.600000e+01 3.446648e-05
3.700000e+01 2.945706e-05
3.800000e+01 2.247668e-05
3.900000e+01 2.591185e-05
4.000000e+01 2.041436e-05
4.100000e+01 1.583452e-05
4.200000e+01 1.804029e-05
4.300000e+01 1.776607e-05
4.400000e+01 1.611977e-05
4.500000e+01 1.300370e-05
4.600000e+01 1.722874e-05
4.700000e+01 1.626437e-05
4.800000e+01 1.085363e-04
4.900000e+01 2.287500e-05
5.000000e+01 1.183000e-04
5.100000e+01 2.719642e-05
5.200000e+01 1.107518e-04
5.300000e+01 1.922315e-05
5.400000e+01 1.100040e-04
5.500000e+01 1.397611e-04
5.600000e+01 1.242616e-04
5.700000e+01 1.600293e-04
5.800000e+01 1.478037e-04
5.900000e+01 1.408476e-04
6.000000e+01 1.622148e-04
6.100000e+01 1.343930e-04
6.200000e+01 1.378186e-04
6.300000e+01 1.416181e-04
6.400000e+01 1.174813e-04
6.500000e+01 1.068275e-04
6.600000e+01 1.114824e-04
6.700000e+01 9.976817e-05
6.800000e+01 9.564057e-05
6.900000e+01 8.512952e-05
7.000000e+01 8.766168e-05
7.100000e+01 1.181864e-04
7.200000e+01 1.104182e-04
7.300000e+01 1.511534e-04
7.400000e+01 1.435081e-04
7.500000e+01 1.680211e-04
7.600000e+01 2.142126e-04
7.700000e+01 2.037023e-04
7.800000e+01 2.042328e-04
7.900000e+01 1.712998e-04
8.000000e+01 1.914913e-04
8.100000e+01 2.281868e-04
8.200000e+01 1.551848e-04
8.300000e+01 2.356150e-04
8.400000e+01 1.833200e-04
8.500000e+01 2.050526e-04
8.600000e+01 2.237641e-04
8.700000e+01 1.949592e-04
8.800000e+01 1.749553e-04
8.900000e+01 1.713860e-04
9.000000e+01 1.681170e-04
9.100000e+01 1.066553e-04
9.200000e+01 1.116543e-04
9.300000e+01 6.662661e-05
9.400000e+01 6.777981e-05
9.500000e+01 4.802589e-05
9.600000e+01 5.134554e-05
9.700000e+01 7.092017e-05
9.800000e+01 8.235323e-05
9.900000e+01 9.855453e-05
1.000000e+02 1.154734e-04
1.010000e+02 1.031496e-05
1.020000e+02 1.004366e-04
1.030000e+02 1.284789e-04
1.040000e+02 1.228286e-04
1.050000e+02 1.250471e-04
1.060000e+02 1.730347e-05
1.070000e+02 1.388055e-04
1.080000e+02 1.476962e-04
1.090000e+02 2.351815e-05
1.100000e+02 1.786910e-04
1.110000e+02 2.148706e-04
1.120000e+02 2.004824e-04
1.130000e+02 1.518821e-04
1.140000e+02 1.670981e-04
1.150000e+02 1.355011e-04
1.160000e+02 1.351722e-04
1.170000e+02 1.383955e-04
1.180000e+02 1.277235e-04
1.190000e+02 1.363134e-04
1.200000e+02 1.231481e-04
1.210000e+02 1.276818e-04
1.220000e+02 9.838809e-05
1.230000e+02 9.664023e-05
1.240000e+02 7.687708e-05
1.250000e+02 6.221252e-05
1.260000e+02 4.201911e-05
1.270000e+02 4.212404e-05
1.280000e+02 2.830013e-05
1.290000e+02 2.383651e-05
1.300000e+02 2.030568e-05
1.310000e+02 1.972323e-05
1.320000e+02 2.300133e-05
1.330000e+02 2.480802e-05
1.340000e+02 2.844357e-05
1.350000e+02 3.188699e-05
1.360000e+02 3.823401e-05
1.370000e+02 4.013260e-05
1.380000e+02 4.260348e-05
1.390000e+02 3.963138e-05
1.400000e+02 4.040381e-05
1.410000e+02 4.256058e-05
1.420000e+02 5.260815e-05
1.430000e+02 4.778036e-05
1.440000e+02 4.841784e-05
1.450000e+02 4.475493e-05
1.460000e+02 3.967250e-05
1.470000e+02 4.786720e-05
1.480000e+02 5.630422e-05
1.490000e+02 4.736351e-05
1.500000e+02 4.275561e-05
1.510000e+02 4.421230e-05
1.520000e+02 5.669418e-05
1.530000e+02 3.763410e-05
1.540000e+02 4.164378e-05
1.550000e+02 4.098887e-05
1.560000e+02 4.267698e-05
1.570000e+02 4.306053e-05
1.580000e+02 4.376651e-05
1.590000e+02 3.687767e-05
1.600000e+02 3.720642e-05
1.610000e+02 3.930835e-05
1.620000e+02 3.234129e-05
1.630000e+02 2.190285e-05
1.640000e+02 2.203938e-05
1.650000e+02 2.068705e-05
1.660000e+02 2.739273e-05
1.670000e+02 2.868303e-05
1.680000e+02 2.714315e-05
1.690000e+02 2.488612e-05
1.700000e+02 1.817540e-05
1.710000e+02 2.138873e-05
1.720000e+02 2.105018e-05
1.730000e+02 1.856865e-05
1.740000e+02 1.825976e-05
1.750000e+02 1.849175e-05
1.760000e+02 1.453163e-05
1.770000e+02 1.402274e-05
1.780000e+02 1.344459e-05
1.790000e+02 1.370057e-05
1.800000e+02 1.408053e-05
1.810000e+02 1.396664e-05
1.820000e+02 1.392731e-05
1.830000e+02 1.352753e-05
1.840000e+02 1.407554e-05
1.850000e+02 1.098676e-05
1.860000e+02 1.208857e-05
1.870000e+02 1.205445e-05
1.880000e+02 1.107803e-05
1.890000e+02 1.370744e-05
1.900000e+02 1.546532e-05
1.910000e+02 1.132302e-05
1.920000e+02 1.100499e-05
1.930000e+02 1.272357e-05
1.940000e+02 1.063970e-05
1.950000e+02 1.434068e-05
1.960000e+02 1.143699e-05
1.970000e+02 1.342943e-05
1.980000e+02 1.563957e-05
1.990000e+02 1.385141e-05
2.000000e+02 1.233371e-05
2.010000e+02 1.171717e-05
2.020000e+02 1.141974e-05
2.030000e+02 1.012432e-05
2.040000e+02 9.043465e-06
2.050000e+02 1.242578e-05
2.060000e+02 9.122674e-06
2.070000e+02 8.619471e-06
2.080000e+02 1.021879e-05
2.090000e+02 9.368143e-06
2.100000e+02 8.606644e-06
2.110000e+02 8.745214e-06
2.120000e+02 8.888791e-06
2.130000e+02 9.530636e-06
2.140000e+02 7.841077e-06
2.150000e+02 6.330578e-06
2.160000e+02 6.529204e-06
2.170000e+02 6.624379e-06
2.180000e+02 6.052886e-06
2.190000e+02 5.383778e-06
2.200000e+02 5.708719e-06
2.210000e+02 5.766448e-06
2.220000e+02 5.217479e-06
2.230000e+02 5.171961e-06
2.240000e+02 5.053093e-06
2.250000e+02 4.272838e-06
2.260000e+02 4.441285e-06
2.270000e+02 5.038201e-06
2.280000e+02 5.163373e-06
2.290000e+02 4.354658e-06
2.300000e+02 4.463556e-06
2.310000e+02 3.723226e-06
2.320000e+02 3.965747e-06
2.330000e+02 3.760958e-06
2.340000e+02 3.885053e-06
2.350000e+02 3.583042e-06
2.360000e+02 3.659074e-06
2.370000e+02 3.710067e-06
2.380000e+02 3.569052e-06
2.390000e+02 3.540945e-06
2.400000e+02 3.451835e-06
2.410000e+02 3.506746e-06
2.420000e+02 3.431190e-06
2.430000e+02 3.196104e-06
2.440000e+02 3.105681e-06
2.450000e+02 3.053907e-06
2.460000e+02 3.115768e-06
2.470000e+02 3.554635e-06
2.480000e+02 3.636582e-06
2.490000e+02 3.388383e-06
2.500000e+02 2.936024e-06
2.510000e+02 3.322736e-06
2.520000e+02 3.402773e-06
2.530000e+02 3.535198e-06
2.540000e+02 3.133089e-06
2.550000e+02 2.986886e-06
2.560000e+02 2.764413e-06
2.570000e+02 2.799684e-06
2.580000e+02 3.022273e-06
2.590000e+02 2.931012e-06
2.600000e+02 2.845103e-06
2.610000e+02 2.770114e-06
2.620000e+02 2.713266e-06
2.630000e+02 2.591373e-06
2.640000e+02 2.539066e-06
2.650000e+02 2.524385e-06
2.660000e+02 2.366236e-06
2.670000e+02 2.271848e-06
2.680000e+02 2.440152e-06
2.690000e+02 2.367051e-06
2.700000e+02 2.373382e-06
2.710000e+02 2.282884e-06
2.720000e+02 2.310898e-06
2.730000e+02 2.103883e-06
2.740000e+02 1.805856e-06
2.750000e+02 1.743814e-06
2.760000e+02 1.516917e-06
2.770000e+02 1.439132e-06
2.780000e+02 1.642165e-06
2.790000e+02 1.591835e-06
2.800000e+02 1.587237e-06
2.810000e+02 1.468276e-06
2.820000e+02 1.418567e-06
2.830000e+02 1.339942e-06
2.840000e+02 1.376222e-06
2.850000e+02 1.351729e-06
2.860000e+02 1.302389e-06
2.870000e+02 1.318232e-06
2.880000e+02 1.215014e-06
2.890000e+02 8.636150e-07
2.900000e+02 9.704915e-07
2.910000e+02 9.634504e-07
2.920000e+02 9.252133e-07
2.930000e+02 9.654798e-07
2.940000e+02 9.798827e-07
2.950000e+02 9.623370e-07
2.960000e+02 9.574024e-07
2.970000e+02 9.521093e-07
2.980000e+02 9.327353e-07
2.990000e+02 8.945549e-07
3.000000e+02 8.432239e-07
3.010000e+02 8.148379e-07
3.020000e+02 8.134726e-07
3.030000e+02 7.796133e-07
3.040000e+02 7.975246e-07
3.050000e+02 7.949848e-07
3.060000e+02 7.876952e-07
3.070000e+02 7.604143e-07
3.080000e+02 6.711983e-07
3.090000e+02 6.593581e-07
3.100000e+02 6.829422e-07
3.110000e+02 6.698901e-07
3.120000e+02 6.455693e-07
3.130000e+02 6.276108e-07
3.140000e+02 6.181725e-07
3.150000e+02 6.269619e-07
3.160000e+02 6.634695e-07
3.170000e+02 6.708982e-07
3.180000e+02 5.609815e-07
3.190000e+02 5.323306e-07
3.200000e+02 5.362615e-07
3.210000e+02 5.055919e-07
3.220000e+02 5.912287e-07
3.230000e+02 6.224463e-07
3.240000e+02 5.707330e-07
3.250000e+02 5.639111e-07
3.260000e+02 5.593919e-07
3.270000e+02 5.359329e-07
3.280000e+02 4.864162e-07
3.290000e+02 4.918152e-07
3.300000e+02 4.559438e-07
3.310000e+02 4.954694e-07
3.320000e+02 5.101397e-07
3.330000e+02 4.427832e-07
3.340000e+02 4.111041e-07
3.350000e+02 4.790104e-07
3.360000e+02 5.007190e-07
3.370000e+02 4.269790e-07
3.380000e+02 4.495156e-07
3.390000e+02 4.601886e-07
3.400000e+02 4.620502e-07
3.410000e+02 4.347721e-07
3.420000e+02 4.490163e-07
3.430000e+02 4.491707e-07
3.440000e+02 4.521779e-07
3.450000e+02 4.166569e-07
3.460000e+02 4.083948e-07
3.470000e+02 4.085196e-07
3.480000e+02 4.330831e-07
3.490000e+02 4.396998e-07
3.500000e+02 4.316816e-07
3.510000e+02 4.261779e-07
3.520000e+02 4.340140e-07
3.530000e+02 4.391078e-07
3.540000e+02 3.930225e-07
3.550000e+02 3.873786e-07
3.560000e+02 3.387688e-07
3.570000e+02 3.510720e-07
3.580000e+02 3.498873e-07
3.590000e+02 3.436457e-07
3.600000e+02 3.225011e-07
3.610000e+02 3.158580e-07
3.620000e+02 3.132692e-07
3.630000e+02 3.530470e-07
3.640000e+02 3.573113e-07
3.650000e+02 8.631417e-07
3.660000e+02 5.224461e-07
3.670000e+02 6.216436e-07
3.680000e+02 7.297443e-07
3.690000e+02 5.515736e-07
3.700000e+02 6.159975e-07
3.710000e+02 7.393316e-07
3.720000e+02 7.576469e-07
3.730000e+02 6.978837e-07
3.740000e+02 7.543930e-07
3.750000e+02 7.202622e-07
3.760000e+02 7.591981e-07
3.770000e+02 7.468536e-08
3.780000e+02 4.996801e-07
3.790000e+02 1.216161e-07
3.800000e+02 6.169173e-07
3.810000e+02 7.442791e-07
3.820000e+02 5.668569e-07
3.830000e+02 4.779054e-07
3.840000e+02 1.092475e-07
3.850000e+02 7.608949e-08
3.860000e+02 1.044921e-07
3.870000e+02 7.980286e-08
3.880000e+02 4.029552e-07
3.890000e+02 1.307927e-07
3.900000e+02 7.924580e-08
3.910000e+02 3.743122e-07
3.920000e+02 1.276485e-07
3.930000e+02 7.627856e-08
3.940000e+02 3.547029e-07
3.950000e+02 1.136180e-07
3.960000e+02 4.260339e-07
3.970000e+02 3.227387e-07
3.980000e+02 1.097674e-07
3.990000e+02 4.167318e-07
4.000000e+02 3.093708e-07
4.010000e+02 2.347656e-07
4.020000e+02 1.440928e-07
4.030000e+02 5.992123e-08
4.040000e+02 3.084939e-07
4.050000e+02 1.189583e-07
4.060000e+02 6.307344e-08
4.070000e+02 3.021570e-07
4.080000e+02 2.407172e-07
4.090000e+02 1.299700e-07
4.100000e+02 6.448629e-08
4.110000e+02 2.963414e-07
4.120000e+02 2.279531e-07
4.130000e+02 1.589291e-07
4.140000e+02 1.119442e-07
4.150000e+02 6.027208e-08
4.160000e+02 2.532545e-07
4.170000e+02 1.947879e-07
4.180000e+02 1.368695e-07
4.190000e+02 4.971856e-08
4.200000e+02 2.269203e-07
4.210000e+02 1.910186e-07
4.220000e+02 1.463033e-07
4.230000e+02 1.294762e-07
4.240000e+02 1.273475e-07
4.250000e+02 5.057033e-08
4.260000e+02 3.419215e-08
4.270000e+02 1.589554e-07
4.280000e+02 1.345565e-07
4.290000e+02 1.245255e-07
4.300000e+02 4.413494e-08
4.310000e+02 2.080265e-07
4.320000e+02 1.590562e-07
4.330000e+02 1.187365e-07
4.340000e+02 9.962770e-08
4.350000e+02 9.112353e-08
4.360000e+02 1.412657e-07
4.370000e+02 4.295740e-08
4.380000e+02 2.664339e-08
4.390000e+02 1.438130e-07
4.400000e+02 1.145904e-07
4.410000e+02 9.376311e-08
4.420000e+02 8.173497e-08
4.430000e+02 1.079698e-07
4.440000e+02 4.564488e-08
4.450000e+02 2.793931e-08
4.460000e+02 1.370961e-07
4.470000e+02 1.157841e-07
4.480000e+02 9.008537e-08
4.490000e+02 7.845224e-08
4.500000e+02 7.076600e-08
4.510000e+02 7.296992e-08
4.520000e+02 1.131457e-07
4.530000e+02 4.451433e-08
4.540000e+02 2.614925e-08
4.550000e+02 1.230550e-07
4.560000e+02 9.558486e-08
4.570000e+02 7.582882e-08
4.580000e+02 6.277400e-08
4.590000e+02 6.927570e-08
4.600000e+02 6.069752e-08
4.610000e+02 6.533065e-08
4.620000e+02 1.034926e-07
4.630000e+02 4.353723e-08
4.640000e+02 2.568703e-08
4.650000e+02 1.141581e-07
4.660000e+02 8.818746e-08
4.670000e+02 7.421753e-08
4.680000e+02 5.942527e-08
4.690000e+02 5.507561e-08
4.700000e+02 5.131223e-08
4.710000e+02 5.704262e-08
4.720000e+02 5.853471e-08
4.730000e+02 4.992266e-08
4.740000e+02 4.852478e-08
4.750000e+02 8.808871e-08
4.760000e+02 5.299129e-08
4.770000e+02 2.303851e-08
4.780000e+02 1.038811e-07
4.790000e+02 8.570692e-08
4.800000e+02 6.127305e-08
4.810000e+02 4.899782e-08
4.820000e+02 4.367011e-08
4.830000e+02 4.768063e-08
4.840000e+02 4.157195e-08
4.850000e+02 4.038405e-08
4.860000e+02 3.658297e-08
4.870000e+02 4.221866e-08
4.880000e+02 4.045733e-08
4.890000e+02 3.721480e-08
4.900000e+02 3.609066e-08
4.910000e+02 7.891284e-08
4.920000e+02 4.819906e-08
4.930000e+02 2.100454e-08
4.940000e+02 1.072205e-07
4.950000e+02 8.211834e-08
4.960000e+02 5.566462e-08
4.970000e+02 4.418109e-08
4.980000e+02 4.131801e-08
4.990000e+02 4.379302e-08
5.000000e+02 3.838936e-08
5.010000e+02 3.488338e-08
5.020000e+02 3.341167e-08
5.030000e+02 3.782899e-08
5.040000e+02 3.703389e-08
5.050000e+02 3.202989e-08
5.060000e+02 3.131847e-08
5.070000e+02 3.823858e-08
5.080000e+02 3.362361e-08
5.090000e+02 4.167102e-08
5.100000e+02 3.516683e-08
5.110000e+02 3.581749e-08
5.120000e+02 3.549753e-08
5.130000e+02 2.837239e-08
5.140000e+02 8.380593e-08
5.150000e+02 6.345830e-08
5.160000e+02 1.970353e-08
5.170000e+02 1.236271e-08
5.180000e+02 5.584345e-08
5.190000e+02 5.379878e-08
5.200000e+02 4.837596e-08
5.210000e+02 3.799881e-08
5.220000e+02 3.210456e-08
5.230000e+02 3.187935e-08
5.240000e+02 3.116140e-08
5.250000e+02 2.670271e-08
5.260000e+02 2.541530e-08
5.270000e+02 3.156018e-08
5.280000e+02 2.703648e-08
5.290000e+02 2.516020e-08
5.300000e+02 2.362599e-08
5.310000e+02 3.043092e-08
5.320000e+02 2.665881e-08
5.330000e+02 2.511542e-08
5.340000e+02 2.244826e-08
5.350000e+02 2.851576e-08
5.360000e+02 2.668607e-08
5.370000e+02 2.196738e-08
5.380000e+02 2.305003e-08
5.390000e+02 2.535811e-08
5.400000e+02 2.386703e-08
5.410000e+02 2.182005e-08
5.420000e+02 2.915617e-08
5.430000e+02 3.490670e-08
5.440000e+02 2.669675e-08
5.450000e+02 2.366181e-08
5.460000e+02 2.175019e-08
5.470000e+02 2.713247e-08
5.480000e+02 8.343286e-08
5.490000e+02 4.073990e-08
5.500000e+02 1.946056e-08
5.510000e+02 1.052720e-08
5.520000e+02 5.119538e-08
5.530000e+02 4.054523e-08
5.540000e+02 2.990131e-08
5.550000e+02 3.340597e-08
5.560000e+02 2.499876e-08
5.570000e+02 2.951092e-08
5.580000e+02 2.446953e-08
5.590000e+02 2.794982e-08
5.600000e+02 2.780416e-08
5.610000e+02 2.133776e-08
5.620000e+02 1.996743e-08
5.630000e+02 2.469854e-08
5.640000e+02 2.058432e-08
5.650000e+02 2.091781e-08
5.660000e+02 1.912456e-08
5.670000e+02 2.685299e-08
5.680000e+02 2.770716e-08
5.690000e+02 2.077764e-08
5.700000e+02 2.118044e-08
5.710000e+02 2.180163e-08
5.720000e+02 2.198870e-08
5.730000e+02 1.875198e-08
5.740000e+02 1.618217e-08
5.750000e+02 2.309525e-08
5.760000e+02 1.863887e-08
5.770000e+02 1.649605e-08
5.780000e+02 1.568426e-08
5.790000e+02 2.153847e-08
5.800000e+02 1.892864e-08
5.810000e+02 1.755901e-08
5.820000e+02 1.460487e-08
5.830000e+02 2.125416e-08
5.840000e+02 1.896236e-08
5.850000e+02 1.577115e-08
5.860000e+02 1.549839e-08
5.870000e+02 1.848544e-08
5.880000e+02 1.643214e-08
5.890000e+02 1.548950e-08
5.900000e+02 2.167838e-08
5.910000e+02 2.890053e-08
5.920000e+02 2.095347e-08
5.930000e+02 1.771060e-08
5.940000e+02 1.564768e-08
5.950000e+02 2.131267e-08
5.960000e+02 1.818641e-08
5.970000e+02 1.493131e-08
5.980000e+02 1.283356e-08
5.990000e+02 1.894776e-08
6.000000e+02 1.108065e-07
6.010000e+02 6.200072e-08
6.020000e+02 2.237207e-08
6.030000e+02 1.045009e-08
6.040000e+02 4.797481e-08
6.050000e+02 4.242579e-08
6.060000e+02 2.749197e-08
6.070000e+02 2.723387e-08
6.080000e+02 2.394459e-08
6.090000e+02 1.715036e-08
6.100000e+02 1.526426e-08
6.110000e+02 1.981547e-08
6.120000e+02 1.535570e-08
6.130000e+02 1.607165e-08
6.140000e+02 1.482920e-08
6.150000e+02 2.278873e-08
6.160000e+02 2.442141e-08
6.170000e+02 1.624255e-08
6.180000e+02 1.841711e-08
6.190000e+02 1.896625e-08
6.200000e+02 1.999099e-08
6.210000e+02 1.608796e-08
6.220000e+02 1.344859e-08
6.230000e+02 2.030523e-08
6.240000e+02 1.662588e-08
6.250000e+02 1.453414e-08
6.260000e+02 1.335570e-08
6.270000e+02 1.874509e-08
6.280000e+02 1.618590e-08
6.290000e+02 1.573042e-08
6.300000e+02 1.234563e-08
6.310000e+02 1.891227e-08
6.320000e+02 1.668477e-08
6.330000e+02 1.350203e-08
6.340000e+02 1.327760e-08
6.350000e+02 1.624162e-08
6.360000e+02 1.470829e-08
6.370000e+02 1.321698e-08
6.380000e+02 1.854609e-08
6.390000e+02 2.648818e-08
6.400000e+02 1.922936e-08
6.410000e+02 1.572464e-08
6.420000e+02 1.355085e-08
6.430000e+02 1.910840e-08
6.440000e+02 1.595160e-08
6.450000e+02 1.251856e-08
6.460000e+02 9.728029e-09
6.470000e+02 1.644969e-08
6.480000e+02 1.434276e-08
6.490000e+02 1.258062e-08
6.500000e+02 1.119060e-08
6.510000e+02 1.995041e-08
6.520000e+02 1.519260e-08
6.530000e+02 1.911204e-08
6.540000e+02 1.287428e-08
6.550000e+02 1.825388e-08
6.560000e+02 1.877250e-08
6.570000e+02 1.202815e-08
6.580000e+02 1.060291e-08
6.590000e+02 1.550929e-08
6.600000e+02 1.166807e-08
6.610000e+02 1.199692e-08
6.620000e+02 1.085309e-08
6.630000e+02 1.927581e-08
6.640000e+02 1.981946e-08
6.650000e+02 1.664565e-08
6.660000e+02 1.369289e-08
6.670000e+02 1.457999e-08
6.680000e+02 1.536751e-08
6.690000e+02 1.206034e-08
6.700000e+02 8.570556e-09
6.710000e+02 1.672435e-08
6.720000e+02 1.276296e-08
6.730000e+02 9.767569e-09
6.740000e+02 6.499918e-08
6.750000e+02 2.322719e-08
6.760000e+02 1.430509e-08
6.770000e+02 4.326831e-08
6.780000e+02 3.062780e-08
6.790000e+02 2.692220e-08
6.800000e+02 2.037190e-08
6.810000e+02 1.485488e-08
6.820000e+02 1.394045e-08
6.830000e+02 1.635510e-08
6.840000e+02 1.395719e-08
6.850000e+02 1.317321e-08
6.860000e+02 1.805543e-08
6.870000e+02 2.638863e-08
6.880000e+02 1.844578e-08
6.890000e+02 1.534050e-08
6.900000e+02 1.256686e-08
6.910000e+02 1.891597e-08
6.920000e+02 1.561022e-08
6.930000e+02 1.194716e-08
6.940000e+02 9.246489e-09
6.950000e+02 1.562993e-08
6.960000e+02 1.378527e-08
6.970000e+02 1.151176e-08
6.980000e+02 9.854263e-09
6.990000e+02 1.889204e-08
7.000000e+02 1.433109e-08
7.010000e+02 1.807257e-08
7.020000e+02 1.251276e-08
7.030000e+02 1.736703e-08
7.040000e+02 1.807358e-08
7.050000e+02 1.038189e-08
7.060000e+02 8.999625e-09
7.070000e+02 1.406076e-08
7.080000e+02 1.001607e-08
7.090000e+02 1.077123e-08
7.100000e+02 9.178410e-09
7.110000e+02 1.769082e-08
7.120000e+02 1.832678e-08
7.130000e+02 2.986743e-08
7.140000e+02 1.181833e-08
7.150000e+02 1.284209e-08
7.160000e+02 1.427253e-08
7.170000e+02 1.045714e-08
7.180000e+02 6.954336e-09
7.190000e+02 1.531784e-08
7.200000e+02 1.165678e-08
7.210000e+02 9.706380e-09
7.220000e+02 8.768514e-09
7.230000e+02 1.422923e-08
7.240000e+02 1.208282e-08
7.250000e+02 1.159584e-08
7.260000e+02 8.094905e-09
7.270000e+02 1.495802e-08
7.280000e+02 1.279379e-08
7.290000e+02 9.111108e-09
7.300000e+02 8.705774e-09
7.310000e+02 1.227376e-08
7.320000e+02 1.068055e-08
7.330000e+02 9.627989e-09
7.340000e+02 1.519906e-08
7.350000e+02 2.328044e-08
7.360000e+02 1.540613e-08
7.370000e+02 1.206604e-08
7.380000e+02 9.559648e-09
7.390000e+02 1.604582e-08
7.400000e+02 1.302145e-08
7.410000e+02 9.390329e-09
7.420000e+02 9.709566e-09
7.430000e+02 1.378819e-08
7.440000e+02 1.181651e-08
7.450000e+02 9.884345e-09
7.460000e+02 8.105498e-09
7.470000e+02 1.741752e-08
7.480000e+02 1.251531e-08
7.490000e+02 1.677125e-08
7.500000e+02 1.385769e-08
7.510000e+02 1.603972e-08
7.520000e+02 1.662877e-08
7.530000e+02 9.101726e-09
7.540000e+02 7.314276e-09
7.550000e+02 1.277614e-08
7.560000e+02 8.747683e-09
7.570000e+02 9.368683e-09
7.580000e+02 7.883666e-09
7.590000e+02 1.658234e-08
7.600000e+02 1.768616e-08
7.610000e+02 1.277230e-09
7.620000e+02 1.126235e-08
7.630000e+02 1.189655e-08
7.640000e+02 1.333513e-08
7.650000e+02 9.421597e-09
7.660000e+02 6.362867e-09
7.670000e+02 1.448021e-08
7.680000e+02 1.031539e-08
7.690000e+02 9.034981e-09
7.700000e+02 7.615950e-09
7.710000e+02 1.321907e-08
7.720000e+02 1.096799e-08
7.730000e+02 1.037312e-08
7.740000e+02 6.999089e-09
7.750000e+02 9.755521e-09
7.760000e+02 7.711286e-08
7.770000e+02 2.995340e-08
7.780000e+02 1.672959e-08
7.790000e+02 4.278915e-08
7.800000e+02 3.083741e-08
7.810000e+02 2.045706e-08
7.820000e+02 2.099490e-08
7.830000e+02 2.693855e-08
7.840000e+02 1.694984e-08
7.850000e+02 1.400714e-08
7.860000e+02 1.101044e-08
7.870000e+02 1.756107e-08
7.880000e+02 1.451027e-08
7.890000e+02 1.095750e-08
7.900000e+02 2.269691e-08
7.910000e+02 1.483204e-08
7.920000e+02 1.276020e-08
7.930000e+02 1.048976e-08
7.940000e+02 8.559326e-09
7.950000e+02 1.760700e-08
7.960000e+02 1.288697e-08
7.970000e+02 1.708155e-08
7.980000e+02 1.668678e-08
7.990000e+02 1.625621e-08
8.000000e+02 1.673560e-08
8.010000e+02 8.855688e-09
8.020000e+02 7.351244e-09
8.030000e+02 1.266858e-08
8.040000e+02 8.424355e-09
8.050000e+02 8.797977e-09
8.060000e+02 7.366011e-09
8.070000e+02 1.584973e-08
8.080000e+02 1.686968e-08
8.090000e+02 1.150845e-09
8.100000e+02 1.024037e-08
8.110000e+02 1.099704e-08
8.120000e+02 1.234365e-08
8.130000e+02 8.625542e-09
8.140000e+02 1.135931e-08
8.150000e+02 1.334609e-08
8.160000e+02 9.687162e-09
8.170000e+02 7.900260e-09
8.180000e+02 6.752023e-09
8.190000e+02 1.233736e-08
8.200000e+02 1.022848e-08
8.210000e+02 9.470856e-09
8.220000e+02 6.337768e-09
8.230000e+02 1.301844e-08
8.240000e+02 1.143547e-08
8.250000e+02 7.239606e-09
8.260000e+02 6.873907e-09
8.270000e+02 1.040548e-08
8.280000e+02 8.896784e-09
8.290000e+02 8.124751e-09
8.300000e+02 1.419727e-08
8.310000e+02 2.208693e-08
8.320000e+02 1.369807e-08
8.330000e+02 1.021340e-08
8.340000e+02 9.188610e-09
8.350000e+02 1.410217e-08
8.360000e+02 1.175443e-08
8.370000e+02 7.723702e-09
8.380000e+02 4.811983e-10
8.390000e+02 1.212007e-08
8.400000e+02 1.048933e-08
8.410000e+02 8.256701e-09
8.420000e+02 6.387201e-09
8.430000e+02 1.569370e-08
8.440000e+02 1.085826e-08
8.450000e+02 1.584594e-08
8.460000e+02 1.826489e-08
8.470000e+02 1.481613e-08
8.480000e+02 1.503317e-08
8.490000e+02 7.723392e-09
8.500000e+02 6.005819e-09
8.510000e+02 1.171976e-08
8.520000e+02 7.284164e-09
8.530000e+02 7.821244e-09
8.540000e+02 6.185837e-09
8.550000e+02 1.501877e-08
8.560000e+02 1.634483e-08
8.570000e+02 2.283672e-08
8.580000e+02 1.014704e-08
8.590000e+02 1.051328e-08
8.600000e+02 1.177088e-08
8.610000e+02 7.843148e-09
8.620000e+02 9.371818e-09
8.630000e+02 1.314622e-08
8.640000e+02 9.522563e-09
8.650000e+02 7.894143e-09
8.660000e+02 6.300873e-09
8.670000e+02 1.202048e-08
8.680000e+02 9.529968e-09
8.690000e+02 9.157727e-09
8.700000e+02 5.672429e-09
8.710000e+02 1.246491e-08
8.720000e+02 1.078166e-08
8.730000e+02 7.135845e-09
8.740000e+02 8.085110e-09
8.750000e+02 9.655296e-09
8.760000e+02 8.453231e-09
8.770000e+02 7.451611e-09
8.780000e+02 1.369441e-08
8.790000e+02 2.166093e-08
8.800000e+02 1.331243e-08
8.810000e+02 1.000135e-08
8.820000e+02 8.608652e-09
8.830000e+02 1.382752e-08
8.840000e+02 1.126788e-08
8.850000e+02 7.172051e-09
8.860000e+02 2.207506e-08
8.870000e+02 1.152221e-08
8.880000e+02 9.584919e-09
8.890000e+02 7.584850e-09
8.900000e+02 5.718117e-09
8.910000e+02 1.509827e-08
8.920000e+02 1.012834e-08
8.930000e+02 1.516227e-08
8.940000e+02 2.203138e-08
8.950000e+02 1.418956e-08
8.960000e+02 1.442567e-08
8.970000e+02 6.888755e-09
8.980000e+02 5.585076e-09
8.990000e+02 1.095131e-08
9.000000e+02 6.724198e-09
9.010000e+02 7.159702e-09
9.020000e+02 5.723462e-09
9.030000e+02 1.466789e-08
9.040000e+02 1.601551e-08
9.050000e+02 1.725334e-08
9.060000e+02 9.499642e-09
9.070000e+02 1.003613e-08
9.080000e+02 1.085396e-08
9.090000e+02 7.319833e-09
9.100000e+02 1.491105e-08
9.110000e+02 1.249239e-08
9.120000e+02 8.511304e-09
9.130000e+02 6.733646e-09
9.140000e+02 5.344143e-09
9.150000e+02 1.137774e-08
9.160000e+02 9.061178e-09
9.170000e+02 8.305803e-09
9.180000e+02 5.059378e-09
9.190000e+02 1.176937e-08
9.200000e+02 1.042863e-08
9.210000e+02 7.315160e-09
9.220000e+02 6.168157e-09
9.230000e+02 9.415108e-09
9.240000e+02 1.094062e-08
9.250000e+02 9.933721e-08
9.260000e+02 1.496498e-07
9.270000e+02 1.435206e-08
9.280000e+02 4.082373e-08
9.290000e+02 2.893594e-08
9.300000e+02 1.756865e-08
9.310000e+02 2.022806e-08
9.320000e+02 1.403847e-08
9.330000e+02 1.025050e-08
9.340000e+02 1.336869e-08
9.350000e+02 1.330642e-08
9.360000e+02 1.129391e-08
9.370000e+02 9.099977e-09
9.380000e+02 7.311002e-09
9.390000e+02 1.664781e-08
9.400000e+02 1.159160e-08
9.410000e+02 1.682549e-08
9.420000e+02 2.262263e-08
9.430000e+02 1.572347e-08
9.440000e+02 1.529004e-08
9.450000e+02 7.643455e-09
9.460000e+02 6.061546e-09
9.470000e+02 1.158310e-08
9.480000e+02 6.698327e-09
9.490000e+02 7.565243e-09
9.500000e+02 5.941192e-09
9.510000e+02 1.450352e-08
9.520000e+02 1.591919e-08
9.530000e+02 1.404295e-08
9.540000e+02 9.049463e-09
9.550000e+02 9.780915e-09
9.560000e+02 1.077983e-08
9.570000e+02 6.571049e-09
9.580000e+02 1.533894e-08
9.590000e+02 1.194246e-08
9.600000e+02 8.313051e-09
9.610000e+02 6.338654e-09
9.620000e+02 5.120001e-09
9.630000e+02 1.112043e-08
9.640000e+02 8.407132e-09
9.650000e+02 8.136321e-09
9.660000e+02 4.581445e-09
9.670000e+02 1.131845e-08
9.680000e+02 9.340879e-09
9.690000e+02 6.974737e-09
9.700000e+02 7.285260e-09
9.710000e+02 8.859181e-09
9.720000e+02 7.267494e-09
9.730000e+02 5.935878e-09
9.740000e+02 1.320790e-08
9.750000e+02 2.089456e-08
9.760000e+02 1.216928e-08
9.770000e+02 8.990507e-09
9.780000e+02 1.149273e-08
9.790000e+02 1.277275e-08
9.800000e+02 9.868763e-09
9.810000e+02 6.031637e-09
9.820000e+02 7.288264e-09
9.830000e+02 1.067021e-08
9.840000e+02 8.756739e-09
9.850000e+02 6.427744e-09
9.860000e+02 4.863560e-09
9.870000e+02 1.407046e-08
9.880000e+02 8.916919e-09
9.890000e+02 1.474308e-08
9.900000e+02 2.452843e-08
9.910000e+02 1.369449e-08
9.920000e+02 1.347610e-08
9.930000e+02 5.811688e-09
9.940000e+02 4.497510e-09
9.950000e+02 1.005677e-08
9.960000e+02 5.358214e-09
9.970000e+02 5.984842e-09
9.980000e+02 4.872282e-09
9.990000e+02 1.351674e-08
1.000000e+03 1.544188e-08
1.001000e+03 1.310233e-08
1.002000e+03 8.739147e-09
1.003000e+03 9.239053e-09
1.004000e+03 1.011239e-08
1.005000e+03 6.011429e-09
1.006000e+03 2.248548e-08
1.007000e+03 1.173178e-08
1.008000e+03 7.568265e-09
1.009000e+03 6.139262e-09
1.010000e+03 4.608544e-09
1.011000e+03 1.080280e-08
1.012000e+03 8.005622e-09
1.013000e+03 7.297536e-09
1.014000e+03 4.291503e-09
1.015000e+03 1.072708e-08
1.016000e+03 9.021576e-09
1.017000e+03 8.550508e-09
1.018000e+03 7.051625e-09
1.019000e+03 8.386750e-09
1.020000e+03 7.320072e-09
1.021000e+03 5.938851e-09
1.022000e+03 1.290420e-08
1.023000e+03 2.090800e-08
1.024000e+03 1.196549e-08
1.025000e+03 8.986897e-09
1.026000e+03 1.413313e-08
1.027000e+03 1.252761e-08
1.028000e+03 9.306402e-09
1.029000e+03 5.634664e-09
1.030000e+03 5.949809e-09
1.031000e+03 1.037704e-08
1.032000e+03 8.304420e-09
1.033000e+03 5.920130e-09
1.034000e+03 6.798863e-09
1.035000e+03 1.358146e-08
1.036000e+03 8.658173e-09
1.037000e+03 1.444474e-08
1.038000e+03 2.506408e-08
1.039000e+03 1.341783e-08
1.040000e+03 1.327380e-08
1.041000e+03 5.577647e-09
1.042000e+03 4.182893e-09
1.043000e+03 9.952492e-09
1.044000e+03 5.153543e-09
1.045000e+03 5.942098e-09
1.046000e+03 4.780035e-09
1.047000e+03 1.334153e-08
1.048000e+03 1.502600e-08
1.049000e+03 1.179840e-08
1.050000e+03 8.202643e-09
1.051000e+03 8.956521e-09
1.052000e+03 9.722904e-09
1.053000e+03 5.673728e-09
1.054000e+03 1.782445e-08
1.055000e+03 1.118976e-08
1.056000e+03 7.298208e-09
1.057000e+03 5.417677e-09
1.058000e+03 4.409010e-09
1.059000e+03 1.061922e-08
1.060000e+03 7.936653e-09
1.061000e+03 7.235600e-09
1.062000e+03 3.762923e-09
1.063000e+03 1.060414e-08
1.064000e+03 8.805340e-09
1.065000e+03 8.807964e-09
1.066000e+03 7.983381e-09
1.067000e+03 8.331839e-09
1.068000e+03 6.564385e-09
1.069000e+03 5.666126e-09
1.070000e+03 1.301138e-08
1.071000e+03 2.070781e-08
1.072000e+03 1.167559e-08
1.073000e+03 8.642151e-09
1.074000e+03 6.700496e-10
1.075000e+03 1.174393e-08
1.076000e+03 9.240494e-09
1.077000e+03 5.336672e-09
1.078000e+03 5.094651e-09
1.079000e+03 1.004543e-08
1.080000e+03 8.313148e-09
1.081000e+03 5.975016e-09
1.082000e+03 5.561469e-09
1.083000e+03 1.344628e-08
1.084000e+03 9.072056e-09
1.085000e+03 1.461258e-08
1.086000e+03 2.568956e-08
1.087000e+03 1.335871e-08
1.088000e+03 1.274891e-08
1.089000e+03 5.473290e-09
1.090000e+03 3.685101e-09
1.091000e+03 9.757280e-09
1.092000e+03 4.770343e-09
1.093000e+03 5.435909e-09
1.094000e+03 6.476161e-09
1.095000e+03 1.285933e-08
1.096000e+03 1.503444e-08
1.097000e+03 1.035818e-08
1.098000e+03 8.401056e-09
1.099000e+03 8.723310e-09
1.100000e+03 9.804897e-09
1.101000e+03 5.505125e-09
1.102000e+03 3.492931e-10
1.103000e+03 1.127926e-08
1.104000e+03 7.241659e-09
1.105000e+03 5.552454e-09
1.106000e+03 4.226580e-09
1.107000e+03 1.064185e-08
1.108000e+03 7.532823e-09
1.109000e+03 7.049081e-09
1.110000e+03 3.639136e-09
1.111000e+03 1.047761e-08
1.112000e+03 8.514551e-09
1.113000e+03 9.915549e-09
1.114000e+03 2.307348e-08
1.115000e+03 8.108301e-09
1.116000e+03 6.465365e-09
1.117000e+03 5.068493e-09
1.118000e+03 1.269411e-08
1.119000e+03 2.043604e-08
1.120000e+03 1.159084e-08
1.121000e+03 8.638390e-09
1.122000e+03 1.738456e-08
1.123000e+03 1.218730e-08
1.124000e+03 9.229140e-09
1.125000e+03 5.282096e-09
1.126000e+03 4.204422e-09
1.127000e+03 9.947934e-09
1.128000e+03 7.807013e-09
1.129000e+03 5.753017e-09
1.130000e+03 7.289134e-09
1.131000e+03 1.319086e-08
1.132000e+03 8.455050e-09
1.133000e+03 1.435652e-08
1.134000e+03 3.847132e-08
1.135000e+03 1.329155e-08
1.136000e+03 1.273824e-08
1.137000e+03 5.304741e-09
1.138000e+03 3.916908e-09
1.139000e+03 9.414015e-09
1.140000e+03 4.830337e-09
1.141000e+03 5.288236e-09
1.142000e+03 4.825295e-09
1.143000e+03 1.277948e-08
1.144000e+03 1.507328e-08
1.145000e+03 1.022183e-08
1.146000e+03 8.169867e-09
1.147000e+03 8.681999e-09
1.148000e+03 9.500811e-09
1.149000e+03 5.370103e-09
1.150000e+03 3.331644e-10
1.151000e+03 1.111828e-08
1.152000e+03 6.784849e-09
1.153000e+03 5.142885e-09
1.154000e+03 4.222022e-09
1.155000e+03 1.036211e-08
1.156000e+03 7.406024e-09
1.157000e+03 6.685402e-09
1.158000e+03 3.604376e-09
1.159000e+03 1.018548e-08
1.160000e+03 8.565985e-09
1.161000e+03 1.001392e-08
1.162000e+03 8.266211e-09
1.163000e+03 8.172542e-09
1.164000e+03 6.509895e-09
1.165000e+03 5.133938e-09
1.166000e+03 1.278462e-08
1.167000e+03 2.058270e-08
1.168000e+03 1.126426e-08
1.169000e+03 8.555154e-09
1.170000e+03 2.626215e-08
1.171000e+03 1.203951e-08
1.172000e+03 8.668441e-09
1.173000e+03 4.886414e-09
1.174000e+03 3.927224e-09
1.175000e+03 9.620189e-09
1.176000e+03 7.766013e-09
1.177000e+03 6.555519e-09
1.178000e+03 7.355254e-09
1.179000e+03 1.301454e-08
1.180000e+03 8.844360e-09
1.181000e+03 1.441288e-08
1.182000e+03 2.494359e-08
1.183000e+03 1.316740e-08
1.184000e+03 1.255811e-08
1.185000e+03 5.110804e-09
1.186000e+03 4.810441e-09
1.187000e+03 9.707386e-09
1.188000e+03 5.293388e-09
1.189000e+03 8.746862e-09
1.190000e+03 5.441906e-09
1.191000e+03 1.408098e-08
1.192000e+03 9.721455e-09
1.193000e+03 8.352842e-08
1.194000e+03 2.423145e-08
1.195000e+03 1.209069e-08
1.196000e+03 3.898258e-08
1.197000e+03 2.652608e-08
1.198000e+03 1.914921e-09
1.199000e+03 1.587755e-08
1.200000e+03 1.210901e-08
1.201000e+03 8.764658e-09
1.202000e+03 8.725191e-09
1.203000e+03 1.638775e-08
1.204000e+03 1.054135e-08
1.205000e+03 1.208608e-08
1.206000e+03 7.971065e-09
1.207000e+03 1.409711e-08
1.208000e+03 1.340468e-08
1.209000e+03 7.868321e-09
1.210000e+03 1.282072e-08
1.211000e+03 1.121086e-08
1.212000e+03 7.083959e-09
1.213000e+03 9.840569e-09
1.214000e+03 6.334017e-09
1.215000e+03 1.498976e-08
1.216000e+03 1.140378e-08
1.217000e+03 2.101255e-08
1.218000e+03 6.033270e-09
1.219000e+03 1.139215e-08
1.220000e+03 9.028389e-09
1.221000e+03 6.732663e-09
1.222000e+03 4.542216e-09
1.223000e+03 1.042288e-08
1.224000e+03 8.864047e-09
1.225000e+03 6.056454e-09
1.226000e+03 6.333315e-09
1.227000e+03 1.335987e-08
1.228000e+03 8.089492e-09
1.229000e+03 9.549389e-09
1.230000e+03 5.240048e-09
1.231000e+03 1.175797e-08
1.232000e+03 1.080896e-08
1.233000e+03 9.077179e-09
1.234000e+03 9.178168e-09
1.235000e+03 8.935059e-09
1.236000e+03 5.289714e-09
1.237000e+03 8.425647e-09
1.238000e+03 5.152425e-09
1.239000e+03 1.412820e-08
1.240000e+03 1.082705e-08
1.241000e+03 1.637330e-08
1.242000e+03 6.249984e-09
1.243000e+03 1.076895e-08
1.244000e+03 8.366688e-09
1.245000e+03 6.409437e-09
1.246000e+03 4.053863e-09
1.247000e+03 9.879923e-09
1.248000e+03 7.733934e-09
1.249000e+03 5.291768e-09
1.250000e+03 2.431913e-08
1.251000e+03 1.289517e-08
1.252000e+03 7.895495e-09
1.253000e+03 9.105515e-09
1.254000e+03 5.140092e-09
1.255000e+03 1.157736e-08
1.256000e+03 1.138295e-08
1.257000e+03 8.434518e-09
1.258000e+03 6.961906e-09
1.259000e+03 9.084353e-09
1.260000e+03 5.513851e-09
1.261000e+03 8.410664e-09
1.262000e+03 4.956796e-09
1.263000e+03 1.396618e-08
1.264000e+03 1.126373e-08
1.265000e+03 2.282878e-08
1.266000e+03 4.943179e-09
1.267000e+03 1.077553e-08
1.268000e+03 8.187775e-09
1.269000e+03 6.152023e-09
1.270000e+03 3.887844e-09
1.271000e+03 9.913224e-09
1.272000e+03 8.296341e-09
1.273000e+03 7.289154e-09
1.274000e+03 2.406445e-08
1.275000e+03 1.281085e-08
1.276000e+03 7.967321e-09
1.277000e+03 9.175563e-09
1.278000e+03 5.198952e-09
1.279000e+03 1.155399e-08
1.280000e+03 1.088292e-08
1.281000e+03 6.681734e-09
1.282000e+03 1.585415e-08
1.283000e+03 9.132184e-09
1.284000e+03 5.311037e-09
1.285000e+03 8.561419e-09
1.286000e+03 5.289978e-09
1.287000e+03 1.407017e-08
1.288000e+03 1.056727e-08
1.289000e+03 2.099068e-08
1.290000e+03 5.178671e-09
1.291000e+03 1.064149e-08
1.292000e+03 8.236830e-09
1.293000e+03 5.916399e-09
1.294000e+03 3.689281e-09
1.295000e+03 9.558621e-09
1.296000e+03 7.728375e-09
1.297000e+03 6.767166e-09
1.298000e+03 2.299671e-08
1.299000e+03 1.282011e-08
1.300000e+03 8.143413e-09
1.301000e+03 9.231552e-09
1.302000e+03 5.161992e-09
1.303000e+03 1.173405e-08
1.304000e+03 1.133905e-08
1.305000e+03 7.892052e-09
1.306000e+03 8.561406e-09
1.307000e+03 9.156998e-09
1.308000e+03 5.150311e-09
1.309000e+03 8.498449e-09
1.310000e+03 5.023986e-09
1.311000e+03 1.380420e-08
1.312000e+03 1.019381e-08
1.313000e+03 6.349559e-10
1.314000e+03 5.032278e-09
1.315000e+03 1.030422e-08
1.316000e+03 8.018894e-09
1.317000e+03 5.940376e-09
1.318000e+03 4.017530e-09
1.319000e+03 9.743226e-09
1.320000e+03 8.402430e-09
1.321000e+03 6.811236e-09
1.322000e+03 7.729599e-09
1.323000e+03 1.291992e-08
1.324000e+03 8.888544e-09
1.325000e+03 9.420940e-09
1.326000e+03 5.070932e-09
1.327000e+03 1.155525e-08
1.328000e+03 1.073561e-08
1.329000e+03 5.502106e-09
1.330000e+03 2.880073e-10
1.331000e+03 8.942884e-09
1.332000e+03 5.156437e-09
1.333000e+03 8.175710e-09
1.334000e+03 4.887302e-09
1.335000e+03 1.375933e-08
1.336000e+03 1.054824e-08
1.337000e+03 6.409546e-10
1.338000e+03 5.466162e-09
1.339000e+03 1.035637e-08
1.340000e+03 8.276559e-09
1.341000e+03 5.946478e-09
1.342000e+03 3.956472e-09
1.343000e+03 9.758385e-09
1.344000e+03 7.696831e-09
1.345000e+03 5.897946e-09
1.346000e+03 1.020139e-08
1.347000e+03 1.276386e-08
1.348000e+03 7.933771e-09
1.349000e+03 9.316729e-09
1.350000e+03 4.885814e-09
1.351000e+03 1.155012e-08
1.352000e+03 1.103571e-08
1.353000e+03 1.210958e-08
1.354000e+03 1.351942e-08
1.355000e+03 8.737598e-09
1.356000e+03 5.209926e-09
1.357000e+03 8.260289e-09
1.358000e+03 4.818781e-09
1.359000e+03 1.374730e-08
1.360000e+03 1.047580e-08
1.361000e+03 2.271240e-08
1.362000e+03 4.837787e-09
1.363000e+03 1.064592e-08
1.364000e+03 8.094206e-09
1.365000e+03 6.031401e-09
1.366000e+03 3.864217e-09
1.367000e+03 9.751484e-09
1.368000e+03 7.944690e-09
1.369000e+03 5.579193e-09
1.370000e+03 8.506289e-09
1.371000e+03 1.282109e-08
1.372000e+03 7.694062e-09
1.373000e+03 9.048753e-09
1.374000e+03 4.859819e-09
1.375000e+03 1.128056e-08
1.376000e+03 1.058403e-08
1.377000e+03 8.434587e-09
1.378000e+03 2.464926e-08
1.379000e+03 8.916397e-09
1.380000e+03 5.179014e-09
1.381000e+03 8.258394e-09
1.382000e+03 4.852060e-09
1.383000e+03 1.390230e-08
1.384000e+03 1.073309e-08
1.385000e+03 2.460870e-08
1.386000e+03 5.020349e-09
1.387000e+03 1.054293e-08
1.388000e+03 8.308306e-09
1.389000e+03 6.025244e-09
1.390000e+03 3.519207e-09
1.391000e+03 9.662184e-09
1.392000e+03 7.507387e-09
1.393000e+03 7.047750e-09
1.394000e+03 1.207023e-08
1.395000e+03 1.250844e-08
1.396000e+03 8.021829e-09
1.397000e+03 9.014577e-09
1.398000e+03 5.145219e-09
1.399000e+03 1.147393e-08
1.400000e+03 1.113208e-08
1.401000e+03 9.472243e-09
1.402000e+03 8.640475e-09
1.403000e+03 9.015788e-09
1.404000e+03 5.203378e-09
1.405000e+03 8.507323e-09
1.406000e+03 4.813532e-09
1.407000e+03 1.378936e-08
1.408000e+03 1.010827e-08
1.409000e+03 2.464393e-08
1.410000e+03 4.543130e-09
1.411000e+03 1.044508e-08
1.412000e+03 8.081100e-09
1.413000e+03 5.791784e-09
1.414000e+03 3.521335e-09
1.415000e+03 9.502765e-09
1.416000e+03 7.993924e-09
1.417000e+03 7.656280e-09
1.418000e+03 9.297279e-09
1.419000e+03 1.268945e-08
1.420000e+03 8.252306e-09
1.421000e+03 9.094039e-09
1.422000e+03 5.002752e-09
1.423000e+03 1.144451e-08
1.424000e+03 1.053072e-08
1.425000e+03 8.014395e-09
1.426000e+03 2.431040e-08
1.427000e+03 9.007992e-09
1.428000e+03 4.779070e-09
1.429000e+03 8.434458e-09
1.430000e+03 4.807785e-09
1.431000e+03 1.379209e-08
1.432000e+03 1.038626e-08
1.433000e+03 6.208104e-10
1.434000e+03 4.888067e-09
1.435000e+03 1.018083e-08
1.436000e+03 7.889900e-09
1.437000e+03 5.850528e-09
1.438000e+03 3.643026e-09
1.439000e+03 9.426387e-09
1.440000e+03 7.795944e-09
1.441000e+03 6.539322e-09
1.442000e+03 2.546365e-08
1.443000e+03 1.247942e-08
1.444000e+03 9.603595e-09
1.445000e+03 9.334703e-09
1.446000e+03 4.959047e-09
1.447000e+03 1.157069e-08
1.448000e+03 1.090671e-08
1.449000e+03 5.672444e-09
1.450000e+03 1.333972e-08
1.451000e+03 8.922344e-09
1.452000e+03 4.909502e-09
1.453000e+03 8.174023e-09
1.454000e+03 4.731196e-09
1.455000e+03 1.349370e-08
1.456000e+03 1.015286e-08
1.457000e+03 5.939852e-10
1.458000e+03 4.936051e-09
1.459000e+03 1.020082e-08
1.460000e+03 8.247057e-09
1.461000e+03 5.819868e-09
1.462000e+03 3.703736e-09
1.463000e+03 9.660347e-09
1.464000e+03 8.025964e-09
1.465000e+03 6.940292e-09
1.466000e+03 7.078179e-09
1.467000e+03 1.263289e-08
1.468000e+03 7.794186e-09
1.469000e+03 9.226624e-09
1.470000e+03 4.666370e-09
1.471000e+03 1.134217e-08
1.472000e+03 1.048291e-08
1.473000e+03 1.288812e-08
1.474000e+03 5.129166e-09
1.475000e+03 8.570256e-09
1.476000e+03 4.920219e-09
1.477000e+03 8.134775e-09
1.478000e+03 4.774952e-09
1.479000e+03 1.357433e-08
1.480000e+03 1.046840e-08
1.481000e+03 2.784307e-08
1.482000e+03 5.113622e-09
1.483000e+03 1.047503e-08
1.484000e+03 7.966997e-09
1.485000e+03 5.992667e-09
1.486000e+03 3.509597e-09
1.487000e+03 9.546608e-09
1.488000e+03 7.337047e-09
1.489000e+03 5.096021e-09
1.490000e+03 3.680909e-10
1.491000e+03 1.247752e-08
1.492000e+03 7.918468e-09
1.493000e+03 8.961716e-09
1.494000e+03 4.721355e-09
1.495000e+03 1.127687e-08
1.496000e+03 1.107401e-08
1.497000e+03 9.955819e-09
1.498000e+03 8.764603e-09
1.499000e+03 8.741301e-09
1.500000e+03 5.126158e-09
1.501000e+03 8.146846e-09
1.502000e+03 4.660121e-09
1.503000e+03 1.361574e-08
1.504000e+03 1.168498e-08
1.505000e+03 5.918247e-10
1.506000e+03 4.930415e-09
1.507000e+03 1.033103e-08
1.508000e+03 8.421989e-09
1.509000e+03 5.946213e-09
1.510000e+03 3.654880e-09
1.511000e+03 9.601508e-09
1.512000e+03 7.773477e-09
1.513000e+03 8.196042e-09
1.514000e+03 3.904601e-10
1.515000e+03 1.247440e-08
1.516000e+03 7.995633e-09
1.517000e+03 8.998891e-09
1.518000e+03 4.853785e-09
1.519000e+03 1.129210e-08
1.520000e+03 1.056737e-08
1.521000e+03 9.362398e-09
1.522000e+03 3.023267e-10
1.523000e+03 8.726247e-09
1.524000e+03 5.036346e-09
1.525000e+03 8.445675e-09
1.526000e+03 4.769301e-09
1.527000e+03 1.371901e-08
1.528000e+03 1.024096e-08
1.529000e+03 6.011419e-10
1.530000e+03 4.815957e-09
1.531000e+03 1.025095e-08
1.532000e+03 8.212345e-09
1.533000e+03 5.640012e-09
1.534000e+03 3.356348e-09
1.535000e+03 9.218478e-09
1.536000e+03 7.306848e-09
1.537000e+03 7.478014e-09
1.538000e+03 2.911331e-08
1.539000e+03 1.240203e-08
1.540000e+03 7.926409e-09
1.541000e+03 8.990669e-09
1.542000e+03 4.881279e-09
1.543000e+03 1.149255e-08
1.544000e+03 1.096235e-08
1.545000e+03 9.097653e-09
1.546000e+03 1.076634e-08
1.547000e+03 8.868710e-09
1.548000e+03 4.648410e-09
1.549000e+03 8.411098e-09
1.550000e+03 4.626885e-09
1.551000e+03 1.352212e-08
1.552000e+03 1.004961e-08
1.553000e+03 6.114138e-10
1.554000e+03 4.735164e-09
1.555000e+03 1.007083e-08
1.556000e+03 7.943741e-09
1.557000e+03 5.735226e-09
1.558000e+03 3.568104e-09
1.559000e+03 9.454087e-09
1.560000e+03 8.044329e-09
1.561000e+03 7.006559e-09
1.562000e+03 8.412766e-09
1.563000e+03 1.240440e-08
1.564000e+03 9.527528e-09
1.565000e+03 9.304948e-09
1.566000e+03 4.901525e-09
1.567000e+03 1.130618e-08
1.568000e+03 1.048014e-08
1.569000e+03 6.056056e-09
1.570000e+03 1.737359e-08
1.571000e+03 8.657006e-09
1.572000e+03 4.695791e-09
1.573000e+03 8.066261e-09
1.574000e+03 4.615107e-09
1.575000e+03 1.350716e-08
1.576000e+03 1.017938e-08
1.577000e+03 5.853584e-10
1.578000e+03 4.882189e-09
1.579000e+03 1.010429e-08
1.580000e+03 7.952664e-09
1.581000e+03 5.821546e-09
1.582000e+03 3.464447e-09
1.583000e+03 9.499515e-09
1.584000e+03 7.367653e-09
1.585000e+03 6.675151e-09
1.586000e+03 1.406667e-08
1.587000e+03 1.234938e-08
1.588000e+03 8.011994e-09
1.589000e+03 9.092711e-09
1.590000e+03 4.567236e-09
1.591000e+03 1.127849e-08
1.592000e+03 1.068700e-08
1.593000e+03 1.272060e-08
1.594000e+03 1.067519e-08
1.595000e+03 8.476217e-09
1.596000e+03 4.651904e-09
1.597000e+03 8.130861e-09
1.598000e+03 4.487753e-09
1.599000e+03 1.345043e-08
1.600000e+03 1.047926e-08
1.601000e+03 5.646337e-10
1.602000e+03 4.825164e-09
1.603000e+03 1.039182e-08
1.604000e+03 7.978672e-09
1.605000e+03 5.845111e-09
1.606000e+03 3.585477e-09
1.607000e+03 9.599076e-09
1.608000e+03 7.768383e-09
1.609000e+03 5.775484e-09
1.610000e+03 1.120106e-08
1.611000e+03 1.231836e-08
1.612000e+03 7.899240e-09
1.613000e+03 8.906321e-09
1.614000e+03 4.572790e-09
1.615000e+03 1.102046e-08
1.616000e+03 1.027551e-08
1.617000e+03 8.700871e-09
1.618000e+03 3.317299e-10
1.619000e+03 8.441945e-09
1.620000e+03 4.861841e-09
1.621000e+03 8.158398e-09
1.622000e+03 4.634799e-09
1.623000e+03 1.359434e-08
1.624000e+03 1.041696e-08
1.625000e+03 5.926226e-10
1.626000e+03 4.830495e-09
1.627000e+03 1.020858e-08
1.628000e+03 8.424377e-09
1.629000e+03 5.947668e-09
1.630000e+03 3.245967e-09
1.631000e+03 9.482535e-09
1.632000e+03 7.274551e-09
1.633000e+03 7.756961e-09
1.634000e+03 6.749613e-09
1.635000e+03 1.217706e-08
1.636000e+03 7.892589e-09
1.637000e+03 8.970420e-09
1.638000e+03 4.767290e-09
1.639000e+03 1.115507e-08
1.640000e+03 1.082939e-08
1.641000e+03 1.082144e-08
1.642000e+03 8.848032e-09
1.643000e+03 8.801344e-09
1.644000e+03 4.896404e-09
1.645000e+03 8.185100e-09
1.646000e+03 4.656375e-09
1.647000e+03 1.346546e-08
1.648000e+03 1.003046e-08
1.649000e+03 5.594176e-10
1.650000e+03 4.602150e-09
1.651000e+03 1.019258e-08
1.652000e+03 8.103654e-09
1.653000e+03 5.640248e-09
1.654000e+03 3.235700e-09
1.655000e+03 9.294255e-09
1.656000e+03 7.744160e-09
1.657000e+03 7.275473e-09
1.658000e+03 8.651883e-09
1.659000e+03 1.231959e-08
1.660000e+03 8.220260e-09
1.661000e+03 8.997032e-09
1.662000e+03 4.694611e-09
1.663000e+03 1.123059e-08
1.664000e+03 1.042437e-08
1.665000e+03 8.100386e-09
1.666000e+03 2.722411e-10
1.667000e+03 8.586334e-09
1.668000e+03 4.514621e-09
1.669000e+03 8.323308e-09
1.670000e+03 4.617393e-09
1.671000e+03 1.359000e-08
1.672000e+03 1.011387e-08
1.673000e+03 5.726856e-10
1.674000e+03 4.631113e-09
1.675000e+03 9.899060e-09
1.676000e+03 7.873367e-09
1.677000e+03 5.676869e-09
1.678000e+03 3.530723e-09
1.679000e+03 9.236130e-09
1.680000e+03 7.389043e-09
1.681000e+03 7.042711e-09
1.682000e+03 3.369626e-10
1.683000e+03 1.230477e-08
1.684000e+03 9.352474e-09
1.685000e+03 9.221822e-09
1.686000e+03 4.715070e-09
1.687000e+03 1.130315e-08
1.688000e+03 1.054341e-08
1.689000e+03 6.738163e-09
1.690000e+03 2.124724e-08
1.691000e+03 8.780976e-09
1.692000e+03 4.732217e-09
1.693000e+03 8.061425e-09
1.694000e+03 4.481930e-09
1.695000e+03 1.323466e-08
1.696000e+03 9.855793e-09
1.697000e+03 5.805029e-10
1.698000e+03 4.714865e-09
1.699000e+03 1.003510e-08
1.700000e+03 8.199921e-09
1.701000e+03 5.677006e-09
1.702000e+03 3.502146e-09
1.703000e+03 9.471092e-09
1.704000e+03 7.766528e-09
1.705000e+03 7.109862e-09
1.706000e+03 6.212059e-09
1.707000e+03 1.232617e-08
1.708000e+03 7.743062e-09
1.709000e+03 8.967529e-09
1.710000e+03 4.505732e-09
1.711000e+03 1.112180e-08
1.712000e+03 1.030712e-08
1.713000e+03 1.524436e-08
1.714000e+03 4.121750e-09
1.715000e+03 8.404196e-09
1.716000e+03 4.540324e-09
1.717000e+03 8.042786e-09
1.718000e+03 4.471886e-09
1.719000e+03 1.350005e-08
1.720000e+03 1.034251e-08
1.721000e+03 2.909521e-08
1.722000e+03 4.508498e-09
1.723000e+03 1.025448e-08
1.724000e+03 7.938557e-09
1.725000e+03 5.869864e-09
1.726000e+03 3.287839e-09
1.727000e+03 9.362024e-09
1.728000e+03 7.029649e-09
1.729000e+03 5.331409e-09
1.730000e+03 3.436387e-10
1.731000e+03 1.211097e-08
1.732000e+03 7.995082e-09
1.733000e+03 8.839400e-09
1.734000e+03 4.599176e-09
1.735000e+03 1.092287e-08
1.736000e+03 1.061705e-08
1.737000e+03 1.064919e-08
1.738000e+03 8.934737e-09
1.739000e+03 8.547848e-09
1.740000e+03 4.850488e-09
1.741000e+03 8.141080e-09
1.742000e+03 4.414715e-09
1.743000e+03 1.345316e-08
1.744000e+03 1.178136e-08
1.745000e+03 5.577839e-10
1.746000e+03 4.687891e-09
1.747000e+03 1.025630e-08
1.748000e+03 7.968832e-09
1.749000e+03 5.886185e-09
1.750000e+03 3.315056e-09
1.751000e+03 9.413712e-09
1.752000e+03 7.595481e-09
1.753000e+03 8.450111e-09
1.754000e+03 3.376599e-10
1.755000e+03 1.210160e-08
1.756000e+03 8.018439e-09
1.757000e+03 8.853204e-09
1.758000e+03 4.681878e-09
1.759000e+03 1.100991e-08
1.760000e+03 1.034514e-08
1.761000e+03 8.619517e-09
1.762000e+03 1.714262e-08
1.763000e+03 8.759537e-09
1.764000e+03 4.649486e-09
1.765000e+03 8.352392e-09
1.766000e+03 4.546429e-09
1.767000e+03 1.352326e-08
1.768000e+03 1.001731e-08
1.769000e+03 5.663761e-10
1.770000e+03 4.539877e-09
1.771000e+03 1.007204e-08
1.772000e+03 8.053910e-09
1.773000e+03 5.584473e-09
1.774000e+03 3.108517e-09
1.775000e+03 9.039082e-09
1.776000e+03 7.198972e-09
1.777000e+03 7.170546e-09
1.778000e+03 3.289532e-10
1.779000e+03 1.214903e-08
1.780000e+03 8.463474e-09
1.781000e+03 8.940688e-09
1.782000e+03 4.672915e-09
1.783000e+03 1.129613e-08
1.784000e+03 1.067777e-08
1.785000e+03 8.741922e-09
1.786000e+03 1.100026e-08
1.787000e+03 8.616867e-09
1.788000e+03 4.456375e-09
1.789000e+03 8.310126e-09
1.790000e+03 4.526860e-09
1.791000e+03 1.336077e-08
1.792000e+03 9.965330e-09
1.793000e+03 5.450812e-10
1.794000e+03 4.498208e-09
1.795000e+03 9.952540e-09
1.796000e+03 7.846711e-09
1.797000e+03 5.611251e-09
1.798000e+03 3.357611e-09
1.799000e+03 9.250759e-09
1.800000e+03 7.626624e-09
