Title ="THE FLUX ERR"
Variables=
iter
residual
1.000000e+00 8.804374e-04
2.000000e+00 4.032135e-04
3.000000e+00 9.336618e-04
4.000000e+00 9.850314e-04
5.000000e+00 1.045051e-03
6.000000e+00 1.198249e-04
7.000000e+00 4.745903e-04
8.000000e+00 4.242325e-04
9.000000e+00 2.727058e-04
1.000000e+01 2.475371e-04
1.100000e+01 4.042699e-04
1.200000e+01 1.442954e-04
1.300000e+01 3.134279e-04
1.400000e+01 1.653849e-04
1.500000e+01 1.350946e-04
1.600000e+01 7.951148e-05
1.700000e+01 6.199289e-05
1.800000e+01 6.958185e-05
1.900000e+01 1.270910e-04
2.000000e+01 1.236357e-04
2.100000e+01 1.434870e-04
2.200000e+01 1.224729e-04
2.300000e+01 7.082093e-05
2.400000e+01 6.567898e-05
2.500000e+01 1.355872e-04
2.600000e+01 8.108846e-05
2.700000e+01 8.452280e-05
2.800000e+01 2.241070e-05
2.900000e+01 1.270198e-05
3.000000e+01 5.829511e-05
3.100000e+01 4.906887e-05
3.200000e+01 1.890181e-05
3.300000e+01 4.222863e-05
3.400000e+01 1.534664e-05
3.500000e+01 1.554961e-05
3.600000e+01 3.191334e-05
3.700000e+01 2.906466e-05
3.800000e+01 8.633171e-06
3.900000e+01 2.874224e-05
4.000000e+01 2.050792e-05
4.100000e+01 5.334223e-06
4.200000e+01 5.126808e-06
4.300000e+01 1.914717e-05
4.400000e+01 1.916465e-05
4.500000e+01 8.521935e-06
4.600000e+01 1.231974e-05
4.700000e+01 6.453399e-06
4.800000e+01 1.592705e-05
4.900000e+01 1.873885e-05
5.000000e+01 1.414186e-05
5.100000e+01 1.801569e-05
5.200000e+01 2.232252e-05
5.300000e+01 1.370341e-05
5.400000e+01 1.776228e-05
5.500000e+01 2.536842e-05
5.600000e+01 2.553444e-05
5.700000e+01 1.877757e-05
5.800000e+01 1.929056e-05
5.900000e+01 1.642119e-05
6.000000e+01 2.341598e-05
6.100000e+01 1.900118e-05
6.200000e+01 2.501196e-05
6.300000e+01 1.623409e-05
6.400000e+01 1.739393e-05
6.500000e+01 1.948048e-05
6.600000e+01 1.969110e-05
6.700000e+01 9.826954e-06
6.800000e+01 1.376448e-06
6.900000e+01 1.271527e-06
7.000000e+01 1.303102e-05
7.100000e+01 1.690562e-05
7.200000e+01 1.458522e-05
7.300000e+01 1.069090e-06
7.400000e+01 4.248198e-06
7.500000e+01 3.324211e-06
7.600000e+01 1.045245e-05
7.700000e+01 1.569774e-05
7.800000e+01 9.536393e-06
7.900000e+01 2.551354e-06
8.000000e+01 1.025629e-06
8.100000e+01 1.255260e-05
8.200000e+01 1.214055e-05
8.300000e+01 3.319784e-06
8.400000e+01 1.261580e-06
8.500000e+01 1.661760e-05
8.600000e+01 3.612739e-06
8.700000e+01 1.565128e-06
8.800000e+01 1.317346e-05
8.900000e+01 5.537203e-07
9.000000e+01 2.238120e-06
9.100000e+01 1.531937e-06
9.200000e+01 2.892405e-06
9.300000e+01 5.508381e-06
9.400000e+01 5.072282e-06
9.500000e+01 6.082362e-06
9.600000e+01 4.279975e-06
9.700000e+01 8.060625e-06
9.800000e+01 1.431858e-05
9.900000e+01 7.931242e-06
1.000000e+02 6.900835e-06
1.010000e+02 6.048838e-06
1.020000e+02 7.824494e-06
1.030000e+02 4.609863e-06
1.040000e+02 7.770019e-06
1.050000e+02 4.068469e-06
1.060000e+02 5.780049e-06
1.070000e+02 6.649354e-06
1.080000e+02 6.869483e-06
1.090000e+02 7.157679e-06
1.100000e+02 8.399256e-06
1.110000e+02 4.307977e-06
1.120000e+02 6.711497e-06
1.130000e+02 9.348707e-06
1.140000e+02 6.929854e-06
1.150000e+02 5.682827e-06
1.160000e+02 3.983912e-06
1.170000e+02 3.577208e-06
1.180000e+02 3.437188e-06
1.190000e+02 5.207374e-06
1.200000e+02 6.063644e-06
1.210000e+02 3.937287e-06
1.220000e+02 3.558043e-06
1.230000e+02 8.307221e-06
1.240000e+02 4.996863e-06
1.250000e+02 3.174660e-06
1.260000e+02 2.950380e-06
1.270000e+02 8.448594e-06
1.280000e+02 6.238390e-06
1.290000e+02 7.194653e-06
1.300000e+02 1.987181e-06
1.310000e+02 1.386202e-05
1.320000e+02 3.997327e-06
1.330000e+02 5.152258e-06
1.340000e+02 1.492257e-06
1.350000e+02 5.701868e-06
1.360000e+02 5.623667e-06
1.370000e+02 9.734657e-06
1.380000e+02 5.478378e-06
1.390000e+02 3.787208e-06
1.400000e+02 4.000950e-06
1.410000e+02 4.687669e-06
1.420000e+02 1.270223e-05
1.430000e+02 5.472907e-06
1.440000e+02 6.592112e-06
1.450000e+02 3.047661e-06
1.460000e+02 3.010648e-06
1.470000e+02 8.689660e-06
1.480000e+02 9.517444e-06
1.490000e+02 4.177583e-06
1.500000e+02 2.077060e-06
1.510000e+02 3.665351e-06
1.520000e+02 2.384819e-06
1.530000e+02 2.864938e-06
1.540000e+02 6.679638e-06
1.550000e+02 9.566700e-06
1.560000e+02 1.023575e-05
1.570000e+02 3.468177e-06
1.580000e+02 4.289058e-06
1.590000e+02 3.574256e-06
1.600000e+02 1.739553e-05
1.610000e+02 2.172224e-05
1.620000e+02 2.255910e-05
1.630000e+02 4.186483e-06
1.640000e+02 2.441775e-05
1.650000e+02 2.269768e-05
1.660000e+02 2.021935e-05
1.670000e+02 6.023579e-06
1.680000e+02 4.985980e-06
1.690000e+02 2.581126e-05
1.700000e+02 2.179367e-05
1.710000e+02 2.951210e-06
1.720000e+02 1.959790e-05
1.730000e+02 1.376242e-05
1.740000e+02 1.911590e-05
1.750000e+02 1.432332e-05
1.760000e+02 8.728489e-06
1.770000e+02 1.714639e-05
1.780000e+02 8.998330e-06
1.790000e+02 1.588571e-05
1.800000e+02 1.676143e-05
1.810000e+02 9.787787e-06
1.820000e+02 1.896694e-05
1.830000e+02 1.667447e-05
1.840000e+02 1.266537e-05
1.850000e+02 8.215580e-06
1.860000e+02 1.328893e-05
1.870000e+02 1.080373e-05
1.880000e+02 1.135878e-05
1.890000e+02 1.062787e-05
1.900000e+02 1.373683e-05
1.910000e+02 1.048122e-05
1.920000e+02 1.042885e-05
1.930000e+02 1.245214e-05
1.940000e+02 1.058967e-05
1.950000e+02 9.892367e-06
1.960000e+02 8.546543e-06
1.970000e+02 9.975775e-06
1.980000e+02 1.337502e-05
1.990000e+02 1.117721e-05
2.000000e+02 4.472784e-05
2.010000e+02 9.639598e-06
2.020000e+02 1.184478e-05
2.030000e+02 1.143310e-05
2.040000e+02 5.359195e-05
2.050000e+02 1.210475e-05
2.060000e+02 4.512930e-05
2.070000e+02 5.188008e-05
2.080000e+02 5.189858e-05
2.090000e+02 4.961497e-05
2.100000e+02 5.473077e-05
2.110000e+02 1.084246e-05
2.120000e+02 4.184872e-05
2.130000e+02 4.985118e-05
2.140000e+02 1.515310e-05
2.150000e+02 4.344434e-05
2.160000e+02 4.447771e-05
2.170000e+02 5.294224e-05
2.180000e+02 4.501711e-05
2.190000e+02 4.729277e-05
2.200000e+02 5.446728e-05
2.210000e+02 4.984874e-05
2.220000e+02 4.997202e-05
2.230000e+02 5.758833e-05
2.240000e+02 5.433851e-05
2.250000e+02 5.572826e-05
2.260000e+02 5.652067e-05
2.270000e+02 4.861193e-05
2.280000e+02 5.002283e-05
2.290000e+02 4.997089e-05
2.300000e+02 5.688109e-05
2.310000e+02 6.493030e-05
2.320000e+02 6.645450e-05
2.330000e+02 6.227393e-05
2.340000e+02 6.263594e-05
2.350000e+02 5.683522e-05
2.360000e+02 6.264268e-05
2.370000e+02 6.474008e-05
2.380000e+02 6.324758e-05
2.390000e+02 6.364624e-05
2.400000e+02 6.363309e-05
2.410000e+02 6.183180e-05
2.420000e+02 6.852450e-05
2.430000e+02 5.641876e-05
2.440000e+02 5.614597e-05
2.450000e+02 6.249826e-05
2.460000e+02 7.021680e-05
2.470000e+02 7.188185e-05
2.480000e+02 7.426268e-05
2.490000e+02 6.760189e-05
2.500000e+02 7.256660e-05
2.510000e+02 6.548620e-05
2.520000e+02 6.045069e-05
2.530000e+02 6.731031e-05
2.540000e+02 7.396934e-05
2.550000e+02 7.786654e-05
2.560000e+02 6.939160e-05
2.570000e+02 6.322918e-05
2.580000e+02 6.779857e-05
2.590000e+02 6.956903e-05
2.600000e+02 6.947240e-05
2.610000e+02 7.302193e-05
2.620000e+02 5.965920e-05
2.630000e+02 5.301318e-05
2.640000e+02 5.195316e-05
2.650000e+02 5.661447e-05
2.660000e+02 4.979770e-05
2.670000e+02 5.424638e-05
2.680000e+02 5.798320e-05
2.690000e+02 6.041991e-05
2.700000e+02 7.350230e-05
2.710000e+02 6.351678e-05
2.720000e+02 5.662749e-05
2.730000e+02 5.800736e-05
2.740000e+02 5.556421e-05
2.750000e+02 5.936475e-05
2.760000e+02 4.961636e-05
2.770000e+02 6.173303e-05
2.780000e+02 6.426598e-05
2.790000e+02 6.222572e-05
2.800000e+02 5.719525e-05
2.810000e+02 5.163801e-05
2.820000e+02 4.912678e-05
2.830000e+02 5.218594e-05
2.840000e+02 4.292686e-05
2.850000e+02 4.683633e-05
2.860000e+02 4.996451e-05
2.870000e+02 4.827587e-05
2.880000e+02 4.559977e-05
2.890000e+02 4.137245e-05
2.900000e+02 4.465417e-05
2.910000e+02 4.502277e-05
2.920000e+02 3.799934e-05
2.930000e+02 4.062682e-05
2.940000e+02 4.094542e-05
2.950000e+02 3.714056e-05
2.960000e+02 4.240494e-05
2.970000e+02 3.610248e-05
2.980000e+02 4.081905e-05
2.990000e+02 3.706899e-05
3.000000e+02 3.672856e-05
3.010000e+02 3.837128e-05
3.020000e+02 4.077086e-05
3.030000e+02 4.981727e-05
3.040000e+02 4.274972e-05
3.050000e+02 4.678334e-05
3.060000e+02 5.074063e-05
3.070000e+02 5.160452e-05
3.080000e+02 5.149693e-05
3.090000e+02 4.944822e-05
3.100000e+02 5.601423e-05
3.110000e+02 5.861831e-05
3.120000e+02 5.807170e-05
3.130000e+02 5.926860e-05
3.140000e+02 5.389743e-05
3.150000e+02 5.629229e-05
3.160000e+02 6.484284e-05
3.170000e+02 6.169180e-05
3.180000e+02 6.633510e-05
3.190000e+02 5.764673e-05
3.200000e+02 6.963435e-05
3.210000e+02 6.573182e-05
3.220000e+02 6.250101e-05
3.230000e+02 6.766590e-05
3.240000e+02 6.480151e-05
3.250000e+02 7.645792e-05
3.260000e+02 8.201801e-05
3.270000e+02 7.255486e-05
3.280000e+02 8.045599e-05
3.290000e+02 7.369381e-05
3.300000e+02 6.681105e-05
3.310000e+02 8.136417e-05
3.320000e+02 7.590106e-05
3.330000e+02 9.590285e-05
3.340000e+02 1.902895e-05
3.350000e+02 6.452449e-05
3.360000e+02 9.377387e-05
3.370000e+02 8.819625e-05
3.380000e+02 8.804242e-05
3.390000e+02 1.973066e-05
3.400000e+02 7.502294e-05
3.410000e+02 7.497139e-05
3.420000e+02 1.878692e-05
3.430000e+02 6.701283e-05
3.440000e+02 1.951083e-05
3.450000e+02 7.796643e-05
3.460000e+02 1.442037e-05
3.470000e+02 8.767800e-05
3.480000e+02 1.456219e-05
3.490000e+02 5.765313e-05
3.500000e+02 1.528279e-05
3.510000e+02 1.135988e-05
3.520000e+02 6.220618e-05
3.530000e+02 1.400673e-05
3.540000e+02 9.933922e-06
3.550000e+02 6.068080e-05
3.560000e+02 1.317832e-05
3.570000e+02 1.524455e-05
3.580000e+02 1.401497e-05
3.590000e+02 1.588081e-05
3.600000e+02 1.225588e-05
3.610000e+02 1.155262e-05
3.620000e+02 1.798197e-05
3.630000e+02 1.813172e-05
3.640000e+02 1.336344e-05
3.650000e+02 1.076028e-05
3.660000e+02 2.807914e-05
3.670000e+02 1.245227e-05
3.680000e+02 2.570620e-05
3.690000e+02 2.097506e-05
3.700000e+02 1.434444e-05
3.710000e+02 1.108977e-05
3.720000e+02 1.497534e-05
3.730000e+02 1.742671e-05
3.740000e+02 1.494637e-05
3.750000e+02 1.327251e-05
3.760000e+02 1.584550e-05
3.770000e+02 1.566872e-05
3.780000e+02 1.843427e-05
3.790000e+02 1.168785e-05
3.800000e+02 1.637497e-05
3.810000e+02 1.576365e-05
3.820000e+02 8.446526e-06
3.830000e+02 1.438112e-05
3.840000e+02 1.267336e-05
3.850000e+02 1.308284e-05
3.860000e+02 1.032941e-05
3.870000e+02 1.351949e-05
3.880000e+02 7.862917e-06
3.890000e+02 1.325500e-05
3.900000e+02 2.296260e-05
3.910000e+02 1.025617e-05
3.920000e+02 1.311079e-05
3.930000e+02 9.803706e-06
3.940000e+02 9.313375e-06
3.950000e+02 6.346792e-06
3.960000e+02 1.369851e-05
3.970000e+02 9.210243e-06
3.980000e+02 6.536907e-06
3.990000e+02 1.703042e-05
4.000000e+02 7.520644e-06
4.010000e+02 9.317256e-06
4.020000e+02 1.870297e-05
4.030000e+02 5.701152e-06
4.040000e+02 6.714938e-06
4.050000e+02 5.589709e-06
4.060000e+02 5.592531e-06
4.070000e+02 4.942980e-06
4.080000e+02 3.324823e-05
4.090000e+02 5.584478e-06
4.100000e+02 3.448286e-05
4.110000e+02 6.213446e-06
4.120000e+02 5.384743e-06
4.130000e+02 5.230139e-06
4.140000e+02 5.842135e-06
4.150000e+02 6.956831e-06
4.160000e+02 7.372754e-06
4.170000e+02 7.003205e-06
4.180000e+02 5.875100e-06
4.190000e+02 6.506148e-06
4.200000e+02 3.658531e-05
4.210000e+02 1.394884e-05
4.220000e+02 1.197308e-05
4.230000e+02 6.985304e-06
4.240000e+02 1.095612e-05
4.250000e+02 1.160137e-05
4.260000e+02 8.874177e-06
4.270000e+02 6.709334e-06
4.280000e+02 9.432993e-06
4.290000e+02 1.520801e-05
4.300000e+02 1.461144e-05
4.310000e+02 1.175288e-05
4.320000e+02 1.585694e-05
4.330000e+02 7.138389e-06
4.340000e+02 8.820525e-06
4.350000e+02 1.498610e-05
4.360000e+02 1.210900e-05
4.370000e+02 9.974706e-06
4.380000e+02 8.039879e-06
4.390000e+02 1.491176e-05
4.400000e+02 1.009709e-05
4.410000e+02 7.907191e-06
4.420000e+02 1.635455e-05
4.430000e+02 1.645933e-05
4.440000e+02 9.748488e-06
4.450000e+02 4.041760e-06
4.460000e+02 3.272096e-06
4.470000e+02 1.176071e-05
4.480000e+02 6.100886e-06
4.490000e+02 1.450117e-05
4.500000e+02 6.073052e-06
4.510000e+02 4.196749e-06
4.520000e+02 4.085604e-06
4.530000e+02 1.147369e-05
4.540000e+02 3.729988e-06
4.550000e+02 4.865099e-06
4.560000e+02 3.359852e-06
4.570000e+02 4.235507e-06
4.580000e+02 6.634562e-06
4.590000e+02 4.405208e-06
4.600000e+02 3.235768e-06
4.610000e+02 3.922740e-06
4.620000e+02 6.248985e-06
4.630000e+02 1.384785e-05
4.640000e+02 7.178001e-06
4.650000e+02 8.878685e-06
4.660000e+02 5.001005e-06
4.670000e+02 7.946733e-06
4.680000e+02 9.988473e-06
4.690000e+02 1.184249e-05
4.700000e+02 4.817364e-06
4.710000e+02 1.398518e-05
4.720000e+02 1.364457e-05
4.730000e+02 6.440524e-06
4.740000e+02 7.821752e-06
4.750000e+02 9.784406e-06
4.760000e+02 4.685691e-06
4.770000e+02 1.333098e-05
4.780000e+02 3.471482e-06
4.790000e+02 6.387941e-06
4.800000e+02 5.037369e-06
4.810000e+02 1.517838e-05
4.820000e+02 3.162851e-06
4.830000e+02 5.131670e-06
4.840000e+02 6.000869e-06
4.850000e+02 1.306606e-05
4.860000e+02 1.652541e-05
4.870000e+02 1.887780e-05
4.880000e+02 5.126127e-06
4.890000e+02 1.329067e-05
4.900000e+02 3.214512e-06
4.910000e+02 1.103828e-05
4.920000e+02 1.370395e-05
4.930000e+02 1.160990e-05
4.940000e+02 1.195041e-05
4.950000e+02 5.870082e-06
4.960000e+02 4.165193e-06
4.970000e+02 1.107204e-05
4.980000e+02 1.716210e-05
4.990000e+02 1.405460e-05
5.000000e+02 1.545061e-05
5.010000e+02 8.524752e-06
5.020000e+02 7.390860e-06
5.030000e+02 8.539661e-06
5.040000e+02 9.689346e-06
5.050000e+02 9.770380e-06
5.060000e+02 8.363857e-06
5.070000e+02 1.131160e-05
5.080000e+02 1.078894e-05
5.090000e+02 6.844577e-06
5.100000e+02 1.265414e-05
5.110000e+02 8.238396e-06
5.120000e+02 5.878323e-06
5.130000e+02 9.965611e-06
5.140000e+02 5.771829e-06
5.150000e+02 9.264999e-06
5.160000e+02 6.329422e-06
5.170000e+02 6.682355e-06
5.180000e+02 1.016527e-05
5.190000e+02 7.784763e-06
5.200000e+02 6.731244e-06
5.210000e+02 5.588432e-06
5.220000e+02 6.271242e-06
5.230000e+02 6.881379e-06
5.240000e+02 2.192471e-06
5.250000e+02 4.277677e-06
5.260000e+02 3.899214e-06
5.270000e+02 3.247536e-06
5.280000e+02 2.453883e-06
5.290000e+02 1.676095e-06
5.300000e+02 3.148816e-06
5.310000e+02 2.938926e-06
5.320000e+02 2.890439e-06
5.330000e+02 2.383552e-06
5.340000e+02 3.271015e-06
5.350000e+02 2.527151e-06
5.360000e+02 1.734567e-06
5.370000e+02 1.834538e-06
5.380000e+02 1.906586e-06
5.390000e+02 2.264127e-06
5.400000e+02 2.442776e-06
5.410000e+02 2.628149e-06
5.420000e+02 1.140183e-05
5.430000e+02 2.319651e-06
5.440000e+02 2.239945e-06
5.450000e+02 1.152519e-05
5.460000e+02 1.247717e-05
5.470000e+02 1.264173e-05
5.480000e+02 1.268889e-05
5.490000e+02 1.324062e-05
5.500000e+02 1.209159e-05
5.510000e+02 1.238397e-05
5.520000e+02 3.021046e-06
5.530000e+02 9.794872e-06
5.540000e+02 1.085551e-05
5.550000e+02 2.862249e-06
5.560000e+02 3.474613e-06
5.570000e+02 3.045809e-06
5.580000e+02 3.084521e-06
5.590000e+02 1.208772e-05
5.600000e+02 4.578002e-06
5.610000e+02 1.067732e-05
5.620000e+02 1.189166e-05
5.630000e+02 2.537584e-06
5.640000e+02 1.066061e-05
5.650000e+02 1.127348e-05
5.660000e+02 1.147402e-05
5.670000e+02 1.092931e-05
5.680000e+02 1.196345e-05
5.690000e+02 1.398623e-05
5.700000e+02 6.447277e-06
5.710000e+02 1.223105e-05
5.720000e+02 4.981031e-06
5.730000e+02 1.295064e-05
5.740000e+02 3.207125e-06
5.750000e+02 1.012520e-05
5.760000e+02 1.089514e-05
5.770000e+02 1.279523e-05
5.780000e+02 3.966303e-06
5.790000e+02 1.160635e-05
5.800000e+02 3.281294e-06
5.810000e+02 4.119918e-06
5.820000e+02 1.177391e-05
5.830000e+02 3.962424e-06
5.840000e+02 1.235173e-05
5.850000e+02 1.256535e-05
5.860000e+02 2.846579e-06
5.870000e+02 1.167454e-05
5.880000e+02 2.486661e-06
5.890000e+02 4.074513e-06
5.900000e+02 1.115816e-05
5.910000e+02 1.162090e-05
5.920000e+02 4.072811e-06
5.930000e+02 3.115892e-06
5.940000e+02 1.260401e-05
5.950000e+02 3.726087e-06
5.960000e+02 4.059878e-06
5.970000e+02 3.842186e-06
5.980000e+02 2.850440e-06
5.990000e+02 2.077343e-06
6.000000e+02 2.346900e-06
6.010000e+02 3.026175e-06
6.020000e+02 2.924318e-06
6.030000e+02 2.183099e-06
6.040000e+02 2.194565e-06
6.050000e+02 2.295738e-06
6.060000e+02 1.902205e-06
6.070000e+02 1.971903e-06
6.080000e+02 3.178408e-06
6.090000e+02 3.174599e-06
6.100000e+02 3.228306e-06
6.110000e+02 3.435600e-06
6.120000e+02 2.697343e-06
6.130000e+02 3.176806e-06
6.140000e+02 2.338246e-06
6.150000e+02 2.511613e-06
6.160000e+02 3.060764e-06
6.170000e+02 2.873687e-06
6.180000e+02 3.207232e-06
6.190000e+02 2.551906e-06
6.200000e+02 3.101060e-06
6.210000e+02 4.024592e-06
6.220000e+02 3.509759e-06
6.230000e+02 3.992452e-06
6.240000e+02 3.249236e-06
6.250000e+02 4.042873e-06
6.260000e+02 4.128767e-06
6.270000e+02 3.773165e-06
6.280000e+02 3.823578e-06
6.290000e+02 4.425391e-06
6.300000e+02 4.271825e-06
6.310000e+02 3.713865e-06
6.320000e+02 2.633972e-06
6.330000e+02 2.762323e-06
6.340000e+02 2.440248e-06
6.350000e+02 2.222697e-06
6.360000e+02 5.187719e-06
6.370000e+02 3.214744e-06
6.380000e+02 2.747597e-06
6.390000e+02 2.788414e-06
6.400000e+02 2.904790e-06
6.410000e+02 2.657990e-06
6.420000e+02 3.328797e-06
6.430000e+02 2.528677e-06
6.440000e+02 8.769539e-06
6.450000e+02 4.347083e-06
6.460000e+02 4.880880e-06
6.470000e+02 4.674667e-06
6.480000e+02 4.568007e-06
6.490000e+02 4.251488e-06
6.500000e+02 3.331538e-06
6.510000e+02 4.386422e-06
6.520000e+02 4.259458e-06
6.530000e+02 5.830544e-06
6.540000e+02 5.682511e-06
6.550000e+02 4.526310e-06
6.560000e+02 5.266736e-06
6.570000e+02 4.924188e-06
6.580000e+02 5.489151e-06
6.590000e+02 6.068136e-06
6.600000e+02 6.057285e-06
6.610000e+02 4.489939e-06
6.620000e+02 6.131496e-06
6.630000e+02 5.915682e-06
6.640000e+02 4.887883e-06
6.650000e+02 5.162571e-06
6.660000e+02 4.748339e-06
6.670000e+02 5.557775e-06
6.680000e+02 4.855542e-06
6.690000e+02 3.912113e-06
6.700000e+02 3.754767e-06
6.710000e+02 1.802265e-06
6.720000e+02 2.690440e-06
6.730000e+02 3.607194e-06
6.740000e+02 4.254981e-06
6.750000e+02 4.031735e-06
6.760000e+02 4.042430e-06
6.770000e+02 2.209909e-06
6.780000e+02 3.281734e-06
6.790000e+02 4.888667e-06
6.800000e+02 4.803498e-06
6.810000e+02 4.636134e-06
6.820000e+02 4.570385e-06
6.830000e+02 5.084936e-06
6.840000e+02 4.438913e-06
6.850000e+02 4.971755e-06
6.860000e+02 2.438016e-06
6.870000e+02 4.456694e-06
6.880000e+02 4.847532e-06
6.890000e+02 5.833935e-06
6.900000e+02 3.137907e-06
6.910000e+02 5.275386e-06
6.920000e+02 4.967390e-06
6.930000e+02 2.659976e-06
6.940000e+02 2.487056e-06
6.950000e+02 5.782752e-06
6.960000e+02 4.767233e-06
6.970000e+02 1.935057e-06
6.980000e+02 2.652258e-06
6.990000e+02 3.004494e-06
7.000000e+02 2.165455e-06
7.010000e+02 2.560589e-06
7.020000e+02 2.105614e-06
7.030000e+02 2.039929e-06
7.040000e+02 3.642895e-06
7.050000e+02 3.447532e-06
7.060000e+02 3.036298e-06
7.070000e+02 1.574944e-06
7.080000e+02 3.309964e-06
7.090000e+02 4.013711e-06
7.100000e+02 3.440376e-06
7.110000e+02 2.781195e-06
7.120000e+02 2.198907e-06
7.130000e+02 3.037486e-06
7.140000e+02 2.168240e-06
7.150000e+02 2.018641e-06
7.160000e+02 2.280994e-06
7.170000e+02 1.493515e-06
7.180000e+02 1.556981e-06
7.190000e+02 1.833166e-06
7.200000e+02 1.872480e-06
7.210000e+02 1.371828e-06
7.220000e+02 1.717548e-06
7.230000e+02 1.564757e-06
7.240000e+02 2.015150e-06
7.250000e+02 1.189080e-06
7.260000e+02 1.579318e-06
7.270000e+02 1.002135e-06
7.280000e+02 1.095216e-06
7.290000e+02 1.101121e-06
7.300000e+02 7.394470e-06
7.310000e+02 1.589341e-06
7.320000e+02 1.061384e-06
7.330000e+02 1.201721e-06
7.340000e+02 1.749184e-06
7.350000e+02 1.324784e-06
7.360000e+02 1.495989e-06
7.370000e+02 1.604513e-06
7.380000e+02 1.203315e-06
7.390000e+02 1.121733e-06
7.400000e+02 1.221755e-06
7.410000e+02 9.850389e-07
7.420000e+02 1.469166e-06
7.430000e+02 1.122777e-06
7.440000e+02 7.168023e-07
7.450000e+02 9.457165e-07
7.460000e+02 8.588836e-07
7.470000e+02 5.427393e-06
7.480000e+02 9.454430e-07
7.490000e+02 5.442585e-06
7.500000e+02 9.878844e-07
7.510000e+02 8.694115e-07
7.520000e+02 6.360319e-07
7.530000e+02 4.894374e-06
7.540000e+02 9.363172e-07
7.550000e+02 7.345111e-07
7.560000e+02 8.033669e-07
7.570000e+02 4.541316e-06
7.580000e+02 4.404545e-06
7.590000e+02 1.188738e-06
7.600000e+02 8.371283e-07
7.610000e+02 4.484253e-06
7.620000e+02 7.461150e-07
7.630000e+02 4.197211e-06
7.640000e+02 6.277887e-07
7.650000e+02 4.501104e-06
7.660000e+02 7.473591e-07
7.670000e+02 6.878297e-07
7.680000e+02 6.024409e-07
7.690000e+02 4.297063e-06
7.700000e+02 4.254654e-06
7.710000e+02 1.184127e-06
7.720000e+02 3.614443e-06
7.730000e+02 7.652081e-07
7.740000e+02 6.861678e-07
7.750000e+02 3.646474e-06
7.760000e+02 4.155703e-06
7.770000e+02 8.774185e-07
7.780000e+02 3.425091e-06
7.790000e+02 4.363033e-06
7.800000e+02 3.989954e-06
7.810000e+02 5.130889e-07
7.820000e+02 3.256519e-06
7.830000e+02 3.348149e-06
7.840000e+02 3.772922e-06
7.850000e+02 8.156071e-07
7.860000e+02 3.630551e-06
7.870000e+02 9.035534e-07
7.880000e+02 3.467787e-06
7.890000e+02 9.312580e-07
7.900000e+02 1.527682e-06
7.910000e+02 3.220170e-06
7.920000e+02 7.893141e-07
7.930000e+02 7.758498e-07
7.940000e+02 6.754875e-07
7.950000e+02 7.636440e-07
7.960000e+02 1.234235e-06
7.970000e+02 4.297079e-06
7.980000e+02 6.436043e-07
7.990000e+02 1.417826e-06
8.000000e+02 1.218904e-06
8.010000e+02 2.998568e-06
8.020000e+02 1.654949e-06
8.030000e+02 1.174645e-06
8.040000e+02 1.967455e-06
8.050000e+02 2.219067e-06
8.060000e+02 1.868347e-06
8.070000e+02 1.437518e-06
8.080000e+02 2.217191e-06
8.090000e+02 2.492923e-06
8.100000e+02 2.208177e-06
8.110000e+02 5.136923e-07
8.120000e+02 1.033102e-06
8.130000e+02 2.017572e-06
8.140000e+02 1.835362e-07
8.150000e+02 2.437656e-06
8.160000e+02 6.637357e-07
8.170000e+02 2.359068e-06
8.180000e+02 1.063718e-06
8.190000e+02 4.529548e-07
8.200000e+02 2.147454e-07
8.210000e+02 1.400347e-06
8.220000e+02 1.504959e-06
8.230000e+02 1.390367e-06
8.240000e+02 2.071377e-06
8.250000e+02 1.354230e-06
8.260000e+02 1.943645e-06
8.270000e+02 8.931964e-07
8.280000e+02 1.811914e-07
8.290000e+02 1.185812e-06
8.300000e+02 7.080001e-07
8.310000e+02 9.446122e-07
8.320000e+02 6.366959e-07
8.330000e+02 1.795475e-06
8.340000e+02 1.037626e-06
8.350000e+02 8.065436e-07
8.360000e+02 1.825623e-07
8.370000e+02 1.801796e-07
8.380000e+02 1.632021e-07
8.390000e+02 1.383337e-06
8.400000e+02 1.631296e-07
8.410000e+02 1.577429e-07
8.420000e+02 3.997339e-07
8.430000e+02 1.011587e-06
8.440000e+02 7.985218e-07
8.450000e+02 8.343720e-07
8.460000e+02 6.238561e-07
8.470000e+02 8.817738e-07
8.480000e+02 1.445890e-06
8.490000e+02 5.814986e-07
8.500000e+02 5.387654e-07
8.510000e+02 4.245295e-07
8.520000e+02 2.209425e-07
8.530000e+02 6.081192e-07
8.540000e+02 2.946365e-07
8.550000e+02 8.635574e-07
8.560000e+02 1.188848e-06
8.570000e+02 4.589576e-07
8.580000e+02 2.914375e-07
8.590000e+02 1.001269e-06
8.600000e+02 8.707363e-07
8.610000e+02 1.118126e-06
8.620000e+02 5.386981e-07
8.630000e+02 6.600295e-07
8.640000e+02 9.988306e-07
8.650000e+02 4.526614e-07
8.660000e+02 3.281379e-07
8.670000e+02 5.837396e-07
8.680000e+02 4.570790e-07
8.690000e+02 6.302916e-07
8.700000e+02 1.130704e-06
8.710000e+02 3.347597e-07
8.720000e+02 4.858309e-07
8.730000e+02 7.469129e-07
8.740000e+02 4.258427e-07
8.750000e+02 4.852708e-07
8.760000e+02 6.786112e-07
8.770000e+02 1.063764e-06
8.780000e+02 8.473482e-07
8.790000e+02 4.419823e-07
8.800000e+02 5.514613e-07
8.810000e+02 6.878824e-07
8.820000e+02 3.408612e-07
8.830000e+02 5.475062e-07
8.840000e+02 4.661536e-07
8.850000e+02 3.640791e-07
8.860000e+02 3.705402e-07
8.870000e+02 2.235049e-07
8.880000e+02 1.201110e-06
8.890000e+02 3.055084e-07
8.900000e+02 3.068586e-07
8.910000e+02 6.033767e-07
8.920000e+02 1.213262e-07
8.930000e+02 3.591953e-07
8.940000e+02 3.267305e-07
8.950000e+02 1.630237e-06
8.960000e+02 7.091442e-07
8.970000e+02 4.612566e-07
8.980000e+02 3.976436e-07
8.990000e+02 4.177739e-07
9.000000e+02 1.498751e-06
9.010000e+02 4.144727e-07
9.020000e+02 1.691007e-06
9.030000e+02 3.817313e-07
9.040000e+02 5.338891e-07
9.050000e+02 4.611469e-07
9.060000e+02 1.678691e-06
9.070000e+02 6.396672e-07
9.080000e+02 1.495705e-06
9.090000e+02 5.942156e-07
9.100000e+02 3.262012e-07
9.110000e+02 8.571866e-07
9.120000e+02 4.334374e-07
9.130000e+02 3.887345e-07
9.140000e+02 3.992719e-07
9.150000e+02 7.105367e-07
9.160000e+02 3.546609e-07
9.170000e+02 1.574662e-06
9.180000e+02 3.763167e-07
9.190000e+02 2.850276e-07
9.200000e+02 5.050587e-07
9.210000e+02 1.468527e-06
9.220000e+02 5.247906e-07
9.230000e+02 2.585853e-07
9.240000e+02 8.330717e-07
9.250000e+02 1.107025e-06
9.260000e+02 9.559318e-08
9.270000e+02 3.863968e-07
9.280000e+02 1.441250e-06
9.290000e+02 6.382941e-07
9.300000e+02 9.500282e-07
9.310000e+02 2.327572e-07
9.320000e+02 5.708601e-07
9.330000e+02 1.047823e-06
9.340000e+02 1.293559e-06
9.350000e+02 1.626751e-06
9.360000e+02 1.213463e-06
9.370000e+02 1.124628e-06
9.380000e+02 1.652242e-06
9.390000e+02 3.771014e-07
9.400000e+02 2.961667e-07
9.410000e+02 6.176682e-07
9.420000e+02 4.713647e-07
9.430000e+02 4.357147e-07
9.440000e+02 5.228864e-07
9.450000e+02 1.009926e-06
9.460000e+02 3.280091e-07
9.470000e+02 1.835117e-06
9.480000e+02 3.675941e-07
9.490000e+02 1.073724e-06
9.500000e+02 1.989502e-06
9.510000e+02 1.060763e-06
9.520000e+02 1.494108e-06
9.530000e+02 8.890313e-07
9.540000e+02 1.416352e-06
9.550000e+02 1.347593e-06
9.560000e+02 4.854609e-07
9.570000e+02 1.470843e-06
9.580000e+02 1.090761e-06
9.590000e+02 2.279094e-06
9.600000e+02 1.594877e-06
9.610000e+02 1.513798e-06
9.620000e+02 1.067224e-06
9.630000e+02 4.518198e-07
9.640000e+02 1.074577e-06
9.650000e+02 1.062215e-06
9.660000e+02 2.295821e-06
9.670000e+02 1.048964e-06
9.680000e+02 1.288268e-06
9.690000e+02 1.163713e-06
9.700000e+02 2.328968e-06
9.710000e+02 1.205209e-06
9.720000e+02 1.371606e-06
9.730000e+02 1.790850e-06
9.740000e+02 1.062006e-06
9.750000e+02 1.042088e-06
9.760000e+02 7.341746e-07
9.770000e+02 2.109127e-06
9.780000e+02 1.099894e-06
9.790000e+02 8.980361e-07
9.800000e+02 2.275025e-06
9.810000e+02 1.358826e-06
9.820000e+02 9.237895e-07
9.830000e+02 8.097930e-07
9.840000e+02 2.244427e-06
9.850000e+02 7.497616e-07
9.860000e+02 8.182290e-07
9.870000e+02 4.861420e-07
9.880000e+02 1.082523e-06
9.890000e+02 4.610238e-07
9.900000e+02 8.611116e-07
9.910000e+02 4.455968e-07
9.920000e+02 1.913829e-06
9.930000e+02 7.860481e-07
9.940000e+02 7.975424e-07
9.950000e+02 6.022163e-07
9.960000e+02 2.247180e-06
9.970000e+02 9.838673e-07
9.980000e+02 8.018215e-07
9.990000e+02 7.082709e-07
1.000000e+03 2.760284e-06
1.001000e+03 9.539028e-07
1.002000e+03 8.146482e-07
1.003000e+03 7.225716e-07
1.004000e+03 2.018103e-06
1.005000e+03 8.655349e-07
1.006000e+03 7.813936e-07
1.007000e+03 6.332522e-07
1.008000e+03 1.897502e-06
1.009000e+03 6.169877e-07
1.010000e+03 5.773137e-07
1.011000e+03 5.901946e-07
1.012000e+03 1.788989e-06
1.013000e+03 6.274894e-07
1.014000e+03 4.891483e-07
1.015000e+03 4.409649e-07
1.016000e+03 1.491556e-06
1.017000e+03 5.191722e-07
1.018000e+03 4.732754e-07
1.019000e+03 2.120867e-06
1.020000e+03 1.547451e-06
1.021000e+03 6.256943e-07
1.022000e+03 6.235030e-07
1.023000e+03 2.040569e-06
1.024000e+03 1.375691e-06
1.025000e+03 5.416891e-07
1.026000e+03 4.321512e-07
1.027000e+03 1.914237e-06
1.028000e+03 1.892509e-06
1.029000e+03 1.191093e-06
1.030000e+03 5.066231e-07
1.031000e+03 4.477454e-07
1.032000e+03 4.083135e-07
1.033000e+03 9.818392e-07
1.034000e+03 4.239058e-07
1.035000e+03 3.549590e-07
1.036000e+03 1.794084e-06
1.037000e+03 1.804392e-06
1.038000e+03 1.599730e-06
1.039000e+03 6.255366e-07
1.040000e+03 4.171835e-07
1.041000e+03 3.915603e-07
1.042000e+03 1.646126e-06
1.043000e+03 1.403138e-06
1.044000e+03 4.352661e-07
1.045000e+03 2.786163e-07
1.046000e+03 4.170213e-07
1.047000e+03 4.996554e-07
1.048000e+03 1.712413e-06
1.049000e+03 6.550588e-07
1.050000e+03 3.276338e-07
1.051000e+03 3.319745e-07
1.052000e+03 3.115823e-07
1.053000e+03 6.330071e-07
1.054000e+03 4.195336e-07
1.055000e+03 4.534209e-07
1.056000e+03 1.779628e-06
1.057000e+03 1.719251e-06
1.058000e+03 1.264347e-06
1.059000e+03 3.911340e-07
1.060000e+03 5.241262e-07
1.061000e+03 3.884331e-07
1.062000e+03 3.936181e-07
1.063000e+03 3.624873e-07
1.064000e+03 1.268624e-06
1.065000e+03 3.357917e-07
1.066000e+03 1.676308e-06
1.067000e+03 1.734388e-06
1.068000e+03 4.819912e-07
1.069000e+03 1.126251e-06
1.070000e+03 4.672193e-07
1.071000e+03 4.905128e-07
1.072000e+03 5.082906e-07
1.073000e+03 4.466484e-07
1.074000e+03 1.414731e-06
1.075000e+03 1.331670e-06
1.076000e+03 1.445584e-06
1.077000e+03 5.214507e-07
1.078000e+03 3.487334e-07
1.079000e+03 2.789196e-07
1.080000e+03 2.990246e-07
1.081000e+03 2.324519e-07
1.082000e+03 9.375802e-07
1.083000e+03 4.298376e-07
1.084000e+03 4.262916e-07
1.085000e+03 4.215075e-07
1.086000e+03 2.119281e-07
1.087000e+03 2.105464e-07
1.088000e+03 2.153874e-07
1.089000e+03 2.518756e-07
1.090000e+03 1.485273e-06
1.091000e+03 5.071966e-07
1.092000e+03 3.319602e-07
1.093000e+03 2.566026e-07
1.094000e+03 1.740073e-07
1.095000e+03 1.549584e-07
1.096000e+03 9.102889e-07
1.097000e+03 1.719869e-07
1.098000e+03 1.036470e-06
1.099000e+03 3.276333e-07
1.100000e+03 2.590183e-07
1.101000e+03 2.727388e-07
1.102000e+03 2.102995e-07
1.103000e+03 1.522911e-07
1.104000e+03 2.689847e-07
1.105000e+03 2.168626e-07
1.106000e+03 1.494546e-07
1.107000e+03 7.770743e-07
1.108000e+03 1.432857e-06
1.109000e+03 3.851707e-07
1.110000e+03 3.124836e-07
1.111000e+03 2.452878e-07
1.112000e+03 2.308941e-07
1.113000e+03 2.084172e-07
1.114000e+03 1.838374e-07
1.115000e+03 1.802629e-07
1.116000e+03 1.633898e-07
1.117000e+03 1.481898e-07
1.118000e+03 1.309600e-07
1.119000e+03 5.832247e-07
1.120000e+03 3.648053e-07
1.121000e+03 3.021078e-07
1.122000e+03 2.308634e-07
1.123000e+03 2.373185e-07
1.124000e+03 1.822904e-07
1.125000e+03 1.753248e-07
1.126000e+03 1.685309e-07
1.127000e+03 1.601038e-07
1.128000e+03 1.569403e-07
1.129000e+03 1.492332e-07
1.130000e+03 1.102775e-07
1.131000e+03 1.299506e-07
1.132000e+03 1.296860e-07
1.133000e+03 5.285583e-07
1.134000e+03 1.288448e-06
1.135000e+03 3.510218e-07
1.136000e+03 2.820481e-07
1.137000e+03 2.414117e-07
1.138000e+03 2.007463e-07
1.139000e+03 1.639579e-07
1.140000e+03 1.880191e-07
1.141000e+03 1.465295e-07
1.142000e+03 1.006433e-07
1.143000e+03 9.980163e-08
1.144000e+03 1.186781e-07
1.145000e+03 1.130677e-07
1.146000e+03 1.036436e-07
1.147000e+03 7.147677e-08
1.148000e+03 6.718376e-08
1.149000e+03 7.038417e-08
1.150000e+03 6.209100e-08
1.151000e+03 6.650844e-08
1.152000e+03 4.867823e-08
1.153000e+03 7.143235e-07
1.154000e+03 4.006846e-07
1.155000e+03 3.052345e-07
1.156000e+03 3.342209e-07
1.157000e+03 2.541267e-07
1.158000e+03 2.297345e-07
1.159000e+03 1.642305e-07
1.160000e+03 1.354672e-07
1.161000e+03 1.172397e-07
1.162000e+03 8.334747e-08
1.163000e+03 7.811909e-08
1.164000e+03 6.858214e-08
1.165000e+03 7.419580e-08
1.166000e+03 4.500631e-08
1.167000e+03 4.948763e-08
1.168000e+03 6.390080e-08
1.169000e+03 5.321503e-08
1.170000e+03 4.030741e-08
1.171000e+03 4.544495e-08
1.172000e+03 4.949036e-08
1.173000e+03 8.833331e-08
1.174000e+03 4.734791e-08
1.175000e+03 3.736868e-07
1.176000e+03 4.872790e-08
1.177000e+03 3.541601e-07
1.178000e+03 4.400056e-08
1.179000e+03 4.323974e-08
1.180000e+03 1.140161e-06
1.181000e+03 2.077587e-07
1.182000e+03 2.228106e-07
1.183000e+03 1.517349e-07
1.184000e+03 1.073609e-07
1.185000e+03 9.168931e-08
1.186000e+03 9.110208e-08
1.187000e+03 9.007300e-08
1.188000e+03 7.675381e-08
1.189000e+03 7.367418e-08
1.190000e+03 6.448260e-08
1.191000e+03 6.032735e-08
1.192000e+03 5.268527e-08
1.193000e+03 6.504696e-08
1.194000e+03 5.709759e-08
1.195000e+03 6.042061e-08
1.196000e+03 5.646271e-08
1.197000e+03 5.657214e-08
1.198000e+03 4.622218e-08
1.199000e+03 4.256595e-08
1.200000e+03 4.591072e-08
1.201000e+03 6.235258e-08
1.202000e+03 4.869027e-08
1.203000e+03 5.032124e-08
1.204000e+03 1.090209e-07
1.205000e+03 5.363665e-08
1.206000e+03 5.121557e-08
1.207000e+03 5.674950e-08
1.208000e+03 5.442481e-08
1.209000e+03 7.036417e-08
1.210000e+03 8.264872e-08
1.211000e+03 7.044565e-08
1.212000e+03 4.748144e-08
1.213000e+03 5.088210e-08
1.214000e+03 4.966438e-08
1.215000e+03 1.646665e-06
1.216000e+03 3.211863e-07
1.217000e+03 2.468544e-07
1.218000e+03 2.025683e-07
1.219000e+03 1.671281e-07
1.220000e+03 1.353153e-07
1.221000e+03 1.037121e-07
1.222000e+03 1.072708e-07
1.223000e+03 8.832402e-08
1.224000e+03 9.157591e-08
1.225000e+03 8.212507e-08
1.226000e+03 8.017863e-08
1.227000e+03 7.756041e-08
1.228000e+03 7.990538e-08
1.229000e+03 7.712053e-08
1.230000e+03 7.542568e-08
1.231000e+03 7.222401e-08
1.232000e+03 7.627384e-08
1.233000e+03 7.976354e-08
1.234000e+03 6.558587e-08
1.235000e+03 7.411746e-08
1.236000e+03 6.943259e-08
1.237000e+03 8.417966e-08
1.238000e+03 8.503368e-08
1.239000e+03 8.648553e-08
1.240000e+03 8.986924e-08
1.241000e+03 8.440418e-08
1.242000e+03 6.673303e-08
1.243000e+03 6.742081e-08
1.244000e+03 9.592988e-08
1.245000e+03 1.528702e-06
1.246000e+03 2.954554e-07
1.247000e+03 2.831865e-07
1.248000e+03 2.108278e-07
1.249000e+03 1.567584e-07
1.250000e+03 1.305225e-07
1.251000e+03 1.141526e-07
1.252000e+03 1.161672e-07
1.253000e+03 1.085164e-07
1.254000e+03 1.050810e-07
1.255000e+03 9.817022e-08
1.256000e+03 6.990260e-08
1.257000e+03 7.394068e-08
1.258000e+03 7.631844e-08
1.259000e+03 9.959102e-08
1.260000e+03 1.585878e-07
1.261000e+03 3.679043e-07
1.262000e+03 6.968903e-08
1.263000e+03 6.450057e-08
1.264000e+03 6.062454e-08
1.265000e+03 5.100511e-08
1.266000e+03 1.059576e-06
1.267000e+03 2.677246e-07
1.268000e+03 2.488269e-07
1.269000e+03 1.946967e-07
1.270000e+03 1.358110e-07
1.271000e+03 1.226075e-07
1.272000e+03 1.107046e-07
1.273000e+03 1.008795e-07
1.274000e+03 8.779976e-08
1.275000e+03 7.092576e-08
1.276000e+03 6.838619e-08
1.277000e+03 6.634555e-08
1.278000e+03 1.136864e-07
1.279000e+03 1.244523e-07
1.280000e+03 1.244158e-07
1.281000e+03 1.201429e-07
1.282000e+03 3.349095e-07
1.283000e+03 2.796129e-07
1.284000e+03 2.110323e-07
1.285000e+03 1.484482e-07
1.286000e+03 1.607258e-07
1.287000e+03 1.339464e-07
1.288000e+03 1.099417e-07
1.289000e+03 1.028871e-07
1.290000e+03 9.159685e-08
1.291000e+03 7.382325e-08
1.292000e+03 7.879211e-08
1.293000e+03 6.954242e-08
1.294000e+03 1.311478e-06
1.295000e+03 2.329031e-07
1.296000e+03 2.229439e-07
1.297000e+03 1.944830e-07
1.298000e+03 1.637424e-07
1.299000e+03 1.324558e-07
1.300000e+03 1.520409e-07
1.301000e+03 1.143010e-07
1.302000e+03 1.371369e-07
1.303000e+03 1.374342e-07
1.304000e+03 2.939524e-07
1.305000e+03 4.498144e-07
1.306000e+03 2.996964e-07
1.307000e+03 2.267970e-07
1.308000e+03 2.030121e-07
1.309000e+03 1.917945e-07
1.310000e+03 1.658240e-07
1.311000e+03 1.578475e-07
1.312000e+03 1.500966e-07
1.313000e+03 3.768483e-07
1.314000e+03 4.240238e-07
1.315000e+03 2.671522e-07
1.316000e+03 1.933908e-07
1.317000e+03 1.694757e-07
1.318000e+03 1.462896e-07
1.319000e+03 1.541582e-07
1.320000e+03 2.802073e-07
1.321000e+03 3.869632e-07
1.322000e+03 2.409197e-07
1.323000e+03 1.762675e-07
1.324000e+03 1.499027e-07
1.325000e+03 1.240543e-07
1.326000e+03 1.209446e-07
1.327000e+03 9.262201e-08
1.328000e+03 8.587654e-07
1.329000e+03 2.896069e-07
1.330000e+03 2.263103e-07
1.331000e+03 2.122993e-07
1.332000e+03 1.261737e-07
1.333000e+03 1.178858e-07
1.334000e+03 1.569260e-07
1.335000e+03 1.337216e-06
1.336000e+03 5.293093e-07
1.337000e+03 4.493613e-07
1.338000e+03 3.414837e-07
1.339000e+03 2.295103e-07
1.340000e+03 1.760068e-07
1.341000e+03 1.220520e-06
1.342000e+03 3.986352e-07
1.343000e+03 2.936564e-07
1.344000e+03 2.078228e-07
1.345000e+03 2.230290e-07
1.346000e+03 1.322820e-07
1.347000e+03 1.046084e-07
1.348000e+03 8.335315e-07
1.349000e+03 4.614219e-07
1.350000e+03 2.991581e-07
1.351000e+03 1.781834e-07
1.352000e+03 1.542146e-07
1.353000e+03 1.268389e-07
1.354000e+03 1.140111e-07
1.355000e+03 9.075720e-07
1.356000e+03 3.357540e-07
1.357000e+03 2.995059e-07
1.358000e+03 2.780848e-07
1.359000e+03 2.128345e-07
1.360000e+03 1.624660e-07
1.361000e+03 1.259252e-06
1.362000e+03 4.256780e-07
1.363000e+03 4.708815e-07
1.364000e+03 3.561254e-07
1.365000e+03 2.610752e-07
1.366000e+03 2.125935e-07
1.367000e+03 1.734585e-07
1.368000e+03 1.040592e-06
1.369000e+03 3.281120e-07
1.370000e+03 2.736548e-07
1.371000e+03 2.023829e-07
1.372000e+03 1.858612e-07
1.373000e+03 1.612826e-07
1.374000e+03 1.267484e-07
1.375000e+03 1.142653e-06
1.376000e+03 2.718551e-07
1.377000e+03 2.075343e-07
1.378000e+03 2.064355e-07
1.379000e+03 1.666524e-07
1.380000e+03 1.267798e-07
1.381000e+03 1.273753e-07
1.382000e+03 1.006692e-06
1.383000e+03 2.951560e-07
1.384000e+03 2.348130e-07
1.385000e+03 2.299999e-07
1.386000e+03 1.576433e-07
1.387000e+03 1.229372e-07
1.388000e+03 1.045623e-07
1.389000e+03 9.195488e-07
1.390000e+03 3.581701e-07
1.391000e+03 3.631903e-07
1.392000e+03 2.981261e-07
1.393000e+03 1.824648e-07
1.394000e+03 1.675662e-07
1.395000e+03 1.242870e-07
1.396000e+03 1.267204e-07
1.397000e+03 2.436041e-07
1.398000e+03 3.802894e-07
1.399000e+03 3.356598e-07
1.400000e+03 2.802688e-07
1.401000e+03 2.170121e-07
1.402000e+03 1.815140e-07
1.403000e+03 1.802850e-07
1.404000e+03 1.495532e-07
1.405000e+03 2.629064e-07
1.406000e+03 3.737482e-07
1.407000e+03 2.403205e-07
1.408000e+03 1.894971e-07
1.409000e+03 2.223827e-07
1.410000e+03 1.910427e-07
1.411000e+03 1.329846e-07
1.412000e+03 1.208171e-07
1.413000e+03 1.782388e-07
1.414000e+03 1.034356e-07
1.415000e+03 2.688605e-07
1.416000e+03 2.177062e-07
1.417000e+03 1.740568e-07
1.418000e+03 1.306755e-07
1.419000e+03 1.417639e-07
1.420000e+03 1.304460e-07
1.421000e+03 1.265431e-06
1.422000e+03 3.343484e-07
1.423000e+03 3.010117e-07
1.424000e+03 2.526688e-07
1.425000e+03 2.585189e-07
1.426000e+03 2.252722e-07
1.427000e+03 2.052479e-07
1.428000e+03 1.835673e-07
1.429000e+03 1.559401e-07
1.430000e+03 1.453100e-06
1.431000e+03 2.420364e-07
1.432000e+03 2.526409e-07
1.433000e+03 2.471548e-07
1.434000e+03 2.117285e-07
1.435000e+03 1.889490e-07
1.436000e+03 1.707667e-07
1.437000e+03 1.156779e-07
1.438000e+03 9.849817e-08
1.439000e+03 8.680613e-08
1.440000e+03 1.048285e-06
1.441000e+03 3.000026e-07
1.442000e+03 2.814841e-07
1.443000e+03 2.230428e-07
1.444000e+03 1.842392e-07
1.445000e+03 1.846609e-07
1.446000e+03 1.652580e-07
1.447000e+03 1.204320e-07
1.448000e+03 4.556515e-07
1.449000e+03 4.549116e-07
1.450000e+03 1.265996e-06
1.451000e+03 2.872928e-07
1.452000e+03 2.872831e-07
1.453000e+03 2.369243e-07
1.454000e+03 2.009105e-07
1.455000e+03 1.724953e-07
1.456000e+03 1.404662e-07
1.457000e+03 1.304533e-07
1.458000e+03 1.213901e-07
1.459000e+03 9.495393e-08
1.460000e+03 8.627360e-08
1.461000e+03 1.092327e-06
1.462000e+03 2.962046e-07
1.463000e+03 2.738239e-07
1.464000e+03 1.980546e-07
1.465000e+03 1.640844e-07
1.466000e+03 1.424873e-07
1.467000e+03 1.637796e-07
1.468000e+03 1.503212e-07
1.469000e+03 1.110573e-07
1.470000e+03 9.533025e-08
1.471000e+03 3.373078e-07
1.472000e+03 3.560020e-07
1.473000e+03 1.179061e-06
1.474000e+03 2.549617e-07
1.475000e+03 2.477866e-07
1.476000e+03 1.973423e-07
1.477000e+03 1.072206e-07
1.478000e+03 9.429922e-08
1.479000e+03 8.878032e-08
1.480000e+03 1.000146e-07
1.481000e+03 3.770021e-07
1.482000e+03 3.718500e-07
1.483000e+03 3.547656e-07
1.484000e+03 3.082128e-07
1.485000e+03 2.928326e-07
1.486000e+03 1.101787e-06
1.487000e+03 3.368329e-07
1.488000e+03 3.243965e-07
1.489000e+03 2.659622e-07
1.490000e+03 2.006789e-07
1.491000e+03 1.184252e-07
1.492000e+03 1.061074e-07
1.493000e+03 9.340756e-08
1.494000e+03 8.323842e-08
1.495000e+03 2.998418e-07
1.496000e+03 3.035400e-07
1.497000e+03 2.808595e-07
1.498000e+03 2.227767e-07
1.499000e+03 2.001379e-07
1.500000e+03 1.715559e-07
1.501000e+03 1.602481e-07
1.502000e+03 1.020341e-06
1.503000e+03 1.844229e-07
1.504000e+03 1.238779e-07
1.505000e+03 1.011228e-07
1.506000e+03 8.606039e-08
1.507000e+03 8.401806e-08
1.508000e+03 3.781887e-07
1.509000e+03 3.679923e-07
1.510000e+03 3.379893e-07
1.511000e+03 2.908347e-07
1.512000e+03 2.359687e-07
1.513000e+03 2.069595e-07
1.514000e+03 2.545572e-07
1.515000e+03 1.846908e-07
1.516000e+03 2.113770e-07
1.517000e+03 2.083118e-07
1.518000e+03 9.474383e-07
1.519000e+03 2.372863e-07
1.520000e+03 2.482562e-07
1.521000e+03 1.775613e-07
1.522000e+03 9.757136e-08
1.523000e+03 8.069843e-08
1.524000e+03 7.487563e-08
1.525000e+03 3.163295e-07
1.526000e+03 3.077147e-07
1.527000e+03 1.130836e-07
1.528000e+03 2.285598e-07
1.529000e+03 2.382578e-07
1.530000e+03 2.181313e-07
1.531000e+03 1.992155e-07
1.532000e+03 1.694576e-07
1.533000e+03 1.593534e-07
1.534000e+03 1.426149e-07
1.535000e+03 1.778268e-07
1.536000e+03 1.882844e-07
1.537000e+03 1.265847e-06
1.538000e+03 2.040252e-07
1.539000e+03 1.601370e-07
1.540000e+03 1.329700e-07
1.541000e+03 1.055751e-07
1.542000e+03 9.258999e-08
1.543000e+03 7.938890e-08
1.544000e+03 8.337718e-08
1.545000e+03 7.243955e-08
1.546000e+03 2.438875e-07
1.547000e+03 2.424840e-07
1.548000e+03 2.261373e-07
1.549000e+03 2.025400e-07
1.550000e+03 1.824415e-07
1.551000e+03 1.651314e-07
1.552000e+03 1.524084e-07
1.553000e+03 1.424140e-07
1.554000e+03 1.332719e-07
1.555000e+03 1.306591e-07
1.556000e+03 1.203951e-07
1.557000e+03 1.112256e-07
1.558000e+03 9.932772e-07
1.559000e+03 1.717585e-07
1.560000e+03 1.217850e-07
1.561000e+03 9.769745e-08
1.562000e+03 1.063349e-07
1.563000e+03 6.769499e-08
1.564000e+03 6.342050e-08
1.565000e+03 5.741590e-08
1.566000e+03 2.607309e-07
1.567000e+03 5.450700e-08
1.568000e+03 2.062522e-07
1.569000e+03 4.712132e-08
1.570000e+03 1.728074e-07
1.571000e+03 1.645635e-07
1.572000e+03 1.529903e-07
1.573000e+03 1.425331e-07
1.574000e+03 1.270349e-07
1.575000e+03 1.370713e-07
1.576000e+03 1.325959e-07
1.577000e+03 1.284497e-07
1.578000e+03 1.193708e-07
1.579000e+03 1.146631e-07
1.580000e+03 1.435252e-06
1.581000e+03 1.469583e-07
1.582000e+03 1.157478e-07
1.583000e+03 1.046655e-07
1.584000e+03 7.701099e-08
1.585000e+03 6.678369e-08
1.586000e+03 4.790765e-08
1.587000e+03 4.895671e-08
1.588000e+03 4.400699e-08
1.589000e+03 3.815780e-08
1.590000e+03 1.921002e-07
1.591000e+03 1.855405e-07
1.592000e+03 1.701987e-07
1.593000e+03 1.544044e-07
1.594000e+03 1.405396e-07
1.595000e+03 1.349578e-07
1.596000e+03 1.306566e-07
1.597000e+03 1.275821e-07
1.598000e+03 1.147446e-07
1.599000e+03 1.113708e-07
1.600000e+03 1.075835e-07
1.601000e+03 1.080982e-08
1.602000e+03 9.595345e-08
1.603000e+03 9.213536e-07
1.604000e+03 1.612655e-07
1.605000e+03 1.145782e-07
1.606000e+03 8.550823e-08
1.607000e+03 6.268488e-08
1.608000e+03 8.037191e-08
1.609000e+03 6.138707e-08
1.610000e+03 5.408629e-08
1.611000e+03 5.108742e-08
1.612000e+03 4.749039e-08
1.613000e+03 4.114692e-08
1.614000e+03 1.603047e-07
1.615000e+03 1.571765e-07
1.616000e+03 1.444943e-07
1.617000e+03 1.342645e-07
1.618000e+03 1.289527e-07
1.619000e+03 1.202893e-07
1.620000e+03 1.094859e-07
1.621000e+03 1.012122e-07
1.622000e+03 9.705844e-08
1.623000e+03 9.522850e-08
1.624000e+03 9.705410e-08
1.625000e+03 9.531273e-08
1.626000e+03 8.945398e-08
1.627000e+03 8.957292e-08
1.628000e+03 1.092097e-06
1.629000e+03 1.343747e-07
1.630000e+03 1.191746e-07
1.631000e+03 9.384327e-08
1.632000e+03 8.035832e-08
1.633000e+03 6.506728e-08
1.634000e+03 5.725639e-08
1.635000e+03 5.075493e-08
1.636000e+03 4.477819e-08
1.637000e+03 4.616872e-08
1.638000e+03 1.811461e-07
1.639000e+03 1.801759e-07
1.640000e+03 2.014534e-07
1.641000e+03 1.969891e-07
1.642000e+03 1.841472e-07
1.643000e+03 1.716061e-07
1.644000e+03 1.553230e-07
1.645000e+03 1.447019e-07
1.646000e+03 1.292509e-07
1.647000e+03 1.205595e-07
1.648000e+03 1.129322e-07
1.649000e+03 1.050800e-07
1.650000e+03 9.854085e-08
1.651000e+03 9.372893e-08
1.652000e+03 8.848229e-08
1.653000e+03 1.630448e-06
1.654000e+03 1.375493e-07
1.655000e+03 1.206663e-07
1.656000e+03 1.051627e-07
1.657000e+03 9.685147e-08
1.658000e+03 7.400981e-08
1.659000e+03 5.886720e-08
1.660000e+03 5.144207e-08
1.661000e+03 5.272107e-08
1.662000e+03 4.641653e-08
1.663000e+03 1.952058e-07
1.664000e+03 1.972702e-07
1.665000e+03 3.719071e-08
1.666000e+03 1.365034e-07
1.667000e+03 1.277553e-07
1.668000e+03 1.203995e-07
1.669000e+03 1.126633e-07
1.670000e+03 1.060566e-07
1.671000e+03 1.001537e-07
1.672000e+03 9.409989e-08
1.673000e+03 8.803101e-08
1.674000e+03 8.468498e-08
1.675000e+03 8.251306e-08
1.676000e+03 8.222803e-08
1.677000e+03 7.917300e-08
1.678000e+03 8.225630e-08
1.679000e+03 8.092500e-08
1.680000e+03 7.934750e-08
1.681000e+03 7.624729e-07
1.682000e+03 1.454896e-07
1.683000e+03 9.851226e-08
1.684000e+03 8.077091e-08
1.685000e+03 8.648822e-08
1.686000e+03 7.188477e-08
1.687000e+03 5.504755e-08
1.688000e+03 6.060644e-08
1.689000e+03 5.329061e-08
1.690000e+03 4.847613e-08
1.691000e+03 4.390101e-08
1.692000e+03 4.074260e-08
1.693000e+03 1.597102e-07
1.694000e+03 1.575341e-07
1.695000e+03 1.454703e-07
1.696000e+03 1.332701e-07
1.697000e+03 1.226542e-07
1.698000e+03 1.140530e-07
1.699000e+03 1.065158e-07
1.700000e+03 9.361239e-08
1.701000e+03 8.777256e-08
1.702000e+03 8.311048e-08
1.703000e+03 7.936226e-08
1.704000e+03 8.074698e-08
1.705000e+03 8.001938e-08
1.706000e+03 7.819822e-08
1.707000e+03 7.622542e-08
1.708000e+03 7.615027e-08
1.709000e+03 7.438257e-08
1.710000e+03 7.312033e-08
1.711000e+03 9.638541e-07
1.712000e+03 1.503944e-07
1.713000e+03 1.045053e-07
1.714000e+03 8.627569e-08
1.715000e+03 6.796738e-08
1.716000e+03 5.827706e-08
1.717000e+03 5.928706e-08
1.718000e+03 4.705210e-08
1.719000e+03 4.179980e-08
1.720000e+03 3.940234e-08
1.721000e+03 3.585311e-08
1.722000e+03 1.739236e-07
1.723000e+03 1.760400e-07
1.724000e+03 1.702199e-07
1.725000e+03 1.618369e-07
1.726000e+03 1.475127e-07
1.727000e+03 1.325809e-07
1.728000e+03 1.202853e-07
1.729000e+03 1.105798e-07
1.730000e+03 1.031031e-07
1.731000e+03 9.706176e-08
1.732000e+03 9.417217e-08
1.733000e+03 8.541970e-08
1.734000e+03 8.069923e-08
1.735000e+03 7.668471e-08
1.736000e+03 7.401153e-08
1.737000e+03 6.659215e-08
1.738000e+03 6.488703e-08
1.739000e+03 6.321941e-08
1.740000e+03 6.367476e-08
1.741000e+03 6.273102e-08
1.742000e+03 6.135876e-08
1.743000e+03 6.082761e-08
1.744000e+03 6.024325e-08
1.745000e+03 8.653268e-07
1.746000e+03 1.566399e-07
1.747000e+03 1.032371e-07
1.748000e+03 8.129266e-08
1.749000e+03 7.046221e-08
1.750000e+03 6.166812e-08
1.751000e+03 5.012599e-08
1.752000e+03 4.382331e-08
1.753000e+03 3.950059e-08
1.754000e+03 3.820632e-08
1.755000e+03 3.216770e-08
1.756000e+03 1.557419e-07
1.757000e+03 1.554651e-07
1.758000e+03 1.427663e-07
1.759000e+03 1.270693e-07
1.760000e+03 1.162772e-07
1.761000e+03 1.070021e-07
1.762000e+03 9.896576e-08
1.763000e+03 9.654029e-08
1.764000e+03 9.068364e-08
1.765000e+03 8.620879e-08
1.766000e+03 8.105697e-08
1.767000e+03 7.655110e-08
1.768000e+03 7.325518e-08
1.769000e+03 7.248336e-08
1.770000e+03 7.224294e-08
1.771000e+03 7.471976e-08
1.772000e+03 7.351886e-08
1.773000e+03 7.422670e-08
1.774000e+03 6.731012e-08
1.775000e+03 6.522040e-08
1.776000e+03 6.409812e-08
1.777000e+03 6.355508e-08
1.778000e+03 6.324370e-08
1.779000e+03 6.229404e-08
1.780000e+03 5.943164e-08
1.781000e+03 5.578407e-08
1.782000e+03 5.494778e-08
1.783000e+03 7.962962e-07
1.784000e+03 1.827471e-07
1.785000e+03 9.907167e-08
1.786000e+03 7.639394e-08
1.787000e+03 7.519296e-08
1.788000e+03 5.873104e-08
1.789000e+03 4.991378e-08
1.790000e+03 4.435374e-08
1.791000e+03 4.041016e-08
1.792000e+03 3.561000e-08
1.793000e+03 3.151572e-08
1.794000e+03 1.559089e-07
1.795000e+03 1.572592e-07
1.796000e+03 1.447150e-07
1.797000e+03 1.310900e-07
1.798000e+03 1.186436e-07
1.799000e+03 1.086629e-07
1.800000e+03 9.925232e-08
1.801000e+03 9.165642e-08
1.802000e+03 8.488155e-08
1.803000e+03 7.798146e-08
1.804000e+03 7.439763e-08
1.805000e+03 6.724706e-08
1.806000e+03 6.416232e-08
1.807000e+03 5.971207e-08
1.808000e+03 5.708293e-08
1.809000e+03 5.377620e-08
1.810000e+03 5.168519e-08
1.811000e+03 5.026919e-08
1.812000e+03 4.943795e-08
1.813000e+03 4.922690e-08
1.814000e+03 5.047937e-08
1.815000e+03 4.851073e-08
1.816000e+03 4.928125e-08
1.817000e+03 5.028340e-08
1.818000e+03 4.947511e-08
1.819000e+03 5.029341e-08
1.820000e+03 5.125009e-08
1.821000e+03 4.991889e-08
1.822000e+03 4.849430e-08
1.823000e+03 5.122676e-08
1.824000e+03 4.835626e-08
1.825000e+03 4.726783e-08
1.826000e+03 4.765093e-08
1.827000e+03 4.739533e-08
1.828000e+03 8.746945e-07
1.829000e+03 1.154752e-07
1.830000e+03 1.021764e-07
1.831000e+03 8.257746e-08
1.832000e+03 7.187256e-08
1.833000e+03 6.079213e-08
1.834000e+03 5.269882e-08
1.835000e+03 4.671659e-08
1.836000e+03 4.040219e-08
1.837000e+03 3.441010e-08
1.838000e+03 2.828839e-08
1.839000e+03 1.316957e-07
1.840000e+03 1.292148e-07
1.841000e+03 1.216876e-07
1.842000e+03 1.113168e-07
1.843000e+03 9.660068e-08
1.844000e+03 8.682197e-08
1.845000e+03 8.018862e-08
1.846000e+03 7.520816e-08
1.847000e+03 7.027964e-08
1.848000e+03 6.597058e-08
1.849000e+03 6.173584e-08
1.850000e+03 6.493246e-08
1.851000e+03 6.179967e-08
1.852000e+03 6.021595e-08
1.853000e+03 5.724886e-08
1.854000e+03 5.539974e-08
1.855000e+03 5.419182e-08
1.856000e+03 5.321396e-08
1.857000e+03 5.305824e-08
1.858000e+03 5.390180e-08
1.859000e+03 5.422905e-08
1.860000e+03 5.387823e-08
1.861000e+03 5.333671e-08
1.862000e+03 5.254470e-08
1.863000e+03 5.151787e-08
1.864000e+03 5.074269e-08
1.865000e+03 5.398380e-08
1.866000e+03 5.405127e-08
1.867000e+03 5.311095e-08
1.868000e+03 5.434100e-08
1.869000e+03 5.138048e-08
1.870000e+03 5.043823e-08
1.871000e+03 4.816692e-08
1.872000e+03 5.090177e-08
1.873000e+03 5.090509e-08
1.874000e+03 4.928216e-08
1.875000e+03 4.860549e-08
1.876000e+03 4.742312e-08
1.877000e+03 4.809390e-08
1.878000e+03 4.801381e-08
1.879000e+03 4.921582e-08
1.880000e+03 4.920528e-08
1.881000e+03 9.882616e-07
1.882000e+03 1.682127e-07
1.883000e+03 1.109093e-07
1.884000e+03 7.271662e-08
1.885000e+03 6.330060e-08
1.886000e+03 6.646037e-08
1.887000e+03 5.753005e-08
1.888000e+03 4.999847e-08
1.889000e+03 4.396683e-08
1.890000e+03 3.733759e-08
1.891000e+03 3.341489e-08
1.892000e+03 2.551322e-08
1.893000e+03 3.074099e-08
1.894000e+03 2.852250e-08
1.895000e+03 1.107574e-07
1.896000e+03 1.004928e-07
1.897000e+03 9.246982e-08
1.898000e+03 8.442546e-08
1.899000e+03 7.590396e-08
1.900000e+03 6.979509e-08
1.901000e+03 6.402307e-08
1.902000e+03 5.983915e-08
1.903000e+03 5.639447e-08
1.904000e+03 5.353652e-08
1.905000e+03 5.028210e-08
1.906000e+03 4.868183e-08
1.907000e+03 4.727572e-08
1.908000e+03 4.856964e-08
1.909000e+03 5.049856e-08
1.910000e+03 4.951374e-08
1.911000e+03 4.859887e-08
1.912000e+03 4.794232e-08
1.913000e+03 4.725276e-08
1.914000e+03 4.663091e-08
1.915000e+03 4.651260e-08
1.916000e+03 4.904274e-08
1.917000e+03 4.736296e-08
1.918000e+03 4.392243e-08
1.919000e+03 4.298082e-08
1.920000e+03 4.275864e-08
1.921000e+03 4.275977e-08
1.922000e+03 4.311248e-08
1.923000e+03 4.313236e-08
1.924000e+03 4.285736e-08
1.925000e+03 4.277608e-08
1.926000e+03 4.279009e-08
1.927000e+03 4.123512e-08
1.928000e+03 4.166427e-08
1.929000e+03 4.138670e-08
1.930000e+03 4.160993e-08
1.931000e+03 3.980894e-08
1.932000e+03 4.095745e-08
1.933000e+03 3.942660e-08
1.934000e+03 3.844919e-08
1.935000e+03 3.744239e-08
1.936000e+03 3.771681e-08
1.937000e+03 3.750723e-08
1.938000e+03 3.868557e-08
1.939000e+03 3.889610e-08
1.940000e+03 3.895755e-08
1.941000e+03 3.847855e-08
1.942000e+03 1.116189e-06
1.943000e+03 1.574543e-07
1.944000e+03 1.082145e-07
1.945000e+03 8.943092e-08
1.946000e+03 7.258789e-08
1.947000e+03 7.234944e-08
1.948000e+03 8.013000e-08
1.949000e+03 5.691145e-08
1.950000e+03 4.411043e-08
1.951000e+03 3.857725e-08
1.952000e+03 2.881499e-08
1.953000e+03 2.370933e-08
1.954000e+03 1.094146e-07
1.955000e+03 9.773430e-08
1.956000e+03 8.651934e-08
1.957000e+03 7.775407e-08
1.958000e+03 6.920973e-08
1.959000e+03 6.253822e-08
1.960000e+03 5.814566e-08
1.961000e+03 5.305464e-08
1.962000e+03 5.883023e-08
1.963000e+03 5.909599e-08
1.964000e+03 5.714415e-08
1.965000e+03 5.423270e-08
1.966000e+03 5.086069e-08
1.967000e+03 4.815655e-08
1.968000e+03 4.598488e-08
1.969000e+03 4.448781e-08
1.970000e+03 4.330026e-08
1.971000e+03 4.238742e-08
1.972000e+03 4.169371e-08
1.973000e+03 4.091113e-08
1.974000e+03 4.011830e-08
1.975000e+03 3.974471e-08
1.976000e+03 3.949763e-08
1.977000e+03 4.000060e-08
1.978000e+03 3.955040e-08
1.979000e+03 3.920068e-08
1.980000e+03 4.059496e-08
1.981000e+03 3.974468e-08
1.982000e+03 3.877582e-08
1.983000e+03 3.731955e-08
1.984000e+03 3.686928e-08
1.985000e+03 3.684408e-08
1.986000e+03 3.670047e-08
1.987000e+03 3.836810e-08
1.988000e+03 3.811208e-08
1.989000e+03 3.775672e-08
1.990000e+03 3.637783e-08
1.991000e+03 3.638941e-08
1.992000e+03 3.650718e-08
1.993000e+03 3.557656e-08
1.994000e+03 3.542782e-08
1.995000e+03 3.442142e-08
1.996000e+03 3.556671e-08
1.997000e+03 3.416889e-08
1.998000e+03 3.395452e-08
1.999000e+03 3.380331e-08
2.000000e+03 3.418789e-08
2.001000e+03 3.397359e-08
2.002000e+03 3.416937e-08
2.003000e+03 3.403827e-08
2.004000e+03 3.399673e-08
2.005000e+03 3.393154e-08
2.006000e+03 3.314766e-08
2.007000e+03 3.293082e-08
2.008000e+03 3.568384e-08
2.009000e+03 3.567491e-08
2.010000e+03 3.501541e-08
2.011000e+03 3.438206e-08
2.012000e+03 3.620712e-08
2.013000e+03 3.526144e-08
2.014000e+03 3.475192e-08
2.015000e+03 3.467777e-08
2.016000e+03 9.853971e-07
2.017000e+03 1.907807e-07
2.018000e+03 1.167778e-07
2.019000e+03 9.446391e-08
2.020000e+03 7.940655e-08
2.021000e+03 6.520039e-08
2.022000e+03 6.260402e-08
2.023000e+03 5.543295e-08
2.024000e+03 4.714786e-08
2.025000e+03 4.018889e-08
2.026000e+03 3.395790e-08
2.027000e+03 3.089410e-08
2.028000e+03 2.729120e-08
2.029000e+03 2.408191e-08
2.030000e+03 8.380519e-08
2.031000e+03 7.724398e-08
2.032000e+03 7.474180e-08
2.033000e+03 6.962073e-08
2.034000e+03 6.265749e-08
2.035000e+03 5.729100e-08
2.036000e+03 5.230418e-08
2.037000e+03 4.762488e-08
2.038000e+03 4.420939e-08
2.039000e+03 4.141686e-08
2.040000e+03 3.785484e-08
2.041000e+03 3.649319e-08
2.042000e+03 3.525953e-08
2.043000e+03 3.404520e-08
2.044000e+03 3.490369e-08
2.045000e+03 3.348183e-08
2.046000e+03 3.322035e-08
2.047000e+03 3.682991e-08
2.048000e+03 3.694155e-08
2.049000e+03 3.685734e-08
2.050000e+03 3.615719e-08
2.051000e+03 3.588557e-08
2.052000e+03 3.599045e-08
2.053000e+03 3.386640e-08
2.054000e+03 3.080412e-08
2.055000e+03 3.040785e-08
2.056000e+03 3.016051e-08
2.057000e+03 3.374202e-08
2.058000e+03 3.380472e-08
2.059000e+03 3.224148e-08
2.060000e+03 3.209672e-08
2.061000e+03 3.076309e-08
2.062000e+03 3.039780e-08
2.063000e+03 3.003271e-08
2.064000e+03 2.954495e-08
2.065000e+03 2.969233e-08
2.066000e+03 2.938401e-08
2.067000e+03 2.886974e-08
2.068000e+03 2.854885e-08
2.069000e+03 2.845866e-08
2.070000e+03 2.846693e-08
2.071000e+03 2.841790e-08
2.072000e+03 2.807456e-08
2.073000e+03 2.841409e-08
2.074000e+03 2.693922e-08
2.075000e+03 2.689625e-08
2.076000e+03 2.863222e-08
2.077000e+03 2.785930e-08
2.078000e+03 2.802123e-08
2.079000e+03 2.839762e-08
2.080000e+03 2.815689e-08
2.081000e+03 2.809118e-08
2.082000e+03 2.792394e-08
2.083000e+03 3.223630e-08
2.084000e+03 2.800379e-08
2.085000e+03 2.745376e-08
2.086000e+03 2.685627e-08
2.087000e+03 2.720291e-08
2.088000e+03 2.618909e-08
2.089000e+03 2.609498e-08
2.090000e+03 2.621081e-08
2.091000e+03 2.584539e-08
2.092000e+03 2.740728e-08
2.093000e+03 2.631466e-08
2.094000e+03 2.547213e-08
2.095000e+03 2.498457e-08
2.096000e+03 2.475149e-08
2.097000e+03 2.445047e-08
2.098000e+03 2.452694e-08
2.099000e+03 2.441729e-08
2.100000e+03 2.415783e-08
2.101000e+03 2.418694e-08
2.102000e+03 2.385389e-08
2.103000e+03 2.634808e-08
2.104000e+03 2.637162e-08
2.105000e+03 9.868687e-07
2.106000e+03 2.170494e-07
2.107000e+03 1.745267e-07
2.108000e+03 1.395524e-07
2.109000e+03 9.555526e-08
2.110000e+03 9.693534e-08
2.111000e+03 8.857263e-08
2.112000e+03 7.506158e-08
2.113000e+03 6.326873e-08
2.114000e+03 5.370401e-08
2.115000e+03 4.658772e-08
2.116000e+03 3.868394e-08
2.117000e+03 2.606105e-08
2.118000e+03 9.783151e-08
2.119000e+03 2.160314e-08
2.120000e+03 7.606397e-08
2.121000e+03 7.493034e-08
2.122000e+03 6.877240e-08
2.123000e+03 5.456465e-08
2.124000e+03 5.018317e-08
2.125000e+03 4.625877e-08
2.126000e+03 4.285204e-08
2.127000e+03 3.775356e-08
2.128000e+03 3.438847e-08
2.129000e+03 3.281884e-08
2.130000e+03 3.196271e-08
2.131000e+03 3.138429e-08
2.132000e+03 3.031401e-08
2.133000e+03 2.919787e-08
2.134000e+03 2.952488e-08
2.135000e+03 2.937947e-08
2.136000e+03 2.873662e-08
2.137000e+03 2.870706e-08
2.138000e+03 2.904082e-08
2.139000e+03 2.910879e-08
2.140000e+03 3.006888e-08
2.141000e+03 2.875111e-08
2.142000e+03 2.574584e-08
2.143000e+03 2.521372e-08
2.144000e+03 2.493687e-08
2.145000e+03 2.415841e-08
2.146000e+03 2.446265e-08
2.147000e+03 2.429873e-08
2.148000e+03 2.424026e-08
2.149000e+03 2.427243e-08
2.150000e+03 2.618100e-08
2.151000e+03 2.624199e-08
2.152000e+03 2.585481e-08
2.153000e+03 2.582981e-08
2.154000e+03 2.585515e-08
2.155000e+03 2.535094e-08
2.156000e+03 2.676434e-08
2.157000e+03 2.447763e-08
2.158000e+03 2.619807e-08
2.159000e+03 2.619829e-08
2.160000e+03 2.578416e-08
2.161000e+03 2.584345e-08
2.162000e+03 2.594054e-08
2.163000e+03 2.555746e-08
2.164000e+03 2.540169e-08
2.165000e+03 2.533548e-08
2.166000e+03 2.529427e-08
2.167000e+03 2.531381e-08
2.168000e+03 2.480917e-08
2.169000e+03 2.441427e-08
2.170000e+03 2.262526e-08
2.171000e+03 2.415561e-08
2.172000e+03 2.565373e-08
2.173000e+03 2.494149e-08
2.174000e+03 2.412352e-08
2.175000e+03 2.392989e-08
2.176000e+03 2.392198e-08
2.177000e+03 2.372330e-08
2.178000e+03 2.324411e-08
2.179000e+03 2.321539e-08
2.180000e+03 2.301139e-08
2.181000e+03 2.388243e-08
2.182000e+03 2.409655e-08
2.183000e+03 2.254810e-08
2.184000e+03 2.198391e-08
2.185000e+03 2.212410e-08
2.186000e+03 2.208701e-08
2.187000e+03 2.208635e-08
2.188000e+03 2.375298e-08
2.189000e+03 2.281155e-08
2.190000e+03 2.222168e-08
2.191000e+03 2.194361e-08
2.192000e+03 2.186864e-08
2.193000e+03 2.240791e-08
2.194000e+03 2.238090e-08
2.195000e+03 2.240175e-08
2.196000e+03 2.189855e-08
2.197000e+03 2.196235e-08
2.198000e+03 2.195162e-08
2.199000e+03 2.171390e-08
2.200000e+03 2.220767e-08
2.201000e+03 2.064132e-08
2.202000e+03 2.124775e-08
2.203000e+03 2.171864e-08
2.204000e+03 2.334544e-08
2.205000e+03 2.190598e-08
2.206000e+03 2.126279e-08
2.207000e+03 2.144010e-08
2.208000e+03 2.037347e-08
2.209000e+03 2.153559e-08
2.210000e+03 2.189520e-08
2.211000e+03 2.172484e-08
2.212000e+03 2.158004e-08
2.213000e+03 2.211685e-08
2.214000e+03 2.214621e-08
2.215000e+03 2.216907e-08
2.216000e+03 2.218384e-08
2.217000e+03 2.201149e-08
2.218000e+03 1.010647e-06
2.219000e+03 1.743580e-07
2.220000e+03 1.677138e-07
2.221000e+03 1.177080e-07
2.222000e+03 9.905592e-08
2.223000e+03 8.477286e-08
2.224000e+03 7.537097e-08
2.225000e+03 5.371603e-08
2.226000e+03 4.609337e-08
2.227000e+03 3.944252e-08
2.228000e+03 3.413391e-08
2.229000e+03 2.999702e-08
2.230000e+03 2.578999e-08
2.231000e+03 2.277904e-08
2.232000e+03 1.997930e-08
2.233000e+03 1.821930e-08
2.234000e+03 6.860920e-08
2.235000e+03 6.802733e-08
2.236000e+03 6.365807e-08
2.237000e+03 5.714970e-08
2.238000e+03 5.136439e-08
2.239000e+03 4.690100e-08
2.240000e+03 4.305545e-08
2.241000e+03 4.000691e-08
2.242000e+03 3.763007e-08
2.243000e+03 3.593962e-08
2.244000e+03 3.417275e-08
2.245000e+03 3.290976e-08
2.246000e+03 3.149853e-08
2.247000e+03 3.061811e-08
2.248000e+03 2.982568e-08
2.249000e+03 2.919475e-08
2.250000e+03 2.888319e-08
2.251000e+03 2.860879e-08
2.252000e+03 2.963960e-08
2.253000e+03 2.836224e-08
2.254000e+03 2.720469e-08
2.255000e+03 2.633450e-08
2.256000e+03 2.608402e-08
2.257000e+03 2.600927e-08
2.258000e+03 2.639726e-08
2.259000e+03 2.623191e-08
2.260000e+03 2.572171e-08
2.261000e+03 2.549324e-08
2.262000e+03 2.477137e-08
2.263000e+03 2.457519e-08
2.264000e+03 2.473323e-08
2.265000e+03 2.469101e-08
2.266000e+03 2.421387e-08
2.267000e+03 2.407955e-08
2.268000e+03 2.525886e-08
2.269000e+03 2.456481e-08
2.270000e+03 2.384800e-08
2.271000e+03 2.376936e-08
2.272000e+03 2.370470e-08
2.273000e+03 2.329659e-08
2.274000e+03 2.334515e-08
2.275000e+03 2.378926e-08
2.276000e+03 2.356298e-08
2.277000e+03 2.315171e-08
2.278000e+03 2.250956e-08
2.279000e+03 2.295877e-08
2.280000e+03 2.268363e-08
2.281000e+03 2.302809e-08
2.282000e+03 2.323386e-08
2.283000e+03 2.260117e-08
2.284000e+03 2.392568e-08
2.285000e+03 2.278863e-08
2.286000e+03 2.191631e-08
2.287000e+03 2.155980e-08
2.288000e+03 2.139809e-08
2.289000e+03 2.110930e-08
2.290000e+03 2.098981e-08
2.291000e+03 2.113357e-08
2.292000e+03 2.061554e-08
2.293000e+03 2.088827e-08
2.294000e+03 2.083865e-08
2.295000e+03 2.068153e-08
2.296000e+03 2.043189e-08
2.297000e+03 2.044030e-08
2.298000e+03 2.042434e-08
2.299000e+03 2.053320e-08
2.300000e+03 2.135936e-08
2.301000e+03 1.979644e-08
2.302000e+03 1.967789e-08
2.303000e+03 1.997029e-08
2.304000e+03 1.926603e-08
2.305000e+03 1.944299e-08
2.306000e+03 1.943286e-08
2.307000e+03 1.922914e-08
2.308000e+03 2.058908e-08
2.309000e+03 2.044435e-08
2.310000e+03 2.048128e-08
2.311000e+03 2.036679e-08
2.312000e+03 1.862519e-08
2.313000e+03 1.836760e-08
2.314000e+03 1.828508e-08
2.315000e+03 1.819301e-08
2.316000e+03 1.953607e-08
2.317000e+03 1.912224e-08
2.318000e+03 1.829899e-08
2.319000e+03 1.844159e-08
2.320000e+03 1.809432e-08
2.321000e+03 1.817996e-08
2.322000e+03 1.788640e-08
2.323000e+03 1.869902e-08
2.324000e+03 1.809966e-08
2.325000e+03 1.814653e-08
2.326000e+03 1.784535e-08
2.327000e+03 1.806947e-08
2.328000e+03 1.783667e-08
2.329000e+03 1.799629e-08
2.330000e+03 1.809314e-08
2.331000e+03 1.754558e-08
2.332000e+03 1.884931e-08
2.333000e+03 1.796474e-08
2.334000e+03 1.740329e-08
2.335000e+03 1.698172e-08
2.336000e+03 1.704030e-08
2.337000e+03 1.697442e-08
2.338000e+03 1.707721e-08
2.339000e+03 1.704544e-08
2.340000e+03 1.691918e-08
2.341000e+03 1.691331e-08
2.342000e+03 1.800796e-08
2.343000e+03 1.805191e-08
2.344000e+03 1.784763e-08
2.345000e+03 1.768032e-08
2.346000e+03 1.710100e-08
2.347000e+03 1.756256e-08
2.348000e+03 1.853767e-08
2.349000e+03 1.776157e-08
2.350000e+03 1.724466e-08
2.351000e+03 1.832454e-08
2.352000e+03 2.436731e-08
2.353000e+03 2.735816e-08
2.354000e+03 2.852292e-08
2.355000e+03 2.859158e-08
2.356000e+03 7.404780e-09
2.357000e+03 2.612904e-08
2.358000e+03 2.793995e-08
2.359000e+03 7.260644e-09
2.360000e+03 2.375800e-08
2.361000e+03 2.439295e-08
2.362000e+03 2.452933e-08
2.363000e+03 2.448859e-08
2.364000e+03 2.625277e-08
2.365000e+03 1.845497e-08
2.366000e+03 1.758393e-08
2.367000e+03 1.820082e-08
2.368000e+03 1.810336e-08
2.369000e+03 1.779653e-08
2.370000e+03 1.171540e-06
2.371000e+03 2.378603e-07
2.372000e+03 2.037644e-07
2.373000e+03 1.686483e-07
2.374000e+03 1.435719e-07
2.375000e+03 1.240714e-07
2.376000e+03 1.078103e-07
2.377000e+03 9.337522e-08
2.378000e+03 8.065507e-08
2.379000e+03 5.969247e-08
2.380000e+03 4.832098e-08
2.381000e+03 4.177912e-08
2.382000e+03 3.632880e-08
2.383000e+03 3.184707e-08
2.384000e+03 2.813706e-08
2.385000e+03 2.726020e-08
2.386000e+03 2.261868e-08
2.387000e+03 2.024452e-08
2.388000e+03 1.836111e-08
2.389000e+03 1.653106e-08
2.390000e+03 5.398731e-08
2.391000e+03 5.441745e-08
2.392000e+03 5.007731e-08
2.393000e+03 3.765398e-08
2.394000e+03 3.999009e-08
2.395000e+03 3.921065e-08
2.396000e+03 3.778705e-08
2.397000e+03 3.216714e-08
2.398000e+03 3.128293e-08
2.399000e+03 2.953145e-08
2.400000e+03 2.807643e-08
2.401000e+03 2.737190e-08
2.402000e+03 2.739902e-08
2.403000e+03 2.618759e-08
2.404000e+03 2.521908e-08
2.405000e+03 2.339613e-08
2.406000e+03 2.287491e-08
2.407000e+03 2.261359e-08
2.408000e+03 2.217165e-08
2.409000e+03 2.204191e-08
2.410000e+03 2.201559e-08
2.411000e+03 2.180724e-08
2.412000e+03 2.294110e-08
2.413000e+03 2.208007e-08
2.414000e+03 2.126751e-08
2.415000e+03 2.128934e-08
2.416000e+03 2.050340e-08
2.417000e+03 2.074667e-08
2.418000e+03 2.059492e-08
2.419000e+03 2.090922e-08
2.420000e+03 2.095508e-08
2.421000e+03 2.063446e-08
2.422000e+03 2.031565e-08
2.423000e+03 2.058472e-08
2.424000e+03 2.026489e-08
2.425000e+03 2.040772e-08
2.426000e+03 2.050359e-08
2.427000e+03 2.020652e-08
2.428000e+03 2.143341e-08
2.429000e+03 2.103717e-08
2.430000e+03 2.044326e-08
2.431000e+03 2.058245e-08
2.432000e+03 1.978896e-08
2.433000e+03 1.982706e-08
2.434000e+03 1.948193e-08
2.435000e+03 1.927664e-08
2.436000e+03 1.897251e-08
2.437000e+03 1.838642e-08
2.438000e+03 1.820866e-08
2.439000e+03 1.774623e-08
2.440000e+03 1.787647e-08
2.441000e+03 1.782570e-08
2.442000e+03 1.827970e-08
2.443000e+03 1.857711e-08
2.444000e+03 1.958767e-08
2.445000e+03 1.901393e-08
2.446000e+03 1.842786e-08
2.447000e+03 1.812912e-08
2.448000e+03 1.792721e-08
2.449000e+03 1.751348e-08
2.450000e+03 1.750300e-08
2.451000e+03 1.736080e-08
2.452000e+03 1.709129e-08
2.453000e+03 1.693962e-08
2.454000e+03 1.676000e-08
2.455000e+03 1.661148e-08
2.456000e+03 1.649902e-08
2.457000e+03 1.634652e-08
2.458000e+03 1.625350e-08
2.459000e+03 1.691371e-08
2.460000e+03 1.727212e-08
2.461000e+03 1.695306e-08
2.462000e+03 1.517899e-08
2.463000e+03 1.575210e-08
2.464000e+03 1.544969e-08
2.465000e+03 1.545649e-08
2.466000e+03 1.538755e-08
2.467000e+03 1.571046e-08
2.468000e+03 1.583194e-08
2.469000e+03 1.537708e-08
2.470000e+03 1.540803e-08
2.471000e+03 1.553783e-08
2.472000e+03 1.520581e-08
2.473000e+03 1.544184e-08
2.474000e+03 1.567406e-08
2.475000e+03 1.553050e-08
2.476000e+03 1.671723e-08
2.477000e+03 1.599281e-08
2.478000e+03 1.553785e-08
2.479000e+03 1.518041e-08
2.480000e+03 1.516485e-08
2.481000e+03 1.505488e-08
2.482000e+03 1.493240e-08
2.483000e+03 1.528091e-08
2.484000e+03 1.506116e-08
2.485000e+03 1.442574e-08
2.486000e+03 1.484985e-08
2.487000e+03 1.641565e-08
2.488000e+03 1.527789e-08
2.489000e+03 1.536117e-08
2.490000e+03 1.513078e-08
2.491000e+03 1.492531e-08
2.492000e+03 1.624986e-08
2.493000e+03 1.589176e-08
2.494000e+03 1.515917e-08
2.495000e+03 1.511527e-08
2.496000e+03 1.466105e-08
2.497000e+03 1.496977e-08
2.498000e+03 1.498086e-08
2.499000e+03 1.504012e-08
2.500000e+03 1.485751e-08
2.501000e+03 1.467439e-08
2.502000e+03 1.473517e-08
2.503000e+03 1.469781e-08
2.504000e+03 1.454357e-08
2.505000e+03 1.447186e-08
2.506000e+03 1.442355e-08
2.507000e+03 1.432031e-08
2.508000e+03 1.519262e-08
2.509000e+03 1.501698e-08
2.510000e+03 1.431652e-08
2.511000e+03 1.439386e-08
2.512000e+03 1.474796e-08
2.513000e+03 1.451570e-08
2.514000e+03 1.441801e-08
2.515000e+03 1.496911e-08
2.516000e+03 1.402537e-08
2.517000e+03 1.400892e-08
2.518000e+03 1.405344e-08
2.519000e+03 1.416867e-08
2.520000e+03 1.473142e-08
2.521000e+03 1.544900e-08
2.522000e+03 1.552079e-08
2.523000e+03 1.546801e-08
2.524000e+03 1.652853e-08
2.525000e+03 1.601427e-08
2.526000e+03 1.556425e-08
2.527000e+03 1.526583e-08
2.528000e+03 1.517632e-08
2.529000e+03 1.506769e-08
2.530000e+03 1.520336e-08
2.531000e+03 1.399455e-08
2.532000e+03 1.462175e-08
2.533000e+03 1.495738e-08
2.534000e+03 1.501463e-08
2.535000e+03 1.506589e-08
2.536000e+03 1.509297e-08
2.537000e+03 1.399548e-08
2.538000e+03 1.387669e-08
2.539000e+03 1.388519e-08
2.540000e+03 1.511150e-08
2.541000e+03 1.429046e-08
2.542000e+03 1.398966e-08
2.543000e+03 1.438544e-08
2.544000e+03 1.378244e-08
2.545000e+03 1.411811e-08
2.546000e+03 1.373326e-08
2.547000e+03 1.397342e-08
2.548000e+03 1.347547e-08
2.549000e+03 1.360702e-08
2.550000e+03 1.367651e-08
2.551000e+03 1.412598e-08
2.552000e+03 1.427944e-08
2.553000e+03 1.419660e-08
2.554000e+03 1.311828e-08
2.555000e+03 1.305182e-08
2.556000e+03 1.435875e-08
2.557000e+03 1.436163e-08
2.558000e+03 1.373790e-08
2.559000e+03 1.437222e-08
2.560000e+03 1.437852e-08
2.561000e+03 1.339969e-08
2.562000e+03 1.426463e-08
2.563000e+03 1.348807e-08
2.564000e+03 1.340336e-08
2.565000e+03 1.312378e-08
2.566000e+03 1.302249e-08
2.567000e+03 1.311811e-08
2.568000e+03 1.323106e-08
2.569000e+03 1.293553e-08
2.570000e+03 1.303486e-08
2.571000e+03 1.373529e-08
2.572000e+03 1.408649e-08
2.573000e+03 1.370396e-08
2.574000e+03 1.308416e-08
2.575000e+03 1.272253e-08
2.576000e+03 1.229724e-08
2.577000e+03 1.182104e-08
2.578000e+03 1.217150e-08
2.579000e+03 1.230573e-08
2.580000e+03 1.276404e-08
2.581000e+03 1.289280e-08
2.582000e+03 1.274276e-08
2.583000e+03 1.277847e-08
2.584000e+03 1.266543e-08
2.585000e+03 1.255659e-08
2.586000e+03 1.488135e-06
2.587000e+03 1.709484e-07
2.588000e+03 1.577932e-07
2.589000e+03 1.238290e-07
2.590000e+03 9.389829e-08
2.591000e+03 7.751889e-08
2.592000e+03 6.646069e-08
2.593000e+03 5.742843e-08
2.594000e+03 6.042046e-08
2.595000e+03 5.024022e-08
2.596000e+03 4.311594e-08
2.597000e+03 3.670074e-08
2.598000e+03 3.170890e-08
2.599000e+03 9.997495e-08
2.600000e+03 2.728598e-08
2.601000e+03 7.420960e-08
2.602000e+03 2.129250e-08
2.603000e+03 5.697239e-08
2.604000e+03 6.031246e-08
2.605000e+03 1.606555e-08
2.606000e+03 4.051526e-08
2.607000e+03 4.195320e-08
2.608000e+03 3.933275e-08
2.609000e+03 3.586230e-08
2.610000e+03 3.271572e-08
2.611000e+03 3.135704e-08
2.612000e+03 2.919321e-08
2.613000e+03 2.718439e-08
2.614000e+03 2.548888e-08
2.615000e+03 2.422788e-08
2.616000e+03 2.290371e-08
2.617000e+03 2.024561e-08
2.618000e+03 1.902622e-08
2.619000e+03 1.834739e-08
2.620000e+03 1.955832e-08
2.621000e+03 1.864870e-08
2.622000e+03 1.815352e-08
2.623000e+03 1.668112e-08
2.624000e+03 1.739286e-08
2.625000e+03 1.697224e-08
2.626000e+03 1.676680e-08
2.627000e+03 1.723180e-08
2.628000e+03 1.646110e-08
2.629000e+03 1.676620e-08
2.630000e+03 1.630266e-08
2.631000e+03 1.600320e-08
2.632000e+03 1.497555e-08
2.633000e+03 1.507554e-08
2.634000e+03 1.493701e-08
2.635000e+03 1.551657e-08
2.636000e+03 1.652282e-08
2.637000e+03 1.581951e-08
2.638000e+03 1.517774e-08
2.639000e+03 1.482610e-08
2.640000e+03 1.477736e-08
2.641000e+03 1.513975e-08
2.642000e+03 1.490420e-08
2.643000e+03 1.491850e-08
2.644000e+03 1.467224e-08
2.645000e+03 1.442756e-08
2.646000e+03 1.377006e-08
2.647000e+03 1.407547e-08
2.648000e+03 1.427360e-08
2.649000e+03 1.458417e-08
2.650000e+03 1.453438e-08
2.651000e+03 1.447226e-08
2.652000e+03 1.580932e-08
2.653000e+03 1.551715e-08
2.654000e+03 1.476826e-08
2.655000e+03 1.538809e-08
2.656000e+03 1.442058e-08
2.657000e+03 1.468485e-08
2.658000e+03 1.464776e-08
2.659000e+03 1.505109e-08
2.660000e+03 1.450349e-08
2.661000e+03 1.466084e-08
2.662000e+03 1.461478e-08
2.663000e+03 1.467595e-08
2.664000e+03 1.451937e-08
2.665000e+03 1.481628e-08
2.666000e+03 1.460509e-08
2.667000e+03 1.454610e-08
2.668000e+03 1.611373e-08
2.669000e+03 1.465830e-08
2.670000e+03 1.464117e-08
2.671000e+03 1.323329e-08
2.672000e+03 1.332518e-08
2.673000e+03 1.310024e-08
2.674000e+03 1.293016e-08
2.675000e+03 1.310384e-08
2.676000e+03 1.307705e-08
2.677000e+03 1.302639e-08
2.678000e+03 1.287897e-08
2.679000e+03 1.258966e-08
2.680000e+03 1.255465e-08
2.681000e+03 1.258402e-08
2.682000e+03 1.252473e-08
2.683000e+03 1.376751e-08
2.684000e+03 1.381709e-08
2.685000e+03 1.348983e-08
2.686000e+03 1.257824e-08
2.687000e+03 1.191241e-08
2.688000e+03 1.143191e-08
2.689000e+03 1.216886e-08
2.690000e+03 1.177586e-08
2.691000e+03 1.206071e-08
2.692000e+03 1.084962e-08
2.693000e+03 1.118931e-08
2.694000e+03 1.139395e-08
2.695000e+03 1.148329e-08
2.696000e+03 1.162777e-08
2.697000e+03 1.159091e-08
2.698000e+03 1.131198e-08
2.699000e+03 1.096817e-08
2.700000e+03 1.215792e-08
2.701000e+03 1.216684e-08
2.702000e+03 1.137654e-08
2.703000e+03 1.113442e-08
2.704000e+03 1.099436e-08
2.705000e+03 1.128424e-08
2.706000e+03 1.139302e-08
2.707000e+03 1.151716e-08
2.708000e+03 1.177747e-08
2.709000e+03 1.148756e-08
2.710000e+03 1.145789e-08
2.711000e+03 1.174697e-08
2.712000e+03 1.119225e-08
2.713000e+03 1.157516e-08
2.714000e+03 1.153431e-08
2.715000e+03 1.053997e-08
2.716000e+03 1.235453e-08
2.717000e+03 1.143641e-08
2.718000e+03 1.142561e-08
2.719000e+03 1.117426e-08
2.720000e+03 1.070578e-08
2.721000e+03 1.083041e-08
2.722000e+03 1.077308e-08
2.723000e+03 1.167158e-08
2.724000e+03 1.181945e-08
2.725000e+03 1.159386e-08
2.726000e+03 1.176122e-08
2.727000e+03 1.185312e-08
2.728000e+03 1.173706e-08
2.729000e+03 1.121654e-08
2.730000e+03 1.123194e-08
2.731000e+03 1.129513e-08
2.732000e+03 1.247378e-08
2.733000e+03 1.224831e-08
2.734000e+03 1.153108e-08
2.735000e+03 1.128877e-08
2.736000e+03 1.132488e-08
2.737000e+03 1.140851e-08
2.738000e+03 1.047582e-08
2.739000e+03 1.240706e-08
2.740000e+03 1.106397e-08
2.741000e+03 1.111453e-08
2.742000e+03 1.093830e-08
2.743000e+03 1.061417e-08
2.744000e+03 1.062577e-08
2.745000e+03 1.098172e-08
2.746000e+03 1.101710e-08
2.747000e+03 1.102778e-08
2.748000e+03 1.222665e-08
2.749000e+03 1.199160e-08
2.750000e+03 1.146159e-08
2.751000e+03 1.105387e-08
2.752000e+03 1.122074e-08
2.753000e+03 1.124598e-08
2.754000e+03 1.120939e-08
2.755000e+03 1.126170e-08
2.756000e+03 1.129668e-08
2.757000e+03 1.151072e-08
2.758000e+03 1.142136e-08
2.759000e+03 1.156623e-08
2.760000e+03 1.125083e-08
2.761000e+03 1.032667e-08
2.762000e+03 1.050094e-08
2.763000e+03 1.090852e-08
2.764000e+03 1.203308e-08
2.765000e+03 1.169396e-08
2.766000e+03 1.148539e-08
2.767000e+03 1.179766e-08
2.768000e+03 1.195338e-08
2.769000e+03 1.224612e-08
2.770000e+03 1.189215e-08
2.771000e+03 1.163503e-08
2.772000e+03 1.140484e-08
2.773000e+03 1.167335e-08
2.774000e+03 1.157388e-08
2.775000e+03 1.167125e-08
2.776000e+03 1.164682e-08
2.777000e+03 1.131174e-08
2.778000e+03 1.170816e-08
2.779000e+03 1.170751e-08
2.780000e+03 1.314554e-08
2.781000e+03 1.223778e-08
2.782000e+03 1.191437e-08
2.783000e+03 1.181215e-08
2.784000e+03 9.874200e-09
2.785000e+03 1.041039e-08
2.786000e+03 1.049391e-08
2.787000e+03 1.128527e-08
2.788000e+03 1.096936e-08
2.789000e+03 1.082964e-08
2.790000e+03 1.099281e-08
2.791000e+03 1.081759e-08
2.792000e+03 1.086058e-08
2.793000e+03 1.095364e-08
2.794000e+03 1.083038e-08
2.795000e+03 1.162936e-08
2.796000e+03 1.189299e-08
2.797000e+03 1.184667e-08
2.798000e+03 1.088921e-08
2.799000e+03 1.058247e-08
2.800000e+03 1.003430e-08
2.801000e+03 1.034183e-08
2.802000e+03 1.038123e-08
2.803000e+03 1.044328e-08
2.804000e+03 1.070438e-08
2.805000e+03 1.067839e-08
2.806000e+03 1.164182e-08
2.807000e+03 1.038060e-08
2.808000e+03 1.051680e-08
2.809000e+03 1.050040e-08
2.810000e+03 1.075304e-08
2.811000e+03 1.080619e-08
2.812000e+03 1.181510e-08
2.813000e+03 1.129389e-08
2.814000e+03 1.092876e-08
2.815000e+03 1.046611e-08
2.816000e+03 1.044521e-08
2.817000e+03 1.051594e-08
2.818000e+03 1.045552e-08
2.819000e+03 1.039453e-08
2.820000e+03 1.041377e-08
2.821000e+03 1.054756e-08
2.822000e+03 1.042489e-08
2.823000e+03 1.080121e-08
2.824000e+03 1.027492e-08
2.825000e+03 1.045607e-08
2.826000e+03 1.024398e-08
2.827000e+03 1.009729e-08
2.828000e+03 1.133400e-08
2.829000e+03 1.057506e-08
2.830000e+03 9.486652e-09
2.831000e+03 1.030068e-08
2.832000e+03 9.890154e-09
2.833000e+03 1.101601e-08
2.834000e+03 1.099125e-08
2.835000e+03 1.108103e-08
2.836000e+03 1.094806e-08
2.837000e+03 1.106635e-08
2.838000e+03 1.122906e-08
2.839000e+03 1.112783e-08
2.840000e+03 1.119219e-08
2.841000e+03 1.113795e-08
2.842000e+03 1.112726e-08
2.843000e+03 1.122607e-08
2.844000e+03 1.206810e-08
2.845000e+03 1.195560e-08
2.846000e+03 1.119536e-08
2.847000e+03 1.109378e-08
2.848000e+03 1.121217e-08
2.849000e+03 1.117016e-08
2.850000e+03 1.117451e-08
2.851000e+03 1.145446e-08
2.852000e+03 1.112798e-08
2.853000e+03 1.020373e-08
2.854000e+03 1.044983e-08
2.855000e+03 1.077354e-08
2.856000e+03 1.026629e-08
2.857000e+03 1.111574e-08
2.858000e+03 1.079220e-08
2.859000e+03 1.102013e-08
2.860000e+03 1.197289e-08
2.861000e+03 1.147924e-08
2.862000e+03 1.120155e-08
2.863000e+03 1.083980e-08
2.864000e+03 1.082033e-08
2.865000e+03 1.081315e-08
2.866000e+03 1.055356e-08
2.867000e+03 1.052380e-08
2.868000e+03 1.049281e-08
2.869000e+03 1.060486e-08
2.870000e+03 1.043970e-08
2.871000e+03 1.041875e-08
2.872000e+03 1.035451e-08
2.873000e+03 1.028594e-08
2.874000e+03 1.039212e-08
2.875000e+03 1.033458e-08
2.876000e+03 1.097274e-08
2.877000e+03 1.030363e-08
2.878000e+03 1.005009e-08
2.879000e+03 1.088546e-08
2.880000e+03 1.021222e-08
2.881000e+03 1.029366e-08
2.882000e+03 1.029184e-08
2.883000e+03 1.018573e-08
2.884000e+03 9.745316e-09
2.885000e+03 9.493535e-09
2.886000e+03 1.005680e-08
2.887000e+03 1.009197e-08
2.888000e+03 1.015370e-08
2.889000e+03 1.017515e-08
2.890000e+03 1.015105e-08
2.891000e+03 1.003883e-08
2.892000e+03 1.069623e-08
2.893000e+03 1.081838e-08
2.894000e+03 1.098323e-08
2.895000e+03 1.089579e-08
2.896000e+03 9.190121e-10
2.897000e+03 1.064225e-08
2.898000e+03 1.082165e-08
2.899000e+03 9.723522e-09
2.900000e+03 1.017447e-08
2.901000e+03 1.027874e-08
2.902000e+03 1.061458e-08
2.903000e+03 1.103528e-08
2.904000e+03 1.077353e-08
2.905000e+03 1.095343e-08
2.906000e+03 1.105543e-08
2.907000e+03 1.080577e-08
2.908000e+03 1.140016e-08
2.909000e+03 1.095268e-08
2.910000e+03 9.972093e-09
2.911000e+03 9.841836e-09
2.912000e+03 9.556793e-09
2.913000e+03 9.542499e-09
2.914000e+03 9.516904e-09
2.915000e+03 9.577511e-09
2.916000e+03 9.469878e-09
2.917000e+03 9.550194e-09
2.918000e+03 9.417678e-09
2.919000e+03 9.422246e-09
2.920000e+03 9.387262e-09
2.921000e+03 9.327414e-09
2.922000e+03 8.085998e-09
2.923000e+03 8.762802e-09
2.924000e+03 1.038138e-06
2.925000e+03 1.734499e-07
2.926000e+03 1.141834e-07
2.927000e+03 9.465497e-08
2.928000e+03 7.807882e-08
2.929000e+03 6.305743e-08
2.930000e+03 5.299739e-08
2.931000e+03 4.745000e-08
2.932000e+03 3.969329e-08
2.933000e+03 3.368704e-08
2.934000e+03 2.828661e-08
2.935000e+03 2.378752e-08
2.936000e+03 1.982762e-08
2.937000e+03 8.875760e-08
2.938000e+03 1.543072e-08
2.939000e+03 6.214618e-08
2.940000e+03 5.996755e-08
2.941000e+03 5.305229e-08
2.942000e+03 4.555597e-08
2.943000e+03 3.975414e-08
2.944000e+03 3.492368e-08
2.945000e+03 2.990866e-08
2.946000e+03 2.733315e-08
2.947000e+03 2.500058e-08
2.948000e+03 2.315612e-08
2.949000e+03 2.171355e-08
2.950000e+03 2.051449e-08
2.951000e+03 1.959027e-08
2.952000e+03 1.823353e-08
2.953000e+03 1.772449e-08
2.954000e+03 1.704120e-08
2.955000e+03 1.608207e-08
2.956000e+03 1.638099e-08
2.957000e+03 1.567069e-08
2.958000e+03 1.484338e-08
2.959000e+03 1.384238e-08
2.960000e+03 1.388993e-08
2.961000e+03 1.375343e-08
2.962000e+03 1.297794e-08
2.963000e+03 1.302794e-08
2.964000e+03 1.239897e-08
2.965000e+03 1.267092e-08
2.966000e+03 1.225207e-08
2.967000e+03 1.223270e-08
2.968000e+03 1.140180e-08
2.969000e+03 1.129524e-08
2.970000e+03 1.145784e-08
2.971000e+03 1.234604e-08
2.972000e+03 1.356726e-08
2.973000e+03 1.322005e-08
2.974000e+03 1.251681e-08
2.975000e+03 1.253490e-08
2.976000e+03 1.215704e-08
2.977000e+03 1.237875e-08
2.978000e+03 1.230919e-08
2.979000e+03 1.229191e-08
2.980000e+03 1.218496e-08
2.981000e+03 1.216755e-08
2.982000e+03 1.204327e-08
2.983000e+03 1.190585e-08
2.984000e+03 1.187437e-08
2.985000e+03 1.126504e-08
2.986000e+03 1.169890e-08
2.987000e+03 1.166774e-08
2.988000e+03 1.281465e-08
2.989000e+03 1.200964e-08
2.990000e+03 1.136303e-08
2.991000e+03 1.224442e-08
2.992000e+03 1.123370e-08
2.993000e+03 1.140318e-08
2.994000e+03 1.143465e-08
2.995000e+03 1.142315e-08
2.996000e+03 1.031859e-08
2.997000e+03 1.063609e-08
2.998000e+03 1.067126e-08
2.999000e+03 1.089708e-08
3.000000e+03 1.073484e-08
3.001000e+03 1.014770e-08
3.002000e+03 1.021890e-08
3.003000e+03 1.015733e-08
3.004000e+03 1.069814e-08
3.005000e+03 1.051621e-08
3.006000e+03 1.015031e-08
3.007000e+03 9.630964e-09
3.008000e+03 9.601673e-09
3.009000e+03 8.967973e-09
3.010000e+03 8.771414e-09
3.011000e+03 8.197774e-09
3.012000e+03 8.736493e-09
3.013000e+03 9.034040e-09
3.014000e+03 8.586398e-09
3.015000e+03 8.133179e-09
3.016000e+03 8.115029e-09
3.017000e+03 8.474222e-09
3.018000e+03 8.504641e-09
3.019000e+03 9.074788e-09
3.020000e+03 9.673310e-09
3.021000e+03 9.180832e-09
3.022000e+03 8.371378e-09
3.023000e+03 8.428415e-09
3.024000e+03 7.539536e-09
3.025000e+03 8.101270e-09
3.026000e+03 8.101147e-09
3.027000e+03 8.315079e-09
3.028000e+03 8.148614e-09
3.029000e+03 8.388262e-09
3.030000e+03 8.323079e-09
3.031000e+03 8.458029e-09
3.032000e+03 8.444100e-09
3.033000e+03 8.430151e-09
3.034000e+03 8.337582e-09
3.035000e+03 8.274221e-09
3.036000e+03 9.028275e-09
3.037000e+03 8.356984e-09
3.038000e+03 7.963271e-09
3.039000e+03 7.936264e-09
3.040000e+03 8.001535e-09
3.041000e+03 7.876204e-09
3.042000e+03 8.283389e-09
3.043000e+03 8.478877e-09
3.044000e+03 8.583682e-09
3.045000e+03 8.467079e-09
3.046000e+03 8.500640e-09
3.047000e+03 8.878666e-09
3.048000e+03 8.200474e-09
3.049000e+03 8.406624e-09
3.050000e+03 8.480858e-09
3.051000e+03 8.148634e-09
3.052000e+03 9.275693e-09
3.053000e+03 8.378164e-09
3.054000e+03 8.334654e-09
3.055000e+03 7.874513e-09
3.056000e+03 8.203387e-09
3.057000e+03 8.307285e-09
3.058000e+03 8.138021e-09
3.059000e+03 8.133109e-09
3.060000e+03 7.239246e-09
3.061000e+03 7.732240e-09
3.062000e+03 7.759454e-09
3.063000e+03 7.691883e-09
3.064000e+03 7.790393e-09
3.065000e+03 7.842858e-09
3.066000e+03 7.772280e-09
3.067000e+03 7.682187e-09
3.068000e+03 8.940486e-09
3.069000e+03 8.601057e-09
3.070000e+03 8.144004e-09
3.071000e+03 7.911755e-09
3.072000e+03 7.822876e-09
3.073000e+03 8.101646e-09
3.074000e+03 8.168750e-09
3.075000e+03 8.265862e-09
3.076000e+03 7.776129e-09
3.077000e+03 7.904019e-09
3.078000e+03 7.763475e-09
3.079000e+03 7.600237e-09
3.080000e+03 7.141923e-09
3.081000e+03 7.658596e-09
3.082000e+03 7.629865e-09
3.083000e+03 6.754530e-09
3.084000e+03 8.616445e-09
3.085000e+03 8.185907e-09
3.086000e+03 7.762198e-09
3.087000e+03 7.806190e-09
3.088000e+03 7.719881e-09
3.089000e+03 7.195114e-09
3.090000e+03 7.636110e-09
3.091000e+03 7.912493e-09
3.092000e+03 7.572203e-09
3.093000e+03 7.603071e-09
3.094000e+03 7.596451e-09
3.095000e+03 7.869641e-09
3.096000e+03 7.841741e-09
3.097000e+03 8.009013e-09
3.098000e+03 8.136477e-09
3.099000e+03 8.238784e-09
3.100000e+03 8.890961e-09
3.101000e+03 8.311110e-09
3.102000e+03 8.077799e-09
3.103000e+03 8.192017e-09
3.104000e+03 7.704595e-09
3.105000e+03 8.201292e-09
3.106000e+03 6.995716e-09
3.107000e+03 7.020326e-09
3.108000e+03 6.932356e-09
3.109000e+03 7.322135e-09
3.110000e+03 7.394627e-09
3.111000e+03 7.597105e-09
3.112000e+03 7.666063e-09
3.113000e+03 7.808019e-09
3.114000e+03 7.764728e-09
3.115000e+03 7.238731e-09
3.116000e+03 8.715768e-09
3.117000e+03 8.372797e-09
3.118000e+03 7.778720e-09
3.119000e+03 7.545328e-09
3.120000e+03 7.567049e-09
3.121000e+03 7.667778e-09
3.122000e+03 7.861884e-09
3.123000e+03 8.124780e-09
3.124000e+03 7.835126e-09
3.125000e+03 7.519048e-09
3.126000e+03 7.662380e-09
3.127000e+03 7.434476e-09
3.128000e+03 7.688665e-09
3.129000e+03 6.749043e-09
3.130000e+03 7.043157e-09
3.131000e+03 7.799561e-09
3.132000e+03 8.701897e-09
3.133000e+03 8.472666e-09
3.134000e+03 7.502398e-09
3.135000e+03 7.201038e-09
3.136000e+03 6.764706e-09
3.137000e+03 7.007920e-09
3.138000e+03 7.108809e-09
3.139000e+03 7.365226e-09
3.140000e+03 7.486423e-09
3.141000e+03 6.888200e-09
3.142000e+03 7.366823e-09
3.143000e+03 7.565675e-09
3.144000e+03 7.203667e-09
3.145000e+03 7.210144e-09
3.146000e+03 7.669540e-09
3.147000e+03 7.586970e-09
3.148000e+03 8.563489e-09
3.149000e+03 8.057261e-09
3.150000e+03 7.772514e-09
3.151000e+03 7.368430e-09
3.152000e+03 6.480378e-09
3.153000e+03 6.897653e-09
3.154000e+03 6.910232e-09
3.155000e+03 7.150781e-09
3.156000e+03 7.292061e-09
3.157000e+03 7.427747e-09
3.158000e+03 7.335524e-09
3.159000e+03 7.734440e-09
3.160000e+03 7.132090e-09
3.161000e+03 7.268909e-09
3.162000e+03 6.999133e-09
3.163000e+03 6.879309e-09
3.164000e+03 8.320571e-09
3.165000e+03 7.479258e-09
3.166000e+03 7.123879e-09
3.167000e+03 6.631119e-09
3.168000e+03 6.966651e-09
3.169000e+03 7.276633e-09
3.170000e+03 7.176187e-09
3.171000e+03 7.743408e-09
3.172000e+03 7.488455e-09
3.173000e+03 7.413700e-09
3.174000e+03 7.643525e-09
3.175000e+03 6.789642e-09
3.176000e+03 7.013674e-09
3.177000e+03 7.297476e-09
3.178000e+03 7.390465e-09
3.179000e+03 7.467651e-09
3.180000e+03 8.249666e-09
3.181000e+03 8.202837e-09
3.182000e+03 7.560165e-09
3.183000e+03 7.515107e-09
3.184000e+03 7.416567e-09
3.185000e+03 6.973409e-09
3.186000e+03 6.945559e-09
3.187000e+03 7.520654e-09
3.188000e+03 6.796621e-09
3.189000e+03 7.078386e-09
3.190000e+03 6.768868e-09
3.191000e+03 6.686950e-09
3.192000e+03 6.194289e-09
3.193000e+03 6.672342e-09
3.194000e+03 6.828846e-09
3.195000e+03 7.025909e-09
3.196000e+03 8.510232e-09
3.197000e+03 7.040400e-09
3.198000e+03 6.302035e-09
3.199000e+03 6.068302e-09
3.200000e+03 6.275218e-09
3.201000e+03 6.547072e-09
3.202000e+03 6.497392e-09
3.203000e+03 6.476222e-09
3.204000e+03 6.592286e-09
3.205000e+03 6.647944e-09
3.206000e+03 6.652815e-09
3.207000e+03 6.706826e-09
3.208000e+03 6.587671e-09
3.209000e+03 6.504390e-09
3.210000e+03 6.676601e-09
3.211000e+03 6.648586e-09
3.212000e+03 7.618378e-09
3.213000e+03 7.307827e-09
3.214000e+03 6.938098e-09
3.215000e+03 7.058886e-09
3.216000e+03 6.304195e-09
3.217000e+03 6.510299e-09
3.218000e+03 6.602624e-09
3.219000e+03 6.407264e-09
3.220000e+03 6.039919e-09
3.221000e+03 5.707717e-09
3.222000e+03 6.412809e-09
3.223000e+03 5.915318e-09
3.224000e+03 6.283801e-09
3.225000e+03 6.273060e-09
3.226000e+03 6.489006e-09
3.227000e+03 6.340980e-09
3.228000e+03 7.435879e-09
3.229000e+03 7.278236e-09
3.230000e+03 6.590962e-09
3.231000e+03 6.520363e-09
3.232000e+03 6.407463e-09
3.233000e+03 6.476280e-09
3.234000e+03 6.457989e-09
3.235000e+03 6.631670e-09
3.236000e+03 6.705072e-09
3.237000e+03 6.612139e-09
3.238000e+03 6.558566e-09
3.239000e+03 6.658671e-09
3.240000e+03 6.468175e-09
3.241000e+03 6.632902e-09
3.242000e+03 6.758088e-09
3.243000e+03 6.736415e-09
3.244000e+03 8.202119e-09
3.245000e+03 6.885603e-09
3.246000e+03 6.305549e-09
3.247000e+03 5.935192e-09
3.248000e+03 6.943268e-09
3.249000e+03 6.331085e-09
3.250000e+03 6.160727e-09
3.251000e+03 6.122722e-09
3.252000e+03 6.345066e-09
3.253000e+03 6.507993e-09
3.254000e+03 6.425039e-09
3.255000e+03 6.482342e-09
3.256000e+03 6.431461e-09
3.257000e+03 6.432278e-09
3.258000e+03 6.568927e-09
3.259000e+03 6.618379e-09
3.260000e+03 7.569577e-09
3.261000e+03 7.171792e-09
3.262000e+03 6.679134e-09
3.263000e+03 6.411974e-09
3.264000e+03 6.472311e-09
3.265000e+03 6.634120e-09
3.266000e+03 6.640050e-09
3.267000e+03 6.562224e-09
3.268000e+03 6.062478e-09
3.269000e+03 5.920890e-09
3.270000e+03 6.333033e-09
3.271000e+03 6.871163e-09
3.272000e+03 6.175644e-09
3.273000e+03 6.327618e-09
3.274000e+03 6.198306e-09
3.275000e+03 6.184283e-09
3.276000e+03 7.800018e-09
3.277000e+03 6.879232e-09
3.278000e+03 6.232750e-09
3.279000e+03 6.319911e-09
3.280000e+03 6.463425e-09
3.281000e+03 6.502180e-09
3.282000e+03 6.334286e-09
3.283000e+03 6.501774e-09
3.284000e+03 6.515594e-09
3.285000e+03 6.284543e-09
3.286000e+03 6.286352e-09
3.287000e+03 6.360668e-09
3.288000e+03 6.284754e-09
3.289000e+03 6.434668e-09
3.290000e+03 5.702560e-09
3.291000e+03 5.783374e-09
3.292000e+03 8.005147e-09
3.293000e+03 6.640081e-09
3.294000e+03 6.491724e-09
3.295000e+03 6.055596e-09
3.296000e+03 6.182448e-09
3.297000e+03 5.839659e-09
3.298000e+03 6.230456e-09
3.299000e+03 6.773355e-09
3.300000e+03 6.106947e-09
3.301000e+03 6.435740e-09
3.302000e+03 6.123969e-09
3.303000e+03 6.123796e-09
3.304000e+03 5.878607e-09
3.305000e+03 5.958969e-09
3.306000e+03 6.083080e-09
3.307000e+03 5.848784e-09
3.308000e+03 7.060658e-09
3.309000e+03 6.596619e-09
3.310000e+03 6.119426e-09
3.311000e+03 5.886251e-09
3.312000e+03 5.986496e-09
3.313000e+03 5.324148e-09
3.314000e+03 5.450509e-09
3.315000e+03 5.685020e-09
3.316000e+03 5.798179e-09
3.317000e+03 6.205658e-09
3.318000e+03 6.235366e-09
3.319000e+03 6.218605e-09
3.320000e+03 6.195570e-09
3.321000e+03 6.248178e-09
3.322000e+03 6.245774e-09
3.323000e+03 5.856744e-09
3.324000e+03 7.239009e-09
3.325000e+03 7.085285e-09
3.326000e+03 6.198951e-09
3.327000e+03 6.628328e-09
3.328000e+03 6.220664e-09
3.329000e+03 6.249246e-09
3.330000e+03 6.048057e-09
3.331000e+03 5.981649e-09
3.332000e+03 5.712183e-09
3.333000e+03 5.781806e-09
3.334000e+03 5.829415e-09
3.335000e+03 6.104315e-09
3.336000e+03 5.334616e-09
3.337000e+03 5.679210e-09
3.338000e+03 5.860292e-09
3.339000e+03 6.170627e-09
3.340000e+03 7.284534e-09
3.341000e+03 6.842465e-09
3.342000e+03 6.350023e-09
3.343000e+03 6.064043e-09
3.344000e+03 6.088417e-09
3.345000e+03 6.103689e-09
3.346000e+03 6.011766e-09
3.347000e+03 6.059330e-09
3.348000e+03 6.122733e-09
3.349000e+03 5.544614e-09
3.350000e+03 5.864979e-09
3.351000e+03 5.994540e-09
3.352000e+03 5.745263e-09
3.353000e+03 5.484410e-09
3.354000e+03 5.558460e-09
3.355000e+03 6.284384e-09
3.356000e+03 7.306781e-09
3.357000e+03 6.557434e-09
3.358000e+03 5.877520e-09
3.359000e+03 5.194818e-09
3.360000e+03 5.215365e-09
3.361000e+03 5.281570e-09
3.362000e+03 5.443045e-09
3.363000e+03 5.816377e-09
3.364000e+03 5.713373e-09
3.365000e+03 5.779134e-09
3.366000e+03 5.649027e-09
3.367000e+03 5.728890e-09
3.368000e+03 5.811637e-09
3.369000e+03 5.809773e-09
3.370000e+03 5.845276e-09
3.371000e+03 5.687786e-09
3.372000e+03 6.818752e-09
3.373000e+03 6.680956e-09
3.374000e+03 5.900149e-09
3.375000e+03 5.185125e-09
3.376000e+03 5.543829e-09
3.377000e+03 5.641248e-09
3.378000e+03 5.623893e-09
3.379000e+03 5.450427e-09
3.380000e+03 5.512939e-09
3.381000e+03 5.529083e-09
3.382000e+03 4.850213e-09
3.383000e+03 6.439814e-09
3.384000e+03 5.327612e-09
3.385000e+03 5.605774e-09
3.386000e+03 5.591820e-09
3.387000e+03 5.396166e-09
3.388000e+03 7.006656e-09
3.389000e+03 5.684748e-09
3.390000e+03 6.040543e-09
3.391000e+03 5.285253e-09
3.392000e+03 5.488684e-09
3.393000e+03 5.623309e-09
3.394000e+03 5.509370e-09
3.395000e+03 5.535699e-09
3.396000e+03 5.640225e-09
3.397000e+03 5.817137e-09
3.398000e+03 5.776138e-09
3.399000e+03 5.749833e-09
3.400000e+03 5.594088e-09
3.401000e+03 4.962674e-09
3.402000e+03 5.434135e-09
3.403000e+03 5.558034e-09
3.404000e+03 7.288285e-09
3.405000e+03 5.850943e-09
3.406000e+03 5.232486e-09
3.407000e+03 5.000503e-09
3.408000e+03 5.224040e-09
3.409000e+03 5.508504e-09
3.410000e+03 5.620106e-09
3.411000e+03 6.383533e-09
3.412000e+03 5.295120e-09
3.413000e+03 5.366838e-09
3.414000e+03 5.322781e-09
3.415000e+03 5.152723e-09
3.416000e+03 5.133951e-09
3.417000e+03 5.186353e-09
3.418000e+03 5.096996e-09
3.419000e+03 5.149534e-09
3.420000e+03 6.444953e-09
3.421000e+03 6.278666e-09
3.422000e+03 5.339324e-09
3.423000e+03 5.552844e-09
3.424000e+03 5.284394e-09
3.425000e+03 5.217801e-09
3.426000e+03 5.336662e-09
3.427000e+03 4.977231e-09
3.428000e+03 4.762180e-09
3.429000e+03 4.837657e-09
3.430000e+03 5.462133e-09
3.431000e+03 5.189319e-09
3.432000e+03 5.014103e-09
3.433000e+03 5.325794e-09
3.434000e+03 5.501328e-09
3.435000e+03 5.539839e-09
3.436000e+03 6.641131e-09
3.437000e+03 5.968047e-09
3.438000e+03 5.682571e-09
3.439000e+03 6.512332e-09
3.440000e+03 5.399293e-09
3.441000e+03 5.523099e-09
3.442000e+03 5.168547e-09
3.443000e+03 4.975735e-09
3.444000e+03 4.838896e-09
3.445000e+03 5.177692e-09
3.446000e+03 5.067261e-09
3.447000e+03 5.193156e-09
3.448000e+03 5.220842e-09
3.449000e+03 5.348944e-09
3.450000e+03 5.374085e-09
3.451000e+03 4.754950e-09
3.452000e+03 6.689556e-09
3.453000e+03 5.666189e-09
3.454000e+03 5.387511e-09
3.455000e+03 5.244332e-09
3.456000e+03 5.470343e-09
3.457000e+03 5.172775e-09
3.458000e+03 5.147025e-09
3.459000e+03 5.510817e-09
3.460000e+03 5.424385e-09
3.461000e+03 5.289387e-09
3.462000e+03 5.220669e-09
3.463000e+03 5.218763e-09
3.464000e+03 5.162117e-09
3.465000e+03 5.435719e-09
3.466000e+03 5.202278e-09
3.467000e+03 5.790821e-09
3.468000e+03 6.713187e-09
3.469000e+03 5.958382e-09
3.470000e+03 5.187759e-09
3.471000e+03 4.997482e-09
3.472000e+03 4.668580e-09
3.473000e+03 4.657982e-09
3.474000e+03 4.525506e-09
3.475000e+03 4.706872e-09
3.476000e+03 4.785986e-09
3.477000e+03 4.995240e-09
3.478000e+03 5.101248e-09
3.479000e+03 4.749763e-09
3.480000e+03 5.146025e-09
3.481000e+03 5.341331e-09
3.482000e+03 5.566010e-09
3.483000e+03 5.105862e-09
3.484000e+03 6.607926e-09
3.485000e+03 5.616170e-09
3.486000e+03 5.493436e-09
3.487000e+03 5.081702e-09
3.488000e+03 5.730660e-09
3.489000e+03 5.242539e-09
3.490000e+03 5.279846e-09
3.491000e+03 5.093753e-09
3.492000e+03 5.071136e-09
3.493000e+03 5.239640e-09
3.494000e+03 5.169420e-09
3.495000e+03 5.805658e-09
3.496000e+03 5.039283e-09
3.497000e+03 4.779472e-09
3.498000e+03 4.696743e-09
3.499000e+03 4.629176e-09
3.500000e+03 6.813393e-09
