Title ="THE FLUX ERR"
Variables=
iter
residual
1.000000e+00 2.791552e-03
2.000000e+00 2.581605e-03
3.000000e+00 8.422518e-04
4.000000e+00 6.917001e-04
5.000000e+00 8.892554e-04
6.000000e+00 2.727974e-04
7.000000e+00 8.960849e-04
8.000000e+00 3.552166e-04
9.000000e+00 6.186151e-04
1.000000e+01 6.130273e-04
1.100000e+01 4.972310e-04
1.200000e+01 2.114847e-04
1.300000e+01 1.407227e-04
1.400000e+01 7.534771e-06
1.500000e+01 1.766484e-04
1.600000e+01 1.622525e-04
1.700000e+01 1.190141e-04
1.800000e+01 2.617759e-04
1.900000e+01 1.813286e-04
2.000000e+01 2.240625e-04
2.100000e+01 1.405509e-04
2.200000e+01 1.369100e-04
2.300000e+01 6.356910e-05
2.400000e+01 1.541180e-04
2.500000e+01 2.316400e-05
2.600000e+01 1.278809e-04
2.700000e+01 1.253669e-04
2.800000e+01 1.988570e-05
2.900000e+01 5.528405e-05
3.000000e+01 1.274895e-05
3.100000e+01 1.076977e-05
3.200000e+01 2.911006e-05
3.300000e+01 1.506924e-05
3.400000e+01 1.446866e-05
3.500000e+01 4.647946e-05
3.600000e+01 1.690598e-05
3.700000e+01 4.235032e-05
3.800000e+01 1.655553e-05
3.900000e+01 7.216941e-06
4.000000e+01 9.516284e-06
4.100000e+01 8.181799e-06
4.200000e+01 2.645936e-05
4.300000e+01 2.572980e-05
4.400000e+01 2.487984e-05
4.500000e+01 3.011464e-05
4.600000e+01 2.611224e-05
4.700000e+01 2.746853e-05
4.800000e+01 2.495551e-05
4.900000e+01 2.217736e-05
5.000000e+01 2.830985e-05
5.100000e+01 1.992179e-05
5.200000e+01 2.609642e-05
5.300000e+01 2.761883e-05
5.400000e+01 2.546221e-05
5.500000e+01 2.739251e-05
5.600000e+01 2.369629e-05
5.700000e+01 2.337414e-05
5.800000e+01 1.546441e-05
5.900000e+01 1.818987e-05
6.000000e+01 2.693929e-05
6.100000e+01 9.402390e-06
6.200000e+01 3.112076e-05
6.300000e+01 2.046309e-05
6.400000e+01 2.605679e-05
6.500000e+01 2.481914e-06
6.600000e+01 2.938461e-05
6.700000e+01 7.514107e-06
6.800000e+01 1.515340e-05
6.900000e+01 1.534880e-06
7.000000e+01 1.764352e-05
7.100000e+01 1.147842e-06
7.200000e+01 2.459063e-05
7.300000e+01 1.307513e-05
7.400000e+01 4.713482e-06
7.500000e+01 3.292667e-06
7.600000e+01 1.434236e-05
7.700000e+01 7.490426e-07
7.800000e+01 1.153752e-06
7.900000e+01 3.506497e-06
8.000000e+01 2.331045e-05
8.100000e+01 7.325431e-06
8.200000e+01 5.182426e-06
8.300000e+01 4.131806e-06
8.400000e+01 1.519702e-05
8.500000e+01 1.837156e-05
8.600000e+01 8.294781e-06
8.700000e+01 2.393496e-06
8.800000e+01 1.719669e-06
8.900000e+01 1.672860e-06
9.000000e+01 1.149059e-06
9.100000e+01 3.314031e-06
9.200000e+01 8.576604e-06
9.300000e+01 4.815685e-06
9.400000e+01 8.599349e-06
9.500000e+01 4.309839e-06
9.600000e+01 8.213189e-06
9.700000e+01 1.173589e-05
9.800000e+01 8.984774e-06
9.900000e+01 8.100628e-06
1.000000e+02 1.146392e-05
1.010000e+02 1.365532e-05
1.020000e+02 6.140331e-06
1.030000e+02 9.136306e-06
1.040000e+02 8.078431e-06
1.050000e+02 6.034742e-06
1.060000e+02 5.870817e-06
1.070000e+02 1.448167e-05
1.080000e+02 8.219913e-06
1.090000e+02 8.539535e-06
1.100000e+02 6.913057e-06
1.110000e+02 1.254920e-05
1.120000e+02 4.322845e-06
1.130000e+02 1.628085e-05
1.140000e+02 7.927496e-06
1.150000e+02 3.589826e-06
1.160000e+02 1.219951e-05
1.170000e+02 3.892993e-06
1.180000e+02 5.010456e-06
1.190000e+02 4.427455e-06
1.200000e+02 1.149997e-05
1.210000e+02 1.047446e-05
1.220000e+02 3.226302e-06
1.230000e+02 7.573200e-06
1.240000e+02 5.696894e-06
1.250000e+02 1.138542e-05
1.260000e+02 3.654567e-06
1.270000e+02 4.912820e-06
1.280000e+02 1.006734e-05
1.290000e+02 7.684634e-06
1.300000e+02 8.565392e-06
1.310000e+02 4.413352e-06
1.320000e+02 8.206687e-06
1.330000e+02 7.752240e-06
1.340000e+02 6.220923e-06
1.350000e+02 8.088374e-06
1.360000e+02 5.401404e-06
1.370000e+02 3.961264e-06
1.380000e+02 5.859353e-06
1.390000e+02 7.927180e-06
1.400000e+02 1.052848e-05
1.410000e+02 6.527059e-06
1.420000e+02 1.221677e-05
1.430000e+02 8.483638e-06
1.440000e+02 2.984481e-06
1.450000e+02 1.009663e-05
1.460000e+02 6.470938e-06
1.470000e+02 4.450841e-06
1.480000e+02 2.923330e-06
1.490000e+02 4.241334e-06
1.500000e+02 6.035231e-06
1.510000e+02 5.719650e-06
1.520000e+02 8.207902e-06
1.530000e+02 4.694398e-06
1.540000e+02 1.131862e-05
1.550000e+02 4.267575e-06
1.560000e+02 6.209128e-06
1.570000e+02 2.419409e-05
1.580000e+02 2.573558e-05
1.590000e+02 5.745813e-06
1.600000e+02 3.043336e-05
1.610000e+02 2.626908e-05
1.620000e+02 2.896944e-05
1.630000e+02 3.164441e-05
1.640000e+02 3.056207e-05
1.650000e+02 2.829591e-05
1.660000e+02 2.779573e-05
1.670000e+02 9.390523e-06
1.680000e+02 2.475575e-05
1.690000e+02 2.012987e-05
1.700000e+02 2.751527e-05
1.710000e+02 2.074694e-05
1.720000e+02 2.198036e-05
1.730000e+02 2.012803e-05
1.740000e+02 3.554927e-05
1.750000e+02 3.376496e-05
1.760000e+02 2.104396e-05
1.770000e+02 2.641911e-05
1.780000e+02 1.936901e-05
1.790000e+02 2.016602e-05
1.800000e+02 1.853639e-05
1.810000e+02 1.301834e-05
1.820000e+02 1.340340e-05
1.830000e+02 1.809155e-05
1.840000e+02 1.667738e-05
1.850000e+02 1.382682e-05
1.860000e+02 1.117760e-05
1.870000e+02 1.479299e-05
1.880000e+02 1.672191e-05
1.890000e+02 1.710116e-05
1.900000e+02 1.469896e-05
1.910000e+02 2.969284e-05
1.920000e+02 1.266321e-05
1.930000e+02 1.554739e-05
1.940000e+02 1.078625e-05
1.950000e+02 1.234070e-05
1.960000e+02 1.739072e-05
1.970000e+02 1.067397e-05
1.980000e+02 6.505073e-05
1.990000e+02 1.225102e-05
2.000000e+02 6.673356e-05
2.010000e+02 6.710190e-05
2.020000e+02 6.203648e-05
2.030000e+02 1.448569e-05
2.040000e+02 5.319483e-05
2.050000e+02 6.621648e-05
2.060000e+02 6.624670e-05
2.070000e+02 7.242685e-05
2.080000e+02 6.975846e-05
2.090000e+02 7.508722e-05
2.100000e+02 5.917437e-05
2.110000e+02 6.289202e-05
2.120000e+02 7.172773e-05
2.130000e+02 7.110197e-05
2.140000e+02 6.355231e-05
2.150000e+02 6.164530e-05
2.160000e+02 5.956898e-05
2.170000e+02 6.245579e-05
2.180000e+02 6.223219e-05
2.190000e+02 7.078982e-05
2.200000e+02 7.482975e-05
2.210000e+02 7.471751e-05
2.220000e+02 7.134603e-05
2.230000e+02 7.197736e-05
2.240000e+02 7.007309e-05
2.250000e+02 6.367875e-05
2.260000e+02 6.634628e-05
2.270000e+02 6.851993e-05
2.280000e+02 7.367485e-05
2.290000e+02 7.103812e-05
2.300000e+02 5.979211e-05
2.310000e+02 7.210657e-05
2.320000e+02 7.370936e-05
2.330000e+02 7.422097e-05
2.340000e+02 8.843784e-05
2.350000e+02 8.761160e-05
2.360000e+02 8.895222e-05
2.370000e+02 8.395431e-05
2.380000e+02 8.824042e-05
2.390000e+02 8.559775e-05
2.400000e+02 8.109012e-05
2.410000e+02 7.738130e-05
2.420000e+02 7.299748e-05
2.430000e+02 7.396057e-05
2.440000e+02 7.363649e-05
2.450000e+02 7.772009e-05
2.460000e+02 8.658952e-05
2.470000e+02 9.612610e-05
2.480000e+02 9.560836e-05
2.490000e+02 9.906007e-05
2.500000e+02 9.248941e-05
2.510000e+02 7.466630e-05
2.520000e+02 8.611841e-05
2.530000e+02 7.923079e-05
2.540000e+02 9.467144e-05
2.550000e+02 1.024828e-04
2.560000e+02 8.369600e-05
2.570000e+02 9.062371e-05
2.580000e+02 9.361677e-05
2.590000e+02 9.282301e-05
2.600000e+02 8.933157e-05
2.610000e+02 7.986535e-05
2.620000e+02 8.326706e-05
2.630000e+02 8.824244e-05
2.640000e+02 7.583879e-05
2.650000e+02 7.863275e-05
2.660000e+02 7.627514e-05
2.670000e+02 9.915254e-05
2.680000e+02 9.159679e-05
2.690000e+02 9.103068e-05
2.700000e+02 8.070172e-05
2.710000e+02 7.175580e-05
2.720000e+02 7.230470e-05
2.730000e+02 6.850734e-05
2.740000e+02 6.657853e-05
2.750000e+02 6.846915e-05
2.760000e+02 7.146418e-05
2.770000e+02 6.650168e-05
2.780000e+02 6.861619e-05
2.790000e+02 8.150135e-05
2.800000e+02 6.903309e-05
2.810000e+02 6.488145e-05
2.820000e+02 7.903532e-05
2.830000e+02 6.522946e-05
2.840000e+02 5.591272e-05
2.850000e+02 5.269652e-05
2.860000e+02 5.826010e-05
2.870000e+02 5.697205e-05
2.880000e+02 5.781220e-05
2.890000e+02 5.924108e-05
2.900000e+02 5.682925e-05
2.910000e+02 4.847498e-05
2.920000e+02 5.103147e-05
2.930000e+02 5.095067e-05
2.940000e+02 4.192161e-05
2.950000e+02 4.738219e-05
2.960000e+02 4.624547e-05
2.970000e+02 4.582412e-05
2.980000e+02 4.804137e-05
2.990000e+02 5.260897e-05
3.000000e+02 5.972466e-05
3.010000e+02 5.515883e-05
3.020000e+02 5.479885e-05
3.030000e+02 5.793602e-05
3.040000e+02 5.922589e-05
3.050000e+02 5.962126e-05
3.060000e+02 6.182195e-05
3.070000e+02 5.612884e-05
3.080000e+02 5.640063e-05
3.090000e+02 6.913334e-05
3.100000e+02 6.567678e-05
3.110000e+02 6.415483e-05
3.120000e+02 6.513150e-05
3.130000e+02 6.525560e-05
3.140000e+02 6.435035e-05
3.150000e+02 6.957742e-05
3.160000e+02 6.952513e-05
3.170000e+02 7.370544e-05
3.180000e+02 7.731138e-05
3.190000e+02 6.963510e-05
3.200000e+02 7.230783e-05
3.210000e+02 8.624737e-05
3.220000e+02 1.010025e-04
3.230000e+02 9.592975e-05
3.240000e+02 8.753886e-05
3.250000e+02 1.015723e-04
3.260000e+02 8.458803e-05
3.270000e+02 7.988413e-05
3.280000e+02 9.150523e-05
3.290000e+02 9.040961e-05
3.300000e+02 9.686687e-05
3.310000e+02 9.287197e-05
3.320000e+02 8.339343e-05
3.330000e+02 8.580672e-05
3.340000e+02 8.356201e-05
3.350000e+02 8.189286e-05
3.360000e+02 9.031148e-05
3.370000e+02 1.119489e-04
3.380000e+02 1.138103e-04
3.390000e+02 1.289019e-04
3.400000e+02 1.079924e-04
3.410000e+02 1.176541e-04
3.420000e+02 1.302642e-04
3.430000e+02 4.270673e-05
3.440000e+02 1.068942e-04
3.450000e+02 2.233389e-05
3.460000e+02 9.728278e-05
3.470000e+02 1.890315e-05
3.480000e+02 1.029111e-04
3.490000e+02 3.401244e-05
3.500000e+02 8.766445e-05
3.510000e+02 1.117839e-04
3.520000e+02 2.113119e-05
3.530000e+02 9.340938e-05
3.540000e+02 1.661383e-05
3.550000e+02 2.211895e-05
3.560000e+02 1.671244e-05
3.570000e+02 1.846214e-05
3.580000e+02 2.247448e-05
3.590000e+02 1.651061e-05
3.600000e+02 1.785809e-05
3.610000e+02 2.358499e-05
3.620000e+02 2.151280e-05
3.630000e+02 1.902124e-05
3.640000e+02 2.324520e-05
3.650000e+02 1.363593e-05
3.660000e+02 2.322699e-05
3.670000e+02 1.468212e-05
3.680000e+02 1.465519e-05
3.690000e+02 7.446160e-05
3.700000e+02 2.461748e-05
3.710000e+02 2.399102e-05
3.720000e+02 2.601908e-05
3.730000e+02 1.664797e-05
3.740000e+02 1.663931e-05
3.750000e+02 1.481580e-05
3.760000e+02 7.528436e-05
3.770000e+02 2.190823e-05
3.780000e+02 1.533933e-05
3.790000e+02 1.732893e-05
3.800000e+02 1.407242e-05
3.810000e+02 1.447494e-05
3.820000e+02 2.221657e-05
3.830000e+02 1.655639e-05
3.840000e+02 1.801653e-05
3.850000e+02 1.388925e-05
3.860000e+02 1.627470e-05
3.870000e+02 1.452783e-05
3.880000e+02 1.605005e-05
3.890000e+02 2.438808e-05
3.900000e+02 1.222175e-05
3.910000e+02 1.335790e-05
3.920000e+02 9.083245e-06
3.930000e+02 1.534601e-05
3.940000e+02 1.050864e-05
3.950000e+02 8.770243e-06
3.960000e+02 1.006089e-05
3.970000e+02 1.165138e-05
3.980000e+02 7.650521e-06
3.990000e+02 1.023223e-05
4.000000e+02 8.850236e-06
4.010000e+02 8.439217e-06
4.020000e+02 9.217431e-06
4.030000e+02 8.203375e-06
4.040000e+02 8.501051e-06
4.050000e+02 1.125447e-05
4.060000e+02 8.008083e-06
4.070000e+02 4.931538e-05
4.080000e+02 8.543829e-06
4.090000e+02 4.582710e-05
4.100000e+02 6.160654e-06
4.110000e+02 4.786354e-05
4.120000e+02 8.363524e-06
4.130000e+02 8.218023e-06
4.140000e+02 4.045356e-05
4.150000e+02 4.757414e-05
4.160000e+02 5.255228e-05
4.170000e+02 1.204369e-05
4.180000e+02 9.126280e-06
4.190000e+02 1.071389e-05
4.200000e+02 4.887718e-05
4.210000e+02 1.425866e-05
4.220000e+02 1.149447e-05
4.230000e+02 1.664175e-05
4.240000e+02 1.278267e-05
4.250000e+02 1.622069e-05
4.260000e+02 1.660722e-05
4.270000e+02 1.229681e-05
4.280000e+02 1.150080e-05
4.290000e+02 1.342834e-05
4.300000e+02 1.061575e-05
4.310000e+02 1.208839e-05
4.320000e+02 1.738836e-05
4.330000e+02 2.041386e-05
4.340000e+02 1.185833e-05
4.350000e+02 1.957808e-05
4.360000e+02 1.861992e-05
4.370000e+02 2.836068e-05
4.380000e+02 2.499515e-05
4.390000e+02 1.567213e-05
4.400000e+02 6.988860e-06
4.410000e+02 1.825602e-05
4.420000e+02 2.752810e-06
4.430000e+02 8.175331e-06
4.440000e+02 1.592451e-05
4.450000e+02 1.106177e-05
4.460000e+02 1.093970e-05
4.470000e+02 2.012366e-05
4.480000e+02 1.864176e-05
4.490000e+02 1.821468e-05
4.500000e+02 1.637021e-05
4.510000e+02 1.359309e-05
4.520000e+02 2.028800e-05
4.530000e+02 2.050718e-05
4.540000e+02 4.936042e-06
4.550000e+02 2.998202e-06
4.560000e+02 2.313756e-06
4.570000e+02 5.435385e-06
4.580000e+02 5.022665e-06
4.590000e+02 6.040865e-06
4.600000e+02 1.093036e-05
4.610000e+02 8.647469e-06
4.620000e+02 9.399861e-06
4.630000e+02 7.282126e-06
4.640000e+02 4.602372e-06
4.650000e+02 7.414657e-06
4.660000e+02 8.192564e-06
4.670000e+02 7.749852e-06
4.680000e+02 8.427521e-06
4.690000e+02 1.166602e-05
4.700000e+02 7.912336e-06
4.710000e+02 1.298150e-05
4.720000e+02 1.124811e-05
4.730000e+02 6.290629e-06
4.740000e+02 1.119692e-05
4.750000e+02 9.549381e-06
4.760000e+02 1.196436e-05
4.770000e+02 5.903947e-06
4.780000e+02 2.426767e-05
4.790000e+02 1.729265e-05
4.800000e+02 2.148037e-05
4.810000e+02 2.438645e-05
4.820000e+02 2.380039e-05
4.830000e+02 1.026628e-05
4.840000e+02 5.248658e-06
4.850000e+02 6.189735e-06
4.860000e+02 1.630419e-05
4.870000e+02 2.059155e-05
4.880000e+02 2.698438e-05
4.890000e+02 1.679352e-05
4.900000e+02 4.790293e-06
4.910000e+02 5.850998e-06
4.920000e+02 1.798285e-05
4.930000e+02 5.918191e-06
4.940000e+02 2.994863e-06
4.950000e+02 1.206023e-05
4.960000e+02 1.205828e-05
4.970000e+02 4.662587e-06
4.980000e+02 1.505582e-05
4.990000e+02 1.749108e-05
5.000000e+02 1.356310e-05
5.010000e+02 1.604311e-05
5.020000e+02 1.401323e-05
5.030000e+02 1.072679e-05
5.040000e+02 1.107612e-05
5.050000e+02 1.615132e-05
5.060000e+02 1.478493e-05
5.070000e+02 2.986150e-06
5.080000e+02 8.515663e-06
5.090000e+02 5.449921e-06
5.100000e+02 5.246239e-06
5.110000e+02 4.694899e-06
5.120000e+02 4.589730e-06
5.130000e+02 6.619935e-06
5.140000e+02 9.640928e-06
5.150000e+02 4.502937e-06
5.160000e+02 1.239574e-05
5.170000e+02 7.173481e-06
5.180000e+02 6.438274e-06
5.190000e+02 4.215998e-06
5.200000e+02 4.207643e-06
5.210000e+02 5.444267e-06
5.220000e+02 9.993703e-06
5.230000e+02 9.886249e-06
5.240000e+02 8.590423e-06
5.250000e+02 8.166652e-06
5.260000e+02 8.678218e-06
5.270000e+02 7.626145e-06
5.280000e+02 3.069180e-06
5.290000e+02 3.747307e-06
5.300000e+02 2.796744e-06
5.310000e+02 5.113871e-06
5.320000e+02 4.175948e-06
5.330000e+02 7.686333e-06
5.340000e+02 4.077106e-06
5.350000e+02 1.582867e-05
5.360000e+02 2.615845e-06
5.370000e+02 2.514373e-06
5.380000e+02 3.638735e-06
5.390000e+02 3.544281e-06
5.400000e+02 3.211614e-06
5.410000e+02 1.686792e-05
5.420000e+02 4.118935e-06
5.430000e+02 1.644079e-05
5.440000e+02 2.668873e-06
5.450000e+02 1.586977e-05
5.460000e+02 6.041956e-06
5.470000e+02 1.874275e-05
5.480000e+02 1.758142e-05
5.490000e+02 1.789823e-05
5.500000e+02 4.935454e-06
5.510000e+02 1.607299e-05
5.520000e+02 7.234233e-06
5.530000e+02 1.405831e-05
5.540000e+02 1.663298e-05
5.550000e+02 5.650354e-06
5.560000e+02 1.405250e-05
5.570000e+02 1.592186e-05
5.580000e+02 1.506157e-05
5.590000e+02 1.892088e-05
5.600000e+02 1.569357e-05
5.610000e+02 1.484944e-05
5.620000e+02 1.691438e-05
5.630000e+02 1.635776e-05
5.640000e+02 1.629684e-05
5.650000e+02 1.466642e-05
5.660000e+02 1.550855e-05
5.670000e+02 1.406497e-05
5.680000e+02 1.818207e-05
5.690000e+02 1.510806e-05
5.700000e+02 1.932494e-05
5.710000e+02 8.551052e-06
5.720000e+02 1.628640e-05
5.730000e+02 5.411084e-06
5.740000e+02 1.445592e-05
5.750000e+02 1.468658e-05
5.760000e+02 1.385023e-05
5.770000e+02 1.432729e-05
5.780000e+02 1.280956e-05
5.790000e+02 1.170021e-05
5.800000e+02 1.332850e-05
5.810000e+02 5.517942e-06
5.820000e+02 1.545571e-05
5.830000e+02 5.764986e-06
5.840000e+02 1.313088e-05
5.850000e+02 1.449147e-05
5.860000e+02 1.738796e-05
5.870000e+02 1.336417e-05
5.880000e+02 1.625220e-05
5.890000e+02 4.864325e-06
5.900000e+02 1.453577e-05
5.910000e+02 1.641124e-05
5.920000e+02 1.643338e-05
5.930000e+02 1.949067e-05
5.940000e+02 3.607984e-06
5.950000e+02 1.740080e-05
5.960000e+02 4.521491e-06
5.970000e+02 4.315270e-06
5.980000e+02 1.772436e-05
5.990000e+02 1.813014e-05
6.000000e+02 1.666481e-05
6.010000e+02 4.571896e-06
6.020000e+02 3.606584e-06
6.030000e+02 3.891368e-06
6.040000e+02 3.998514e-06
6.050000e+02 2.889001e-06
6.060000e+02 4.060482e-06
6.070000e+02 3.348486e-06
6.080000e+02 1.918206e-06
6.090000e+02 5.013501e-06
6.100000e+02 5.151552e-06
6.110000e+02 5.475195e-06
6.120000e+02 3.643598e-06
6.130000e+02 4.683845e-06
6.140000e+02 2.769999e-06
6.150000e+02 3.074606e-06
6.160000e+02 3.129739e-06
6.170000e+02 4.411353e-06
6.180000e+02 2.992384e-06
6.190000e+02 4.094306e-06
6.200000e+02 5.205356e-06
6.210000e+02 4.178072e-06
6.220000e+02 4.078839e-06
6.230000e+02 3.839230e-06
6.240000e+02 6.780942e-06
6.250000e+02 5.769997e-06
6.260000e+02 5.570796e-06
6.270000e+02 5.253168e-06
6.280000e+02 3.689379e-06
6.290000e+02 5.214687e-06
6.300000e+02 3.265960e-06
6.310000e+02 4.534055e-06
6.320000e+02 4.703006e-06
6.330000e+02 5.220203e-06
6.340000e+02 3.008060e-06
6.350000e+02 2.967096e-06
6.360000e+02 3.296979e-06
6.370000e+02 4.939132e-06
6.380000e+02 3.218922e-06
6.390000e+02 5.094995e-06
6.400000e+02 4.851765e-06
6.410000e+02 5.616290e-06
6.420000e+02 2.627650e-06
6.430000e+02 2.946254e-06
6.440000e+02 4.969163e-06
6.450000e+02 3.215695e-06
6.460000e+02 2.076596e-06
6.470000e+02 2.905671e-06
6.480000e+02 5.669231e-06
6.490000e+02 6.476151e-06
6.500000e+02 5.906688e-06
6.510000e+02 4.972507e-06
6.520000e+02 5.223132e-06
6.530000e+02 4.079111e-06
6.540000e+02 4.362457e-06
6.550000e+02 5.056129e-06
6.560000e+02 5.520386e-06
6.570000e+02 5.321997e-06
6.580000e+02 6.683932e-06
6.590000e+02 7.414138e-06
6.600000e+02 6.871571e-06
6.610000e+02 5.176515e-06
6.620000e+02 4.361802e-06
6.630000e+02 5.593619e-06
6.640000e+02 6.166017e-06
6.650000e+02 6.817910e-06
6.660000e+02 5.695522e-06
6.670000e+02 6.635781e-06
6.680000e+02 5.555201e-06
6.690000e+02 6.125452e-06
6.700000e+02 4.853468e-06
6.710000e+02 4.298465e-06
6.720000e+02 3.956354e-06
6.730000e+02 5.053771e-06
6.740000e+02 3.907411e-06
6.750000e+02 3.979035e-06
6.760000e+02 3.020847e-06
6.770000e+02 6.060176e-06
6.780000e+02 5.991265e-06
6.790000e+02 4.883736e-06
6.800000e+02 6.864790e-06
6.810000e+02 5.992174e-06
6.820000e+02 5.496816e-06
6.830000e+02 5.947723e-06
6.840000e+02 4.096861e-06
6.850000e+02 3.567066e-06
6.860000e+02 3.812816e-06
6.870000e+02 4.059275e-06
6.880000e+02 3.255787e-06
6.890000e+02 5.077186e-06
6.900000e+02 4.561021e-06
6.910000e+02 4.794612e-06
6.920000e+02 4.995282e-06
6.930000e+02 5.583112e-06
6.940000e+02 5.725240e-06
6.950000e+02 4.279879e-06
6.960000e+02 5.644504e-06
6.970000e+02 5.215531e-06
6.980000e+02 3.432415e-06
6.990000e+02 3.766849e-06
7.000000e+02 4.428118e-06
7.010000e+02 2.949271e-06
7.020000e+02 3.532708e-06
7.030000e+02 2.064221e-06
7.040000e+02 3.155467e-06
7.050000e+02 3.749568e-06
7.060000e+02 2.333477e-06
7.070000e+02 2.205497e-06
7.080000e+02 2.155861e-06
7.090000e+02 4.883126e-06
7.100000e+02 2.148419e-06
7.110000e+02 1.518059e-06
7.120000e+02 1.047462e-05
7.130000e+02 1.424765e-06
7.140000e+02 1.703257e-06
7.150000e+02 1.498805e-06
7.160000e+02 1.500309e-06
7.170000e+02 2.682514e-06
7.180000e+02 2.676720e-06
7.190000e+02 1.854616e-06
7.200000e+02 2.012470e-06
7.210000e+02 2.018258e-06
7.220000e+02 1.995004e-06
7.230000e+02 1.821457e-06
7.240000e+02 1.557776e-06
7.250000e+02 1.429148e-06
7.260000e+02 1.501107e-06
7.270000e+02 1.129168e-06
7.280000e+02 2.696640e-06
7.290000e+02 2.193305e-06
7.300000e+02 1.456629e-06
7.310000e+02 2.109726e-06
7.320000e+02 1.264637e-06
7.330000e+02 7.834054e-06
7.340000e+02 1.537512e-06
7.350000e+02 1.609545e-06
7.360000e+02 1.362750e-06
7.370000e+02 7.781264e-06
7.380000e+02 2.112111e-06
7.390000e+02 1.029722e-06
7.400000e+02 7.496876e-06
7.410000e+02 1.556066e-06
7.420000e+02 1.472021e-06
7.430000e+02 1.002626e-06
7.440000e+02 7.271735e-06
7.450000e+02 7.366244e-06
7.460000e+02 7.695020e-06
7.470000e+02 1.122511e-06
7.480000e+02 1.246977e-06
7.490000e+02 9.043772e-07
7.500000e+02 1.164673e-06
7.510000e+02 1.233300e-06
7.520000e+02 1.033107e-06
7.530000e+02 1.130410e-06
7.540000e+02 1.135187e-06
7.550000e+02 1.071919e-06
7.560000e+02 2.196827e-06
7.570000e+02 1.272802e-06
7.580000e+02 5.961049e-06
7.590000e+02 5.058373e-06
7.600000e+02 9.385774e-07
7.610000e+02 5.279463e-06
7.620000e+02 5.218043e-06
7.630000e+02 5.691420e-06
7.640000e+02 5.795803e-06
7.650000e+02 1.332834e-06
7.660000e+02 9.939183e-07
7.670000e+02 1.220408e-06
7.680000e+02 9.016807e-07
7.690000e+02 9.235279e-07
7.700000e+02 8.422976e-07
7.710000e+02 5.125076e-06
7.720000e+02 5.196712e-06
7.730000e+02 8.328153e-07
7.740000e+02 5.140443e-06
7.750000e+02 1.119544e-06
7.760000e+02 4.515602e-06
7.770000e+02 1.302119e-06
7.780000e+02 9.116272e-07
7.790000e+02 4.476578e-06
7.800000e+02 1.173721e-06
7.810000e+02 8.964422e-07
7.820000e+02 4.668114e-06
7.830000e+02 4.544487e-06
7.840000e+02 1.615278e-06
7.850000e+02 1.157684e-06
7.860000e+02 1.171516e-06
7.870000e+02 1.180833e-06
7.880000e+02 1.707206e-06
7.890000e+02 4.178220e-06
7.900000e+02 1.298331e-06
7.910000e+02 8.373796e-07
7.920000e+02 1.565362e-06
7.930000e+02 1.374285e-06
7.940000e+02 1.565776e-06
7.950000e+02 9.821931e-07
7.960000e+02 8.751235e-07
7.970000e+02 1.460914e-06
7.980000e+02 1.256457e-06
7.990000e+02 1.772194e-06
8.000000e+02 2.385849e-06
8.010000e+02 3.176358e-06
8.020000e+02 2.695415e-06
8.030000e+02 1.999958e-06
8.040000e+02 2.049727e-06
8.050000e+02 2.514244e-06
8.060000e+02 2.220286e-06
8.070000e+02 3.078687e-06
8.080000e+02 1.941465e-06
8.090000e+02 1.143748e-06
8.100000e+02 3.013688e-07
8.110000e+02 2.389973e-06
8.120000e+02 1.940601e-06
8.130000e+02 1.703983e-06
8.140000e+02 1.269162e-06
8.150000e+02 8.479976e-07
8.160000e+02 1.286379e-06
8.170000e+02 1.987942e-07
8.180000e+02 2.526327e-07
8.190000e+02 9.870573e-07
8.200000e+02 1.380423e-06
8.210000e+02 1.343187e-07
8.220000e+02 1.753251e-06
8.230000e+02 7.449679e-07
8.240000e+02 7.078751e-07
8.250000e+02 1.437019e-06
8.260000e+02 7.659387e-07
8.270000e+02 1.078062e-06
8.280000e+02 1.603066e-06
8.290000e+02 1.034765e-07
8.300000e+02 8.696884e-07
8.310000e+02 9.370186e-07
8.320000e+02 9.981998e-07
8.330000e+02 1.509867e-06
8.340000e+02 1.006113e-06
8.350000e+02 1.376579e-06
8.360000e+02 9.408275e-07
8.370000e+02 8.106800e-07
8.380000e+02 1.603024e-06
8.390000e+02 5.916331e-07
8.400000e+02 1.171775e-07
8.410000e+02 9.623919e-07
8.420000e+02 3.169515e-07
8.430000e+02 8.394741e-07
8.440000e+02 3.851351e-07
8.450000e+02 8.746383e-07
8.460000e+02 3.116487e-07
8.470000e+02 2.797058e-07
8.480000e+02 1.175870e-06
8.490000e+02 1.536944e-06
8.500000e+02 7.748379e-07
8.510000e+02 4.130067e-07
8.520000e+02 1.580742e-07
8.530000e+02 3.006951e-07
8.540000e+02 2.548463e-07
8.550000e+02 1.515171e-06
8.560000e+02 3.012727e-07
8.570000e+02 3.014479e-07
8.580000e+02 7.586573e-07
8.590000e+02 5.827361e-07
8.600000e+02 6.935281e-07
8.610000e+02 4.381575e-07
8.620000e+02 5.971390e-07
8.630000e+02 1.383379e-06
8.640000e+02 7.777731e-07
8.650000e+02 1.283798e-06
8.660000e+02 1.004076e-06
8.670000e+02 1.750872e-06
8.680000e+02 1.572477e-06
8.690000e+02 1.136324e-06
8.700000e+02 4.557329e-07
8.710000e+02 5.175924e-07
8.720000e+02 8.971194e-07
8.730000e+02 1.053885e-06
8.740000e+02 1.107705e-06
8.750000e+02 1.120239e-06
8.760000e+02 4.271918e-07
8.770000e+02 5.149462e-07
8.780000e+02 6.536786e-07
8.790000e+02 1.039910e-06
8.800000e+02 9.080223e-07
8.810000e+02 9.611210e-07
8.820000e+02 7.703860e-07
8.830000e+02 1.436637e-06
8.840000e+02 4.001020e-07
8.850000e+02 9.693760e-07
8.860000e+02 5.757278e-07
8.870000e+02 7.238896e-07
8.880000e+02 3.566499e-07
8.890000e+02 3.892540e-07
8.900000e+02 1.561673e-06
8.910000e+02 4.553818e-07
8.920000e+02 3.672204e-07
8.930000e+02 5.375575e-07
8.940000e+02 2.905339e-07
8.950000e+02 6.017420e-07
8.960000e+02 3.727601e-07
8.970000e+02 5.674592e-07
8.980000e+02 4.558716e-07
8.990000e+02 5.091072e-07
9.000000e+02 4.674962e-07
9.010000e+02 2.762424e-07
9.020000e+02 2.623071e-07
9.030000e+02 4.616071e-07
9.040000e+02 4.502708e-07
9.050000e+02 4.023116e-07
9.060000e+02 9.438464e-07
9.070000e+02 7.420558e-07
9.080000e+02 4.679914e-07
9.090000e+02 5.139258e-07
9.100000e+02 5.868669e-07
9.110000e+02 8.167073e-07
9.120000e+02 3.029625e-07
9.130000e+02 6.702382e-07
9.140000e+02 8.853918e-07
9.150000e+02 6.350320e-07
9.160000e+02 1.641626e-06
9.170000e+02 2.864155e-07
9.180000e+02 4.623315e-07
9.190000e+02 8.203968e-07
9.200000e+02 4.103613e-07
9.210000e+02 6.730368e-07
9.220000e+02 6.014037e-07
9.230000e+02 6.765840e-07
9.240000e+02 6.945197e-07
9.250000e+02 1.652871e-06
9.260000e+02 7.111609e-07
9.270000e+02 1.756538e-07
9.280000e+02 2.870316e-07
9.290000e+02 1.838338e-06
9.300000e+02 2.193047e-07
9.310000e+02 6.384238e-07
9.320000e+02 8.436972e-07
9.330000e+02 6.535851e-07
9.340000e+02 9.363312e-07
9.350000e+02 1.346277e-06
9.360000e+02 3.597336e-07
9.370000e+02 5.080972e-07
9.380000e+02 6.249992e-07
9.390000e+02 4.382611e-07
9.400000e+02 4.755268e-07
9.410000e+02 6.672127e-07
9.420000e+02 4.214264e-07
9.430000e+02 3.851559e-07
9.440000e+02 6.209484e-07
9.450000e+02 1.793441e-06
9.460000e+02 5.236603e-07
9.470000e+02 5.074286e-07
9.480000e+02 1.278292e-06
9.490000e+02 1.555279e-06
9.500000e+02 1.789764e-06
9.510000e+02 2.878337e-06
9.520000e+02 1.723977e-06
9.530000e+02 1.760496e-06
9.540000e+02 2.588988e-06
9.550000e+02 1.479181e-06
9.560000e+02 1.658947e-06
9.570000e+02 9.954826e-07
9.580000e+02 2.099448e-06
9.590000e+02 1.194331e-06
9.600000e+02 1.103777e-06
9.610000e+02 7.908688e-07
9.620000e+02 2.968934e-06
9.630000e+02 1.115907e-06
9.640000e+02 1.155446e-06
9.650000e+02 1.910047e-06
9.660000e+02 1.438677e-06
9.670000e+02 1.073190e-06
9.680000e+02 1.153510e-06
9.690000e+02 2.313131e-06
9.700000e+02 9.804904e-07
9.710000e+02 1.063312e-06
9.720000e+02 1.417729e-06
9.730000e+02 2.580437e-06
9.740000e+02 1.208565e-06
9.750000e+02 1.127078e-06
9.760000e+02 1.062362e-06
9.770000e+02 2.258790e-06
9.780000e+02 1.635016e-06
9.790000e+02 9.917769e-07
9.800000e+02 1.155168e-06
9.810000e+02 2.902673e-06
9.820000e+02 1.190863e-06
9.830000e+02 8.771967e-07
9.840000e+02 6.512871e-07
9.850000e+02 5.230043e-07
9.860000e+02 8.238758e-07
9.870000e+02 1.569040e-06
9.880000e+02 1.602531e-06
9.890000e+02 1.028146e-06
9.900000e+02 2.693777e-06
9.910000e+02 1.357153e-06
9.920000e+02 1.252706e-06
9.930000e+02 1.148932e-06
9.940000e+02 8.524358e-07
9.950000e+02 2.532253e-06
9.960000e+02 1.445881e-06
9.970000e+02 1.024661e-06
9.980000e+02 1.023903e-06
9.990000e+02 7.624566e-07
1.000000e+03 2.829164e-06
1.001000e+03 1.161747e-06
1.002000e+03 1.150432e-06
1.003000e+03 8.568005e-07
1.004000e+03 6.875816e-07
1.005000e+03 2.158496e-06
1.006000e+03 6.402098e-07
1.007000e+03 5.662074e-07
1.008000e+03 5.590711e-07
1.009000e+03 5.339308e-07
1.010000e+03 2.205604e-06
1.011000e+03 6.286753e-07
1.012000e+03 7.303816e-07
1.013000e+03 7.090334e-07
1.014000e+03 5.494648e-07
1.015000e+03 1.692188e-06
1.016000e+03 8.429957e-07
1.017000e+03 6.218048e-07
1.018000e+03 5.682171e-07
1.019000e+03 4.089189e-07
1.020000e+03 1.652738e-06
1.021000e+03 7.340061e-07
1.022000e+03 6.828548e-07
1.023000e+03 4.441803e-07
1.024000e+03 3.972511e-07
1.025000e+03 1.766772e-06
1.026000e+03 1.793451e-06
1.027000e+03 4.644588e-07
1.028000e+03 4.920157e-07
1.029000e+03 2.022329e-06
1.030000e+03 1.870117e-06
1.031000e+03 1.857981e-06
1.032000e+03 1.269935e-06
1.033000e+03 3.801349e-07
1.034000e+03 3.330489e-07
1.035000e+03 3.700757e-07
1.036000e+03 1.941862e-06
1.037000e+03 1.741418e-06
1.038000e+03 2.173271e-06
1.039000e+03 2.992700e-07
1.040000e+03 3.236252e-07
1.041000e+03 1.895521e-06
1.042000e+03 1.900040e-06
1.043000e+03 1.830031e-06
1.044000e+03 1.679418e-06
1.045000e+03 1.166258e-06
1.046000e+03 3.205521e-07
1.047000e+03 1.911499e-06
1.048000e+03 1.923043e-06
1.049000e+03 1.788218e-06
1.050000e+03 2.028171e-06
1.051000e+03 1.796613e-06
1.052000e+03 1.170092e-06
1.053000e+03 3.183595e-07
1.054000e+03 4.055361e-07
1.055000e+03 3.293525e-07
1.056000e+03 1.647818e-06
1.057000e+03 1.625271e-06
1.058000e+03 1.462583e-06
1.059000e+03 1.678859e-06
1.060000e+03 4.499523e-07
1.061000e+03 3.366321e-07
1.062000e+03 3.773493e-07
1.063000e+03 1.743826e-06
1.064000e+03 1.660223e-06
1.065000e+03 1.521260e-06
1.066000e+03 1.360940e-06
1.067000e+03 1.252275e-06
1.068000e+03 1.524870e-06
1.069000e+03 3.846753e-07
1.070000e+03 3.147241e-07
1.071000e+03 3.337924e-07
1.072000e+03 1.355170e-06
1.073000e+03 1.339577e-06
1.074000e+03 1.238669e-06
1.075000e+03 1.221111e-06
1.076000e+03 1.040002e-06
1.077000e+03 1.381360e-06
1.078000e+03 3.459114e-07
1.079000e+03 2.625490e-07
1.080000e+03 1.908043e-07
1.081000e+03 2.445709e-07
1.082000e+03 1.802795e-07
1.083000e+03 1.219372e-06
1.084000e+03 1.229146e-06
1.085000e+03 2.621532e-07
1.086000e+03 1.015072e-06
1.087000e+03 1.623386e-06
1.088000e+03 2.775545e-07
1.089000e+03 2.419267e-07
1.090000e+03 2.860478e-07
1.091000e+03 2.017846e-07
1.092000e+03 2.143966e-07
1.093000e+03 1.972787e-07
1.094000e+03 1.080745e-06
1.095000e+03 1.942925e-07
1.096000e+03 1.008358e-06
1.097000e+03 9.446240e-07
1.098000e+03 8.226419e-07
1.099000e+03 1.938127e-06
1.100000e+03 3.654120e-07
1.101000e+03 2.935019e-07
1.102000e+03 3.273779e-07
1.103000e+03 2.813383e-07
1.104000e+03 2.576936e-07
1.105000e+03 1.666323e-07
1.106000e+03 9.017037e-07
1.107000e+03 8.792100e-07
1.108000e+03 1.692524e-07
1.109000e+03 6.904268e-07
1.110000e+03 6.705162e-07
1.111000e+03 6.252015e-07
1.112000e+03 6.903787e-07
1.113000e+03 5.860197e-07
1.114000e+03 1.210123e-06
1.115000e+03 2.783453e-07
1.116000e+03 2.422610e-07
1.117000e+03 2.136364e-07
1.118000e+03 1.736033e-07
1.119000e+03 1.768246e-07
1.120000e+03 1.739381e-07
1.121000e+03 1.342257e-07
1.122000e+03 7.426706e-07
1.123000e+03 8.187925e-07
1.124000e+03 7.487055e-07
1.125000e+03 7.412750e-07
1.126000e+03 6.693888e-07
1.127000e+03 6.617093e-07
1.128000e+03 5.907519e-07
1.129000e+03 5.058355e-07
1.130000e+03 4.955562e-07
1.131000e+03 4.994832e-07
1.132000e+03 5.025437e-07
1.133000e+03 5.628741e-07
1.134000e+03 4.343294e-07
1.135000e+03 1.375036e-06
1.136000e+03 3.445305e-07
1.137000e+03 2.355293e-07
1.138000e+03 1.906263e-07
1.139000e+03 1.510919e-07
1.140000e+03 1.421487e-07
1.141000e+03 1.311573e-07
1.142000e+03 1.499694e-07
1.143000e+03 1.456439e-07
1.144000e+03 6.122750e-07
1.145000e+03 6.707611e-07
1.146000e+03 5.741079e-07
1.147000e+03 5.316747e-07
1.148000e+03 5.596663e-07
1.149000e+03 5.476035e-07
1.150000e+03 5.108438e-07
1.151000e+03 5.071786e-07
1.152000e+03 5.562002e-07
1.153000e+03 4.609782e-07
1.154000e+03 4.478037e-07
1.155000e+03 4.620724e-07
1.156000e+03 4.344916e-07
1.157000e+03 4.336238e-07
1.158000e+03 4.195417e-07
1.159000e+03 4.703073e-07
1.160000e+03 4.424179e-07
1.161000e+03 4.701380e-07
1.162000e+03 7.622883e-08
1.163000e+03 4.852489e-07
1.164000e+03 6.700482e-08
1.165000e+03 4.572018e-07
1.166000e+03 4.514395e-07
1.167000e+03 4.332932e-07
1.168000e+03 4.534836e-07
1.169000e+03 5.395470e-08
1.170000e+03 5.852296e-08
1.171000e+03 4.613469e-07
1.172000e+03 5.979608e-08
1.173000e+03 5.565690e-08
1.174000e+03 1.827030e-06
1.175000e+03 2.172215e-07
1.176000e+03 3.543429e-07
1.177000e+03 3.054431e-07
1.178000e+03 1.967489e-07
1.179000e+03 1.630998e-07
1.180000e+03 9.271410e-08
1.181000e+03 8.985757e-08
1.182000e+03 1.157197e-07
1.183000e+03 8.191951e-08
1.184000e+03 7.451177e-08
1.185000e+03 7.738822e-08
1.186000e+03 7.618909e-08
1.187000e+03 6.808710e-08
1.188000e+03 8.474883e-08
1.189000e+03 4.738450e-07
1.190000e+03 4.972879e-07
1.191000e+03 1.110003e-07
1.192000e+03 7.539385e-08
1.193000e+03 8.759822e-08
1.194000e+03 8.301865e-08
1.195000e+03 8.327164e-08
1.196000e+03 8.110443e-08
1.197000e+03 8.017307e-08
1.198000e+03 7.677630e-08
1.199000e+03 5.904143e-08
1.200000e+03 9.175135e-08
1.201000e+03 6.412061e-08
1.202000e+03 6.035516e-08
1.203000e+03 4.938299e-08
1.204000e+03 4.741421e-08
1.205000e+03 4.545370e-08
1.206000e+03 7.321157e-08
1.207000e+03 5.071575e-08
1.208000e+03 9.074896e-08
1.209000e+03 7.384410e-08
1.210000e+03 5.909827e-08
1.211000e+03 5.993897e-08
1.212000e+03 5.536704e-08
1.213000e+03 6.326870e-08
1.214000e+03 7.721664e-08
1.215000e+03 5.619670e-08
1.216000e+03 6.357517e-08
1.217000e+03 5.719725e-08
1.218000e+03 5.499937e-07
1.219000e+03 5.630429e-07
1.220000e+03 2.813119e-07
1.221000e+03 3.168083e-07
1.222000e+03 1.184450e-07
1.223000e+03 1.324687e-07
1.224000e+03 1.867109e-07
1.225000e+03 1.274043e-07
1.226000e+03 1.354397e-07
1.227000e+03 8.531342e-08
1.228000e+03 1.035366e-07
1.229000e+03 6.813509e-08
1.230000e+03 6.258189e-08
1.231000e+03 9.365823e-08
1.232000e+03 8.698061e-08
1.233000e+03 1.074146e-07
1.234000e+03 9.455634e-08
1.235000e+03 8.900117e-08
1.236000e+03 8.609906e-08
1.237000e+03 8.479991e-08
1.238000e+03 7.724295e-08
1.239000e+03 8.515750e-08
1.240000e+03 1.027465e-07
1.241000e+03 1.064177e-07
1.242000e+03 9.700888e-08
1.243000e+03 6.873032e-08
1.244000e+03 1.291094e-06
1.245000e+03 3.075247e-07
1.246000e+03 2.233107e-07
1.247000e+03 1.887230e-07
1.248000e+03 1.794156e-07
1.249000e+03 1.793130e-07
1.250000e+03 2.469254e-07
1.251000e+03 1.585849e-07
1.252000e+03 1.602114e-07
1.253000e+03 1.509290e-07
1.254000e+03 1.517954e-07
1.255000e+03 1.720946e-07
1.256000e+03 1.626414e-07
1.257000e+03 1.567070e-07
1.258000e+03 7.979326e-08
1.259000e+03 1.005624e-07
1.260000e+03 8.311761e-08
1.261000e+03 1.243228e-06
1.262000e+03 3.620056e-07
1.263000e+03 2.762033e-07
1.264000e+03 1.655667e-07
1.265000e+03 1.865639e-07
1.266000e+03 2.077866e-07
1.267000e+03 1.904066e-07
1.268000e+03 1.819488e-07
1.269000e+03 1.791903e-07
1.270000e+03 1.749780e-07
1.271000e+03 1.616067e-07
1.272000e+03 1.569773e-07
1.273000e+03 1.514066e-07
1.274000e+03 1.135516e-06
1.275000e+03 3.283782e-07
1.276000e+03 2.668174e-07
1.277000e+03 2.454636e-07
1.278000e+03 1.835188e-07
1.279000e+03 1.620738e-07
1.280000e+03 1.593989e-07
1.281000e+03 1.496078e-07
1.282000e+03 1.200923e-07
1.283000e+03 1.124294e-07
1.284000e+03 9.890792e-08
1.285000e+03 1.352933e-06
1.286000e+03 3.211452e-07
1.287000e+03 2.333530e-07
1.288000e+03 1.549330e-07
1.289000e+03 1.277587e-07
1.290000e+03 1.138810e-07
1.291000e+03 1.316366e-07
1.292000e+03 1.027013e-07
1.293000e+03 1.082088e-07
1.294000e+03 1.257178e-07
1.295000e+03 1.678124e-06
1.296000e+03 4.220300e-07
1.297000e+03 3.824812e-07
1.298000e+03 3.166781e-07
1.299000e+03 2.182698e-07
1.300000e+03 1.482070e-07
1.301000e+03 1.174708e-07
1.302000e+03 1.301007e-07
1.303000e+03 1.468208e-06
1.304000e+03 3.856272e-07
1.305000e+03 3.301074e-07
1.306000e+03 2.338552e-07
1.307000e+03 1.488331e-07
1.308000e+03 1.502941e-07
1.309000e+03 1.388459e-07
1.310000e+03 1.307638e-07
1.311000e+03 1.568731e-06
1.312000e+03 3.627322e-07
1.313000e+03 2.955592e-07
1.314000e+03 2.550799e-07
1.315000e+03 1.799010e-07
1.316000e+03 3.478630e-07
1.317000e+03 2.950012e-07
1.318000e+03 1.201902e-07
1.319000e+03 1.650144e-06
1.320000e+03 5.529552e-07
1.321000e+03 4.576275e-07
1.322000e+03 4.585203e-07
1.323000e+03 3.396634e-07
1.324000e+03 2.285016e-07
1.325000e+03 1.861977e-07
1.326000e+03 5.812758e-07
1.327000e+03 6.376533e-07
1.328000e+03 4.953174e-07
1.329000e+03 3.022652e-07
1.330000e+03 2.431636e-07
1.331000e+03 1.182738e-07
1.332000e+03 1.236811e-07
1.333000e+03 1.143392e-06
1.334000e+03 4.729071e-07
1.335000e+03 2.781834e-07
1.336000e+03 2.002392e-07
1.337000e+03 1.457056e-07
1.338000e+03 1.542928e-07
1.339000e+03 1.401239e-07
1.340000e+03 1.355747e-06
1.341000e+03 5.112762e-07
1.342000e+03 4.650066e-07
1.343000e+03 3.907915e-07
1.344000e+03 2.704494e-07
1.345000e+03 2.238770e-07
1.346000e+03 2.122124e-07
1.347000e+03 1.935800e-07
1.348000e+03 1.136920e-06
1.349000e+03 4.898455e-07
1.350000e+03 5.179555e-07
1.351000e+03 4.080661e-07
1.352000e+03 3.128196e-07
1.353000e+03 2.580693e-07
1.354000e+03 1.586187e-07
1.355000e+03 4.109494e-07
1.356000e+03 5.564605e-07
1.357000e+03 4.465051e-07
1.358000e+03 3.721250e-07
1.359000e+03 3.307831e-07
1.360000e+03 2.188355e-07
1.361000e+03 1.929544e-07
1.362000e+03 1.552135e-07
1.363000e+03 1.337883e-06
1.364000e+03 2.645717e-07
1.365000e+03 2.004683e-07
1.366000e+03 2.178885e-07
1.367000e+03 2.091756e-07
1.368000e+03 1.615977e-07
1.369000e+03 1.482928e-07
1.370000e+03 1.337296e-07
1.371000e+03 2.277760e-07
1.372000e+03 4.413569e-07
1.373000e+03 3.318889e-07
1.374000e+03 2.065952e-07
1.375000e+03 2.120267e-07
1.376000e+03 1.712100e-07
1.377000e+03 1.494033e-07
1.378000e+03 1.250757e-07
1.379000e+03 1.078694e-07
1.380000e+03 1.971428e-07
1.381000e+03 3.725390e-07
1.382000e+03 3.131664e-07
1.383000e+03 2.845995e-07
1.384000e+03 1.999134e-07
1.385000e+03 1.571325e-07
1.386000e+03 1.326412e-07
1.387000e+03 1.060076e-07
1.388000e+03 1.047961e-07
1.389000e+03 2.681596e-07
1.390000e+03 3.676239e-07
1.391000e+03 3.802277e-07
1.392000e+03 2.364040e-07
1.393000e+03 1.726686e-07
1.394000e+03 1.592723e-07
1.395000e+03 1.291603e-07
1.396000e+03 1.131622e-07
1.397000e+03 1.060923e-07
1.398000e+03 9.468053e-08
1.399000e+03 2.703734e-07
1.400000e+03 3.407978e-07
1.401000e+03 2.633862e-07
1.402000e+03 2.246768e-07
1.403000e+03 1.618018e-07
1.404000e+03 1.474334e-07
1.405000e+03 1.276073e-07
1.406000e+03 1.347488e-07
1.407000e+03 1.061795e-07
1.408000e+03 5.211050e-07
1.409000e+03 5.186778e-07
1.410000e+03 1.895733e-06
1.411000e+03 3.800276e-07
1.412000e+03 3.809027e-07
1.413000e+03 2.982648e-07
1.414000e+03 2.531997e-07
1.415000e+03 1.746404e-07
1.416000e+03 1.522463e-07
1.417000e+03 1.179555e-07
1.418000e+03 5.682926e-07
1.419000e+03 5.588858e-07
1.420000e+03 5.373772e-07
1.421000e+03 4.830130e-07
1.422000e+03 1.402987e-06
1.423000e+03 3.669750e-07
1.424000e+03 3.242879e-07
1.425000e+03 2.552240e-07
1.426000e+03 2.037760e-07
1.427000e+03 1.392066e-07
1.428000e+03 1.042787e-07
1.429000e+03 8.911052e-08
1.430000e+03 4.638356e-07
1.431000e+03 4.529395e-07
1.432000e+03 4.029203e-07
1.433000e+03 3.443243e-07
1.434000e+03 3.103599e-07
1.435000e+03 2.794165e-07
1.436000e+03 9.448576e-07
1.437000e+03 2.899528e-07
1.438000e+03 1.801087e-07
1.439000e+03 1.552182e-07
1.440000e+03 1.420581e-07
1.441000e+03 1.169927e-07
1.442000e+03 9.950750e-08
1.443000e+03 4.087968e-07
1.444000e+03 3.399352e-07
1.445000e+03 3.149424e-07
1.446000e+03 2.866171e-07
1.447000e+03 2.564218e-07
1.448000e+03 2.286732e-07
1.449000e+03 2.283117e-07
1.450000e+03 2.152777e-07
1.451000e+03 1.107840e-06
1.452000e+03 2.145991e-07
1.453000e+03 1.593046e-07
1.454000e+03 1.266659e-07
1.455000e+03 1.191792e-07
1.456000e+03 1.005736e-07
1.457000e+03 8.639617e-08
1.458000e+03 4.270679e-07
1.459000e+03 3.919773e-07
1.460000e+03 3.277419e-07
1.461000e+03 2.753899e-07
1.462000e+03 2.641305e-07
1.463000e+03 2.407185e-07
1.464000e+03 2.318045e-07
1.465000e+03 2.179969e-07
1.466000e+03 2.029582e-07
1.467000e+03 1.892950e-07
1.468000e+03 1.872431e-07
1.469000e+03 1.247773e-06
1.470000e+03 2.243167e-07
1.471000e+03 1.852936e-07
1.472000e+03 1.421529e-07
1.473000e+03 1.031529e-07
1.474000e+03 9.886513e-08
1.475000e+03 8.208529e-08
1.476000e+03 7.029273e-08
1.477000e+03 3.355900e-07
1.478000e+03 3.249553e-07
1.479000e+03 2.763307e-07
1.480000e+03 2.362883e-07
1.481000e+03 2.114299e-07
1.482000e+03 2.024920e-07
1.483000e+03 1.792352e-07
1.484000e+03 1.740109e-07
1.485000e+03 1.593800e-07
1.486000e+03 1.637065e-07
1.487000e+03 1.563856e-07
1.488000e+03 1.464438e-07
1.489000e+03 1.416904e-07
1.490000e+03 1.131841e-06
1.491000e+03 2.222862e-07
1.492000e+03 1.741255e-07
1.493000e+03 1.458396e-07
1.494000e+03 1.051364e-07
1.495000e+03 8.463318e-08
1.496000e+03 6.562966e-08
1.497000e+03 5.601326e-08
1.498000e+03 5.437900e-08
1.499000e+03 2.578230e-07
1.500000e+03 2.698735e-07
1.501000e+03 2.748868e-07
1.502000e+03 2.610657e-07
1.503000e+03 2.471832e-07
1.504000e+03 2.320930e-07
1.505000e+03 1.847276e-07
1.506000e+03 1.593644e-07
1.507000e+03 1.527729e-07
1.508000e+03 1.485431e-07
1.509000e+03 1.474766e-07
1.510000e+03 1.526718e-07
1.511000e+03 1.497839e-07
1.512000e+03 1.497321e-07
1.513000e+03 9.902695e-07
1.514000e+03 2.853041e-07
1.515000e+03 2.202885e-07
1.516000e+03 1.747334e-07
1.517000e+03 1.058334e-07
1.518000e+03 9.258718e-08
1.519000e+03 7.630013e-08
1.520000e+03 5.472903e-08
1.521000e+03 4.682620e-08
1.522000e+03 5.049042e-08
1.523000e+03 2.315022e-07
1.524000e+03 2.016511e-07
1.525000e+03 1.791760e-07
1.526000e+03 1.649120e-07
1.527000e+03 1.540104e-07
1.528000e+03 1.563049e-07
1.529000e+03 2.006178e-08
1.530000e+03 1.675821e-08
1.531000e+03 1.404310e-07
1.532000e+03 1.563907e-08
1.533000e+03 1.316388e-07
1.534000e+03 1.400293e-08
1.535000e+03 1.339361e-08
1.536000e+03 1.377372e-08
1.537000e+03 1.355938e-08
1.538000e+03 1.034586e-06
1.539000e+03 2.336315e-07
1.540000e+03 1.540164e-07
1.541000e+03 1.265096e-07
1.542000e+03 1.010880e-07
1.543000e+03 7.710303e-08
1.544000e+03 6.641579e-08
1.545000e+03 5.742738e-08
1.546000e+03 5.629328e-08
1.547000e+03 5.015245e-08
1.548000e+03 2.189088e-07
1.549000e+03 2.126861e-07
1.550000e+03 3.602258e-08
1.551000e+03 2.981155e-08
1.552000e+03 2.366877e-08
1.553000e+03 2.072130e-08
1.554000e+03 1.846478e-08
1.555000e+03 1.710402e-08
1.556000e+03 1.592214e-08
1.557000e+03 2.072245e-08
1.558000e+03 1.473523e-08
1.559000e+03 1.363817e-08
1.560000e+03 1.240433e-07
1.561000e+03 1.397350e-08
1.562000e+03 1.345907e-08
1.563000e+03 1.212983e-07
1.564000e+03 1.190102e-06
1.565000e+03 2.363991e-07
1.566000e+03 1.938746e-07
1.567000e+03 1.672305e-07
1.568000e+03 1.319919e-07
1.569000e+03 1.102357e-07
1.570000e+03 7.367169e-08
1.571000e+03 5.498622e-08
1.572000e+03 5.218247e-08
1.573000e+03 4.386413e-08
1.574000e+03 2.244736e-07
1.575000e+03 2.062568e-07
1.576000e+03 1.914463e-07
1.577000e+03 1.792566e-07
1.578000e+03 1.685809e-07
1.579000e+03 1.570303e-07
1.580000e+03 1.484683e-07
1.581000e+03 1.414925e-07
1.582000e+03 1.338572e-07
1.583000e+03 1.287506e-07
1.584000e+03 1.263743e-07
1.585000e+03 1.229108e-07
1.586000e+03 1.294734e-07
1.587000e+03 1.291750e-07
1.588000e+03 1.275087e-07
1.589000e+03 1.239427e-07
1.590000e+03 1.223666e-07
1.591000e+03 1.299235e-06
1.592000e+03 2.699174e-07
1.593000e+03 1.708090e-07
1.594000e+03 1.467631e-07
1.595000e+03 1.249993e-07
1.596000e+03 1.074054e-07
1.597000e+03 8.475284e-08
1.598000e+03 6.916369e-08
1.599000e+03 5.765511e-08
1.600000e+03 4.440957e-08
1.601000e+03 4.630607e-08
1.602000e+03 4.035946e-08
1.603000e+03 3.266303e-08
1.604000e+03 2.938629e-08
1.605000e+03 2.816746e-08
1.606000e+03 1.465317e-07
1.607000e+03 1.403388e-07
1.608000e+03 1.635692e-08
1.609000e+03 1.445350e-08
1.610000e+03 1.305378e-08
1.611000e+03 1.135376e-07
1.612000e+03 1.720962e-08
1.613000e+03 1.537408e-08
1.614000e+03 1.489407e-08
1.615000e+03 1.411697e-08
1.616000e+03 1.053300e-07
1.617000e+03 1.356491e-08
1.618000e+03 1.018463e-07
1.619000e+03 1.290084e-06
1.620000e+03 2.050322e-07
1.621000e+03 1.713785e-07
1.622000e+03 1.481450e-07
1.623000e+03 1.814416e-07
1.624000e+03 9.864675e-08
1.625000e+03 1.002184e-07
1.626000e+03 6.759964e-08
1.627000e+03 5.939041e-08
1.628000e+03 6.686825e-08
1.629000e+03 5.639976e-08
1.630000e+03 4.000812e-08
1.631000e+03 3.348373e-08
1.632000e+03 2.721960e-08
1.633000e+03 2.339269e-08
1.634000e+03 2.086481e-08
1.635000e+03 2.112649e-08
1.636000e+03 1.912911e-08
1.637000e+03 1.731526e-08
1.638000e+03 1.185563e-07
1.639000e+03 2.085457e-08
1.640000e+03 1.835229e-08
1.641000e+03 1.860420e-08
1.642000e+03 1.749287e-08
1.643000e+03 1.655084e-08
1.644000e+03 1.564475e-08
1.645000e+03 9.610319e-08
1.646000e+03 9.543063e-08
1.647000e+03 9.716859e-08
1.648000e+03 9.631847e-08
1.649000e+03 1.066055e-08
1.650000e+03 1.180975e-06
1.651000e+03 2.278719e-07
1.652000e+03 1.645371e-07
1.653000e+03 1.858191e-07
1.654000e+03 1.239137e-07
1.655000e+03 9.900919e-08
1.656000e+03 7.537054e-08
1.657000e+03 7.550728e-08
1.658000e+03 4.624605e-08
1.659000e+03 4.028320e-08
1.660000e+03 3.197479e-08
1.661000e+03 1.909615e-07
1.662000e+03 1.815570e-07
1.663000e+03 1.636831e-07
1.664000e+03 1.476919e-07
1.665000e+03 1.381959e-07
1.666000e+03 1.252907e-07
1.667000e+03 1.177570e-07
1.668000e+03 1.107640e-07
1.669000e+03 1.046246e-07
1.670000e+03 9.951435e-08
1.671000e+03 9.380018e-08
1.672000e+03 8.868400e-08
1.673000e+03 8.525679e-08
1.674000e+03 8.171793e-08
1.675000e+03 8.168857e-08
1.676000e+03 8.665566e-08
1.677000e+03 8.638372e-08
1.678000e+03 8.580450e-08
1.679000e+03 9.020389e-08
1.680000e+03 8.887034e-08
1.681000e+03 8.452116e-08
1.682000e+03 8.646090e-08
1.683000e+03 8.629339e-08
1.684000e+03 1.198382e-06
1.685000e+03 2.685561e-07
1.686000e+03 1.935369e-07
1.687000e+03 1.573678e-07
1.688000e+03 1.271895e-07
1.689000e+03 1.081713e-07
1.690000e+03 9.173410e-08
1.691000e+03 7.780794e-08
1.692000e+03 6.869177e-08
1.693000e+03 5.907712e-08
1.694000e+03 4.378911e-08
1.695000e+03 4.118731e-08
1.696000e+03 3.022908e-08
1.697000e+03 1.533453e-07
1.698000e+03 1.476318e-07
1.699000e+03 1.360395e-07
1.700000e+03 1.290210e-07
1.701000e+03 1.204286e-07
1.702000e+03 1.219557e-07
1.703000e+03 1.109505e-07
1.704000e+03 1.048394e-07
1.705000e+03 1.000497e-07
1.706000e+03 9.713204e-08
1.707000e+03 8.777338e-08
1.708000e+03 8.498695e-08
1.709000e+03 8.250921e-08
1.710000e+03 8.163897e-08
1.711000e+03 7.988608e-08
1.712000e+03 7.798256e-08
1.713000e+03 8.036691e-08
1.714000e+03 8.124887e-08
1.715000e+03 7.777670e-08
1.716000e+03 7.713163e-08
1.717000e+03 7.663699e-08
1.718000e+03 7.668442e-08
1.719000e+03 7.575727e-08
1.720000e+03 7.487696e-08
1.721000e+03 7.451619e-08
1.722000e+03 1.389283e-06
1.723000e+03 2.171317e-07
1.724000e+03 1.868091e-07
1.725000e+03 1.764586e-07
1.726000e+03 1.321090e-07
1.727000e+03 1.057566e-07
1.728000e+03 7.873128e-08
1.729000e+03 6.227177e-08
1.730000e+03 4.929162e-08
1.731000e+03 4.252007e-08
1.732000e+03 4.193076e-08
1.733000e+03 3.730143e-08
1.734000e+03 3.091631e-08
1.735000e+03 1.509481e-07
1.736000e+03 1.385361e-07
1.737000e+03 1.270288e-07
1.738000e+03 1.181321e-07
1.739000e+03 2.164758e-08
1.740000e+03 1.047668e-07
1.741000e+03 1.880113e-08
1.742000e+03 1.581220e-08
1.743000e+03 1.799941e-08
1.744000e+03 1.747068e-08
1.745000e+03 1.651851e-08
1.746000e+03 1.439988e-08
1.747000e+03 1.371369e-08
1.748000e+03 1.348978e-08
1.749000e+03 1.352223e-08
1.750000e+03 8.381467e-08
1.751000e+03 1.268402e-08
1.752000e+03 1.133123e-08
1.753000e+03 8.208410e-08
1.754000e+03 1.247405e-08
1.755000e+03 1.125961e-08
1.756000e+03 1.114229e-08
1.757000e+03 7.897449e-08
1.758000e+03 7.814880e-08
1.759000e+03 7.775593e-08
1.760000e+03 7.770689e-08
1.761000e+03 7.696514e-08
1.762000e+03 7.737245e-08
1.763000e+03 7.592188e-08
1.764000e+03 7.479633e-08
1.765000e+03 7.430739e-08
1.766000e+03 7.532270e-08
1.767000e+03 2.076136e-06
1.768000e+03 2.344476e-07
1.769000e+03 1.831996e-07
1.770000e+03 1.601001e-07
1.771000e+03 1.341424e-07
1.772000e+03 1.143462e-07
1.773000e+03 1.183586e-07
1.774000e+03 7.466293e-08
1.775000e+03 6.180691e-08
1.776000e+03 5.292192e-08
1.777000e+03 4.599542e-08
1.778000e+03 3.646618e-08
1.779000e+03 1.597622e-07
1.780000e+03 1.567275e-07
1.781000e+03 1.430154e-07
1.782000e+03 1.319386e-07
1.783000e+03 1.208648e-07
1.784000e+03 1.130300e-07
1.785000e+03 1.089874e-07
1.786000e+03 1.005236e-07
1.787000e+03 9.360215e-08
1.788000e+03 8.737396e-08
1.789000e+03 8.258422e-08
1.790000e+03 7.930044e-08
1.791000e+03 7.575732e-08
1.792000e+03 7.149492e-08
1.793000e+03 7.029547e-08
1.794000e+03 6.943430e-08
1.795000e+03 7.001435e-08
1.796000e+03 6.997602e-08
1.797000e+03 7.018897e-08
1.798000e+03 6.927282e-08
1.799000e+03 6.849943e-08
1.800000e+03 6.861332e-08
1.801000e+03 6.844948e-08
1.802000e+03 6.907699e-08
1.803000e+03 6.816851e-08
1.804000e+03 6.804182e-08
1.805000e+03 6.697834e-08
1.806000e+03 6.717233e-08
1.807000e+03 6.231699e-08
1.808000e+03 6.251649e-08
1.809000e+03 6.254719e-08
1.810000e+03 6.333487e-08
1.811000e+03 6.267013e-08
1.812000e+03 6.164886e-08
1.813000e+03 6.207882e-08
1.814000e+03 6.148504e-08
1.815000e+03 6.006873e-08
1.816000e+03 6.086850e-08
1.817000e+03 6.029248e-08
1.818000e+03 6.093483e-08
1.819000e+03 5.954381e-08
1.820000e+03 5.938476e-08
1.821000e+03 5.955116e-08
1.822000e+03 1.545237e-06
1.823000e+03 2.237368e-07
1.824000e+03 2.063904e-07
1.825000e+03 1.708538e-07
1.826000e+03 1.465645e-07
1.827000e+03 1.094251e-07
1.828000e+03 6.806274e-08
1.829000e+03 5.335132e-08
1.830000e+03 4.457293e-08
1.831000e+03 3.791655e-08
1.832000e+03 3.122669e-08
1.833000e+03 2.815921e-08
1.834000e+03 1.287151e-07
1.835000e+03 1.264320e-07
1.836000e+03 1.159371e-07
1.837000e+03 1.055945e-07
1.838000e+03 9.767703e-08
1.839000e+03 9.095907e-08
1.840000e+03 8.272855e-08
1.841000e+03 7.730366e-08
1.842000e+03 7.417924e-08
1.843000e+03 7.011481e-08
1.844000e+03 6.655581e-08
1.845000e+03 6.566696e-08
1.846000e+03 6.471964e-08
1.847000e+03 6.002403e-08
1.848000e+03 5.886368e-08
1.849000e+03 5.828049e-08
1.850000e+03 5.770070e-08
1.851000e+03 5.681666e-08
1.852000e+03 5.633534e-08
1.853000e+03 5.996515e-08
1.854000e+03 6.061008e-08
1.855000e+03 6.029715e-08
1.856000e+03 5.924439e-08
1.857000e+03 6.052878e-08
1.858000e+03 5.974209e-08
1.859000e+03 5.907637e-08
1.860000e+03 5.885560e-08
1.861000e+03 5.700894e-08
1.862000e+03 5.776225e-08
1.863000e+03 5.396097e-08
1.864000e+03 5.400702e-08
1.865000e+03 5.371273e-08
1.866000e+03 5.391110e-08
1.867000e+03 5.378356e-08
1.868000e+03 5.232642e-08
1.869000e+03 5.330796e-08
1.870000e+03 5.238348e-08
1.871000e+03 5.216855e-08
1.872000e+03 5.245744e-08
1.873000e+03 5.227853e-08
1.874000e+03 5.267843e-08
1.875000e+03 5.251507e-08
1.876000e+03 5.266896e-08
1.877000e+03 5.263364e-08
1.878000e+03 5.302401e-08
1.879000e+03 5.216295e-08
1.880000e+03 5.094092e-08
1.881000e+03 4.937833e-08
1.882000e+03 5.009250e-08
1.883000e+03 4.964428e-08
1.884000e+03 4.944696e-08
1.885000e+03 2.001555e-06
1.886000e+03 2.114676e-07
1.887000e+03 1.779794e-07
1.888000e+03 1.463818e-07
1.889000e+03 1.387849e-07
1.890000e+03 1.123430e-07
1.891000e+03 9.005676e-08
1.892000e+03 1.023274e-07
1.893000e+03 1.013291e-07
1.894000e+03 7.771299e-08
1.895000e+03 6.698982e-08
1.896000e+03 5.836704e-08
1.897000e+03 4.441798e-08
1.898000e+03 1.301565e-07
1.899000e+03 1.264149e-07
1.900000e+03 1.144689e-07
1.901000e+03 1.036355e-07
1.902000e+03 9.003194e-08
1.903000e+03 8.050196e-08
1.904000e+03 7.840618e-08
1.905000e+03 6.569182e-08
1.906000e+03 6.262572e-08
1.907000e+03 5.804028e-08
1.908000e+03 5.618469e-08
1.909000e+03 5.529543e-08
1.910000e+03 5.430899e-08
1.911000e+03 5.224067e-08
1.912000e+03 5.202223e-08
1.913000e+03 5.073627e-08
1.914000e+03 4.978874e-08
1.915000e+03 4.954221e-08
1.916000e+03 4.831734e-08
1.917000e+03 5.025869e-08
1.918000e+03 4.920590e-08
1.919000e+03 4.692461e-08
1.920000e+03 5.246858e-08
1.921000e+03 5.178347e-08
1.922000e+03 5.243733e-08
1.923000e+03 5.163338e-08
1.924000e+03 5.136702e-08
1.925000e+03 4.845892e-08
1.926000e+03 4.725894e-08
1.927000e+03 4.645417e-08
1.928000e+03 4.697698e-08
1.929000e+03 4.628472e-08
1.930000e+03 4.659762e-08
1.931000e+03 4.981284e-08
1.932000e+03 4.977541e-08
1.933000e+03 4.984087e-08
1.934000e+03 5.013329e-08
1.935000e+03 4.945563e-08
1.936000e+03 5.003519e-08
1.937000e+03 4.949372e-08
1.938000e+03 4.769920e-08
1.939000e+03 4.701667e-08
1.940000e+03 4.604299e-08
1.941000e+03 4.523237e-08
1.942000e+03 4.492069e-08
1.943000e+03 4.256907e-08
1.944000e+03 4.514326e-08
1.945000e+03 4.468970e-08
1.946000e+03 4.486000e-08
1.947000e+03 4.450050e-08
1.948000e+03 4.506239e-08
1.949000e+03 4.487783e-08
1.950000e+03 4.550014e-08
1.951000e+03 4.327605e-08
1.952000e+03 4.255866e-08
1.953000e+03 4.233341e-08
1.954000e+03 4.224583e-08
1.955000e+03 4.191019e-08
1.956000e+03 4.189297e-08
1.957000e+03 4.229825e-08
1.958000e+03 4.213804e-08
1.959000e+03 4.160600e-08
1.960000e+03 1.128667e-06
1.961000e+03 2.660443e-07
1.962000e+03 2.084042e-07
1.963000e+03 1.539145e-07
1.964000e+03 9.440956e-08
1.965000e+03 9.457126e-08
1.966000e+03 6.000234e-08
1.967000e+03 4.550368e-08
1.968000e+03 3.629557e-08
1.969000e+03 3.029857e-08
1.970000e+03 2.836987e-08
1.971000e+03 1.314638e-07
1.972000e+03 1.211625e-07
1.973000e+03 1.068038e-07
1.974000e+03 9.441891e-08
1.975000e+03 8.394757e-08
1.976000e+03 8.155895e-08
1.977000e+03 7.330516e-08
1.978000e+03 6.929020e-08
1.979000e+03 6.444136e-08
1.980000e+03 6.348697e-08
1.981000e+03 6.068132e-08
1.982000e+03 6.153434e-08
1.983000e+03 6.148819e-08
1.984000e+03 5.653177e-08
1.985000e+03 5.446850e-08
1.986000e+03 5.349627e-08
1.987000e+03 5.161733e-08
1.988000e+03 5.029759e-08
1.989000e+03 4.742158e-08
1.990000e+03 4.734703e-08
1.991000e+03 4.673230e-08
1.992000e+03 4.685210e-08
1.993000e+03 4.473077e-08
1.994000e+03 4.410209e-08
1.995000e+03 4.347832e-08
1.996000e+03 4.286031e-08
1.997000e+03 4.269540e-08
1.998000e+03 4.257412e-08
1.999000e+03 4.108542e-08
2.000000e+03 4.119398e-08
2.001000e+03 3.987307e-08
2.002000e+03 4.093901e-08
2.003000e+03 4.353609e-08
2.004000e+03 4.038978e-08
2.005000e+03 3.972370e-08
2.006000e+03 3.917704e-08
2.007000e+03 3.835886e-08
2.008000e+03 3.325461e-08
2.009000e+03 3.809652e-08
2.010000e+03 3.599736e-08
2.011000e+03 3.617937e-08
2.012000e+03 3.732942e-08
2.013000e+03 3.649472e-08
2.014000e+03 3.731209e-08
2.015000e+03 3.746672e-08
2.016000e+03 3.599441e-08
2.017000e+03 3.687908e-08
2.018000e+03 3.649329e-08
2.019000e+03 3.565860e-08
2.020000e+03 3.659896e-08
2.021000e+03 3.633814e-08
2.022000e+03 3.635008e-08
2.023000e+03 3.581536e-08
2.024000e+03 3.255976e-08
2.025000e+03 3.033852e-08
2.026000e+03 3.204125e-08
2.027000e+03 3.212978e-08
2.028000e+03 3.147478e-08
2.029000e+03 3.206862e-08
2.030000e+03 3.341137e-08
2.031000e+03 3.536762e-08
2.032000e+03 3.562738e-08
2.033000e+03 3.530599e-08
2.034000e+03 3.577642e-08
2.035000e+03 3.543625e-08
2.036000e+03 3.510318e-08
2.037000e+03 3.476346e-08
2.038000e+03 3.574813e-08
2.039000e+03 3.661324e-08
2.040000e+03 3.651460e-08
2.041000e+03 3.614768e-08
2.042000e+03 3.575367e-08
2.043000e+03 3.472014e-08
2.044000e+03 3.519602e-08
2.045000e+03 3.649296e-08
2.046000e+03 3.521552e-08
2.047000e+03 3.449735e-08
2.048000e+03 1.242395e-06
2.049000e+03 2.323852e-07
2.050000e+03 1.876185e-07
2.051000e+03 1.417944e-07
2.052000e+03 1.195548e-07
2.053000e+03 8.352101e-08
2.054000e+03 6.603277e-08
2.055000e+03 5.927282e-08
2.056000e+03 5.744960e-08
2.057000e+03 4.794685e-08
2.058000e+03 4.057307e-08
2.059000e+03 3.370233e-08
2.060000e+03 2.771038e-08
2.061000e+03 2.535514e-08
2.062000e+03 2.136739e-08
2.063000e+03 9.323218e-08
2.064000e+03 8.273072e-08
2.065000e+03 7.186356e-08
2.066000e+03 6.657590e-08
2.067000e+03 6.111872e-08
2.068000e+03 6.009978e-08
2.069000e+03 5.725020e-08
2.070000e+03 5.527853e-08
2.071000e+03 5.225988e-08
2.072000e+03 4.705379e-08
2.073000e+03 4.512052e-08
2.074000e+03 4.315631e-08
2.075000e+03 3.949195e-08
2.076000e+03 3.877900e-08
2.077000e+03 3.859384e-08
2.078000e+03 3.826233e-08
2.079000e+03 3.756201e-08
2.080000e+03 3.612790e-08
2.081000e+03 3.685380e-08
2.082000e+03 3.662373e-08
2.083000e+03 3.584397e-08
2.084000e+03 3.599677e-08
2.085000e+03 3.586517e-08
2.086000e+03 3.572693e-08
2.087000e+03 3.507742e-08
2.088000e+03 3.474301e-08
2.089000e+03 3.511017e-08
2.090000e+03 3.513494e-08
2.091000e+03 3.457661e-08
2.092000e+03 3.439465e-08
2.093000e+03 3.384562e-08
2.094000e+03 3.432196e-08
2.095000e+03 3.478090e-08
2.096000e+03 3.429935e-08
2.097000e+03 3.337025e-08
2.098000e+03 3.443789e-08
2.099000e+03 3.420066e-08
2.100000e+03 3.178425e-08
2.101000e+03 3.255104e-08
2.102000e+03 3.265651e-08
2.103000e+03 3.157960e-08
2.104000e+03 3.231201e-08
2.105000e+03 3.204602e-08
2.106000e+03 3.182063e-08
2.107000e+03 2.941957e-08
2.108000e+03 3.049533e-08
2.109000e+03 3.134530e-08
2.110000e+03 3.209961e-08
2.111000e+03 3.216118e-08
2.112000e+03 3.243056e-08
2.113000e+03 3.192577e-08
2.114000e+03 3.251191e-08
2.115000e+03 2.985854e-08
2.116000e+03 2.961400e-08
2.117000e+03 2.997293e-08
2.118000e+03 2.937765e-08
2.119000e+03 2.903811e-08
2.120000e+03 2.958402e-08
2.121000e+03 2.887377e-08
2.122000e+03 2.991975e-08
2.123000e+03 2.944964e-08
2.124000e+03 2.968750e-08
2.125000e+03 2.829533e-08
2.126000e+03 2.970637e-08
2.127000e+03 2.890135e-08
2.128000e+03 2.954085e-08
2.129000e+03 2.940804e-08
2.130000e+03 2.960960e-08
2.131000e+03 2.878334e-08
2.132000e+03 2.892433e-08
2.133000e+03 2.918418e-08
2.134000e+03 2.893846e-08
2.135000e+03 2.928416e-08
2.136000e+03 2.908189e-08
2.137000e+03 2.892062e-08
2.138000e+03 2.884412e-08
2.139000e+03 2.855719e-08
2.140000e+03 2.851738e-08
2.141000e+03 2.726023e-08
2.142000e+03 2.780028e-08
2.143000e+03 2.720154e-08
2.144000e+03 2.605947e-08
2.145000e+03 2.707805e-08
2.146000e+03 3.070733e-08
2.147000e+03 3.068809e-08
2.148000e+03 3.054423e-08
2.149000e+03 3.047666e-08
2.150000e+03 3.036416e-08
2.151000e+03 3.018789e-08
2.152000e+03 2.998461e-08
2.153000e+03 2.775278e-08
2.154000e+03 2.946636e-08
2.155000e+03 2.980556e-08
2.156000e+03 1.167009e-06
2.157000e+03 2.254869e-07
2.158000e+03 1.640255e-07
2.159000e+03 1.237720e-07
2.160000e+03 1.322482e-07
2.161000e+03 1.030763e-07
2.162000e+03 8.278435e-08
2.163000e+03 6.792964e-08
2.164000e+03 5.723025e-08
2.165000e+03 4.636842e-08
2.166000e+03 3.941307e-08
2.167000e+03 3.394851e-08
2.168000e+03 2.276611e-08
2.169000e+03 2.237134e-08
2.170000e+03 2.076022e-08
2.171000e+03 8.856091e-08
2.172000e+03 8.551571e-08
2.173000e+03 7.958420e-08
2.174000e+03 7.240278e-08
2.175000e+03 6.398576e-08
2.176000e+03 5.810156e-08
2.177000e+03 5.262781e-08
2.178000e+03 4.882010e-08
2.179000e+03 4.421068e-08
2.180000e+03 4.177193e-08
2.181000e+03 3.606153e-08
2.182000e+03 3.472309e-08
2.183000e+03 3.355574e-08
2.184000e+03 3.308439e-08
2.185000e+03 3.235667e-08
2.186000e+03 3.206032e-08
2.187000e+03 3.113506e-08
2.188000e+03 3.094231e-08
2.189000e+03 3.095188e-08
2.190000e+03 3.286969e-08
2.191000e+03 3.188409e-08
2.192000e+03 3.102472e-08
2.193000e+03 3.012938e-08
2.194000e+03 3.089270e-08
2.195000e+03 2.949140e-08
2.196000e+03 2.998736e-08
2.197000e+03 3.062598e-08
2.198000e+03 3.023648e-08
2.199000e+03 2.973421e-08
2.200000e+03 2.949618e-08
2.201000e+03 2.922978e-08
2.202000e+03 2.794962e-08
2.203000e+03 2.881231e-08
2.204000e+03 2.933159e-08
2.205000e+03 2.933067e-08
2.206000e+03 2.966721e-08
2.207000e+03 2.739032e-08
2.208000e+03 2.805089e-08
2.209000e+03 3.004870e-08
2.210000e+03 3.150603e-08
2.211000e+03 3.132815e-08
2.212000e+03 3.149668e-08
2.213000e+03 2.865246e-08
2.214000e+03 3.118473e-08
2.215000e+03 3.003289e-08
2.216000e+03 2.972918e-08
2.217000e+03 3.007546e-08
2.218000e+03 3.062433e-08
2.219000e+03 2.969112e-08
2.220000e+03 2.955591e-08
2.221000e+03 2.914034e-08
2.222000e+03 2.919998e-08
2.223000e+03 2.935763e-08
2.224000e+03 2.946122e-08
2.225000e+03 2.889689e-08
2.226000e+03 2.722423e-08
2.227000e+03 2.799469e-08
2.228000e+03 2.807476e-08
2.229000e+03 2.424402e-08
2.230000e+03 2.926606e-08
2.231000e+03 2.806306e-08
2.232000e+03 2.810329e-08
2.233000e+03 2.753915e-08
2.234000e+03 2.758089e-08
2.235000e+03 2.739638e-08
2.236000e+03 2.880177e-08
2.237000e+03 2.687646e-08
2.238000e+03 2.741419e-08
2.239000e+03 2.660582e-08
2.240000e+03 2.658118e-08
2.241000e+03 2.638797e-08
2.242000e+03 2.659308e-08
2.243000e+03 2.690783e-08
2.244000e+03 2.654375e-08
2.245000e+03 2.628687e-08
2.246000e+03 2.671945e-08
2.247000e+03 2.565648e-08
2.248000e+03 2.636437e-08
2.249000e+03 2.618624e-08
2.250000e+03 2.694560e-08
2.251000e+03 2.637582e-08
2.252000e+03 2.625102e-08
2.253000e+03 2.512925e-08
2.254000e+03 2.630199e-08
2.255000e+03 2.464302e-08
2.256000e+03 2.364216e-08
2.257000e+03 2.452598e-08
2.258000e+03 2.431352e-08
2.259000e+03 2.398099e-08
2.260000e+03 2.400871e-08
2.261000e+03 2.487513e-08
2.262000e+03 2.550830e-08
2.263000e+03 2.505312e-08
2.264000e+03 2.431517e-08
2.265000e+03 2.121396e-08
2.266000e+03 2.242585e-08
2.267000e+03 2.273878e-08
2.268000e+03 2.257835e-08
2.269000e+03 2.305073e-08
2.270000e+03 2.395766e-08
2.271000e+03 2.299107e-08
2.272000e+03 2.332689e-08
2.273000e+03 2.365163e-08
2.274000e+03 2.405555e-08
2.275000e+03 2.336158e-08
2.276000e+03 2.337191e-08
2.277000e+03 2.347909e-08
2.278000e+03 2.398813e-08
2.279000e+03 2.258922e-08
2.280000e+03 2.429910e-08
2.281000e+03 2.449707e-08
2.282000e+03 2.418465e-08
2.283000e+03 2.215763e-08
2.284000e+03 2.283853e-08
2.285000e+03 2.348982e-08
2.286000e+03 2.278627e-08
2.287000e+03 2.299394e-08
2.288000e+03 2.292423e-08
2.289000e+03 2.234767e-08
2.290000e+03 2.265186e-08
2.291000e+03 2.241795e-08
2.292000e+03 1.450651e-06
2.293000e+03 2.452621e-07
2.294000e+03 2.142700e-07
2.295000e+03 1.589483e-07
2.296000e+03 1.243433e-07
2.297000e+03 8.788348e-08
2.298000e+03 6.968524e-08
2.299000e+03 5.833954e-08
2.300000e+03 4.606107e-08
2.301000e+03 4.797530e-08
2.302000e+03 3.231412e-08
2.303000e+03 2.659195e-08
2.304000e+03 2.897199e-08
2.305000e+03 2.554938e-08
2.306000e+03 2.235219e-08
2.307000e+03 1.962256e-08
2.308000e+03 7.655636e-08
2.309000e+03 7.315580e-08
2.310000e+03 6.596510e-08
2.311000e+03 5.930580e-08
2.312000e+03 5.327346e-08
2.313000e+03 4.800031e-08
2.314000e+03 4.401268e-08
2.315000e+03 3.985330e-08
2.316000e+03 3.720237e-08
2.317000e+03 3.474260e-08
2.318000e+03 3.280992e-08
2.319000e+03 3.030855e-08
2.320000e+03 3.116230e-08
2.321000e+03 2.853868e-08
2.322000e+03 2.904991e-08
2.323000e+03 2.881720e-08
2.324000e+03 2.891548e-08
2.325000e+03 2.731837e-08
2.326000e+03 2.634634e-08
2.327000e+03 2.764979e-08
2.328000e+03 2.563575e-08
2.329000e+03 2.605263e-08
2.330000e+03 2.638162e-08
2.331000e+03 2.603232e-08
2.332000e+03 2.647959e-08
2.333000e+03 2.582767e-08
2.334000e+03 2.497029e-08
2.335000e+03 2.501943e-08
2.336000e+03 2.505145e-08
2.337000e+03 2.339874e-08
2.338000e+03 2.538552e-08
2.339000e+03 2.463374e-08
2.340000e+03 2.425224e-08
2.341000e+03 2.479228e-08
2.342000e+03 2.461360e-08
2.343000e+03 2.378454e-08
2.344000e+03 2.380529e-08
2.345000e+03 2.336603e-08
2.346000e+03 2.387820e-08
2.347000e+03 2.307449e-08
2.348000e+03 2.516247e-08
2.349000e+03 2.303085e-08
2.350000e+03 2.625113e-08
2.351000e+03 2.332919e-08
2.352000e+03 2.437640e-08
2.353000e+03 2.369770e-08
2.354000e+03 2.327688e-08
2.355000e+03 2.294418e-08
2.356000e+03 2.284053e-08
2.357000e+03 2.348645e-08
2.358000e+03 2.338109e-08
2.359000e+03 2.225786e-08
2.360000e+03 2.170945e-08
2.361000e+03 2.138257e-08
2.362000e+03 2.180260e-08
2.363000e+03 2.164527e-08
2.364000e+03 2.000151e-08
2.365000e+03 2.168820e-08
2.366000e+03 2.280581e-08
2.367000e+03 2.244105e-08
2.368000e+03 2.256227e-08
2.369000e+03 2.121803e-08
2.370000e+03 2.175080e-08
2.371000e+03 2.142879e-08
2.372000e+03 2.152871e-08
2.373000e+03 2.093151e-08
2.374000e+03 2.178517e-08
2.375000e+03 2.129503e-08
2.376000e+03 2.241015e-08
2.377000e+03 2.060416e-08
2.378000e+03 2.110889e-08
2.379000e+03 2.023907e-08
2.380000e+03 2.145701e-08
2.381000e+03 2.167724e-08
2.382000e+03 2.176591e-08
2.383000e+03 2.147192e-08
2.384000e+03 2.196045e-08
2.385000e+03 1.999378e-08
2.386000e+03 2.099421e-08
2.387000e+03 2.095903e-08
2.388000e+03 2.080738e-08
2.389000e+03 2.144780e-08
2.390000e+03 2.216353e-08
2.391000e+03 1.823904e-08
2.392000e+03 1.994598e-08
2.393000e+03 1.980967e-08
2.394000e+03 2.042262e-08
2.395000e+03 2.023689e-08
2.396000e+03 2.003911e-08
2.397000e+03 1.947845e-08
2.398000e+03 2.051934e-08
2.399000e+03 1.946370e-08
2.400000e+03 1.971877e-08
2.401000e+03 2.040306e-08
2.402000e+03 2.023040e-08
2.403000e+03 1.966106e-08
2.404000e+03 2.133988e-08
2.405000e+03 1.952236e-08
2.406000e+03 2.020187e-08
2.407000e+03 2.023173e-08
2.408000e+03 2.045050e-08
2.409000e+03 1.764111e-08
2.410000e+03 1.874418e-08
2.411000e+03 1.825256e-08
2.412000e+03 1.860129e-08
2.413000e+03 1.872218e-08
2.414000e+03 1.915536e-08
2.415000e+03 1.880837e-08
2.416000e+03 1.877281e-08
2.417000e+03 1.868207e-08
2.418000e+03 1.790426e-08
2.419000e+03 1.832746e-08
2.420000e+03 1.808995e-08
2.421000e+03 1.802520e-08
2.422000e+03 1.899339e-08
2.423000e+03 1.852714e-08
2.424000e+03 1.782060e-08
2.425000e+03 1.767547e-08
2.426000e+03 1.903003e-08
2.427000e+03 1.831092e-08
2.428000e+03 1.807753e-08
2.429000e+03 1.866275e-08
2.430000e+03 1.717902e-08
2.431000e+03 1.835517e-08
2.432000e+03 1.839674e-08
2.433000e+03 2.021740e-08
2.434000e+03 1.892347e-08
2.435000e+03 1.750205e-08
2.436000e+03 1.822611e-08
2.437000e+03 1.899878e-08
2.438000e+03 1.880408e-08
2.439000e+03 1.829938e-08
2.440000e+03 1.842590e-08
2.441000e+03 1.809527e-08
2.442000e+03 1.850810e-08
2.443000e+03 1.661163e-08
2.444000e+03 1.688923e-08
2.445000e+03 1.581618e-08
2.446000e+03 1.756162e-08
2.447000e+03 1.736359e-08
2.448000e+03 1.814748e-08
2.449000e+03 1.814722e-08
2.450000e+03 1.859947e-08
2.451000e+03 1.745051e-08
2.452000e+03 1.782342e-08
2.453000e+03 1.887881e-08
2.454000e+03 1.958725e-08
2.455000e+03 1.919371e-08
2.456000e+03 1.695570e-08
2.457000e+03 1.718282e-08
2.458000e+03 1.778391e-08
2.459000e+03 1.743643e-08
2.460000e+03 1.722013e-08
2.461000e+03 1.810416e-08
2.462000e+03 2.048868e-08
2.463000e+03 1.717708e-08
2.464000e+03 1.811865e-08
2.465000e+03 1.844024e-08
2.466000e+03 1.860485e-08
2.467000e+03 1.814126e-08
2.468000e+03 1.811788e-08
2.469000e+03 1.789263e-08
2.470000e+03 1.814484e-08
2.471000e+03 1.766129e-08
2.472000e+03 1.800457e-08
2.473000e+03 1.594772e-08
2.474000e+03 1.705473e-08
2.475000e+03 1.693318e-08
2.476000e+03 1.710037e-08
2.477000e+03 1.739751e-08
2.478000e+03 1.370934e-06
2.479000e+03 2.688305e-07
2.480000e+03 2.414799e-07
2.481000e+03 2.044530e-07
2.482000e+03 1.659729e-07
2.483000e+03 1.272530e-07
2.484000e+03 9.804944e-08
2.485000e+03 8.828036e-08
2.486000e+03 7.601732e-08
2.487000e+03 5.615705e-08
2.488000e+03 4.703818e-08
2.489000e+03 3.989193e-08
2.490000e+03 3.547002e-08
2.491000e+03 3.200459e-08
2.492000e+03 2.546139e-08
2.493000e+03 8.295615e-08
2.494000e+03 2.187251e-08
2.495000e+03 5.784463e-08
2.496000e+03 5.834980e-08
2.497000e+03 5.987476e-08
2.498000e+03 5.457893e-08
2.499000e+03 4.872089e-08
2.500000e+03 4.403568e-08
2.501000e+03 3.760253e-08
2.502000e+03 3.469319e-08
2.503000e+03 3.131803e-08
2.504000e+03 2.963715e-08
2.505000e+03 2.826577e-08
2.506000e+03 2.699887e-08
2.507000e+03 2.361400e-08
2.508000e+03 2.383306e-08
2.509000e+03 2.360319e-08
2.510000e+03 2.363525e-08
2.511000e+03 2.311400e-08
2.512000e+03 2.295800e-08
2.513000e+03 2.301927e-08
2.514000e+03 2.359523e-08
2.515000e+03 2.283295e-08
2.516000e+03 2.244206e-08
2.517000e+03 2.242310e-08
2.518000e+03 2.255207e-08
2.519000e+03 2.191182e-08
2.520000e+03 2.013165e-08
2.521000e+03 2.088055e-08
2.522000e+03 1.897796e-08
2.523000e+03 1.926072e-08
2.524000e+03 1.974832e-08
2.525000e+03 1.861448e-08
2.526000e+03 1.903900e-08
2.527000e+03 1.918652e-08
2.528000e+03 1.919001e-08
2.529000e+03 1.677965e-08
2.530000e+03 1.806540e-08
2.531000e+03 1.761313e-08
2.532000e+03 1.757156e-08
2.533000e+03 1.794692e-08
2.534000e+03 1.693226e-08
2.535000e+03 1.718346e-08
2.536000e+03 1.695359e-08
2.537000e+03 1.677111e-08
2.538000e+03 1.706256e-08
2.539000e+03 1.701790e-08
2.540000e+03 1.667667e-08
2.541000e+03 1.658541e-08
2.542000e+03 1.683873e-08
2.543000e+03 1.647461e-08
2.544000e+03 1.664543e-08
2.545000e+03 1.618272e-08
2.546000e+03 1.677195e-08
2.547000e+03 1.835502e-08
2.548000e+03 1.575705e-08
2.549000e+03 1.663739e-08
2.550000e+03 1.729791e-08
2.551000e+03 1.710722e-08
2.552000e+03 1.599285e-08
2.553000e+03 1.601837e-08
2.554000e+03 1.621062e-08
2.555000e+03 1.577285e-08
2.556000e+03 1.549514e-08
2.557000e+03 1.437588e-08
2.558000e+03 1.560230e-08
2.559000e+03 1.430104e-08
2.560000e+03 1.438963e-08
2.561000e+03 1.525616e-08
2.562000e+03 1.459457e-08
2.563000e+03 1.429753e-08
2.564000e+03 1.524880e-08
2.565000e+03 1.594784e-08
2.566000e+03 1.613278e-08
2.567000e+03 1.543059e-08
2.568000e+03 1.518072e-08
2.569000e+03 1.586662e-08
2.570000e+03 1.631055e-08
2.571000e+03 1.616910e-08
2.572000e+03 1.562909e-08
2.573000e+03 1.615791e-08
2.574000e+03 1.703587e-08
2.575000e+03 1.648890e-08
2.576000e+03 1.780905e-08
2.577000e+03 1.553449e-08
2.578000e+03 1.661101e-08
2.579000e+03 1.638580e-08
2.580000e+03 1.655278e-08
2.581000e+03 1.675783e-08
2.582000e+03 1.659163e-08
2.583000e+03 1.545772e-08
2.584000e+03 1.606125e-08
2.585000e+03 1.445132e-08
2.586000e+03 1.445506e-08
2.587000e+03 1.445310e-08
2.588000e+03 1.504600e-08
2.589000e+03 1.456248e-08
2.590000e+03 1.544989e-08
2.591000e+03 1.563138e-08
2.592000e+03 1.546094e-08
2.593000e+03 1.567418e-08
2.594000e+03 1.552275e-08
2.595000e+03 1.424782e-08
2.596000e+03 1.473229e-08
2.597000e+03 1.445866e-08
2.598000e+03 1.513358e-08
2.599000e+03 1.473657e-08
2.600000e+03 1.481094e-08
2.601000e+03 1.472365e-08
2.602000e+03 1.582204e-08
2.603000e+03 1.496774e-08
2.604000e+03 1.587253e-08
2.605000e+03 1.475093e-08
2.606000e+03 1.535444e-08
2.607000e+03 1.481575e-08
2.608000e+03 1.460360e-08
2.609000e+03 1.437073e-08
2.610000e+03 1.426412e-08
2.611000e+03 1.507781e-08
2.612000e+03 1.359495e-08
2.613000e+03 1.401650e-08
2.614000e+03 1.487682e-08
2.615000e+03 1.532386e-08
2.616000e+03 1.536492e-08
2.617000e+03 1.535459e-08
2.618000e+03 1.521572e-08
2.619000e+03 1.537644e-08
2.620000e+03 1.586348e-08
2.621000e+03 1.550706e-08
2.622000e+03 1.547935e-08
2.623000e+03 1.563648e-08
2.624000e+03 1.554591e-08
2.625000e+03 1.549742e-08
2.626000e+03 1.540101e-08
2.627000e+03 1.542203e-08
2.628000e+03 1.529063e-08
2.629000e+03 1.537693e-08
2.630000e+03 1.500880e-08
2.631000e+03 1.491332e-08
2.632000e+03 1.632982e-08
2.633000e+03 1.453580e-08
2.634000e+03 1.557284e-08
2.635000e+03 1.461693e-08
2.636000e+03 1.496437e-08
2.637000e+03 1.422127e-08
2.638000e+03 1.516048e-08
2.639000e+03 1.357991e-08
2.640000e+03 1.495749e-08
2.641000e+03 1.560203e-08
2.642000e+03 1.604954e-08
2.643000e+03 1.557162e-08
2.644000e+03 1.572997e-08
2.645000e+03 1.601833e-08
2.646000e+03 1.692405e-08
2.647000e+03 1.627153e-08
2.648000e+03 1.647996e-08
2.649000e+03 1.600257e-08
2.650000e+03 1.639002e-08
2.651000e+03 1.347129e-09
2.652000e+03 1.588079e-08
2.653000e+03 1.353259e-09
2.654000e+03 1.662246e-09
2.655000e+03 1.520274e-08
2.656000e+03 1.548335e-08
2.657000e+03 1.558186e-08
2.658000e+03 1.572352e-08
2.659000e+03 1.505509e-08
2.660000e+03 1.559137e-08
2.661000e+03 1.435356e-08
2.662000e+03 1.391166e-08
2.663000e+03 1.360719e-08
2.664000e+03 1.390326e-08
2.665000e+03 1.513313e-08
2.666000e+03 1.567797e-08
2.667000e+03 1.490890e-08
2.668000e+03 1.553063e-08
2.669000e+03 1.493932e-08
2.670000e+03 1.592268e-08
2.671000e+03 1.590955e-08
2.672000e+03 1.572758e-08
2.673000e+03 1.392205e-08
2.674000e+03 1.457514e-08
2.675000e+03 1.393999e-08
2.676000e+03 1.494483e-08
2.677000e+03 1.551202e-08
2.678000e+03 1.548895e-08
2.679000e+03 1.478863e-08
2.680000e+03 1.533033e-08
2.681000e+03 1.486208e-08
2.682000e+03 1.499659e-08
2.683000e+03 1.460352e-08
2.684000e+03 1.441337e-08
2.685000e+03 1.466562e-08
2.686000e+03 1.279904e-08
2.687000e+03 1.292223e-08
2.688000e+03 1.552941e-08
2.689000e+03 1.345406e-08
2.690000e+03 1.496708e-08
2.691000e+03 1.446391e-08
2.692000e+03 1.435928e-08
2.693000e+03 1.423502e-08
2.694000e+03 1.461252e-08
2.695000e+03 1.411052e-08
2.696000e+03 1.451372e-08
2.697000e+03 1.428802e-08
2.698000e+03 1.516840e-08
2.699000e+03 1.434034e-08
2.700000e+03 1.372219e-08
2.701000e+03 1.390555e-08
2.702000e+03 1.470936e-08
2.703000e+03 1.405038e-08
2.704000e+03 1.411440e-08
2.705000e+03 1.416433e-08
2.706000e+03 1.432496e-08
2.707000e+03 1.361166e-08
2.708000e+03 1.443140e-08
2.709000e+03 1.455339e-08
2.710000e+03 1.453317e-08
2.711000e+03 1.436730e-08
2.712000e+03 1.323382e-08
2.713000e+03 1.236172e-08
2.714000e+03 1.256370e-08
2.715000e+03 1.255974e-08
2.716000e+03 1.549714e-08
2.717000e+03 1.378005e-08
2.718000e+03 1.475343e-08
2.719000e+03 1.386020e-08
2.720000e+03 1.452167e-08
2.721000e+03 1.349748e-08
2.722000e+03 1.428093e-08
2.723000e+03 1.347950e-08
2.724000e+03 1.310165e-08
2.725000e+03 1.201345e-08
2.726000e+03 1.321472e-08
2.727000e+03 1.272640e-08
2.728000e+03 1.182739e-08
2.729000e+03 1.264410e-08
2.730000e+03 1.332864e-08
2.731000e+03 1.340324e-08
2.732000e+03 1.263304e-08
2.733000e+03 1.318183e-08
2.734000e+03 1.434433e-08
2.735000e+03 1.340892e-08
2.736000e+03 1.319603e-08
2.737000e+03 1.349009e-08
2.738000e+03 1.231862e-08
2.739000e+03 1.192558e-08
2.740000e+03 1.120635e-08
2.741000e+03 1.172938e-08
2.742000e+03 1.335616e-08
2.743000e+03 1.258787e-08
2.744000e+03 1.465953e-08
2.745000e+03 1.304231e-08
2.746000e+03 1.342300e-08
2.747000e+03 1.348982e-08
2.748000e+03 1.322324e-08
2.749000e+03 1.342556e-08
2.750000e+03 1.347663e-06
2.751000e+03 2.236508e-07
2.752000e+03 1.855903e-07
2.753000e+03 1.412685e-07
2.754000e+03 1.097067e-07
2.755000e+03 8.819780e-08
2.756000e+03 7.112841e-08
2.757000e+03 6.147860e-08
2.758000e+03 4.731962e-08
2.759000e+03 3.844963e-08
2.760000e+03 3.328031e-08
2.761000e+03 2.849743e-08
2.762000e+03 2.487826e-08
2.763000e+03 9.555405e-08
2.764000e+03 2.149607e-08
2.765000e+03 7.057233e-08
2.766000e+03 6.832190e-08
2.767000e+03 6.148660e-08
2.768000e+03 5.389141e-08
2.769000e+03 4.841048e-08
2.770000e+03 4.322508e-08
2.771000e+03 4.048254e-08
2.772000e+03 3.879249e-08
2.773000e+03 3.368322e-08
2.774000e+03 3.168574e-08
2.775000e+03 2.853140e-08
2.776000e+03 2.677421e-08
2.777000e+03 2.482902e-08
2.778000e+03 2.416703e-08
2.779000e+03 2.221272e-08
2.780000e+03 2.174913e-08
2.781000e+03 2.089360e-08
2.782000e+03 1.966903e-08
2.783000e+03 1.990780e-08
2.784000e+03 1.938847e-08
2.785000e+03 1.939462e-08
2.786000e+03 1.949686e-08
2.787000e+03 1.822776e-08
2.788000e+03 1.787613e-08
2.789000e+03 1.615588e-08
2.790000e+03 1.632725e-08
2.791000e+03 1.646290e-08
2.792000e+03 1.640274e-08
2.793000e+03 1.641454e-08
2.794000e+03 1.658370e-08
2.795000e+03 1.615315e-08
2.796000e+03 1.590684e-08
2.797000e+03 1.633786e-08
2.798000e+03 1.581837e-08
2.799000e+03 1.552504e-08
2.800000e+03 1.680053e-08
2.801000e+03 1.476559e-08
2.802000e+03 1.585975e-08
2.803000e+03 1.588733e-08
2.804000e+03 1.548131e-08
2.805000e+03 1.565232e-08
2.806000e+03 1.583904e-08
2.807000e+03 1.521139e-08
2.808000e+03 1.478012e-08
2.809000e+03 1.520097e-08
2.810000e+03 1.557909e-08
2.811000e+03 1.507112e-08
2.812000e+03 1.520832e-08
2.813000e+03 1.478694e-08
2.814000e+03 1.471152e-08
2.815000e+03 1.448090e-08
2.816000e+03 1.380661e-08
2.817000e+03 1.402557e-08
2.818000e+03 1.429406e-08
2.819000e+03 1.407511e-08
2.820000e+03 1.439339e-08
2.821000e+03 1.475116e-08
2.822000e+03 1.517736e-08
2.823000e+03 1.420588e-08
2.824000e+03 1.451506e-08
2.825000e+03 1.412025e-08
2.826000e+03 1.440007e-08
2.827000e+03 1.415759e-08
2.828000e+03 1.360050e-08
2.829000e+03 1.506017e-08
2.830000e+03 1.384074e-08
2.831000e+03 1.390650e-08
2.832000e+03 1.436889e-08
2.833000e+03 1.386728e-08
2.834000e+03 1.329627e-08
2.835000e+03 1.321703e-08
2.836000e+03 1.314097e-08
2.837000e+03 1.394693e-08
2.838000e+03 1.333319e-08
2.839000e+03 1.150309e-08
2.840000e+03 1.203783e-08
2.841000e+03 1.125753e-08
2.842000e+03 1.202043e-08
2.843000e+03 1.202016e-08
2.844000e+03 1.264288e-08
2.845000e+03 1.270318e-08
2.846000e+03 1.358373e-08
2.847000e+03 1.268638e-08
2.848000e+03 1.258302e-08
2.849000e+03 1.271491e-08
2.850000e+03 1.284549e-08
2.851000e+03 1.192294e-08
2.852000e+03 1.225973e-08
2.853000e+03 1.184825e-08
2.854000e+03 1.224832e-08
2.855000e+03 1.173468e-08
2.856000e+03 1.170522e-08
2.857000e+03 1.234065e-08
2.858000e+03 1.279004e-08
2.859000e+03 1.109509e-08
2.860000e+03 1.098196e-08
2.861000e+03 1.174502e-08
2.862000e+03 1.248677e-08
2.863000e+03 1.205511e-08
2.864000e+03 1.116824e-08
2.865000e+03 9.973600e-09
2.866000e+03 1.070154e-08
2.867000e+03 1.076796e-08
2.868000e+03 1.089293e-08
2.869000e+03 1.211322e-08
2.870000e+03 1.182922e-08
2.871000e+03 1.076301e-08
2.872000e+03 1.120416e-08
2.873000e+03 1.135872e-08
2.874000e+03 1.175156e-08
2.875000e+03 1.116368e-08
2.876000e+03 1.108589e-08
2.877000e+03 1.182807e-08
2.878000e+03 1.200760e-08
2.879000e+03 1.139879e-08
2.880000e+03 1.114809e-08
2.881000e+03 1.164130e-08
2.882000e+03 1.156683e-08
2.883000e+03 1.118199e-08
2.884000e+03 1.119523e-08
2.885000e+03 1.134221e-08
2.886000e+03 1.067954e-08
2.887000e+03 1.248653e-08
2.888000e+03 1.166060e-08
2.889000e+03 1.162721e-08
2.890000e+03 1.056173e-08
2.891000e+03 9.890289e-09
2.892000e+03 1.044872e-08
2.893000e+03 1.070757e-08
2.894000e+03 1.148961e-08
2.895000e+03 1.094705e-08
2.896000e+03 1.175449e-08
2.897000e+03 1.088961e-08
2.898000e+03 1.162227e-08
2.899000e+03 1.090815e-08
2.900000e+03 1.117560e-08
2.901000e+03 1.080493e-08
2.902000e+03 1.123840e-08
2.903000e+03 1.120330e-08
2.904000e+03 9.627636e-09
2.905000e+03 9.709833e-09
2.906000e+03 1.077095e-08
2.907000e+03 1.071023e-08
2.908000e+03 1.077640e-08
2.909000e+03 1.084066e-08
2.910000e+03 1.183447e-08
2.911000e+03 1.120788e-08
2.912000e+03 9.941821e-09
2.913000e+03 1.073843e-08
2.914000e+03 1.138487e-08
2.915000e+03 1.087274e-08
2.916000e+03 9.386994e-09
2.917000e+03 1.048426e-08
2.918000e+03 1.089011e-08
2.919000e+03 1.059173e-08
2.920000e+03 1.077405e-08
2.921000e+03 1.070632e-08
2.922000e+03 1.089413e-08
2.923000e+03 1.086288e-08
2.924000e+03 1.072457e-08
2.925000e+03 1.084776e-08
2.926000e+03 1.106695e-08
2.927000e+03 1.082449e-08
2.928000e+03 1.062686e-08
2.929000e+03 1.044228e-08
2.930000e+03 1.049271e-08
2.931000e+03 1.145532e-08
2.932000e+03 1.000378e-09
2.933000e+03 1.154533e-08
2.934000e+03 1.231701e-08
2.935000e+03 1.203252e-08
2.936000e+03 1.151317e-08
2.937000e+03 1.156872e-08
2.938000e+03 1.122387e-08
2.939000e+03 1.125515e-08
2.940000e+03 1.108668e-08
2.941000e+03 1.108779e-08
2.942000e+03 1.114308e-08
2.943000e+03 1.378001e-08
2.944000e+03 1.137838e-08
2.945000e+03 1.280932e-08
2.946000e+03 1.290353e-08
2.947000e+03 1.244236e-08
2.948000e+03 1.243902e-08
2.949000e+03 1.242961e-08
2.950000e+03 1.038921e-09
2.951000e+03 1.182799e-08
2.952000e+03 1.232971e-08
2.953000e+03 8.892259e-10
2.954000e+03 1.077769e-09
2.955000e+03 1.062958e-08
2.956000e+03 1.093480e-08
2.957000e+03 1.098283e-08
2.958000e+03 1.208502e-08
2.959000e+03 1.136843e-08
2.960000e+03 1.146848e-08
2.961000e+03 1.063989e-08
2.962000e+03 1.169163e-08
2.963000e+03 1.076843e-08
2.964000e+03 9.670155e-09
2.965000e+03 1.044546e-08
2.966000e+03 1.023538e-08
2.967000e+03 9.834066e-09
2.968000e+03 9.983797e-09
2.969000e+03 1.031766e-08
2.970000e+03 1.052279e-08
2.971000e+03 1.199815e-08
2.972000e+03 1.043380e-08
2.973000e+03 1.051237e-08
2.974000e+03 1.151444e-08
2.975000e+03 1.117359e-08
2.976000e+03 1.121179e-08
2.977000e+03 1.105623e-08
2.978000e+03 1.116523e-08
2.979000e+03 1.085917e-08
2.980000e+03 1.071432e-08
2.981000e+03 1.054807e-08
2.982000e+03 1.009094e-08
2.983000e+03 9.589091e-09
2.984000e+03 1.013699e-08
2.985000e+03 1.020714e-08
2.986000e+03 1.096712e-08
2.987000e+03 1.041704e-08
2.988000e+03 1.008496e-08
2.989000e+03 1.002232e-08
2.990000e+03 1.007623e-08
2.991000e+03 8.833520e-09
2.992000e+03 9.038974e-09
2.993000e+03 9.198211e-09
2.994000e+03 1.007660e-08
2.995000e+03 9.966146e-09
2.996000e+03 9.586634e-09
2.997000e+03 9.528236e-09
2.998000e+03 1.109074e-08
2.999000e+03 1.081680e-08
3.000000e+03 9.698931e-09
3.001000e+03 1.100848e-08
3.002000e+03 1.126152e-08
3.003000e+03 1.013122e-08
3.004000e+03 1.022558e-08
3.005000e+03 1.022093e-08
3.006000e+03 1.087101e-08
3.007000e+03 9.979217e-09
3.008000e+03 9.923768e-09
3.009000e+03 9.938786e-09
3.010000e+03 1.005750e-08
3.011000e+03 1.034995e-08
3.012000e+03 8.920223e-09
3.013000e+03 8.905671e-09
3.014000e+03 8.969229e-09
3.015000e+03 8.102229e-09
3.016000e+03 7.936015e-09
3.017000e+03 7.655097e-09
3.018000e+03 8.301735e-09
3.019000e+03 9.626280e-09
3.020000e+03 8.567633e-09
3.021000e+03 7.994448e-09
3.022000e+03 9.415711e-09
3.023000e+03 9.135895e-09
3.024000e+03 9.411244e-09
3.025000e+03 9.477989e-09
3.026000e+03 9.979535e-09
3.027000e+03 1.043549e-08
3.028000e+03 1.045582e-08
3.029000e+03 1.060887e-08
3.030000e+03 1.154562e-08
3.031000e+03 1.104698e-08
3.032000e+03 1.053057e-08
3.033000e+03 1.037620e-08
3.034000e+03 1.100721e-08
3.035000e+03 1.044847e-08
3.036000e+03 1.020038e-08
3.037000e+03 1.081752e-08
3.038000e+03 1.084553e-08
3.039000e+03 1.017810e-08
3.040000e+03 9.349421e-09
3.041000e+03 8.534586e-09
3.042000e+03 9.675744e-09
3.043000e+03 9.131360e-09
3.044000e+03 8.511610e-09
3.045000e+03 9.215602e-09
3.046000e+03 9.367671e-09
3.047000e+03 9.445928e-09
3.048000e+03 9.474756e-09
3.049000e+03 9.643451e-09
3.050000e+03 1.068449e-08
3.051000e+03 9.771333e-09
3.052000e+03 1.036409e-08
3.053000e+03 1.057083e-08
3.054000e+03 1.162847e-08
3.055000e+03 1.211887e-08
3.056000e+03 1.029118e-08
3.057000e+03 1.116268e-08
3.058000e+03 1.176635e-08
3.059000e+03 1.050290e-08
3.060000e+03 1.049553e-08
3.061000e+03 1.073244e-08
3.062000e+03 1.123512e-08
3.063000e+03 1.033097e-08
3.064000e+03 1.108804e-08
3.065000e+03 9.491793e-09
3.066000e+03 9.252969e-09
3.067000e+03 9.055501e-09
3.068000e+03 9.527485e-09
3.069000e+03 1.000625e-08
3.070000e+03 1.012207e-08
3.071000e+03 9.359148e-09
3.072000e+03 9.168474e-09
3.073000e+03 8.584162e-09
3.074000e+03 9.538169e-09
3.075000e+03 9.283558e-09
3.076000e+03 9.572422e-09
3.077000e+03 9.997133e-09
3.078000e+03 1.058818e-08
3.079000e+03 1.007590e-08
3.080000e+03 1.016495e-08
3.081000e+03 9.579764e-09
3.082000e+03 9.543629e-09
3.083000e+03 1.095355e-08
3.084000e+03 9.366639e-09
3.085000e+03 1.021821e-08
3.086000e+03 1.121695e-08
3.087000e+03 9.976268e-09
3.088000e+03 9.385892e-09
3.089000e+03 9.345508e-09
3.090000e+03 9.145057e-09
3.091000e+03 8.197545e-09
3.092000e+03 7.794444e-09
3.093000e+03 8.243234e-09
3.094000e+03 9.903522e-09
3.095000e+03 9.140834e-09
3.096000e+03 9.012726e-09
3.097000e+03 9.570757e-09
3.098000e+03 9.908754e-09
3.099000e+03 8.665183e-09
3.100000e+03 8.580888e-09
3.101000e+03 8.543071e-09
3.102000e+03 9.483727e-09
3.103000e+03 8.902666e-09
3.104000e+03 8.641921e-09
3.105000e+03 8.905593e-09
3.106000e+03 9.301539e-09
3.107000e+03 8.908259e-09
3.108000e+03 9.479842e-09
3.109000e+03 9.104641e-09
3.110000e+03 9.391397e-09
3.111000e+03 1.036565e-08
3.112000e+03 8.675924e-09
3.113000e+03 9.333078e-09
3.114000e+03 9.743213e-09
3.115000e+03 8.870846e-09
3.116000e+03 8.242434e-09
3.117000e+03 7.551742e-09
3.118000e+03 7.985296e-09
3.119000e+03 7.683530e-09
3.120000e+03 8.375515e-09
3.121000e+03 8.883598e-09
3.122000e+03 8.543071e-09
3.123000e+03 8.010338e-09
3.124000e+03 8.415515e-09
3.125000e+03 7.536566e-09
3.126000e+03 8.110953e-09
3.127000e+03 7.667242e-09
3.128000e+03 8.002037e-09
3.129000e+03 8.357768e-09
3.130000e+03 9.041547e-09
3.131000e+03 8.293473e-09
3.132000e+03 8.421620e-09
3.133000e+03 9.139662e-09
3.134000e+03 8.328163e-09
3.135000e+03 7.607920e-09
3.136000e+03 7.677635e-09
3.137000e+03 8.106299e-09
3.138000e+03 9.357382e-09
3.139000e+03 9.191154e-09
3.140000e+03 7.582795e-09
3.141000e+03 8.139248e-09
3.142000e+03 7.807791e-09
3.143000e+03 7.013181e-09
3.144000e+03 6.811170e-09
3.145000e+03 7.221201e-09
3.146000e+03 8.179815e-09
3.147000e+03 8.108888e-09
3.148000e+03 7.943527e-09
3.149000e+03 8.015449e-09
3.150000e+03 8.463718e-09
3.151000e+03 8.307903e-09
3.152000e+03 7.108525e-09
3.153000e+03 7.298697e-09
3.154000e+03 8.109691e-09
3.155000e+03 7.696559e-09
3.156000e+03 8.024546e-09
3.157000e+03 8.894546e-09
3.158000e+03 8.683242e-09
3.159000e+03 8.099958e-09
3.160000e+03 8.149759e-09
3.161000e+03 7.762887e-09
3.162000e+03 8.231090e-09
3.163000e+03 7.881729e-09
3.164000e+03 7.971473e-09
3.165000e+03 8.206866e-09
3.166000e+03 8.349804e-09
3.167000e+03 9.336002e-09
3.168000e+03 7.208304e-09
3.169000e+03 7.412788e-09
3.170000e+03 8.205257e-09
3.171000e+03 7.503142e-09
3.172000e+03 7.911160e-09
3.173000e+03 7.836818e-09
3.174000e+03 8.916245e-09
3.175000e+03 7.891479e-09
3.176000e+03 7.835901e-09
3.177000e+03 8.298656e-09
3.178000e+03 8.656661e-09
3.179000e+03 7.186487e-09
3.180000e+03 6.833546e-09
3.181000e+03 7.553170e-09
3.182000e+03 8.343753e-09
3.183000e+03 7.930557e-09
3.184000e+03 8.328194e-09
3.185000e+03 7.434786e-09
3.186000e+03 7.708971e-09
3.187000e+03 7.958473e-09
3.188000e+03 7.421955e-09
3.189000e+03 7.997898e-09
3.190000e+03 8.359566e-09
3.191000e+03 7.731031e-09
3.192000e+03 7.356352e-09
3.193000e+03 6.677595e-09
3.194000e+03 7.589804e-09
3.195000e+03 9.022991e-09
3.196000e+03 7.919606e-09
3.197000e+03 8.244003e-09
3.198000e+03 9.018509e-09
3.199000e+03 8.283871e-09
3.200000e+03 8.070736e-09
3.201000e+03 7.650238e-09
3.202000e+03 8.107435e-09
3.203000e+03 7.785040e-09
3.204000e+03 8.470997e-09
3.205000e+03 8.307516e-09
3.206000e+03 7.213932e-09
3.207000e+03 7.179928e-09
3.208000e+03 7.393210e-09
3.209000e+03 7.794802e-09
3.210000e+03 8.620612e-09
3.211000e+03 8.614529e-09
3.212000e+03 7.576088e-09
3.213000e+03 7.277252e-09
3.214000e+03 8.016884e-09
3.215000e+03 7.461702e-09
3.216000e+03 7.990643e-09
3.217000e+03 7.800363e-09
3.218000e+03 7.119247e-09
3.219000e+03 6.781953e-09
3.220000e+03 7.309846e-09
3.221000e+03 7.483794e-09
3.222000e+03 7.644313e-09
3.223000e+03 6.762546e-09
3.224000e+03 1.800649e-06
3.225000e+03 2.610739e-07
3.226000e+03 2.397649e-07
3.227000e+03 1.919235e-07
3.228000e+03 1.495239e-07
3.229000e+03 1.162561e-07
3.230000e+03 8.972980e-08
3.231000e+03 7.162286e-08
3.232000e+03 5.292886e-08
3.233000e+03 4.429067e-08
3.234000e+03 3.595253e-08
3.235000e+03 3.003460e-08
3.236000e+03 2.544352e-08
3.237000e+03 2.324797e-08
3.238000e+03 2.010851e-08
3.239000e+03 8.178854e-08
3.240000e+03 1.779138e-08
3.241000e+03 6.051299e-08
3.242000e+03 5.765194e-08
3.243000e+03 4.864768e-08
3.244000e+03 4.259228e-08
3.245000e+03 3.741254e-08
3.246000e+03 3.406830e-08
3.247000e+03 2.994428e-08
3.248000e+03 2.575321e-08
3.249000e+03 2.408776e-08
3.250000e+03 2.104054e-08
3.251000e+03 1.900709e-08
3.252000e+03 1.837007e-08
3.253000e+03 1.855891e-08
3.254000e+03 1.732034e-08
3.255000e+03 1.694443e-08
3.256000e+03 1.724923e-08
3.257000e+03 1.638993e-08
3.258000e+03 1.658654e-08
3.259000e+03 1.541062e-08
3.260000e+03 1.364585e-08
3.261000e+03 1.382340e-08
3.262000e+03 1.483240e-08
3.263000e+03 1.409403e-08
3.264000e+03 1.389446e-08
3.265000e+03 1.344864e-08
3.266000e+03 1.371597e-08
3.267000e+03 1.235527e-08
3.268000e+03 1.239934e-08
3.269000e+03 1.197742e-08
3.270000e+03 1.138199e-08
3.271000e+03 1.080924e-08
3.272000e+03 1.064883e-08
3.273000e+03 1.087928e-08
3.274000e+03 1.063562e-08
3.275000e+03 1.032219e-08
3.276000e+03 1.112239e-08
3.277000e+03 1.157506e-08
3.278000e+03 1.157997e-08
3.279000e+03 1.114325e-08
3.280000e+03 1.116862e-08
3.281000e+03 1.230134e-08
3.282000e+03 1.082179e-08
3.283000e+03 1.121148e-08
3.284000e+03 1.174449e-08
3.285000e+03 1.129000e-08
3.286000e+03 1.137932e-08
3.287000e+03 1.051996e-08
3.288000e+03 9.603793e-09
3.289000e+03 9.977307e-09
3.290000e+03 1.036632e-08
3.291000e+03 9.976032e-09
3.292000e+03 1.074535e-08
3.293000e+03 9.687886e-09
3.294000e+03 1.055584e-08
3.295000e+03 9.332283e-09
3.296000e+03 9.198920e-09
3.297000e+03 9.335670e-09
3.298000e+03 1.053153e-08
3.299000e+03 9.789149e-09
3.300000e+03 9.329149e-09
3.301000e+03 1.088416e-08
3.302000e+03 9.312564e-09
3.303000e+03 8.794925e-09
3.304000e+03 9.304244e-09
3.305000e+03 9.206669e-09
3.306000e+03 1.022475e-08
3.307000e+03 9.498575e-09
3.308000e+03 9.223072e-09
3.309000e+03 1.082877e-08
3.310000e+03 8.775784e-09
3.311000e+03 9.188710e-09
3.312000e+03 9.932021e-09
3.313000e+03 9.273960e-09
3.314000e+03 9.808140e-09
3.315000e+03 8.477191e-09
3.316000e+03 7.979594e-09
3.317000e+03 7.667651e-09
3.318000e+03 8.703418e-09
3.319000e+03 8.563525e-09
3.320000e+03 8.004969e-09
3.321000e+03 7.272511e-09
3.322000e+03 7.483670e-09
3.323000e+03 7.446897e-09
3.324000e+03 7.733176e-09
3.325000e+03 8.131330e-09
3.326000e+03 8.531624e-09
3.327000e+03 7.530557e-09
3.328000e+03 8.716395e-09
3.329000e+03 7.497949e-09
3.330000e+03 7.709896e-09
3.331000e+03 8.060598e-09
3.332000e+03 7.772396e-09
3.333000e+03 8.045093e-09
3.334000e+03 7.902293e-09
3.335000e+03 7.748996e-09
3.336000e+03 8.491088e-09
3.337000e+03 9.419929e-09
3.338000e+03 7.694848e-09
3.339000e+03 8.564638e-09
3.340000e+03 8.543636e-09
3.341000e+03 8.291261e-09
3.342000e+03 7.418075e-09
3.343000e+03 7.139203e-09
3.344000e+03 7.314726e-09
3.345000e+03 7.565127e-09
3.346000e+03 7.610667e-09
3.347000e+03 6.578721e-09
3.348000e+03 6.425659e-09
3.349000e+03 7.828231e-09
3.350000e+03 8.896383e-09
3.351000e+03 7.126196e-09
3.352000e+03 7.115017e-09
3.353000e+03 6.561606e-09
3.354000e+03 7.049966e-09
3.355000e+03 6.646122e-09
3.356000e+03 6.917136e-09
3.357000e+03 6.709253e-09
3.358000e+03 8.726575e-09
3.359000e+03 7.292987e-09
3.360000e+03 7.201920e-09
3.361000e+03 8.049065e-09
3.362000e+03 8.140116e-09
3.363000e+03 8.629424e-09
3.364000e+03 7.334410e-09
3.365000e+03 8.789694e-09
3.366000e+03 7.477486e-09
3.367000e+03 7.654270e-09
3.368000e+03 8.267640e-09
3.369000e+03 7.250100e-09
3.370000e+03 6.528309e-09
3.371000e+03 6.358125e-09
3.372000e+03 6.434221e-09
3.373000e+03 6.629875e-09
3.374000e+03 7.333000e-09
3.375000e+03 7.100720e-09
3.376000e+03 7.187483e-09
3.377000e+03 6.844259e-09
3.378000e+03 6.980065e-09
3.379000e+03 6.771787e-09
3.380000e+03 6.797901e-09
3.381000e+03 6.837895e-09
3.382000e+03 7.739651e-09
3.383000e+03 7.183213e-09
3.384000e+03 7.327047e-09
3.385000e+03 7.430050e-09
3.386000e+03 7.994379e-09
3.387000e+03 7.434158e-09
3.388000e+03 7.264648e-09
3.389000e+03 7.441744e-09
3.390000e+03 7.060934e-09
3.391000e+03 7.241421e-09
3.392000e+03 6.902911e-09
3.393000e+03 7.975787e-09
3.394000e+03 7.677120e-09
3.395000e+03 7.493287e-09
3.396000e+03 7.192824e-09
3.397000e+03 7.614662e-09
3.398000e+03 6.807448e-09
3.399000e+03 6.506725e-09
3.400000e+03 6.795750e-09
3.401000e+03 6.756004e-09
3.402000e+03 7.738245e-09
3.403000e+03 6.723189e-09
3.404000e+03 6.614338e-09
3.405000e+03 6.879428e-09
3.406000e+03 7.637803e-09
3.407000e+03 7.177471e-09
3.408000e+03 7.059953e-09
3.409000e+03 7.191433e-09
3.410000e+03 7.589966e-09
3.411000e+03 7.176286e-09
3.412000e+03 7.206123e-09
3.413000e+03 7.218196e-09
3.414000e+03 7.751782e-09
3.415000e+03 6.962820e-09
3.416000e+03 7.085831e-09
3.417000e+03 6.694978e-09
3.418000e+03 7.394423e-09
3.419000e+03 7.242964e-09
3.420000e+03 7.691102e-09
3.421000e+03 9.154315e-09
3.422000e+03 8.011217e-09
3.423000e+03 7.667584e-09
3.424000e+03 8.221529e-09
3.425000e+03 8.041663e-09
3.426000e+03 8.135799e-09
3.427000e+03 7.745613e-09
3.428000e+03 7.197809e-09
3.429000e+03 7.477693e-09
3.430000e+03 7.668959e-09
3.431000e+03 7.929532e-09
3.432000e+03 8.307796e-09
3.433000e+03 8.154877e-09
3.434000e+03 8.333050e-09
3.435000e+03 6.830681e-09
3.436000e+03 7.357822e-09
3.437000e+03 7.405409e-09
3.438000e+03 9.055030e-09
3.439000e+03 8.084122e-09
3.440000e+03 8.260312e-09
3.441000e+03 7.947995e-09
3.442000e+03 8.156551e-09
3.443000e+03 7.399786e-09
3.444000e+03 7.321477e-09
3.445000e+03 7.568405e-09
3.446000e+03 8.609926e-09
3.447000e+03 7.474289e-09
3.448000e+03 6.672971e-09
3.449000e+03 9.183613e-09
3.450000e+03 7.762882e-09
3.451000e+03 8.018062e-09
3.452000e+03 7.618682e-09
3.453000e+03 6.882967e-09
3.454000e+03 7.409805e-09
3.455000e+03 6.834404e-09
3.456000e+03 6.977448e-09
3.457000e+03 7.526705e-09
3.458000e+03 7.606668e-09
3.459000e+03 7.581793e-09
3.460000e+03 7.708099e-09
3.461000e+03 7.460230e-09
3.462000e+03 6.988002e-09
3.463000e+03 6.889388e-09
3.464000e+03 7.189598e-09
3.465000e+03 7.243415e-09
3.466000e+03 7.363712e-09
3.467000e+03 7.459939e-09
3.468000e+03 7.603696e-09
3.469000e+03 7.313482e-09
3.470000e+03 7.833843e-09
3.471000e+03 7.308887e-09
3.472000e+03 6.603196e-09
3.473000e+03 6.439706e-09
3.474000e+03 6.430017e-09
3.475000e+03 6.393732e-09
3.476000e+03 6.386176e-09
3.477000e+03 8.052830e-09
3.478000e+03 7.025774e-09
3.479000e+03 6.745421e-09
3.480000e+03 6.850679e-09
3.481000e+03 7.925958e-09
3.482000e+03 7.209123e-09
3.483000e+03 6.193663e-09
3.484000e+03 6.579201e-09
3.485000e+03 6.758793e-09
3.486000e+03 7.373257e-09
3.487000e+03 7.037042e-09
3.488000e+03 7.063055e-09
3.489000e+03 6.238464e-09
3.490000e+03 7.537455e-09
3.491000e+03 6.790305e-09
3.492000e+03 7.020597e-09
3.493000e+03 6.770214e-09
3.494000e+03 6.928608e-09
3.495000e+03 6.605633e-09
3.496000e+03 6.903997e-09
3.497000e+03 6.663965e-09
3.498000e+03 6.524619e-09
3.499000e+03 5.936842e-09
3.500000e+03 5.734895e-09
