Title ="THE FLUX ERR"
Variables=
iter
residual
1.000000e+00 3.508001e-04
2.000000e+00 3.863817e-03
3.000000e+00 8.843311e-04
4.000000e+00 6.808917e-04
5.000000e+00 2.938409e-04
6.000000e+00 3.133964e-04
7.000000e+00 2.582407e-04
8.000000e+00 1.994479e-04
9.000000e+00 3.098274e-04
1.000000e+01 1.965894e-04
1.100000e+01 1.486279e-04
1.200000e+01 5.400095e-05
1.300000e+01 7.195818e-05
1.400000e+01 1.206793e-04
1.500000e+01 4.918234e-05
1.600000e+01 2.144959e-04
1.700000e+01 1.895815e-04
1.800000e+01 1.057266e-04
1.900000e+01 5.679544e-05
2.000000e+01 7.969539e-05
2.100000e+01 4.535569e-05
2.200000e+01 5.481273e-05
2.300000e+01 5.144904e-05
2.400000e+01 5.854339e-05
2.500000e+01 3.137799e-05
2.600000e+01 2.814381e-05
2.700000e+01 2.074737e-05
2.800000e+01 1.006481e-05
2.900000e+01 1.315860e-05
3.000000e+01 5.419388e-06
3.100000e+01 5.211063e-06
3.200000e+01 1.419448e-05
3.300000e+01 2.877949e-06
3.400000e+01 5.386376e-06
3.500000e+01 3.426211e-06
3.600000e+01 4.555210e-06
3.700000e+01 5.694227e-06
3.800000e+01 2.894121e-06
3.900000e+01 3.266445e-06
4.000000e+01 2.163882e-06
4.100000e+01 1.852343e-06
4.200000e+01 2.779370e-06
4.300000e+01 2.097576e-06
4.400000e+01 4.066296e-06
4.500000e+01 1.693789e-06
4.600000e+01 3.428965e-06
4.700000e+01 1.920982e-06
4.800000e+01 2.335353e-06
4.900000e+01 5.771541e-06
5.000000e+01 6.689078e-06
5.100000e+01 2.566385e-06
5.200000e+01 6.593281e-06
5.300000e+01 1.108688e-06
5.400000e+01 7.188860e-06
5.500000e+01 6.019233e-06
5.600000e+01 1.247793e-06
5.700000e+01 2.088082e-06
5.800000e+01 2.783330e-06
5.900000e+01 3.333293e-06
6.000000e+01 8.581731e-06
6.100000e+01 6.904889e-06
6.200000e+01 2.844743e-06
6.300000e+01 1.676669e-06
6.400000e+01 1.740450e-06
6.500000e+01 2.185768e-06
6.600000e+01 4.044586e-07
6.700000e+01 4.974790e-07
6.800000e+01 6.019496e-06
6.900000e+01 4.301160e-07
7.000000e+01 6.431785e-06
7.100000e+01 3.655705e-07
7.200000e+01 1.309155e-06
7.300000e+01 6.362761e-06
7.400000e+01 1.361539e-06
7.500000e+01 2.878274e-06
7.600000e+01 9.530256e-07
7.700000e+01 4.212693e-07
7.800000e+01 5.883559e-06
7.900000e+01 2.973112e-06
8.000000e+01 4.094254e-06
8.100000e+01 2.160509e-06
8.200000e+01 1.605588e-06
8.300000e+01 5.850392e-06
8.400000e+01 3.292991e-07
8.500000e+01 9.019282e-07
8.600000e+01 1.761125e-06
8.700000e+01 6.183945e-07
8.800000e+01 2.460900e-07
8.900000e+01 2.328898e-06
9.000000e+01 7.690090e-07
9.100000e+01 6.447523e-07
9.200000e+01 2.965519e-06
9.300000e+01 5.985072e-06
9.400000e+01 3.160550e-06
9.500000e+01 2.167957e-06
9.600000e+01 1.131385e-06
9.700000e+01 6.147657e-06
9.800000e+01 2.309463e-06
9.900000e+01 2.017426e-06
1.000000e+02 2.909319e-06
1.010000e+02 4.106662e-06
1.020000e+02 3.050040e-06
1.030000e+02 3.189586e-06
1.040000e+02 5.296125e-06
1.050000e+02 3.447036e-06
1.060000e+02 4.436955e-06
1.070000e+02 2.264290e-06
1.080000e+02 4.426087e-06
1.090000e+02 3.605430e-06
1.100000e+02 4.988563e-06
1.110000e+02 3.751235e-06
1.120000e+02 2.623360e-06
1.130000e+02 3.740737e-06
1.140000e+02 3.255768e-06
1.150000e+02 3.731719e-06
1.160000e+02 2.700355e-06
1.170000e+02 4.172246e-06
1.180000e+02 1.162069e-06
1.190000e+02 3.357340e-06
1.200000e+02 2.911953e-06
1.210000e+02 3.547677e-06
1.220000e+02 1.612366e-06
1.230000e+02 3.356724e-06
1.240000e+02 4.189189e-06
1.250000e+02 2.298325e-06
1.260000e+02 1.919842e-06
1.270000e+02 3.357196e-07
1.280000e+02 4.639425e-06
1.290000e+02 4.901037e-06
1.300000e+02 3.229200e-06
1.310000e+02 3.249016e-06
1.320000e+02 3.579824e-06
1.330000e+02 4.001237e-07
1.340000e+02 1.459100e-06
1.350000e+02 2.074739e-06
1.360000e+02 1.716038e-06
1.370000e+02 1.554342e-06
1.380000e+02 1.679577e-06
1.390000e+02 1.325487e-06
1.400000e+02 2.061437e-06
1.410000e+02 3.315098e-06
1.420000e+02 1.620209e-06
1.430000e+02 1.871425e-06
1.440000e+02 2.739516e-06
1.450000e+02 4.256080e-06
1.460000e+02 1.447521e-06
1.470000e+02 1.215973e-06
1.480000e+02 1.200324e-06
1.490000e+02 9.918461e-07
1.500000e+02 1.199497e-06
1.510000e+02 2.055014e-06
1.520000e+02 1.021831e-06
1.530000e+02 5.213927e-06
1.540000e+02 1.659856e-06
1.550000e+02 1.241407e-06
1.560000e+02 1.894899e-06
1.570000e+02 1.686363e-06
1.580000e+02 1.509392e-06
1.590000e+02 1.325827e-06
1.600000e+02 2.138697e-06
1.610000e+02 2.597722e-06
1.620000e+02 1.115847e-06
1.630000e+02 8.695297e-06
1.640000e+02 2.738055e-06
1.650000e+02 2.410299e-06
1.660000e+02 1.633150e-06
1.670000e+02 9.311504e-06
1.680000e+02 1.641497e-06
1.690000e+02 1.986593e-06
1.700000e+02 8.103637e-06
1.710000e+02 7.444645e-06
1.720000e+02 8.636488e-06
1.730000e+02 9.245638e-06
1.740000e+02 7.345423e-06
1.750000e+02 7.338991e-06
1.760000e+02 7.378869e-06
1.770000e+02 4.561437e-06
1.780000e+02 4.787292e-06
1.790000e+02 6.989539e-06
1.800000e+02 8.539550e-06
1.810000e+02 5.610813e-06
1.820000e+02 4.557936e-06
1.830000e+02 4.874530e-06
1.840000e+02 4.748662e-06
1.850000e+02 5.706059e-06
1.860000e+02 8.133375e-06
1.870000e+02 5.321176e-06
1.880000e+02 3.091859e-06
1.890000e+02 4.465711e-06
1.900000e+02 5.319345e-06
1.910000e+02 4.334948e-06
1.920000e+02 3.817316e-06
1.930000e+02 3.808708e-06
1.940000e+02 4.898447e-06
1.950000e+02 3.975026e-06
1.960000e+02 4.391739e-06
1.970000e+02 3.883782e-06
1.980000e+02 4.835565e-06
1.990000e+02 4.493231e-06
2.000000e+02 4.872053e-06
2.010000e+02 3.464164e-06
2.020000e+02 2.855968e-06
2.030000e+02 3.897602e-06
2.040000e+02 5.381846e-06
2.050000e+02 3.456136e-06
2.060000e+02 4.372481e-06
2.070000e+02 4.094122e-06
2.080000e+02 5.418859e-06
2.090000e+02 1.775967e-05
2.100000e+02 1.787744e-05
2.110000e+02 1.928775e-05
2.120000e+02 1.864476e-05
2.130000e+02 2.042084e-05
2.140000e+02 1.988497e-05
2.150000e+02 2.005110e-05
2.160000e+02 2.044710e-05
2.170000e+02 4.828669e-06
2.180000e+02 1.605882e-05
2.190000e+02 2.161857e-05
2.200000e+02 2.118712e-05
2.210000e+02 7.056804e-06
2.220000e+02 1.810587e-05
2.230000e+02 2.108708e-05
2.240000e+02 5.698411e-06
2.250000e+02 1.982066e-05
2.260000e+02 2.093653e-05
2.270000e+02 2.468152e-05
2.280000e+02 5.870735e-06
2.290000e+02 1.603517e-05
2.300000e+02 2.000132e-05
2.310000e+02 2.785494e-05
2.320000e+02 2.558857e-05
2.330000e+02 2.370630e-05
2.340000e+02 2.388511e-05
2.350000e+02 2.338209e-05
2.360000e+02 2.327042e-05
2.370000e+02 2.452176e-05
2.380000e+02 2.523499e-05
2.390000e+02 2.536764e-05
2.400000e+02 6.769423e-06
2.410000e+02 1.966824e-05
2.420000e+02 2.251295e-05
2.430000e+02 2.474644e-05
2.440000e+02 2.728299e-05
2.450000e+02 2.740762e-05
2.460000e+02 2.857605e-05
2.470000e+02 2.402407e-05
2.480000e+02 2.414895e-05
2.490000e+02 2.283935e-05
2.500000e+02 2.689323e-05
2.510000e+02 5.852199e-06
2.520000e+02 2.035902e-05
2.530000e+02 2.518130e-05
2.540000e+02 2.556542e-05
2.550000e+02 2.909535e-05
2.560000e+02 2.850991e-05
2.570000e+02 2.958576e-05
2.580000e+02 2.599369e-05
2.590000e+02 2.946575e-05
2.600000e+02 2.735227e-05
2.610000e+02 2.791357e-05
2.620000e+02 2.707724e-05
2.630000e+02 2.796796e-05
2.640000e+02 2.983514e-05
2.650000e+02 2.623254e-05
2.660000e+02 2.864938e-05
2.670000e+02 2.424362e-05
2.680000e+02 2.092783e-05
2.690000e+02 2.383177e-05
2.700000e+02 2.514303e-05
2.710000e+02 2.273859e-05
2.720000e+02 2.384414e-05
2.730000e+02 2.376196e-05
2.740000e+02 2.563031e-05
2.750000e+02 2.411097e-05
2.760000e+02 2.360456e-05
2.770000e+02 2.407021e-05
2.780000e+02 2.436477e-05
2.790000e+02 2.279972e-05
2.800000e+02 2.195595e-05
2.810000e+02 2.064317e-05
2.820000e+02 2.381686e-05
2.830000e+02 2.358185e-05
2.840000e+02 2.383514e-05
2.850000e+02 2.461235e-05
2.860000e+02 2.011167e-05
2.870000e+02 1.782331e-05
2.880000e+02 1.929970e-05
2.890000e+02 2.089742e-05
2.900000e+02 1.809874e-05
2.910000e+02 1.765547e-05
2.920000e+02 1.825051e-05
2.930000e+02 1.960220e-05
2.940000e+02 1.680268e-05
2.950000e+02 1.696505e-05
2.960000e+02 1.668759e-05
2.970000e+02 1.853575e-05
2.980000e+02 1.827174e-05
2.990000e+02 1.831936e-05
3.000000e+02 1.485261e-05
3.010000e+02 1.653056e-05
3.020000e+02 1.596649e-05
3.030000e+02 1.505086e-05
3.040000e+02 1.723678e-05
3.050000e+02 1.838531e-05
3.060000e+02 1.943593e-05
3.070000e+02 1.890216e-05
3.080000e+02 1.996298e-05
3.090000e+02 2.108870e-05
3.100000e+02 1.882220e-05
3.110000e+02 2.542860e-05
3.120000e+02 2.494376e-05
3.130000e+02 3.234479e-05
3.140000e+02 2.093515e-05
3.150000e+02 2.286243e-05
3.160000e+02 1.977395e-05
3.170000e+02 2.298696e-05
3.180000e+02 2.258115e-05
3.190000e+02 2.429622e-05
3.200000e+02 2.397320e-05
3.210000e+02 2.533955e-05
3.220000e+02 3.110154e-05
3.230000e+02 2.841088e-05
3.240000e+02 3.170114e-05
3.250000e+02 3.809958e-05
3.260000e+02 3.572400e-05
3.270000e+02 3.094492e-05
3.280000e+02 3.497584e-05
3.290000e+02 3.049094e-05
3.300000e+02 9.512264e-06
3.310000e+02 2.786593e-05
3.320000e+02 3.216141e-05
3.330000e+02 3.542230e-05
3.340000e+02 3.775975e-05
3.350000e+02 3.169590e-05
3.360000e+02 7.338812e-06
3.370000e+02 2.690428e-05
3.380000e+02 3.531263e-05
3.390000e+02 3.538765e-05
3.400000e+02 6.406969e-06
3.410000e+02 2.832763e-05
3.420000e+02 1.318582e-05
3.430000e+02 2.748511e-05
3.440000e+02 1.031659e-05
3.450000e+02 3.266370e-05
3.460000e+02 5.177051e-06
3.470000e+02 3.158169e-05
3.480000e+02 6.387016e-06
3.490000e+02 2.715971e-05
3.500000e+02 1.188692e-05
3.510000e+02 3.393099e-05
3.520000e+02 1.268266e-05
3.530000e+02 6.500695e-06
3.540000e+02 5.592424e-06
3.550000e+02 3.226247e-05
3.560000e+02 5.425120e-06
3.570000e+02 6.751693e-06
3.580000e+02 6.727580e-06
3.590000e+02 5.985186e-06
3.600000e+02 5.917179e-06
3.610000e+02 7.298464e-06
3.620000e+02 5.914251e-06
3.630000e+02 1.624855e-05
3.640000e+02 4.793010e-06
3.650000e+02 6.349118e-06
3.660000e+02 5.287100e-06
3.670000e+02 8.366207e-06
3.680000e+02 8.515454e-06
3.690000e+02 7.692929e-06
3.700000e+02 9.079521e-06
3.710000e+02 7.238514e-06
3.720000e+02 7.033935e-06
3.730000e+02 7.702550e-06
3.740000e+02 7.916328e-06
3.750000e+02 5.426709e-06
3.760000e+02 4.519331e-06
3.770000e+02 3.783284e-06
3.780000e+02 4.626775e-06
3.790000e+02 7.616183e-06
3.800000e+02 8.779774e-06
3.810000e+02 9.651572e-06
3.820000e+02 8.187592e-06
3.830000e+02 7.877943e-06
3.840000e+02 9.173850e-06
3.850000e+02 8.311077e-06
3.860000e+02 1.243283e-06
3.870000e+02 7.577877e-06
3.880000e+02 8.911546e-07
3.890000e+02 5.091900e-06
3.900000e+02 5.753286e-06
3.910000e+02 8.264278e-06
3.920000e+02 1.373138e-06
3.930000e+02 6.525383e-06
3.940000e+02 6.402165e-06
3.950000e+02 6.535480e-06
3.960000e+02 4.606342e-06
3.970000e+02 4.847860e-06
3.980000e+02 4.665654e-06
3.990000e+02 3.414836e-06
4.000000e+02 4.029317e-06
4.010000e+02 4.365788e-06
4.020000e+02 4.392753e-06
4.030000e+02 4.875293e-06
4.040000e+02 3.165379e-06
4.050000e+02 2.524140e-06
4.060000e+02 3.464895e-06
4.070000e+02 2.321308e-06
4.080000e+02 2.422061e-06
4.090000e+02 2.532924e-06
4.100000e+02 2.048488e-06
4.110000e+02 2.127166e-06
4.120000e+02 2.104834e-06
4.130000e+02 2.213031e-06
4.140000e+02 3.329925e-06
4.150000e+02 3.627308e-06
4.160000e+02 2.687659e-06
4.170000e+02 3.716997e-06
4.180000e+02 2.867504e-06
4.190000e+02 3.169783e-06
4.200000e+02 2.595222e-06
4.210000e+02 3.350164e-06
4.220000e+02 3.693441e-06
4.230000e+02 2.652044e-06
4.240000e+02 3.816666e-06
4.250000e+02 4.563987e-06
4.260000e+02 3.041619e-06
4.270000e+02 7.728895e-07
4.280000e+02 4.248515e-06
4.290000e+02 3.883951e-06
4.300000e+02 4.314035e-06
4.310000e+02 1.343362e-06
4.320000e+02 1.440981e-06
4.330000e+02 2.670590e-06
4.340000e+02 1.687410e-06
4.350000e+02 3.447663e-06
4.360000e+02 1.820084e-06
4.370000e+02 1.958887e-06
4.380000e+02 1.725088e-06
4.390000e+02 7.875239e-07
4.400000e+02 3.308267e-06
4.410000e+02 3.887468e-06
4.420000e+02 1.869998e-06
4.430000e+02 3.417187e-06
4.440000e+02 1.796547e-07
4.450000e+02 3.746627e-06
4.460000e+02 4.313293e-07
4.470000e+02 1.528048e-06
4.480000e+02 2.252302e-06
4.490000e+02 4.600164e-07
4.500000e+02 7.765347e-07
4.510000e+02 2.680446e-06
4.520000e+02 1.897081e-06
4.530000e+02 2.060220e-06
4.540000e+02 6.970168e-07
4.550000e+02 2.333388e-06
4.560000e+02 7.428784e-07
4.570000e+02 2.170622e-06
4.580000e+02 2.435300e-06
4.590000e+02 1.147426e-06
4.600000e+02 1.050584e-06
4.610000e+02 1.348843e-06
4.620000e+02 3.002622e-08
4.630000e+02 2.172320e-06
4.640000e+02 1.836884e-06
4.650000e+02 7.038068e-08
4.660000e+02 1.637054e-06
4.670000e+02 2.372678e-06
4.680000e+02 1.018337e-06
4.690000e+02 1.532716e-06
4.700000e+02 9.564464e-07
4.710000e+02 9.269554e-07
4.720000e+02 1.988903e-06
4.730000e+02 1.947826e-06
4.740000e+02 1.260885e-06
4.750000e+02 1.803885e-06
4.760000e+02 2.011852e-06
4.770000e+02 3.942380e-07
4.780000e+02 1.503352e-06
4.790000e+02 1.797900e-06
4.800000e+02 3.351412e-07
4.810000e+02 1.185783e-06
4.820000e+02 2.202723e-06
4.830000e+02 1.059642e-06
4.840000e+02 5.568563e-07
4.850000e+02 1.415983e-06
4.860000e+02 1.091427e-06
4.870000e+02 5.562645e-07
4.880000e+02 3.347799e-06
4.890000e+02 1.036962e-06
4.900000e+02 8.073020e-07
4.910000e+02 3.664495e-06
4.920000e+02 5.059072e-06
4.930000e+02 2.544061e-06
4.940000e+02 1.252298e-06
4.950000e+02 2.001979e-06
4.960000e+02 1.743137e-06
4.970000e+02 4.461486e-06
4.980000e+02 3.280043e-06
4.990000e+02 2.197359e-06
5.000000e+02 2.805345e-06
5.010000e+02 1.035790e-06
5.020000e+02 2.416986e-06
5.030000e+02 1.354948e-06
5.040000e+02 1.362650e-06
5.050000e+02 1.617593e-06
5.060000e+02 4.986937e-06
5.070000e+02 3.852619e-06
5.080000e+02 9.356102e-07
5.090000e+02 4.027976e-06
5.100000e+02 1.259944e-06
5.110000e+02 3.796694e-06
5.120000e+02 2.445455e-06
5.130000e+02 1.516300e-06
5.140000e+02 2.862928e-06
5.150000e+02 1.666818e-06
5.160000e+02 2.880913e-06
5.170000e+02 3.029635e-06
5.180000e+02 2.334054e-06
5.190000e+02 2.147042e-06
5.200000e+02 1.558630e-06
5.210000e+02 1.916626e-06
5.220000e+02 1.974510e-06
5.230000e+02 1.403772e-06
5.240000e+02 1.502236e-06
5.250000e+02 1.636010e-06
5.260000e+02 1.124796e-06
5.270000e+02 1.935264e-06
5.280000e+02 1.180182e-06
5.290000e+02 1.912500e-06
5.300000e+02 1.221859e-06
5.310000e+02 1.093540e-06
5.320000e+02 1.067820e-06
5.330000e+02 1.266297e-06
5.340000e+02 1.021235e-06
5.350000e+02 8.502614e-07
5.360000e+02 6.964034e-07
5.370000e+02 7.198319e-07
5.380000e+02 7.132497e-07
5.390000e+02 1.010406e-06
5.400000e+02 8.991754e-07
5.410000e+02 9.724695e-07
5.420000e+02 6.682585e-07
5.430000e+02 7.177244e-07
5.440000e+02 7.025532e-07
5.450000e+02 6.537863e-07
5.460000e+02 7.175558e-07
5.470000e+02 8.066768e-07
5.480000e+02 7.072186e-07
5.490000e+02 6.473189e-07
5.500000e+02 4.961353e-07
5.510000e+02 8.576734e-07
5.520000e+02 1.197509e-06
5.530000e+02 1.208894e-06
5.540000e+02 5.335695e-07
5.550000e+02 7.822730e-07
5.560000e+02 5.694506e-07
5.570000e+02 8.625091e-07
5.580000e+02 8.399921e-07
5.590000e+02 3.527229e-06
5.600000e+02 6.627583e-07
5.610000e+02 8.590241e-07
5.620000e+02 8.997505e-07
5.630000e+02 6.393550e-07
5.640000e+02 9.410261e-07
5.650000e+02 3.828748e-06
5.660000e+02 1.366386e-06
5.670000e+02 3.732134e-06
5.680000e+02 4.097557e-06
5.690000e+02 6.373563e-07
5.700000e+02 4.241042e-06
5.710000e+02 1.005774e-06
5.720000e+02 4.171712e-06
5.730000e+02 1.052991e-06
5.740000e+02 9.705391e-07
5.750000e+02 7.829490e-07
5.760000e+02 8.744492e-07
5.770000e+02 3.737340e-06
5.780000e+02 1.117042e-06
5.790000e+02 1.575415e-06
5.800000e+02 3.710646e-06
5.810000e+02 4.263771e-06
5.820000e+02 8.082326e-07
5.830000e+02 4.288000e-06
5.840000e+02 1.105442e-06
5.850000e+02 1.245639e-06
5.860000e+02 2.454184e-06
5.870000e+02 1.152374e-06
5.880000e+02 8.334319e-07
5.890000e+02 1.179954e-06
5.900000e+02 4.140486e-06
5.910000e+02 8.880329e-07
5.920000e+02 1.701159e-06
5.930000e+02 1.161687e-06
5.940000e+02 7.242142e-07
5.950000e+02 7.178000e-07
5.960000e+02 1.266100e-06
5.970000e+02 8.805127e-07
5.980000e+02 8.556419e-07
5.990000e+02 9.610782e-07
6.000000e+02 4.077496e-06
6.010000e+02 7.516184e-07
6.020000e+02 1.064424e-06
6.030000e+02 1.057830e-06
6.040000e+02 8.970514e-07
6.050000e+02 1.002021e-06
6.060000e+02 9.276013e-07
6.070000e+02 8.899621e-07
6.080000e+02 8.797550e-07
6.090000e+02 1.466854e-06
6.100000e+02 8.674118e-07
6.110000e+02 9.140303e-07
6.120000e+02 1.464289e-06
6.130000e+02 1.037828e-06
6.140000e+02 1.280059e-06
6.150000e+02 1.008403e-06
6.160000e+02 1.130051e-06
6.170000e+02 1.081161e-06
6.180000e+02 1.310730e-06
6.190000e+02 1.313332e-06
6.200000e+02 8.849999e-07
6.210000e+02 1.062907e-06
6.220000e+02 7.139278e-07
6.230000e+02 1.060877e-06
6.240000e+02 1.348211e-06
6.250000e+02 1.682185e-06
6.260000e+02 1.684401e-06
6.270000e+02 1.693269e-06
6.280000e+02 1.539376e-06
6.290000e+02 1.985430e-06
6.300000e+02 1.504671e-06
6.310000e+02 1.722691e-06
6.320000e+02 1.751239e-06
6.330000e+02 1.711108e-06
6.340000e+02 1.611717e-06
6.350000e+02 2.087206e-06
6.360000e+02 2.139202e-06
6.370000e+02 2.088738e-06
6.380000e+02 2.169552e-06
6.390000e+02 2.309278e-06
6.400000e+02 2.479201e-06
6.410000e+02 2.197095e-06
6.420000e+02 1.811917e-06
6.430000e+02 2.070919e-06
6.440000e+02 2.140901e-06
6.450000e+02 1.899319e-06
6.460000e+02 2.015594e-06
6.470000e+02 1.764156e-06
6.480000e+02 1.766244e-06
6.490000e+02 2.497122e-06
6.500000e+02 2.030960e-06
6.510000e+02 2.040864e-06
6.520000e+02 2.121462e-06
6.530000e+02 2.677788e-06
6.540000e+02 2.226819e-06
6.550000e+02 1.967971e-06
6.560000e+02 2.868395e-06
6.570000e+02 2.344449e-06
6.580000e+02 2.072166e-06
6.590000e+02 1.980542e-06
6.600000e+02 1.921751e-06
6.610000e+02 2.110915e-06
6.620000e+02 2.141950e-06
6.630000e+02 1.254261e-06
6.640000e+02 9.438064e-07
6.650000e+02 1.422725e-06
6.660000e+02 1.520339e-06
6.670000e+02 2.070556e-06
6.680000e+02 2.529241e-06
6.690000e+02 2.762607e-06
6.700000e+02 1.784387e-06
6.710000e+02 2.745186e-06
6.720000e+02 1.838075e-06
6.730000e+02 1.996472e-06
6.740000e+02 2.306768e-06
6.750000e+02 1.723525e-06
6.760000e+02 2.168365e-06
6.770000e+02 7.126205e-07
6.780000e+02 1.872865e-06
6.790000e+02 1.889210e-06
6.800000e+02 1.770307e-06
6.810000e+02 2.234707e-06
6.820000e+02 2.341624e-06
6.830000e+02 1.546305e-06
6.840000e+02 2.001230e-06
6.850000e+02 2.019194e-06
6.860000e+02 1.934468e-06
6.870000e+02 2.105982e-06
6.880000e+02 1.685084e-06
6.890000e+02 2.513883e-06
6.900000e+02 1.309634e-06
6.910000e+02 2.130071e-06
6.920000e+02 1.210286e-06
6.930000e+02 1.402071e-06
6.940000e+02 1.205888e-06
6.950000e+02 1.394919e-06
6.960000e+02 1.999660e-06
6.970000e+02 1.439386e-06
6.980000e+02 1.452300e-06
6.990000e+02 1.681203e-06
7.000000e+02 1.751083e-06
7.010000e+02 1.081013e-06
7.020000e+02 6.069182e-07
7.030000e+02 1.650166e-06
7.040000e+02 1.643867e-06
7.050000e+02 1.749549e-06
7.060000e+02 1.004010e-06
7.070000e+02 1.630540e-06
7.080000e+02 9.732032e-07
7.090000e+02 5.089357e-07
7.100000e+02 1.361012e-06
7.110000e+02 9.978655e-07
7.120000e+02 1.283063e-06
7.130000e+02 1.287772e-06
7.140000e+02 6.412789e-07
7.150000e+02 5.786123e-07
7.160000e+02 8.907359e-07
7.170000e+02 6.790294e-07
7.180000e+02 8.473510e-07
7.190000e+02 1.872692e-06
7.200000e+02 1.588125e-06
7.210000e+02 1.206942e-06
7.220000e+02 1.067662e-06
7.230000e+02 3.421299e-07
7.240000e+02 7.978671e-07
7.250000e+02 6.744379e-07
7.260000e+02 6.091701e-07
7.270000e+02 3.976807e-07
7.280000e+02 7.840231e-07
7.290000e+02 9.999728e-07
7.300000e+02 6.543984e-07
7.310000e+02 7.641068e-07
7.320000e+02 5.795117e-07
7.330000e+02 5.077736e-07
7.340000e+02 5.319193e-07
7.350000e+02 5.087519e-07
7.360000e+02 5.966135e-07
7.370000e+02 4.006797e-07
7.380000e+02 4.813244e-07
7.390000e+02 4.956650e-07
7.400000e+02 5.862778e-07
7.410000e+02 4.544935e-07
7.420000e+02 5.258501e-07
7.430000e+02 4.303614e-07
7.440000e+02 4.412617e-07
7.450000e+02 5.225440e-07
7.460000e+02 4.658989e-07
7.470000e+02 3.835438e-07
7.480000e+02 5.442377e-07
7.490000e+02 3.016346e-07
7.500000e+02 3.301207e-07
7.510000e+02 8.008160e-07
7.520000e+02 5.926875e-07
7.530000e+02 4.777306e-07
7.540000e+02 4.444945e-07
7.550000e+02 4.448796e-07
7.560000e+02 4.963644e-07
7.570000e+02 4.573392e-07
7.580000e+02 4.900608e-07
7.590000e+02 4.406997e-07
7.600000e+02 4.566886e-07
7.610000e+02 4.552567e-07
7.620000e+02 4.377947e-07
7.630000e+02 4.738321e-07
7.640000e+02 4.295788e-07
7.650000e+02 4.950195e-07
7.660000e+02 5.750762e-07
7.670000e+02 6.098257e-07
7.680000e+02 4.397549e-07
7.690000e+02 1.704725e-06
7.700000e+02 4.013266e-07
7.710000e+02 2.560002e-07
7.720000e+02 2.748464e-07
7.730000e+02 3.040676e-07
7.740000e+02 2.802039e-07
7.750000e+02 1.586639e-06
7.760000e+02 4.013107e-07
7.770000e+02 3.633579e-07
7.780000e+02 4.205667e-07
7.790000e+02 5.106440e-07
7.800000e+02 3.528726e-07
7.810000e+02 2.979850e-07
7.820000e+02 2.586797e-07
7.830000e+02 1.490405e-06
7.840000e+02 3.050398e-07
7.850000e+02 3.007636e-07
7.860000e+02 2.844244e-07
7.870000e+02 4.306908e-07
7.880000e+02 2.939058e-07
7.890000e+02 2.679156e-07
7.900000e+02 2.499515e-07
7.910000e+02 2.898591e-07
7.920000e+02 3.381509e-07
7.930000e+02 3.364299e-07
7.940000e+02 5.627928e-07
7.950000e+02 3.136445e-07
7.960000e+02 2.333552e-07
7.970000e+02 3.289004e-07
7.980000e+02 2.163176e-07
7.990000e+02 3.137978e-07
8.000000e+02 2.742966e-07
8.010000e+02 2.272557e-07
8.020000e+02 2.657589e-07
8.030000e+02 3.846765e-07
8.040000e+02 3.387720e-07
8.050000e+02 2.768204e-07
8.060000e+02 4.341151e-07
8.070000e+02 2.255132e-07
8.080000e+02 3.285745e-07
8.090000e+02 2.800826e-07
8.100000e+02 2.329478e-07
8.110000e+02 2.495462e-07
8.120000e+02 4.688246e-08
8.130000e+02 4.396974e-07
8.140000e+02 4.289555e-07
8.150000e+02 3.219764e-07
8.160000e+02 4.002952e-07
8.170000e+02 6.121710e-08
8.180000e+02 7.019471e-07
8.190000e+02 5.505677e-07
8.200000e+02 3.781999e-07
8.210000e+02 4.838010e-07
8.220000e+02 7.535480e-07
8.230000e+02 7.679408e-07
8.240000e+02 6.180508e-07
8.250000e+02 5.541373e-07
8.260000e+02 2.795671e-07
8.270000e+02 8.092099e-07
8.280000e+02 5.290260e-07
8.290000e+02 4.425082e-07
8.300000e+02 3.383415e-07
8.310000e+02 9.058073e-07
8.320000e+02 6.658773e-07
8.330000e+02 5.060825e-07
8.340000e+02 3.399217e-08
8.350000e+02 6.988763e-07
8.360000e+02 4.936102e-07
8.370000e+02 3.626751e-07
8.380000e+02 3.493309e-07
8.390000e+02 5.609179e-07
8.400000e+02 7.094015e-07
8.410000e+02 8.653283e-07
8.420000e+02 7.099109e-07
8.430000e+02 7.965073e-08
8.440000e+02 1.020938e-06
8.450000e+02 5.559269e-07
8.460000e+02 5.037163e-07
8.470000e+02 5.791062e-07
8.480000e+02 7.836552e-07
8.490000e+02 6.661619e-07
8.500000e+02 4.157917e-07
8.510000e+02 3.453683e-07
8.520000e+02 7.707679e-07
8.530000e+02 3.843955e-07
8.540000e+02 3.898096e-07
8.550000e+02 7.090267e-07
8.560000e+02 8.784605e-07
8.570000e+02 6.901404e-07
8.580000e+02 4.346997e-07
8.590000e+02 7.621699e-07
8.600000e+02 9.159806e-07
8.610000e+02 5.480720e-07
8.620000e+02 2.752005e-07
8.630000e+02 2.812120e-07
8.640000e+02 5.942636e-07
8.650000e+02 4.994554e-07
8.660000e+02 2.715274e-07
8.670000e+02 7.954515e-07
8.680000e+02 6.546412e-07
8.690000e+02 4.187700e-07
8.700000e+02 7.110905e-07
8.710000e+02 5.211342e-07
8.720000e+02 4.224539e-07
8.730000e+02 5.068482e-07
8.740000e+02 5.264019e-07
8.750000e+02 4.233943e-07
8.760000e+02 1.572094e-07
8.770000e+02 1.781615e-07
8.780000e+02 5.839678e-07
8.790000e+02 5.661003e-07
8.800000e+02 3.427822e-07
8.810000e+02 8.733956e-07
8.820000e+02 3.338932e-07
8.830000e+02 7.574726e-07
8.840000e+02 2.670001e-07
8.850000e+02 8.055774e-07
8.860000e+02 6.036142e-07
8.870000e+02 5.381843e-07
8.880000e+02 2.982009e-07
8.890000e+02 1.623791e-07
8.900000e+02 4.261396e-07
8.910000e+02 1.227936e-07
8.920000e+02 1.796015e-07
8.930000e+02 2.299955e-07
8.940000e+02 6.072082e-07
8.950000e+02 1.903978e-07
8.960000e+02 1.343758e-07
8.970000e+02 2.174834e-07
8.980000e+02 3.397847e-07
8.990000e+02 3.341985e-07
9.000000e+02 3.367781e-07
9.010000e+02 3.018722e-07
9.020000e+02 2.859063e-07
9.030000e+02 2.369648e-07
9.040000e+02 7.094350e-07
9.050000e+02 2.268438e-07
9.060000e+02 5.824018e-07
9.070000e+02 2.680171e-07
9.080000e+02 1.610974e-07
9.090000e+02 2.748577e-07
9.100000e+02 4.309633e-07
9.110000e+02 2.254935e-07
9.120000e+02 5.977646e-07
9.130000e+02 3.698618e-07
9.140000e+02 3.132123e-07
9.150000e+02 3.924018e-07
9.160000e+02 1.639199e-07
9.170000e+02 4.359723e-07
9.180000e+02 5.064982e-07
9.190000e+02 1.955091e-07
9.200000e+02 3.356880e-07
9.210000e+02 3.946584e-07
9.220000e+02 4.134296e-07
9.230000e+02 3.866437e-07
9.240000e+02 3.247543e-07
9.250000e+02 2.680463e-07
9.260000e+02 1.778618e-07
9.270000e+02 2.808239e-07
9.280000e+02 4.254049e-07
9.290000e+02 2.432396e-07
9.300000e+02 3.648595e-07
9.310000e+02 2.985443e-07
9.320000e+02 9.757328e-08
9.330000e+02 3.486082e-07
9.340000e+02 1.695780e-07
9.350000e+02 2.266199e-07
9.360000e+02 2.066213e-07
9.370000e+02 3.586453e-07
9.380000e+02 4.470145e-07
9.390000e+02 4.809912e-08
9.400000e+02 5.178735e-07
9.410000e+02 2.899576e-07
9.420000e+02 1.982310e-07
9.430000e+02 4.456339e-07
9.440000e+02 3.778088e-07
9.450000e+02 2.613847e-07
9.460000e+02 4.901212e-07
9.470000e+02 8.005242e-07
9.480000e+02 4.622369e-07
9.490000e+02 2.324913e-07
9.500000e+02 2.210703e-07
9.510000e+02 6.039142e-07
9.520000e+02 3.513810e-07
9.530000e+02 3.495338e-07
9.540000e+02 2.914445e-07
9.550000e+02 2.738246e-07
9.560000e+02 1.890817e-07
9.570000e+02 1.414218e-07
9.580000e+02 2.535816e-07
9.590000e+02 1.369428e-07
9.600000e+02 2.108868e-07
9.610000e+02 1.692450e-07
9.620000e+02 2.278725e-07
9.630000e+02 4.439306e-07
9.640000e+02 1.698224e-07
9.650000e+02 6.204468e-07
9.660000e+02 2.268188e-07
9.670000e+02 3.473828e-07
9.680000e+02 2.201472e-07
9.690000e+02 2.841058e-07
9.700000e+02 2.563435e-07
9.710000e+02 2.966251e-07
9.720000e+02 2.317315e-07
9.730000e+02 5.580366e-07
9.740000e+02 1.631575e-07
9.750000e+02 6.186395e-07
9.760000e+02 1.629688e-07
9.770000e+02 1.476290e-07
9.780000e+02 5.771694e-07
9.790000e+02 5.187331e-07
9.800000e+02 1.542698e-07
9.810000e+02 4.988846e-07
9.820000e+02 1.285430e-07
9.830000e+02 7.135888e-07
9.840000e+02 4.620322e-07
9.850000e+02 4.929830e-07
9.860000e+02 5.004240e-07
9.870000e+02 9.658396e-07
9.880000e+02 6.076238e-07
9.890000e+02 5.060126e-07
9.900000e+02 8.723367e-07
9.910000e+02 5.043218e-07
9.920000e+02 4.002692e-07
9.930000e+02 8.658200e-07
9.940000e+02 5.303315e-07
9.950000e+02 4.489907e-07
9.960000e+02 5.356384e-07
9.970000e+02 3.598107e-07
9.980000e+02 3.446494e-07
9.990000e+02 3.258187e-07
1.000000e+03 6.304583e-07
1.001000e+03 3.648595e-07
1.002000e+03 3.875592e-07
1.003000e+03 6.714760e-07
1.004000e+03 2.738671e-07
1.005000e+03 2.724939e-07
1.006000e+03 6.630907e-07
1.007000e+03 3.076050e-07
1.008000e+03 2.784169e-07
1.009000e+03 6.989682e-07
1.010000e+03 2.723079e-07
1.011000e+03 3.238371e-07
1.012000e+03 1.883838e-07
1.013000e+03 8.526881e-07
1.014000e+03 2.635766e-07
1.015000e+03 2.826346e-07
1.016000e+03 8.236213e-07
1.017000e+03 3.606970e-07
1.018000e+03 2.814102e-07
1.019000e+03 6.468238e-07
1.020000e+03 3.224874e-07
1.021000e+03 3.274633e-07
1.022000e+03 5.052188e-07
1.023000e+03 3.230951e-07
1.024000e+03 3.695388e-07
1.025000e+03 2.578449e-07
1.026000e+03 6.419803e-07
1.027000e+03 2.686060e-07
1.028000e+03 2.741844e-07
1.029000e+03 5.272647e-07
1.030000e+03 3.135021e-07
1.031000e+03 3.019053e-07
1.032000e+03 8.580645e-07
1.033000e+03 1.720397e-07
1.034000e+03 1.590720e-07
1.035000e+03 3.254748e-07
1.036000e+03 1.902642e-07
1.037000e+03 1.678012e-07
1.038000e+03 1.711810e-07
1.039000e+03 3.763079e-07
1.040000e+03 1.689158e-07
1.041000e+03 1.329654e-07
1.042000e+03 4.563398e-07
1.043000e+03 1.700738e-07
1.044000e+03 1.547033e-07
1.045000e+03 3.617652e-07
1.046000e+03 2.220903e-07
1.047000e+03 1.741153e-07
1.048000e+03 3.617206e-07
1.049000e+03 1.636177e-07
1.050000e+03 1.453178e-07
1.051000e+03 2.438503e-07
1.052000e+03 1.711426e-07
1.053000e+03 1.763824e-07
1.054000e+03 1.705168e-07
1.055000e+03 2.630502e-07
1.056000e+03 1.604034e-07
1.057000e+03 1.252836e-07
1.058000e+03 3.039967e-07
1.059000e+03 1.984350e-07
1.060000e+03 1.559030e-07
1.061000e+03 3.535152e-07
1.062000e+03 1.916593e-07
1.063000e+03 1.457380e-07
1.064000e+03 3.470955e-07
1.065000e+03 1.876031e-07
1.066000e+03 1.761092e-07
1.067000e+03 1.214962e-07
1.068000e+03 2.902966e-07
1.069000e+03 1.684640e-07
1.070000e+03 1.254279e-07
1.071000e+03 2.380043e-07
1.072000e+03 2.483210e-07
1.073000e+03 1.621916e-07
1.074000e+03 3.532080e-07
1.075000e+03 3.094810e-07
1.076000e+03 2.885251e-07
1.077000e+03 1.021493e-07
1.078000e+03 4.233381e-07
1.079000e+03 1.588517e-07
1.080000e+03 1.721856e-07
1.081000e+03 3.661627e-07
1.082000e+03 1.268166e-07
1.083000e+03 1.415758e-07
1.084000e+03 2.055051e-07
1.085000e+03 4.828096e-07
1.086000e+03 1.541550e-07
1.087000e+03 1.118780e-07
1.088000e+03 3.042097e-07
1.089000e+03 2.824705e-07
1.090000e+03 2.085456e-07
1.091000e+03 1.175631e-07
1.092000e+03 1.812721e-07
1.093000e+03 2.707651e-07
1.094000e+03 2.347763e-07
1.095000e+03 1.565747e-07
1.096000e+03 5.545567e-07
1.097000e+03 2.277667e-07
1.098000e+03 1.769685e-07
1.099000e+03 1.066821e-07
1.100000e+03 2.769340e-07
1.101000e+03 1.724292e-07
1.102000e+03 1.149430e-07
1.103000e+03 1.502023e-07
1.104000e+03 4.161107e-07
1.105000e+03 2.148403e-07
1.106000e+03 1.700041e-07
1.107000e+03 1.207244e-07
1.108000e+03 5.022591e-07
1.109000e+03 2.495639e-07
1.110000e+03 1.497071e-07
1.111000e+03 1.155759e-07
1.112000e+03 3.657336e-07
1.113000e+03 2.296247e-07
1.114000e+03 1.728037e-07
1.115000e+03 1.432432e-07
1.116000e+03 4.571874e-07
1.117000e+03 1.934850e-07
1.118000e+03 1.558042e-07
1.119000e+03 1.253589e-07
1.120000e+03 1.086649e-07
1.121000e+03 5.648380e-07
1.122000e+03 2.422171e-07
1.123000e+03 2.537442e-07
1.124000e+03 1.158562e-07
1.125000e+03 9.720926e-08
1.126000e+03 4.517852e-07
1.127000e+03 1.846784e-07
1.128000e+03 1.494851e-07
1.129000e+03 1.043288e-07
1.130000e+03 1.022605e-07
1.131000e+03 4.594876e-07
1.132000e+03 2.342436e-07
1.133000e+03 1.506284e-07
1.134000e+03 1.469481e-07
1.135000e+03 1.045023e-07
1.136000e+03 4.844835e-07
1.137000e+03 6.609804e-07
1.138000e+03 2.153906e-07
1.139000e+03 1.954490e-07
1.140000e+03 1.453178e-07
1.141000e+03 1.163421e-07
1.142000e+03 4.201142e-07
1.143000e+03 3.468314e-07
1.144000e+03 1.639374e-07
1.145000e+03 1.352136e-07
1.146000e+03 9.302237e-08
1.147000e+03 7.550337e-08
1.148000e+03 7.764293e-08
1.149000e+03 3.894455e-07
1.150000e+03 4.625523e-07
1.151000e+03 1.559371e-07
1.152000e+03 1.016768e-07
1.153000e+03 8.838249e-08
1.154000e+03 8.534756e-08
1.155000e+03 3.781501e-07
1.156000e+03 3.566462e-07
1.157000e+03 5.091247e-07
1.158000e+03 1.788584e-07
1.159000e+03 1.625580e-07
1.160000e+03 1.193435e-07
1.161000e+03 9.975570e-08
1.162000e+03 1.304379e-07
1.163000e+03 3.600182e-07
1.164000e+03 8.550378e-08
1.165000e+03 4.042233e-07
1.166000e+03 9.370170e-08
1.167000e+03 1.301442e-07
1.168000e+03 1.002941e-07
1.169000e+03 8.650070e-08
1.170000e+03 6.959712e-08
1.171000e+03 6.088488e-08
1.172000e+03 5.393967e-08
1.173000e+03 4.919490e-08
1.174000e+03 4.455135e-07
1.175000e+03 1.176962e-07
1.176000e+03 1.345875e-07
1.177000e+03 8.420712e-08
1.178000e+03 8.049313e-08
1.179000e+03 6.589441e-08
1.180000e+03 6.442484e-08
1.181000e+03 5.099041e-08
1.182000e+03 5.812016e-08
1.183000e+03 3.983622e-08
1.184000e+03 4.128284e-07
1.185000e+03 1.515413e-07
1.186000e+03 1.462012e-07
1.187000e+03 1.143584e-07
1.188000e+03 8.401656e-08
1.189000e+03 6.915529e-08
1.190000e+03 6.534516e-08
1.191000e+03 6.446821e-08
1.192000e+03 5.406731e-08
1.193000e+03 4.599759e-08
1.194000e+03 4.600528e-08
1.195000e+03 3.492606e-08
1.196000e+03 5.152326e-07
1.197000e+03 1.416603e-07
1.198000e+03 1.388442e-07
1.199000e+03 1.073881e-07
1.200000e+03 7.999743e-08
1.201000e+03 6.978966e-08
1.202000e+03 5.264920e-08
1.203000e+03 5.038980e-08
1.204000e+03 3.357069e-08
1.205000e+03 4.239473e-08
1.206000e+03 4.072275e-08
1.207000e+03 2.637642e-08
1.208000e+03 4.794569e-07
1.209000e+03 9.280960e-08
1.210000e+03 1.065853e-07
1.211000e+03 7.968095e-08
1.212000e+03 7.517785e-08
1.213000e+03 6.805563e-08
1.214000e+03 6.010747e-08
1.215000e+03 5.342660e-08
1.216000e+03 4.306583e-08
1.217000e+03 5.982562e-08
1.218000e+03 4.760960e-08
1.219000e+03 5.327386e-08
1.220000e+03 4.931126e-08
1.221000e+03 2.210339e-08
1.222000e+03 1.756123e-07
1.223000e+03 1.271889e-07
1.224000e+03 9.571286e-08
1.225000e+03 1.683411e-07
1.226000e+03 5.153287e-08
1.227000e+03 6.759339e-08
1.228000e+03 4.906326e-08
1.229000e+03 5.401756e-08
1.230000e+03 4.477483e-08
1.231000e+03 3.359890e-08
1.232000e+03 2.093647e-08
1.233000e+03 5.320608e-07
1.234000e+03 1.256889e-07
1.235000e+03 1.039865e-07
1.236000e+03 1.131265e-07
1.237000e+03 1.061781e-07
1.238000e+03 6.810101e-08
1.239000e+03 5.801972e-08
1.240000e+03 5.952548e-08
1.241000e+03 5.815717e-08
1.242000e+03 3.452086e-08
1.243000e+03 2.750909e-08
1.244000e+03 2.684275e-08
1.245000e+03 4.400731e-07
1.246000e+03 1.106592e-07
1.247000e+03 1.023556e-07
1.248000e+03 2.046504e-08
1.249000e+03 1.575881e-07
1.250000e+03 4.917875e-08
1.251000e+03 4.178773e-08
1.252000e+03 4.353198e-08
1.253000e+03 3.049860e-08
1.254000e+03 3.244826e-08
1.255000e+03 5.203091e-07
1.256000e+03 1.561427e-07
1.257000e+03 8.661213e-08
1.258000e+03 1.017962e-07
1.259000e+03 7.439549e-08
1.260000e+03 6.697205e-08
1.261000e+03 5.901624e-08
1.262000e+03 4.066067e-08
1.263000e+03 4.045842e-08
1.264000e+03 4.204315e-08
1.265000e+03 1.178868e-07
1.266000e+03 1.260539e-07
1.267000e+03 8.721596e-08
1.268000e+03 7.193356e-08
1.269000e+03 5.364466e-08
1.270000e+03 3.876324e-08
1.271000e+03 3.415370e-08
1.272000e+03 4.814348e-08
1.273000e+03 4.845893e-08
1.274000e+03 2.255592e-07
1.275000e+03 1.185954e-07
1.276000e+03 1.412382e-07
1.277000e+03 1.169965e-07
1.278000e+03 9.311116e-08
1.279000e+03 8.089624e-08
1.280000e+03 7.427859e-08
1.281000e+03 6.281918e-08
1.282000e+03 6.307294e-08
1.283000e+03 5.641008e-07
1.284000e+03 1.659820e-07
1.285000e+03 1.650145e-07
1.286000e+03 1.284526e-07
1.287000e+03 9.794085e-08
1.288000e+03 7.013561e-08
1.289000e+03 5.799343e-08
1.290000e+03 5.173882e-08
1.291000e+03 5.166968e-07
1.292000e+03 1.240921e-07
1.293000e+03 7.591448e-08
1.294000e+03 1.059355e-07
1.295000e+03 1.029168e-07
1.296000e+03 7.871625e-08
1.297000e+03 6.612199e-08
1.298000e+03 6.706107e-08
1.299000e+03 5.355860e-07
1.300000e+03 1.440672e-07
1.301000e+03 1.469117e-07
1.302000e+03 1.162432e-07
1.303000e+03 9.072302e-08
1.304000e+03 7.114998e-08
1.305000e+03 5.789040e-08
1.306000e+03 4.973026e-08
1.307000e+03 4.438107e-07
1.308000e+03 9.511028e-08
1.309000e+03 1.220302e-07
1.310000e+03 9.933262e-08
1.311000e+03 8.573346e-08
1.312000e+03 8.125629e-08
1.313000e+03 8.168235e-08
1.314000e+03 1.727957e-07
1.315000e+03 1.225959e-07
1.316000e+03 1.346534e-07
1.317000e+03 9.198711e-08
1.318000e+03 7.140831e-08
1.319000e+03 7.101845e-08
1.320000e+03 6.162129e-08
1.321000e+03 4.982248e-08
1.322000e+03 4.934581e-07
1.323000e+03 8.744020e-08
1.324000e+03 7.926542e-08
1.325000e+03 8.996196e-08
1.326000e+03 5.742190e-08
1.327000e+03 5.231928e-08
1.328000e+03 6.392137e-08
1.329000e+03 4.919332e-07
1.330000e+03 8.367053e-08
1.331000e+03 8.213346e-08
1.332000e+03 7.048986e-08
1.333000e+03 5.006712e-08
1.334000e+03 5.422830e-08
1.335000e+03 5.000839e-08
1.336000e+03 6.636768e-08
1.337000e+03 1.550910e-07
1.338000e+03 1.271343e-07
1.339000e+03 9.647751e-08
1.340000e+03 7.171546e-08
1.341000e+03 4.827201e-08
1.342000e+03 4.266955e-08
1.343000e+03 4.920246e-08
1.344000e+03 4.725795e-07
1.345000e+03 1.184145e-07
1.346000e+03 1.048898e-07
1.347000e+03 8.005042e-08
1.348000e+03 6.714734e-08
1.349000e+03 6.058502e-08
1.350000e+03 4.930131e-08
1.351000e+03 4.600601e-07
1.352000e+03 9.926423e-08
1.353000e+03 1.020835e-07
1.354000e+03 7.718637e-08
1.355000e+03 8.065500e-08
1.356000e+03 6.279296e-08
1.357000e+03 5.566886e-08
1.358000e+03 1.812160e-07
1.359000e+03 1.373532e-07
1.360000e+03 1.318172e-07
1.361000e+03 7.785492e-08
1.362000e+03 7.858415e-08
1.363000e+03 8.956240e-08
1.364000e+03 2.688748e-07
1.365000e+03 1.201633e-07
1.366000e+03 1.849889e-07
1.367000e+03 1.085605e-07
1.368000e+03 1.037146e-07
1.369000e+03 7.507180e-08
1.370000e+03 7.535514e-08
1.371000e+03 5.634899e-07
1.372000e+03 1.481981e-07
1.373000e+03 9.313780e-08
1.374000e+03 6.878691e-08
1.375000e+03 7.544232e-08
1.376000e+03 7.039327e-08
1.377000e+03 7.987284e-08
1.378000e+03 6.206733e-07
1.379000e+03 1.264501e-07
1.380000e+03 9.707820e-08
1.381000e+03 7.085195e-08
1.382000e+03 5.619383e-08
1.383000e+03 5.100512e-08
1.384000e+03 4.786288e-07
1.385000e+03 9.550810e-08
1.386000e+03 7.601532e-08
1.387000e+03 5.091065e-08
1.388000e+03 4.383642e-08
1.389000e+03 4.258293e-08
1.390000e+03 4.453788e-08
1.391000e+03 7.428078e-07
1.392000e+03 9.848330e-08
1.393000e+03 8.992169e-08
1.394000e+03 7.489310e-08
1.395000e+03 6.985079e-08
1.396000e+03 6.038599e-08
1.397000e+03 5.574607e-07
1.398000e+03 8.680802e-08
1.399000e+03 8.522265e-08
1.400000e+03 6.422444e-08
1.401000e+03 5.660748e-08
1.402000e+03 5.880399e-08
1.403000e+03 3.023159e-07
1.404000e+03 1.274566e-07
1.405000e+03 9.196516e-08
1.406000e+03 6.790272e-08
1.407000e+03 5.392081e-08
1.408000e+03 4.171115e-08
1.409000e+03 4.887232e-07
1.410000e+03 9.867157e-08
1.411000e+03 1.660316e-07
1.412000e+03 8.321513e-08
1.413000e+03 5.623789e-08
1.414000e+03 6.754995e-08
1.415000e+03 1.328097e-07
1.416000e+03 5.145548e-07
1.417000e+03 7.008199e-08
1.418000e+03 8.209645e-08
1.419000e+03 6.380558e-08
1.420000e+03 5.431081e-08
1.421000e+03 4.961344e-08
1.422000e+03 4.258609e-07
1.423000e+03 7.413587e-08
1.424000e+03 6.386171e-08
1.425000e+03 8.465249e-08
1.426000e+03 5.891209e-08
1.427000e+03 6.456090e-08
1.428000e+03 4.842890e-07
1.429000e+03 1.024967e-07
1.430000e+03 9.370103e-08
1.431000e+03 8.012174e-08
1.432000e+03 8.920938e-08
1.433000e+03 6.096126e-08
1.434000e+03 4.469827e-07
1.435000e+03 9.312765e-08
1.436000e+03 8.215355e-08
1.437000e+03 7.322357e-08
1.438000e+03 7.566247e-08
1.439000e+03 6.383803e-08
1.440000e+03 5.997083e-08
1.441000e+03 6.331219e-07
1.442000e+03 7.353700e-08
1.443000e+03 1.381336e-07
1.444000e+03 1.472639e-07
1.445000e+03 1.226630e-07
1.446000e+03 1.190875e-07
1.447000e+03 2.906973e-07
1.448000e+03 1.423772e-07
1.449000e+03 9.457526e-08
1.450000e+03 7.505091e-08
1.451000e+03 6.923836e-08
1.452000e+03 6.778908e-08
1.453000e+03 5.859676e-07
1.454000e+03 7.818087e-08
1.455000e+03 9.417639e-08
1.456000e+03 8.507464e-08
1.457000e+03 7.760288e-08
1.458000e+03 6.388491e-08
1.459000e+03 5.601900e-08
1.460000e+03 5.361150e-07
1.461000e+03 1.177046e-07
1.462000e+03 1.097463e-07
1.463000e+03 9.782158e-08
1.464000e+03 8.604421e-08
1.465000e+03 5.127686e-08
1.466000e+03 4.742373e-07
1.467000e+03 1.067747e-07
1.468000e+03 1.017099e-07
1.469000e+03 1.049168e-07
1.470000e+03 8.784690e-08
1.471000e+03 5.783644e-08
1.472000e+03 5.032627e-08
1.473000e+03 1.414209e-07
1.474000e+03 8.795375e-08
1.475000e+03 7.321213e-08
1.476000e+03 6.223157e-08
1.477000e+03 5.225941e-08
1.478000e+03 4.434514e-08
1.479000e+03 4.860522e-08
1.480000e+03 5.080730e-07
1.481000e+03 7.564797e-08
1.482000e+03 6.589698e-08
1.483000e+03 7.339893e-08
1.484000e+03 7.672632e-08
1.485000e+03 7.211454e-08
1.486000e+03 4.405025e-08
1.487000e+03 4.924666e-07
1.488000e+03 8.298462e-08
1.489000e+03 9.992052e-08
1.490000e+03 8.959988e-08
1.491000e+03 8.060541e-08
1.492000e+03 9.309602e-08
1.493000e+03 7.298143e-08
1.494000e+03 2.231592e-07
1.495000e+03 1.246855e-07
1.496000e+03 1.144970e-07
1.497000e+03 1.129328e-07
1.498000e+03 9.918122e-08
1.499000e+03 9.063595e-08
1.500000e+03 7.909540e-08
1.501000e+03 5.320400e-08
1.502000e+03 5.306936e-07
1.503000e+03 9.499933e-08
1.504000e+03 1.003622e-07
1.505000e+03 8.910352e-08
1.506000e+03 7.537227e-08
1.507000e+03 6.581025e-08
1.508000e+03 5.672925e-08
1.509000e+03 4.164229e-07
1.510000e+03 9.695078e-08
1.511000e+03 8.651068e-08
1.512000e+03 8.140126e-08
1.513000e+03 7.448564e-08
1.514000e+03 6.723870e-08
1.515000e+03 6.094388e-08
1.516000e+03 6.139380e-08
1.517000e+03 5.224010e-07
1.518000e+03 9.565986e-08
1.519000e+03 8.335824e-08
1.520000e+03 7.817110e-08
1.521000e+03 7.479981e-08
1.522000e+03 6.802784e-08
1.523000e+03 6.439110e-08
1.524000e+03 2.129377e-07
1.525000e+03 2.228002e-07
1.526000e+03 4.140136e-07
1.527000e+03 8.193633e-08
1.528000e+03 8.058555e-08
1.529000e+03 7.437604e-08
1.530000e+03 4.973438e-08
1.531000e+03 4.040880e-08
1.532000e+03 4.457645e-08
1.533000e+03 2.088029e-07
1.534000e+03 2.123181e-07
1.535000e+03 4.175753e-07
1.536000e+03 9.804654e-08
1.537000e+03 9.499458e-08
1.538000e+03 8.344318e-08
1.539000e+03 7.524000e-08
1.540000e+03 7.352845e-08
1.541000e+03 6.870470e-08
1.542000e+03 6.153586e-08
1.543000e+03 5.233191e-08
1.544000e+03 5.416873e-07
1.545000e+03 8.411906e-08
1.546000e+03 8.958942e-08
1.547000e+03 8.524197e-08
1.548000e+03 7.055412e-08
1.549000e+03 6.205988e-08
1.550000e+03 5.705823e-08
1.551000e+03 5.534725e-08
1.552000e+03 1.909946e-07
1.553000e+03 1.955845e-07
1.554000e+03 6.086400e-07
1.555000e+03 4.641951e-08
1.556000e+03 6.225697e-08
1.557000e+03 6.102639e-08
1.558000e+03 7.350608e-08
1.559000e+03 3.557909e-08
1.560000e+03 5.297620e-08
1.561000e+03 4.748744e-08
1.562000e+03 4.349113e-08
1.563000e+03 3.572388e-07
1.564000e+03 6.788405e-08
1.565000e+03 6.537852e-08
1.566000e+03 5.449691e-08
1.567000e+03 5.984249e-08
1.568000e+03 5.620555e-08
1.569000e+03 2.103106e-07
1.570000e+03 5.167633e-08
1.571000e+03 1.632241e-07
1.572000e+03 1.946670e-07
1.573000e+03 1.939662e-07
1.574000e+03 5.240349e-07
1.575000e+03 6.269319e-08
1.576000e+03 7.222651e-08
1.577000e+03 9.773186e-08
1.578000e+03 5.922490e-08
1.579000e+03 4.472885e-08
1.580000e+03 2.005934e-07
1.581000e+03 1.964679e-07
1.582000e+03 1.848745e-07
1.583000e+03 4.329940e-07
1.584000e+03 5.441813e-08
1.585000e+03 7.315031e-08
1.586000e+03 6.086566e-08
1.587000e+03 5.634486e-08
1.588000e+03 5.792864e-08
1.589000e+03 2.098520e-07
1.590000e+03 2.294253e-07
1.591000e+03 2.084635e-07
1.592000e+03 1.919274e-07
1.593000e+03 1.534588e-07
1.594000e+03 1.369853e-07
1.595000e+03 1.275361e-07
1.596000e+03 5.577491e-07
1.597000e+03 6.890307e-08
1.598000e+03 5.942663e-08
1.599000e+03 5.636991e-08
1.600000e+03 4.958108e-08
1.601000e+03 4.386398e-08
1.602000e+03 4.077271e-08
1.603000e+03 1.649122e-07
1.604000e+03 2.002097e-07
1.605000e+03 1.564120e-07
1.606000e+03 1.225332e-07
1.607000e+03 1.067453e-07
1.608000e+03 3.439337e-07
1.609000e+03 6.509944e-08
1.610000e+03 6.611188e-08
1.611000e+03 4.601755e-08
1.612000e+03 4.445390e-08
1.613000e+03 4.659925e-08
1.614000e+03 3.563747e-08
1.615000e+03 1.644868e-07
1.616000e+03 1.632799e-07
1.617000e+03 1.519751e-07
1.618000e+03 1.242841e-07
1.619000e+03 1.069837e-07
1.620000e+03 1.043339e-07
1.621000e+03 4.559438e-07
1.622000e+03 8.111949e-08
1.623000e+03 6.695459e-08
1.624000e+03 5.594891e-08
1.625000e+03 4.663788e-08
1.626000e+03 4.135548e-08
1.627000e+03 1.568034e-07
1.628000e+03 1.620831e-07
1.629000e+03 1.609354e-07
1.630000e+03 1.357027e-07
1.631000e+03 1.196094e-07
1.632000e+03 1.240298e-07
1.633000e+03 1.192355e-07
1.634000e+03 8.674451e-08
1.635000e+03 4.478363e-07
1.636000e+03 6.856592e-08
1.637000e+03 5.675288e-08
1.638000e+03 4.476731e-08
1.639000e+03 3.854849e-08
1.640000e+03 3.852764e-08
1.641000e+03 3.526547e-08
1.642000e+03 3.036557e-08
1.643000e+03 1.167971e-07
1.644000e+03 1.127749e-07
1.645000e+03 1.053855e-07
1.646000e+03 9.232833e-08
1.647000e+03 8.469920e-08
1.648000e+03 8.257247e-08
1.649000e+03 7.759766e-08
1.650000e+03 4.052080e-07
1.651000e+03 5.888283e-08
1.652000e+03 5.872562e-08
1.653000e+03 4.551105e-08
1.654000e+03 4.179043e-08
1.655000e+03 3.699607e-08
1.656000e+03 3.101915e-08
1.657000e+03 1.415189e-07
1.658000e+03 1.400053e-07
1.659000e+03 1.408061e-07
1.660000e+03 1.226566e-07
1.661000e+03 1.117738e-07
1.662000e+03 9.927323e-08
1.663000e+03 8.766168e-08
1.664000e+03 8.540865e-08
1.665000e+03 8.211934e-08
1.666000e+03 7.692863e-08
1.667000e+03 4.075390e-07
1.668000e+03 5.501060e-08
1.669000e+03 5.880034e-08
1.670000e+03 5.340393e-08
1.671000e+03 4.522792e-08
1.672000e+03 4.569703e-08
1.673000e+03 5.743330e-08
1.674000e+03 1.463658e-07
1.675000e+03 3.985672e-08
1.676000e+03 1.193201e-07
1.677000e+03 1.019374e-07
1.678000e+03 9.669671e-08
1.679000e+03 8.731513e-08
1.680000e+03 8.133919e-08
1.681000e+03 7.848153e-08
1.682000e+03 7.528712e-08
1.683000e+03 7.381711e-08
1.684000e+03 6.745208e-08
1.685000e+03 4.520260e-07
1.686000e+03 6.875712e-08
1.687000e+03 7.069333e-08
1.688000e+03 6.074620e-08
1.689000e+03 5.003511e-08
1.690000e+03 4.311599e-08
1.691000e+03 4.588552e-08
1.692000e+03 1.431875e-07
1.693000e+03 4.179906e-08
1.694000e+03 1.110616e-07
1.695000e+03 1.172830e-07
1.696000e+03 1.200322e-07
1.697000e+03 1.111143e-07
1.698000e+03 1.100118e-07
1.699000e+03 9.687933e-08
1.700000e+03 8.786094e-08
1.701000e+03 8.066449e-08
1.702000e+03 7.999989e-08
1.703000e+03 7.867984e-08
1.704000e+03 7.720897e-08
1.705000e+03 5.962820e-07
1.706000e+03 9.531383e-08
1.707000e+03 6.699482e-08
1.708000e+03 6.325768e-08
1.709000e+03 4.297464e-08
1.710000e+03 4.800361e-08
1.711000e+03 3.075187e-08
1.712000e+03 1.268342e-07
1.713000e+03 1.311117e-07
1.714000e+03 1.307771e-07
1.715000e+03 1.255687e-07
1.716000e+03 1.036906e-07
1.717000e+03 9.860550e-08
1.718000e+03 8.126544e-08
1.719000e+03 6.932862e-08
1.720000e+03 6.612303e-08
1.721000e+03 6.544982e-08
1.722000e+03 6.497278e-08
1.723000e+03 6.362388e-08
1.724000e+03 5.738986e-08
1.725000e+03 5.307493e-08
1.726000e+03 5.117207e-08
1.727000e+03 3.824225e-07
1.728000e+03 5.733667e-08
1.729000e+03 4.073896e-08
1.730000e+03 2.608038e-08
1.731000e+03 2.109192e-08
1.732000e+03 3.168001e-08
1.733000e+03 1.429436e-07
1.734000e+03 4.073887e-08
1.735000e+03 1.051392e-07
1.736000e+03 1.008296e-07
1.737000e+03 9.657010e-08
1.738000e+03 9.005938e-08
1.739000e+03 8.244920e-08
1.740000e+03 8.057496e-08
1.741000e+03 8.995068e-08
1.742000e+03 9.186895e-08
1.743000e+03 8.362163e-08
1.744000e+03 7.628098e-08
1.745000e+03 7.231290e-08
1.746000e+03 6.698282e-08
1.747000e+03 7.019433e-08
1.748000e+03 6.317011e-08
1.749000e+03 5.793634e-08
1.750000e+03 6.011760e-08
1.751000e+03 4.937507e-07
1.752000e+03 6.150043e-08
1.753000e+03 6.257524e-08
1.754000e+03 5.515621e-08
1.755000e+03 4.858241e-08
1.756000e+03 4.123585e-08
1.757000e+03 3.507541e-08
1.758000e+03 3.261145e-08
1.759000e+03 1.099088e-07
1.760000e+03 1.109175e-07
1.761000e+03 1.039062e-07
1.762000e+03 9.411781e-08
1.763000e+03 8.293964e-08
1.764000e+03 7.952241e-08
1.765000e+03 7.093315e-08
1.766000e+03 5.885763e-08
1.767000e+03 5.383726e-08
1.768000e+03 5.107915e-08
1.769000e+03 4.608839e-08
1.770000e+03 4.195632e-08
1.771000e+03 4.005773e-08
1.772000e+03 4.058609e-08
1.773000e+03 4.062933e-08
1.774000e+03 3.867565e-08
1.775000e+03 3.722781e-08
1.776000e+03 3.846381e-08
1.777000e+03 4.177395e-08
1.778000e+03 4.284709e-07
1.779000e+03 5.521685e-08
1.780000e+03 5.114381e-08
1.781000e+03 5.946420e-08
1.782000e+03 5.291907e-08
1.783000e+03 4.607526e-08
1.784000e+03 3.785538e-08
1.785000e+03 1.242783e-07
1.786000e+03 1.196057e-07
1.787000e+03 1.094724e-07
1.788000e+03 9.761714e-08
1.789000e+03 1.019742e-07
1.790000e+03 7.441447e-08
1.791000e+03 6.622726e-08
1.792000e+03 6.531062e-08
1.793000e+03 6.261385e-08
1.794000e+03 5.658788e-08
1.795000e+03 5.379650e-08
1.796000e+03 4.789157e-08
1.797000e+03 4.598813e-08
1.798000e+03 4.160774e-08
1.799000e+03 3.937595e-08
1.800000e+03 3.792900e-08
1.801000e+03 3.750541e-08
1.802000e+03 3.800987e-08
1.803000e+03 3.866265e-08
1.804000e+03 4.073596e-08
1.805000e+03 3.990360e-08
1.806000e+03 3.782398e-08
1.807000e+03 4.014520e-07
1.808000e+03 7.008200e-08
1.809000e+03 5.620407e-08
1.810000e+03 4.806575e-08
1.811000e+03 4.038032e-08
1.812000e+03 3.421142e-08
1.813000e+03 3.068597e-08
1.814000e+03 3.186266e-08
1.815000e+03 3.379504e-08
1.816000e+03 8.853421e-08
1.817000e+03 8.470915e-08
1.818000e+03 8.467783e-08
1.819000e+03 7.092787e-08
1.820000e+03 6.490913e-08
1.821000e+03 6.090463e-08
1.822000e+03 5.771492e-08
1.823000e+03 5.107668e-08
1.824000e+03 4.612108e-08
1.825000e+03 4.733882e-08
1.826000e+03 4.326962e-08
1.827000e+03 4.042254e-08
1.828000e+03 3.876533e-08
1.829000e+03 4.045683e-08
1.830000e+03 4.153388e-08
1.831000e+03 3.923283e-08
1.832000e+03 3.764891e-08
1.833000e+03 3.614250e-08
1.834000e+03 3.574855e-08
1.835000e+03 3.651922e-08
1.836000e+03 3.569167e-08
1.837000e+03 3.598236e-08
1.838000e+03 3.394315e-08
1.839000e+03 4.382947e-07
1.840000e+03 7.680937e-08
1.841000e+03 6.978456e-08
1.842000e+03 6.466391e-08
1.843000e+03 5.378967e-08
1.844000e+03 4.451010e-08
1.845000e+03 3.849045e-08
1.846000e+03 2.223374e-08
1.847000e+03 2.968055e-08
1.848000e+03 9.074868e-08
1.849000e+03 8.506818e-08
1.850000e+03 7.635364e-08
1.851000e+03 6.702864e-08
1.852000e+03 6.069926e-08
1.853000e+03 5.632663e-08
1.854000e+03 5.223792e-08
1.855000e+03 4.659754e-08
1.856000e+03 4.411418e-08
1.857000e+03 4.851025e-08
1.858000e+03 4.521651e-08
1.859000e+03 4.012555e-08
1.860000e+03 3.921290e-08
1.861000e+03 3.688879e-08
1.862000e+03 3.692469e-08
1.863000e+03 3.585855e-08
1.864000e+03 3.560621e-08
1.865000e+03 3.321080e-08
1.866000e+03 3.193127e-08
1.867000e+03 3.558961e-08
1.868000e+03 3.518540e-08
1.869000e+03 3.558784e-08
1.870000e+03 3.654378e-08
1.871000e+03 3.490470e-08
1.872000e+03 3.585389e-08
1.873000e+03 3.463316e-08
1.874000e+03 5.480872e-07
1.875000e+03 9.074036e-08
1.876000e+03 7.348067e-08
1.877000e+03 6.147845e-08
1.878000e+03 7.256474e-08
1.879000e+03 6.517849e-08
1.880000e+03 5.245245e-08
1.881000e+03 4.963332e-08
1.882000e+03 4.369373e-08
1.883000e+03 3.901710e-08
1.884000e+03 2.658718e-08
1.885000e+03 8.261860e-08
1.886000e+03 8.673616e-08
1.887000e+03 8.187201e-08
1.888000e+03 7.653610e-08
1.889000e+03 7.086952e-08
1.890000e+03 6.021699e-08
1.891000e+03 5.329632e-08
1.892000e+03 4.826247e-08
1.893000e+03 4.695947e-08
1.894000e+03 4.739085e-08
1.895000e+03 4.892881e-08
1.896000e+03 4.719013e-08
1.897000e+03 4.731247e-08
1.898000e+03 4.416139e-08
1.899000e+03 4.129669e-08
1.900000e+03 4.118958e-08
1.901000e+03 4.181764e-08
1.902000e+03 4.149420e-08
1.903000e+03 4.102362e-08
1.904000e+03 3.772051e-08
1.905000e+03 3.810280e-08
1.906000e+03 3.484169e-08
1.907000e+03 3.115581e-08
1.908000e+03 3.179799e-08
1.909000e+03 3.283092e-08
1.910000e+03 3.052628e-08
1.911000e+03 2.943195e-08
1.912000e+03 7.532245e-07
1.913000e+03 1.010529e-07
1.914000e+03 1.035630e-07
1.915000e+03 8.284475e-08
1.916000e+03 6.181512e-08
1.917000e+03 4.626782e-08
1.918000e+03 4.486620e-08
1.919000e+03 4.014766e-08
1.920000e+03 3.393727e-08
1.921000e+03 2.892590e-08
1.922000e+03 9.830137e-08
1.923000e+03 1.020216e-07
1.924000e+03 7.900281e-08
1.925000e+03 6.026805e-08
1.926000e+03 5.432836e-08
1.927000e+03 5.110061e-08
1.928000e+03 4.846401e-08
1.929000e+03 4.393032e-08
1.930000e+03 4.026488e-08
1.931000e+03 3.720106e-08
1.932000e+03 3.865978e-08
1.933000e+03 3.834494e-08
1.934000e+03 3.719988e-08
1.935000e+03 3.433174e-08
1.936000e+03 3.434299e-08
1.937000e+03 3.397801e-08
1.938000e+03 3.358626e-08
1.939000e+03 3.306702e-08
1.940000e+03 3.133781e-08
1.941000e+03 3.058211e-08
1.942000e+03 2.973140e-08
1.943000e+03 2.866360e-08
1.944000e+03 2.713396e-08
1.945000e+03 2.753003e-08
1.946000e+03 2.703952e-08
1.947000e+03 2.781160e-08
1.948000e+03 2.683426e-08
1.949000e+03 2.749614e-08
1.950000e+03 2.475383e-08
1.951000e+03 2.427591e-08
1.952000e+03 2.545709e-08
1.953000e+03 2.639346e-08
1.954000e+03 4.148564e-07
1.955000e+03 7.351197e-08
1.956000e+03 4.709387e-08
1.957000e+03 3.412728e-08
1.958000e+03 2.580674e-08
1.959000e+03 3.631681e-08
1.960000e+03 4.653621e-08
1.961000e+03 4.344499e-08
1.962000e+03 3.758499e-08
1.963000e+03 9.009629e-08
1.964000e+03 3.602019e-08
1.965000e+03 6.993295e-08
1.966000e+03 7.317742e-08
1.967000e+03 6.690443e-08
1.968000e+03 6.039354e-08
1.969000e+03 5.379473e-08
1.970000e+03 4.838093e-08
1.971000e+03 4.393909e-08
1.972000e+03 3.916038e-08
1.973000e+03 3.675918e-08
1.974000e+03 3.387227e-08
1.975000e+03 3.118039e-08
1.976000e+03 2.993644e-08
1.977000e+03 3.025913e-08
1.978000e+03 3.014569e-08
1.979000e+03 2.691340e-08
1.980000e+03 2.602804e-08
1.981000e+03 2.459729e-08
1.982000e+03 2.278988e-08
1.983000e+03 2.283023e-08
1.984000e+03 2.521999e-08
1.985000e+03 2.366465e-08
1.986000e+03 2.478987e-08
1.987000e+03 2.545868e-08
1.988000e+03 2.318517e-08
1.989000e+03 2.452410e-08
1.990000e+03 2.434343e-08
1.991000e+03 2.247545e-08
1.992000e+03 2.307580e-08
1.993000e+03 2.165788e-08
1.994000e+03 2.270639e-08
1.995000e+03 2.424753e-08
1.996000e+03 2.247607e-08
1.997000e+03 2.458072e-08
1.998000e+03 2.629836e-08
1.999000e+03 2.682605e-08
2.000000e+03 2.443057e-08
2.001000e+03 2.519864e-08
2.002000e+03 2.426833e-08
2.003000e+03 2.302194e-08
2.004000e+03 2.163294e-08
2.005000e+03 2.238478e-08
2.006000e+03 2.015197e-08
2.007000e+03 2.157156e-08
2.008000e+03 6.337757e-07
2.009000e+03 1.068375e-07
2.010000e+03 8.547195e-08
2.011000e+03 6.931372e-08
2.012000e+03 5.779970e-08
2.013000e+03 4.713020e-08
2.014000e+03 3.406797e-08
2.015000e+03 2.813196e-08
2.016000e+03 2.305694e-08
2.017000e+03 1.775670e-08
2.018000e+03 1.646961e-08
2.019000e+03 7.032924e-08
2.020000e+03 7.130473e-08
2.021000e+03 2.075952e-08
2.022000e+03 4.666805e-08
2.023000e+03 4.453830e-08
2.024000e+03 4.317100e-08
2.025000e+03 3.850926e-08
2.026000e+03 4.055598e-08
2.027000e+03 3.324145e-08
2.028000e+03 3.205612e-08
2.029000e+03 2.978687e-08
2.030000e+03 2.915396e-08
2.031000e+03 2.770310e-08
2.032000e+03 2.658248e-08
2.033000e+03 2.553808e-08
2.034000e+03 2.562182e-08
2.035000e+03 2.382453e-08
2.036000e+03 2.436658e-08
2.037000e+03 2.533560e-08
2.038000e+03 2.450679e-08
2.039000e+03 2.500285e-08
2.040000e+03 2.561145e-08
2.041000e+03 2.344316e-08
2.042000e+03 2.335198e-08
2.043000e+03 2.405427e-08
2.044000e+03 2.219157e-08
2.045000e+03 2.302062e-08
2.046000e+03 2.372337e-08
2.047000e+03 2.118259e-08
2.048000e+03 2.288440e-08
2.049000e+03 2.299237e-08
2.050000e+03 2.139283e-08
2.051000e+03 2.045218e-08
2.052000e+03 2.084975e-08
2.053000e+03 1.936779e-08
2.054000e+03 1.971288e-08
2.055000e+03 1.844953e-08
2.056000e+03 1.991286e-08
2.057000e+03 2.053916e-08
2.058000e+03 1.920992e-08
2.059000e+03 1.962744e-08
2.060000e+03 2.150156e-08
2.061000e+03 1.979895e-08
2.062000e+03 2.092960e-08
2.063000e+03 1.972024e-08
2.064000e+03 2.083471e-08
2.065000e+03 2.156280e-08
2.066000e+03 1.974849e-08
2.067000e+03 2.188795e-08
2.068000e+03 2.426417e-08
2.069000e+03 2.285457e-08
2.070000e+03 2.346071e-08
2.071000e+03 2.229742e-08
2.072000e+03 2.333058e-08
2.073000e+03 2.401525e-08
2.074000e+03 2.224560e-08
2.075000e+03 2.264259e-08
2.076000e+03 2.414130e-08
2.077000e+03 2.224972e-08
2.078000e+03 5.404537e-07
2.079000e+03 9.590609e-08
2.080000e+03 9.750569e-08
2.081000e+03 8.215803e-08
2.082000e+03 6.207610e-08
2.083000e+03 5.255791e-08
2.084000e+03 4.397898e-08
2.085000e+03 3.748150e-08
2.086000e+03 3.070638e-08
2.087000e+03 4.066169e-08
2.088000e+03 2.385505e-08
2.089000e+03 1.899129e-08
2.090000e+03 2.316412e-08
2.091000e+03 2.201906e-08
2.092000e+03 4.641850e-08
2.093000e+03 5.682954e-08
2.094000e+03 3.717498e-08
2.095000e+03 3.760326e-08
2.096000e+03 3.671424e-08
2.097000e+03 3.145697e-08
2.098000e+03 2.797932e-08
2.099000e+03 2.734046e-08
2.100000e+03 2.507912e-08
2.101000e+03 2.363680e-08
2.102000e+03 2.355545e-08
2.103000e+03 2.284441e-08
2.104000e+03 2.284499e-08
2.105000e+03 2.148299e-08
2.106000e+03 2.165066e-08
2.107000e+03 2.285294e-08
2.108000e+03 2.141180e-08
2.109000e+03 2.158346e-08
2.110000e+03 2.200677e-08
2.111000e+03 2.033506e-08
2.112000e+03 2.065411e-08
2.113000e+03 1.988011e-08
2.114000e+03 2.005330e-08
2.115000e+03 2.049182e-08
2.116000e+03 1.977864e-08
2.117000e+03 1.991595e-08
2.118000e+03 2.033493e-08
2.119000e+03 1.917513e-08
2.120000e+03 1.960529e-08
2.121000e+03 2.025006e-08
2.122000e+03 1.846688e-08
2.123000e+03 1.900584e-08
2.124000e+03 2.049700e-08
2.125000e+03 1.923708e-08
2.126000e+03 1.936835e-08
2.127000e+03 1.873700e-08
2.128000e+03 1.992593e-08
2.129000e+03 2.011738e-08
2.130000e+03 1.919049e-08
2.131000e+03 1.949357e-08
2.132000e+03 2.014506e-08
2.133000e+03 1.877841e-08
2.134000e+03 1.847711e-08
2.135000e+03 1.774743e-08
2.136000e+03 1.857311e-08
2.137000e+03 1.811159e-08
2.138000e+03 1.795553e-08
2.139000e+03 1.829462e-08
2.140000e+03 1.860123e-08
2.141000e+03 1.665925e-08
2.142000e+03 1.820540e-08
2.143000e+03 1.649677e-08
2.144000e+03 1.827617e-08
2.145000e+03 1.886392e-08
2.146000e+03 1.648185e-08
2.147000e+03 1.866008e-08
2.148000e+03 1.866716e-08
2.149000e+03 1.757855e-08
2.150000e+03 1.831380e-08
2.151000e+03 1.785509e-08
2.152000e+03 1.740740e-08
2.153000e+03 1.812436e-08
2.154000e+03 1.764029e-08
2.155000e+03 1.677981e-08
2.156000e+03 1.722716e-08
2.157000e+03 1.647877e-08
2.158000e+03 1.612415e-08
2.159000e+03 1.612076e-08
2.160000e+03 1.635416e-08
2.161000e+03 1.621087e-08
2.162000e+03 1.576174e-08
2.163000e+03 1.591902e-08
2.164000e+03 1.595741e-08
2.165000e+03 1.564848e-08
2.166000e+03 1.547946e-08
2.167000e+03 4.836108e-07
2.168000e+03 7.084691e-08
2.169000e+03 6.089288e-08
2.170000e+03 4.655292e-08
2.171000e+03 4.245601e-08
2.172000e+03 3.879503e-08
2.173000e+03 3.339898e-08
2.174000e+03 2.867813e-08
2.175000e+03 2.958414e-08
2.176000e+03 2.283054e-08
2.177000e+03 2.223933e-08
2.178000e+03 1.786059e-08
2.179000e+03 5.496691e-08
2.180000e+03 5.242280e-08
2.181000e+03 1.440315e-08
2.182000e+03 3.404157e-08
2.183000e+03 3.387124e-08
2.184000e+03 3.344264e-08
2.185000e+03 2.897042e-08
2.186000e+03 2.724127e-08
2.187000e+03 2.488307e-08
2.188000e+03 2.398628e-08
2.189000e+03 2.247374e-08
2.190000e+03 2.103063e-08
2.191000e+03 2.061803e-08
2.192000e+03 1.952522e-08
2.193000e+03 1.987240e-08
2.194000e+03 1.835814e-08
2.195000e+03 1.896454e-08
2.196000e+03 1.804714e-08
2.197000e+03 1.706937e-08
2.198000e+03 1.761489e-08
2.199000e+03 1.788263e-08
2.200000e+03 1.751463e-08
2.201000e+03 1.738446e-08
2.202000e+03 1.734495e-08
2.203000e+03 1.693281e-08
2.204000e+03 1.706719e-08
2.205000e+03 1.678092e-08
2.206000e+03 1.675415e-08
2.207000e+03 1.697363e-08
2.208000e+03 1.670587e-08
2.209000e+03 1.648721e-08
2.210000e+03 1.657437e-08
2.211000e+03 1.609573e-08
2.212000e+03 1.650062e-08
2.213000e+03 1.572501e-08
2.214000e+03 1.602169e-08
2.215000e+03 1.626263e-08
2.216000e+03 1.561804e-08
2.217000e+03 1.604374e-08
2.218000e+03 1.560284e-08
2.219000e+03 1.593802e-08
2.220000e+03 1.505803e-08
2.221000e+03 1.546802e-08
2.222000e+03 1.781575e-08
2.223000e+03 1.900095e-08
2.224000e+03 1.777624e-08
2.225000e+03 1.887609e-08
2.226000e+03 1.792016e-08
2.227000e+03 1.743155e-08
2.228000e+03 1.777425e-08
2.229000e+03 1.642030e-08
2.230000e+03 1.727757e-08
2.231000e+03 1.656395e-08
2.232000e+03 1.670180e-08
2.233000e+03 1.720303e-08
2.234000e+03 1.640416e-08
2.235000e+03 1.689681e-08
2.236000e+03 1.446859e-08
2.237000e+03 1.308801e-08
2.238000e+03 1.298352e-08
2.239000e+03 1.281075e-08
2.240000e+03 1.284646e-08
2.241000e+03 1.298037e-08
2.242000e+03 1.350083e-08
2.243000e+03 1.335733e-08
2.244000e+03 1.344202e-08
2.245000e+03 1.288419e-08
2.246000e+03 1.340013e-08
2.247000e+03 1.330150e-08
2.248000e+03 1.334579e-08
2.249000e+03 1.380586e-08
2.250000e+03 1.318309e-08
2.251000e+03 1.328939e-08
2.252000e+03 1.303533e-08
2.253000e+03 1.315628e-08
2.254000e+03 1.329085e-08
2.255000e+03 1.291747e-08
2.256000e+03 1.315004e-08
2.257000e+03 1.279383e-08
2.258000e+03 1.302725e-08
2.259000e+03 1.319838e-08
2.260000e+03 1.287301e-08
2.261000e+03 1.319517e-08
2.262000e+03 1.293701e-08
2.263000e+03 1.295830e-08
2.264000e+03 1.334316e-08
2.265000e+03 1.342642e-08
2.266000e+03 1.285349e-08
2.267000e+03 1.262281e-08
2.268000e+03 1.267241e-08
2.269000e+03 1.287251e-08
2.270000e+03 1.271529e-08
2.271000e+03 1.289193e-08
2.272000e+03 1.274360e-08
2.273000e+03 1.288770e-08
2.274000e+03 1.310448e-08
2.275000e+03 1.303233e-08
2.276000e+03 1.317055e-08
2.277000e+03 1.340081e-08
2.278000e+03 1.282869e-08
2.279000e+03 1.276983e-08
2.280000e+03 1.275782e-08
2.281000e+03 1.496461e-08
2.282000e+03 1.480463e-08
2.283000e+03 1.502046e-08
2.284000e+03 1.334919e-08
2.285000e+03 1.298853e-08
2.286000e+03 1.297424e-08
2.287000e+03 1.269532e-08
2.288000e+03 1.283400e-08
2.289000e+03 3.632802e-07
2.290000e+03 6.785420e-08
2.291000e+03 6.297111e-08
2.292000e+03 4.821809e-08
2.293000e+03 3.606233e-08
2.294000e+03 4.298025e-08
2.295000e+03 2.075628e-08
2.296000e+03 2.467016e-08
2.297000e+03 1.555282e-08
2.298000e+03 1.262913e-08
2.299000e+03 1.788168e-08
2.300000e+03 1.598393e-08
2.301000e+03 4.847088e-08
2.302000e+03 1.215201e-08
2.303000e+03 3.590621e-08
2.304000e+03 3.094754e-08
2.305000e+03 3.352209e-08
2.306000e+03 2.820507e-08
2.307000e+03 2.365114e-08
2.308000e+03 2.101581e-08
2.309000e+03 1.980207e-08
2.310000e+03 1.837746e-08
2.311000e+03 1.744890e-08
2.312000e+03 1.578177e-08
2.313000e+03 1.590457e-08
2.314000e+03 1.620002e-08
2.315000e+03 1.550545e-08
2.316000e+03 1.470827e-08
2.317000e+03 1.407994e-08
2.318000e+03 1.405817e-08
2.319000e+03 1.392078e-08
2.320000e+03 1.321543e-08
2.321000e+03 1.312672e-08
2.322000e+03 1.332945e-08
2.323000e+03 1.402963e-08
2.324000e+03 1.411986e-08
2.325000e+03 1.408098e-08
2.326000e+03 1.353209e-08
2.327000e+03 1.339711e-08
2.328000e+03 1.313992e-08
2.329000e+03 1.290363e-08
2.330000e+03 1.301835e-08
2.331000e+03 1.298614e-08
2.332000e+03 1.270965e-08
2.333000e+03 1.251208e-08
2.334000e+03 1.254874e-08
2.335000e+03 1.229054e-08
2.336000e+03 1.264219e-08
2.337000e+03 1.276919e-08
2.338000e+03 1.250250e-08
2.339000e+03 1.249365e-08
2.340000e+03 1.314898e-08
2.341000e+03 1.260156e-08
2.342000e+03 1.333821e-08
2.343000e+03 1.236360e-08
2.344000e+03 1.198134e-08
2.345000e+03 1.274730e-08
2.346000e+03 1.229956e-08
2.347000e+03 1.202513e-08
2.348000e+03 1.196884e-08
2.349000e+03 1.188632e-08
2.350000e+03 1.192161e-08
2.351000e+03 1.208957e-08
2.352000e+03 1.194221e-08
2.353000e+03 1.178726e-08
2.354000e+03 1.202477e-08
2.355000e+03 1.193441e-08
2.356000e+03 1.225329e-08
2.357000e+03 1.236984e-08
2.358000e+03 1.229009e-08
2.359000e+03 1.218782e-08
2.360000e+03 1.119932e-09
2.361000e+03 1.160681e-08
2.362000e+03 1.172492e-08
2.363000e+03 1.203180e-08
2.364000e+03 1.045782e-09
2.365000e+03 1.167194e-08
2.366000e+03 1.171757e-08
2.367000e+03 1.197359e-08
2.368000e+03 1.179021e-08
2.369000e+03 1.096650e-09
2.370000e+03 9.690654e-10
2.371000e+03 1.165981e-08
2.372000e+03 1.175340e-08
2.373000e+03 1.176519e-08
2.374000e+03 1.223397e-08
2.375000e+03 1.232631e-09
2.376000e+03 1.139885e-09
2.377000e+03 1.176648e-08
2.378000e+03 1.217316e-08
2.379000e+03 1.092322e-09
2.380000e+03 1.195900e-08
2.381000e+03 1.072690e-09
2.382000e+03 9.973233e-10
2.383000e+03 1.026468e-09
2.384000e+03 1.164416e-08
2.385000e+03 1.054416e-09
2.386000e+03 1.007976e-09
2.387000e+03 1.155477e-08
2.388000e+03 1.238880e-08
2.389000e+03 1.218335e-09
2.390000e+03 1.130321e-09
2.391000e+03 1.089876e-09
2.392000e+03 1.199472e-08
2.393000e+03 1.154571e-09
2.394000e+03 1.020677e-09
2.395000e+03 1.071804e-09
2.396000e+03 1.200357e-08
2.397000e+03 1.106619e-09
2.398000e+03 1.014435e-09
2.399000e+03 1.094469e-09
2.400000e+03 1.187039e-08
2.401000e+03 1.126347e-09
2.402000e+03 1.121474e-09
2.403000e+03 1.278346e-09
2.404000e+03 1.208307e-08
2.405000e+03 1.640720e-09
2.406000e+03 1.233705e-09
2.407000e+03 1.240070e-09
2.408000e+03 1.206440e-08
2.409000e+03 1.268519e-09
2.410000e+03 1.243080e-09
2.411000e+03 1.185655e-09
2.412000e+03 1.188590e-08
2.413000e+03 1.233374e-09
2.414000e+03 1.212655e-09
2.415000e+03 1.006639e-09
2.416000e+03 1.052700e-09
2.417000e+03 1.162669e-09
2.418000e+03 9.770344e-10
2.419000e+03 1.359012e-09
2.420000e+03 1.361861e-09
2.421000e+03 1.169595e-08
2.422000e+03 1.471638e-09
2.423000e+03 1.432801e-09
2.424000e+03 1.211894e-09
2.425000e+03 1.156111e-08
2.426000e+03 1.321917e-09
2.427000e+03 1.252884e-09
2.428000e+03 1.330293e-09
2.429000e+03 1.207795e-08
2.430000e+03 1.428385e-09
2.431000e+03 1.258956e-09
2.432000e+03 1.114846e-09
2.433000e+03 1.102412e-08
2.434000e+03 1.168997e-09
2.435000e+03 1.120978e-09
2.436000e+03 1.273397e-09
2.437000e+03 1.161355e-09
2.438000e+03 1.078913e-09
2.439000e+03 1.112755e-09
2.440000e+03 1.118462e-08
2.441000e+03 1.140840e-09
2.442000e+03 1.037225e-09
2.443000e+03 1.253031e-09
2.444000e+03 1.360583e-09
2.445000e+03 1.258186e-09
2.446000e+03 1.147220e-09
2.447000e+03 1.239109e-09
2.448000e+03 1.338855e-09
2.449000e+03 1.181900e-09
2.450000e+03 1.182978e-09
2.451000e+03 1.231253e-09
2.452000e+03 1.307752e-09
2.453000e+03 1.226310e-09
2.454000e+03 1.138787e-09
2.455000e+03 1.254634e-09
2.456000e+03 1.336399e-09
2.457000e+03 1.216721e-09
2.458000e+03 1.129955e-09
2.459000e+03 1.207407e-09
2.460000e+03 1.342201e-09
2.461000e+03 1.195743e-09
2.462000e+03 1.250054e-09
2.463000e+03 5.601400e-07
2.464000e+03 8.916542e-08
2.465000e+03 7.266341e-08
2.466000e+03 3.485682e-08
2.467000e+03 5.842799e-08
2.468000e+03 3.894590e-08
2.469000e+03 3.289807e-08
2.470000e+03 2.778260e-08
2.471000e+03 2.314018e-08
2.472000e+03 1.971999e-08
2.473000e+03 2.365291e-08
2.474000e+03 2.050247e-08
2.475000e+03 1.744139e-08
2.476000e+03 1.351396e-08
2.477000e+03 1.088054e-08
2.478000e+03 9.011684e-09
2.479000e+03 2.678743e-08
2.480000e+03 7.160919e-09
2.481000e+03 5.250360e-09
2.482000e+03 4.330406e-09
2.483000e+03 1.829800e-08
2.484000e+03 4.098129e-09
2.485000e+03 3.340626e-09
2.486000e+03 2.694630e-09
2.487000e+03 1.989477e-09
2.488000e+03 2.072785e-09
2.489000e+03 1.922187e-09
2.490000e+03 1.535061e-09
2.491000e+03 1.381077e-09
2.492000e+03 1.305453e-09
2.493000e+03 1.236564e-09
2.494000e+03 1.364690e-09
2.495000e+03 1.182155e-08
2.496000e+03 1.357637e-09
2.497000e+03 1.080836e-09
2.498000e+03 1.381386e-09
2.499000e+03 1.307706e-09
2.500000e+03 1.285356e-09
2.501000e+03 1.251377e-09
2.502000e+03 1.206384e-09
2.503000e+03 1.218309e-09
2.504000e+03 1.201651e-09
2.505000e+03 1.190078e-09
2.506000e+03 1.007488e-08
2.507000e+03 1.156631e-08
2.508000e+03 1.185812e-09
2.509000e+03 1.278206e-09
2.510000e+03 1.358398e-09
2.511000e+03 1.166813e-08
2.512000e+03 1.435947e-09
2.513000e+03 1.341039e-09
2.514000e+03 9.895805e-09
2.515000e+03 9.950541e-09
2.516000e+03 9.544543e-10
2.517000e+03 9.995329e-09
2.518000e+03 1.009368e-09
2.519000e+03 9.239705e-10
2.520000e+03 1.189303e-09
2.521000e+03 1.016738e-08
2.522000e+03 1.052930e-09
2.523000e+03 1.013015e-08
2.524000e+03 1.009385e-08
2.525000e+03 9.792136e-10
2.526000e+03 8.332138e-10
2.527000e+03 8.096159e-10
2.528000e+03 9.904912e-09
2.529000e+03 8.653573e-10
2.530000e+03 8.168354e-10
2.531000e+03 1.019956e-08
2.532000e+03 1.022803e-08
2.533000e+03 8.206924e-10
2.534000e+03 8.146603e-10
2.535000e+03 9.210699e-09
2.536000e+03 1.651390e-09
2.537000e+03 9.706112e-09
2.538000e+03 6.463607e-10
2.539000e+03 9.045300e-09
2.540000e+03 1.762543e-09
2.541000e+03 9.159423e-09
2.542000e+03 9.063397e-09
2.543000e+03 9.366886e-09
2.544000e+03 9.111621e-09
2.545000e+03 8.891177e-09
2.546000e+03 9.278382e-09
2.547000e+03 9.129678e-09
2.548000e+03 9.224481e-09
2.549000e+03 9.511721e-09
2.550000e+03 9.148523e-09
2.551000e+03 9.408626e-09
2.552000e+03 9.331446e-09
2.553000e+03 9.490884e-09
2.554000e+03 6.140502e-10
2.555000e+03 5.871046e-10
2.556000e+03 6.361574e-10
2.557000e+03 9.567331e-09
2.558000e+03 7.118106e-10
2.559000e+03 9.645175e-09
2.560000e+03 9.892316e-09
2.561000e+03 9.870731e-09
2.562000e+03 6.461607e-10
2.563000e+03 9.642303e-09
2.564000e+03 9.616106e-09
2.565000e+03 6.498534e-10
2.566000e+03 9.423083e-09
2.567000e+03 9.589946e-09
2.568000e+03 9.779401e-09
2.569000e+03 6.844538e-10
2.570000e+03 9.511818e-09
2.571000e+03 1.005327e-08
2.572000e+03 7.112282e-10
2.573000e+03 7.323635e-10
2.574000e+03 6.527528e-10
2.575000e+03 9.480303e-09
2.576000e+03 6.008021e-10
2.577000e+03 9.031562e-09
2.578000e+03 9.161005e-09
2.579000e+03 9.126272e-09
2.580000e+03 9.278859e-09
2.581000e+03 9.114254e-09
2.582000e+03 9.122054e-09
2.583000e+03 9.281582e-09
2.584000e+03 9.234147e-09
2.585000e+03 7.280503e-10
2.586000e+03 7.103025e-10
2.587000e+03 6.543252e-10
2.588000e+03 8.616150e-09
2.589000e+03 8.798801e-09
2.590000e+03 8.843790e-09
2.591000e+03 9.286133e-09
2.592000e+03 9.069740e-09
2.593000e+03 8.779804e-09
2.594000e+03 9.354434e-09
2.595000e+03 9.053417e-09
2.596000e+03 9.087967e-09
2.597000e+03 9.337148e-09
2.598000e+03 7.176158e-10
2.599000e+03 9.138078e-09
2.600000e+03 9.112447e-09
2.601000e+03 9.292405e-09
2.602000e+03 9.111838e-09
2.603000e+03 9.298085e-09
2.604000e+03 9.108112e-09
2.605000e+03 8.857083e-09
2.606000e+03 9.209399e-09
2.607000e+03 8.987989e-09
2.608000e+03 9.089566e-09
2.609000e+03 9.283716e-09
2.610000e+03 8.860938e-09
2.611000e+03 8.809518e-09
2.612000e+03 8.968674e-09
2.613000e+03 8.811726e-09
2.614000e+03 1.304205e-09
2.615000e+03 1.035575e-08
2.616000e+03 1.095332e-08
2.617000e+03 1.423880e-09
2.618000e+03 1.375381e-09
2.619000e+03 1.014592e-08
2.620000e+03 1.051458e-08
2.621000e+03 1.191455e-09
2.622000e+03 1.004423e-08
2.623000e+03 1.091957e-09
2.624000e+03 1.008274e-08
2.625000e+03 8.956688e-09
2.626000e+03 8.977867e-09
2.627000e+03 9.094736e-09
2.628000e+03 8.886962e-09
2.629000e+03 8.721594e-09
2.630000e+03 9.046602e-09
2.631000e+03 8.653105e-09
2.632000e+03 8.967289e-09
2.633000e+03 8.841866e-09
2.634000e+03 8.190560e-10
2.635000e+03 8.497235e-09
2.636000e+03 8.325148e-09
2.637000e+03 8.430709e-09
2.638000e+03 8.608697e-09
2.639000e+03 8.324104e-09
2.640000e+03 8.398940e-09
2.641000e+03 8.251275e-09
2.642000e+03 6.716285e-10
2.643000e+03 8.394440e-09
2.644000e+03 8.368481e-09
2.645000e+03 8.657681e-09
2.646000e+03 6.816608e-10
2.647000e+03 8.164846e-09
2.648000e+03 9.204174e-09
2.649000e+03 9.247796e-10
2.650000e+03 9.122150e-09
2.651000e+03 9.517024e-10
2.652000e+03 9.215704e-09
2.653000e+03 9.432222e-10
2.654000e+03 9.393468e-10
2.655000e+03 9.595050e-10
2.656000e+03 9.324684e-09
2.657000e+03 9.566476e-09
2.658000e+03 7.140285e-10
2.659000e+03 8.337838e-09
2.660000e+03 8.148449e-09
2.661000e+03 6.423445e-10
2.662000e+03 8.052681e-09
2.663000e+03 8.932880e-09
2.664000e+03 8.009972e-09
2.665000e+03 8.464179e-09
2.666000e+03 6.024632e-10
2.667000e+03 8.517662e-09
2.668000e+03 5.961673e-10
2.669000e+03 7.528173e-10
2.670000e+03 6.798909e-10
2.671000e+03 8.857014e-09
2.672000e+03 7.719636e-10
2.673000e+03 8.599086e-09
2.674000e+03 7.385742e-10
2.675000e+03 7.532275e-10
2.676000e+03 8.242015e-10
2.677000e+03 8.558203e-09
2.678000e+03 9.945838e-10
2.679000e+03 4.283010e-07
2.680000e+03 6.844634e-08
2.681000e+03 5.670781e-08
2.682000e+03 3.721972e-08
2.683000e+03 3.698217e-08
2.684000e+03 3.121822e-08
2.685000e+03 2.608940e-08
2.686000e+03 2.234322e-08
2.687000e+03 1.937413e-08
2.688000e+03 1.734769e-08
2.689000e+03 1.386529e-08
2.690000e+03 1.143596e-08
2.691000e+03 9.782799e-09
2.692000e+03 4.291959e-08
2.693000e+03 7.619371e-09
2.694000e+03 2.993000e-08
2.695000e+03 2.900251e-08
2.696000e+03 2.609312e-08
2.697000e+03 2.216730e-08
2.698000e+03 1.878092e-08
2.699000e+03 1.635953e-08
2.700000e+03 1.603403e-08
2.701000e+03 1.339519e-08
2.702000e+03 1.263600e-08
2.703000e+03 1.211189e-08
2.704000e+03 1.153171e-08
2.705000e+03 1.136564e-08
2.706000e+03 2.033060e-09
2.707000e+03 1.020332e-08
2.708000e+03 1.041420e-08
2.709000e+03 9.610448e-09
2.710000e+03 9.191943e-09
2.711000e+03 9.423180e-09
2.712000e+03 8.655870e-09
2.713000e+03 9.671183e-09
2.714000e+03 1.232579e-09
2.715000e+03 1.241279e-09
2.716000e+03 1.015771e-08
2.717000e+03 1.020047e-08
2.718000e+03 1.290898e-09
2.719000e+03 9.675484e-09
2.720000e+03 8.516610e-09
2.721000e+03 8.935981e-09
2.722000e+03 2.163033e-09
2.723000e+03 9.778679e-09
2.724000e+03 9.993061e-09
2.725000e+03 1.549861e-09
2.726000e+03 1.454063e-09
2.727000e+03 1.508080e-09
2.728000e+03 1.035636e-08
2.729000e+03 1.955575e-09
2.730000e+03 1.029564e-08
2.731000e+03 1.064881e-08
2.732000e+03 1.905196e-09
2.733000e+03 1.011815e-08
2.734000e+03 9.085881e-10
2.735000e+03 9.435990e-10
2.736000e+03 8.307218e-09
2.737000e+03 8.272001e-09
2.738000e+03 8.516708e-09
2.739000e+03 8.514981e-09
2.740000e+03 8.384153e-09
2.741000e+03 8.171093e-09
2.742000e+03 8.331926e-09
2.743000e+03 9.892654e-10
2.744000e+03 1.155400e-09
2.745000e+03 8.815112e-10
2.746000e+03 1.247461e-09
2.747000e+03 8.879705e-09
2.748000e+03 9.344759e-09
2.749000e+03 3.408990e-09
2.750000e+03 3.880126e-09
2.751000e+03 4.153863e-09
2.752000e+03 4.345479e-09
2.753000e+03 1.202843e-08
2.754000e+03 5.260853e-09
2.755000e+03 4.430020e-09
2.756000e+03 1.077807e-09
2.757000e+03 8.638667e-10
2.758000e+03 8.157336e-09
2.759000e+03 8.228865e-09
2.760000e+03 6.909140e-10
2.761000e+03 6.055152e-10
2.762000e+03 6.515108e-10
2.763000e+03 8.078289e-09
2.764000e+03 8.052864e-09
2.765000e+03 6.977589e-10
2.766000e+03 5.948129e-10
2.767000e+03 8.084178e-09
2.768000e+03 8.059584e-09
2.769000e+03 9.092510e-09
2.770000e+03 8.104498e-09
2.771000e+03 8.275799e-09
2.772000e+03 7.775363e-09
2.773000e+03 7.846270e-09
2.774000e+03 7.625486e-09
2.775000e+03 7.740976e-09
2.776000e+03 8.419635e-09
2.777000e+03 8.065077e-09
2.778000e+03 7.930525e-09
2.779000e+03 8.013695e-09
2.780000e+03 8.083676e-09
2.781000e+03 5.937562e-10
2.782000e+03 7.803855e-09
2.783000e+03 8.041122e-09
2.784000e+03 8.043889e-09
2.785000e+03 8.001444e-09
2.786000e+03 8.123832e-09
2.787000e+03 8.012001e-09
2.788000e+03 8.068661e-09
2.789000e+03 8.264520e-09
2.790000e+03 7.980471e-09
2.791000e+03 7.969501e-09
2.792000e+03 8.168707e-09
2.793000e+03 8.095477e-09
2.794000e+03 7.997621e-09
2.795000e+03 8.458611e-09
2.796000e+03 7.923542e-09
2.797000e+03 7.701132e-09
2.798000e+03 8.088679e-09
2.799000e+03 7.879930e-09
2.800000e+03 8.285777e-09
2.801000e+03 8.315199e-09
2.802000e+03 8.252415e-09
2.803000e+03 7.478695e-09
2.804000e+03 7.754567e-09
2.805000e+03 7.934774e-09
2.806000e+03 7.509393e-09
2.807000e+03 7.948072e-09
2.808000e+03 8.100150e-09
2.809000e+03 8.015039e-09
2.810000e+03 8.134573e-09
2.811000e+03 7.908110e-09
2.812000e+03 8.278403e-09
2.813000e+03 7.781152e-09
2.814000e+03 2.142628e-09
2.815000e+03 2.260315e-09
2.816000e+03 2.259366e-09
2.817000e+03 8.728116e-09
2.818000e+03 8.092848e-09
2.819000e+03 8.364901e-09
2.820000e+03 7.918556e-09
2.821000e+03 7.831255e-09
2.822000e+03 7.953326e-09
2.823000e+03 7.737299e-09
2.824000e+03 7.965019e-09
2.825000e+03 8.147451e-09
2.826000e+03 7.983552e-09
2.827000e+03 7.948326e-09
2.828000e+03 7.922662e-09
2.829000e+03 7.827440e-09
2.830000e+03 7.762289e-09
2.831000e+03 7.790171e-09
2.832000e+03 7.945519e-09
2.833000e+03 7.343283e-09
2.834000e+03 7.387156e-09
2.835000e+03 7.608283e-09
2.836000e+03 7.625632e-09
2.837000e+03 7.964384e-09
2.838000e+03 7.807361e-09
2.839000e+03 7.755967e-09
2.840000e+03 7.742609e-09
2.841000e+03 7.832676e-09
2.842000e+03 7.888858e-09
2.843000e+03 8.032151e-09
2.844000e+03 8.029196e-09
2.845000e+03 7.973109e-09
2.846000e+03 7.993356e-09
2.847000e+03 7.712526e-09
2.848000e+03 7.788864e-09
2.849000e+03 7.620963e-09
2.850000e+03 7.932219e-09
2.851000e+03 9.150017e-09
2.852000e+03 9.000635e-09
2.853000e+03 8.795856e-09
2.854000e+03 7.535524e-09
2.855000e+03 7.456354e-09
2.856000e+03 9.046834e-09
2.857000e+03 9.458934e-09
2.858000e+03 1.104168e-08
2.859000e+03 1.014552e-08
2.860000e+03 1.022084e-08
2.861000e+03 9.658053e-09
2.862000e+03 9.684008e-09
2.863000e+03 9.966228e-09
2.864000e+03 1.030312e-08
2.865000e+03 9.706408e-09
2.866000e+03 9.727757e-09
2.867000e+03 9.888163e-09
2.868000e+03 8.305691e-09
2.869000e+03 8.049487e-09
2.870000e+03 7.624741e-09
2.871000e+03 7.414662e-09
2.872000e+03 7.551793e-09
2.873000e+03 7.691844e-09
2.874000e+03 7.730014e-09
2.875000e+03 8.213688e-09
2.876000e+03 8.667735e-09
2.877000e+03 8.666927e-09
2.878000e+03 8.541472e-09
2.879000e+03 7.531098e-09
2.880000e+03 7.631661e-09
2.881000e+03 7.623027e-09
2.882000e+03 7.690212e-09
2.883000e+03 8.098603e-09
2.884000e+03 7.652161e-09
2.885000e+03 7.675160e-09
2.886000e+03 7.401811e-09
2.887000e+03 7.420330e-09
2.888000e+03 7.106129e-09
2.889000e+03 7.143915e-09
2.890000e+03 7.170728e-09
2.891000e+03 7.378987e-09
2.892000e+03 7.177015e-09
2.893000e+03 7.569787e-09
2.894000e+03 7.273513e-09
2.895000e+03 7.571185e-09
2.896000e+03 7.694478e-09
2.897000e+03 7.519275e-09
2.898000e+03 7.660363e-09
2.899000e+03 7.057644e-09
2.900000e+03 7.002264e-09
2.901000e+03 7.029515e-09
2.902000e+03 7.322680e-09
2.903000e+03 7.053059e-09
2.904000e+03 6.921374e-09
2.905000e+03 7.205962e-09
2.906000e+03 6.907230e-09
2.907000e+03 6.972768e-09
2.908000e+03 7.061543e-09
2.909000e+03 7.282691e-09
2.910000e+03 8.129460e-09
2.911000e+03 8.272951e-09
2.912000e+03 7.538366e-09
2.913000e+03 7.469547e-09
2.914000e+03 7.579158e-09
2.915000e+03 7.817845e-09
2.916000e+03 8.749848e-09
2.917000e+03 7.691896e-09
2.918000e+03 8.954907e-09
2.919000e+03 7.803187e-09
2.920000e+03 7.735273e-09
2.921000e+03 7.804979e-09
2.922000e+03 7.574543e-09
2.923000e+03 7.387522e-09
2.924000e+03 7.485699e-09
2.925000e+03 7.414311e-09
2.926000e+03 7.413026e-09
2.927000e+03 7.630010e-09
2.928000e+03 7.480674e-09
2.929000e+03 7.320252e-09
2.930000e+03 6.909069e-09
2.931000e+03 6.552413e-09
2.932000e+03 6.455367e-09
2.933000e+03 7.004521e-09
2.934000e+03 6.862106e-09
2.935000e+03 2.052380e-09
2.936000e+03 2.026135e-09
2.937000e+03 1.639531e-09
2.938000e+03 9.528512e-09
2.939000e+03 6.922474e-09
2.940000e+03 7.191600e-09
2.941000e+03 6.787832e-09
2.942000e+03 6.759326e-09
2.943000e+03 6.826905e-09
2.944000e+03 6.947152e-09
2.945000e+03 7.023980e-09
2.946000e+03 7.192420e-09
2.947000e+03 6.839871e-09
2.948000e+03 6.751730e-09
2.949000e+03 7.021441e-09
2.950000e+03 6.911164e-09
2.951000e+03 6.682591e-09
2.952000e+03 6.797811e-09
2.953000e+03 6.493352e-09
2.954000e+03 6.645231e-09
2.955000e+03 6.620401e-09
2.956000e+03 6.560738e-09
2.957000e+03 6.701590e-09
2.958000e+03 6.937853e-09
2.959000e+03 6.743262e-09
2.960000e+03 6.350069e-09
2.961000e+03 6.871568e-09
2.962000e+03 6.389029e-09
2.963000e+03 6.399370e-09
2.964000e+03 6.655106e-09
2.965000e+03 6.334492e-09
2.966000e+03 6.769869e-09
2.967000e+03 5.107881e-10
2.968000e+03 6.933080e-09
2.969000e+03 7.006777e-09
2.970000e+03 5.418750e-10
2.971000e+03 4.041124e-07
2.972000e+03 7.240253e-08
2.973000e+03 6.115282e-08
2.974000e+03 4.883757e-08
2.975000e+03 4.167625e-08
2.976000e+03 3.561031e-08
2.977000e+03 3.043753e-08
2.978000e+03 3.410957e-08
2.979000e+03 2.887094e-08
2.980000e+03 2.109333e-08
2.981000e+03 1.720199e-08
2.982000e+03 5.669724e-08
2.983000e+03 1.485692e-08
2.984000e+03 4.003954e-08
2.985000e+03 3.827556e-08
2.986000e+03 3.384455e-08
2.987000e+03 2.915625e-08
2.988000e+03 2.508539e-08
2.989000e+03 2.110187e-08
2.990000e+03 1.857600e-08
2.991000e+03 1.627149e-08
2.992000e+03 1.471957e-08
2.993000e+03 1.338247e-08
2.994000e+03 1.216297e-08
2.995000e+03 1.101659e-08
2.996000e+03 1.018413e-08
2.997000e+03 9.650707e-09
2.998000e+03 9.012750e-09
2.999000e+03 8.550178e-09
3.000000e+03 8.526760e-09
3.001000e+03 8.050524e-09
3.002000e+03 7.992803e-09
3.003000e+03 7.853537e-09
3.004000e+03 7.429509e-09
3.005000e+03 7.386768e-09
3.006000e+03 7.341267e-09
3.007000e+03 6.990674e-09
3.008000e+03 6.789467e-09
3.009000e+03 9.219242e-10
3.010000e+03 6.408630e-09
3.011000e+03 6.559068e-09
3.012000e+03 7.034414e-09
3.013000e+03 6.272039e-09
3.014000e+03 6.391966e-09
3.015000e+03 6.751443e-09
3.016000e+03 6.766132e-09
3.017000e+03 6.149418e-09
3.018000e+03 6.723811e-09
3.019000e+03 6.601393e-09
3.020000e+03 6.424777e-09
3.021000e+03 6.576525e-09
3.022000e+03 6.399536e-09
3.023000e+03 6.610568e-09
3.024000e+03 6.761114e-10
3.025000e+03 6.352861e-09
3.026000e+03 7.022178e-09
3.027000e+03 7.203273e-10
3.028000e+03 6.487673e-09
3.029000e+03 6.766077e-09
3.030000e+03 6.506707e-09
3.031000e+03 6.223486e-09
3.032000e+03 9.943061e-10
3.033000e+03 9.877104e-10
3.034000e+03 9.128581e-10
3.035000e+03 9.588823e-10
3.036000e+03 9.504810e-10
3.037000e+03 8.794880e-10
3.038000e+03 9.834168e-10
3.039000e+03 6.354749e-09
3.040000e+03 8.625782e-10
3.041000e+03 6.382890e-09
3.042000e+03 6.482846e-09
3.043000e+03 7.601886e-10
3.044000e+03 7.357189e-10
3.045000e+03 5.959149e-09
3.046000e+03 7.666164e-10
3.047000e+03 6.140520e-09
3.048000e+03 6.047821e-09
3.049000e+03 6.344567e-10
3.050000e+03 6.070150e-09
3.051000e+03 5.738483e-09
3.052000e+03 5.863212e-10
3.053000e+03 5.861445e-09
3.054000e+03 5.588362e-09
3.055000e+03 5.923040e-09
3.056000e+03 5.586712e-09
3.057000e+03 5.443705e-09
3.058000e+03 4.820893e-10
3.059000e+03 5.633139e-09
3.060000e+03 6.061727e-09
3.061000e+03 7.563511e-10
3.062000e+03 7.483914e-10
3.063000e+03 7.017668e-10
3.064000e+03 7.008445e-10
3.065000e+03 6.170851e-09
3.066000e+03 6.025145e-09
3.067000e+03 6.749983e-10
3.068000e+03 6.718831e-10
3.069000e+03 6.744767e-10
3.070000e+03 6.378588e-10
3.071000e+03 6.064560e-09
3.072000e+03 5.996133e-09
3.073000e+03 6.745089e-10
3.074000e+03 6.691650e-10
3.075000e+03 5.748898e-10
3.076000e+03 5.173704e-10
3.077000e+03 5.795692e-09
3.078000e+03 5.145284e-10
3.079000e+03 4.937477e-10
3.080000e+03 4.279976e-10
3.081000e+03 3.899891e-10
3.082000e+03 4.244131e-10
3.083000e+03 4.302980e-10
3.084000e+03 4.288067e-10
3.085000e+03 4.358346e-10
3.086000e+03 4.018717e-10
3.087000e+03 4.130396e-10
3.088000e+03 4.244235e-10
3.089000e+03 4.324282e-10
3.090000e+03 4.096802e-10
3.091000e+03 5.564933e-09
3.092000e+03 4.108618e-10
3.093000e+03 3.755686e-10
3.094000e+03 3.954907e-10
3.095000e+03 4.192376e-10
3.096000e+03 4.426617e-10
3.097000e+03 3.945504e-10
3.098000e+03 4.623229e-10
3.099000e+03 3.929633e-10
3.100000e+03 4.524180e-10
3.101000e+03 5.517102e-09
3.102000e+03 4.115191e-10
3.103000e+03 4.105468e-10
3.104000e+03 4.127762e-10
3.105000e+03 5.307868e-09
3.106000e+03 4.458160e-10
3.107000e+03 4.316023e-10
3.108000e+03 4.559435e-10
3.109000e+03 4.312031e-10
3.110000e+03 4.577115e-10
3.111000e+03 5.266281e-09
3.112000e+03 4.622592e-10
3.113000e+03 5.484885e-09
3.114000e+03 5.089901e-10
3.115000e+03 4.689695e-10
3.116000e+03 4.886455e-10
3.117000e+03 4.895425e-10
3.118000e+03 4.708685e-10
3.119000e+03 5.123906e-10
3.120000e+03 5.397312e-10
3.121000e+03 4.700978e-10
3.122000e+03 4.674925e-10
3.123000e+03 4.100223e-10
3.124000e+03 4.182549e-10
3.125000e+03 5.777566e-09
3.126000e+03 5.488240e-10
3.127000e+03 5.221306e-10
3.128000e+03 5.005833e-09
3.129000e+03 4.019741e-10
3.130000e+03 3.716671e-10
3.131000e+03 4.205623e-10
3.132000e+03 5.223983e-09
3.133000e+03 4.835619e-09
3.134000e+03 4.338663e-10
3.135000e+03 4.762709e-09
3.136000e+03 5.068327e-09
3.137000e+03 5.181203e-09
3.138000e+03 4.866232e-09
3.139000e+03 4.813957e-09
3.140000e+03 4.855493e-09
3.141000e+03 4.801634e-09
3.142000e+03 4.153587e-10
3.143000e+03 4.846250e-09
3.144000e+03 4.880227e-09
3.145000e+03 4.959081e-09
3.146000e+03 4.775796e-09
3.147000e+03 4.747148e-09
3.148000e+03 4.434107e-10
3.149000e+03 4.819567e-09
3.150000e+03 4.709444e-09
3.151000e+03 4.753330e-09
3.152000e+03 4.669208e-09
3.153000e+03 3.440552e-10
3.154000e+03 4.767421e-09
3.155000e+03 5.140626e-09
3.156000e+03 4.138009e-10
3.157000e+03 4.837522e-09
3.158000e+03 5.151139e-09
3.159000e+03 3.489368e-10
3.160000e+03 3.593126e-10
3.161000e+03 3.863131e-10
3.162000e+03 3.474167e-10
3.163000e+03 4.972229e-09
3.164000e+03 3.623568e-10
3.165000e+03 3.761568e-10
3.166000e+03 4.899324e-09
3.167000e+03 3.884296e-10
3.168000e+03 3.742582e-10
3.169000e+03 3.471865e-10
3.170000e+03 3.695302e-10
3.171000e+03 3.385916e-10
3.172000e+03 3.577335e-10
3.173000e+03 5.002659e-09
3.174000e+03 4.755939e-09
3.175000e+03 3.505612e-10
3.176000e+03 3.212054e-10
3.177000e+03 4.564337e-09
3.178000e+03 3.657642e-10
3.179000e+03 4.825778e-09
3.180000e+03 4.781972e-09
3.181000e+03 4.885421e-09
3.182000e+03 3.639190e-10
3.183000e+03 3.405823e-10
3.184000e+03 4.620471e-09
3.185000e+03 4.881206e-09
3.186000e+03 3.648972e-10
3.187000e+03 3.318744e-10
3.188000e+03 3.336867e-10
3.189000e+03 3.875650e-10
3.190000e+03 4.578126e-09
3.191000e+03 4.870674e-09
3.192000e+03 4.743913e-09
3.193000e+03 4.891482e-09
3.194000e+03 5.101989e-10
3.195000e+03 4.477267e-09
3.196000e+03 3.755063e-10
3.197000e+03 4.690260e-09
3.198000e+03 4.588596e-09
3.199000e+03 4.291781e-10
3.200000e+03 4.502864e-09
3.201000e+03 4.456091e-09
3.202000e+03 4.020876e-10
3.203000e+03 4.472099e-09
3.204000e+03 3.534038e-10
3.205000e+03 4.442653e-09
3.206000e+03 4.462127e-09
3.207000e+03 3.769644e-10
3.208000e+03 4.541489e-09
3.209000e+03 4.858257e-09
3.210000e+03 4.597831e-09
3.211000e+03 4.513498e-09
3.212000e+03 3.405840e-10
3.213000e+03 4.433922e-09
3.214000e+03 3.498663e-10
3.215000e+03 4.615090e-09
3.216000e+03 4.521300e-09
3.217000e+03 4.761223e-09
3.218000e+03 3.875954e-10
3.219000e+03 4.423829e-09
3.220000e+03 3.445271e-10
3.221000e+03 4.521136e-09
3.222000e+03 3.602468e-10
3.223000e+03 3.490372e-10
3.224000e+03 4.283490e-09
3.225000e+03 3.387301e-10
3.226000e+03 4.469326e-09
3.227000e+03 3.117597e-10
3.228000e+03 3.114472e-10
3.229000e+03 4.535773e-09
3.230000e+03 3.033882e-10
3.231000e+03 4.791914e-09
3.232000e+03 3.406747e-10
3.233000e+03 4.777508e-09
3.234000e+03 4.637354e-09
3.235000e+03 3.116382e-10
3.236000e+03 2.912437e-10
3.237000e+03 2.747093e-10
3.238000e+03 2.998664e-10
3.239000e+03 4.597842e-09
3.240000e+03 3.182992e-10
3.241000e+03 3.124929e-10
3.242000e+03 3.845022e-10
3.243000e+03 3.302277e-10
3.244000e+03 4.762544e-09
3.245000e+03 5.309118e-09
3.246000e+03 3.464625e-10
3.247000e+03 2.893945e-10
3.248000e+03 2.861936e-10
3.249000e+03 4.656096e-09
3.250000e+03 3.051800e-10
3.251000e+03 4.942094e-09
3.252000e+03 3.109662e-10
3.253000e+03 2.910954e-10
3.254000e+03 4.748126e-09
3.255000e+03 3.356173e-10
3.256000e+03 4.778863e-09
3.257000e+03 5.063484e-09
3.258000e+03 3.452750e-10
3.259000e+03 4.637031e-09
3.260000e+03 3.307021e-10
3.261000e+03 3.291525e-10
3.262000e+03 3.342489e-10
3.263000e+03 4.788915e-09
3.264000e+03 4.702892e-09
3.265000e+03 4.895888e-09
3.266000e+03 3.840479e-10
3.267000e+03 3.439033e-10
3.268000e+03 4.707489e-09
3.269000e+03 4.157162e-10
3.270000e+03 3.484888e-10
3.271000e+03 3.413427e-10
3.272000e+03 3.491009e-10
3.273000e+03 3.500528e-10
3.274000e+03 3.472200e-10
3.275000e+03 4.773767e-09
3.276000e+03 4.501517e-10
3.277000e+03 4.766515e-09
3.278000e+03 4.200329e-10
3.279000e+03 3.814098e-10
3.280000e+03 4.870358e-09
3.281000e+03 5.092163e-09
3.282000e+03 3.815724e-10
3.283000e+03 4.034249e-10
3.284000e+03 4.762528e-09
3.285000e+03 4.337241e-10
3.286000e+03 4.845392e-09
3.287000e+03 4.943554e-09
3.288000e+03 4.424073e-10
3.289000e+03 4.924855e-09
3.290000e+03 4.227469e-10
3.291000e+03 4.692825e-10
3.292000e+03 4.421400e-10
3.293000e+03 4.309867e-10
3.294000e+03 4.441654e-10
3.295000e+03 4.704188e-10
3.296000e+03 4.342850e-10
3.297000e+03 4.657455e-10
3.298000e+03 4.895717e-10
3.299000e+03 5.169860e-09
3.300000e+03 5.135156e-09
3.301000e+03 5.059485e-09
3.302000e+03 4.501815e-10
3.303000e+03 4.049593e-10
3.304000e+03 4.857661e-09
3.305000e+03 5.179324e-09
3.306000e+03 5.026219e-09
3.307000e+03 3.466217e-10
3.308000e+03 4.712486e-09
3.309000e+03 3.314618e-10
3.310000e+03 2.982526e-10
3.311000e+03 5.032475e-09
3.312000e+03 3.191501e-10
3.313000e+03 4.757525e-09
3.314000e+03 3.406916e-10
3.315000e+03 3.231698e-10
3.316000e+03 5.108539e-09
3.317000e+03 5.174671e-09
3.318000e+03 3.379704e-10
3.319000e+03 2.978508e-10
3.320000e+03 3.015689e-10
3.321000e+03 3.005845e-10
3.322000e+03 4.684580e-09
3.323000e+03 4.798054e-09
3.324000e+03 3.801245e-10
3.325000e+03 3.788354e-10
3.326000e+03 4.152094e-10
3.327000e+03 3.831952e-10
3.328000e+03 5.147064e-09
3.329000e+03 5.384433e-09
3.330000e+03 4.556666e-10
3.331000e+03 4.957880e-09
3.332000e+03 4.843800e-10
3.333000e+03 4.046329e-10
3.334000e+03 5.182794e-09
3.335000e+03 5.529176e-09
3.336000e+03 5.678069e-10
3.337000e+03 4.856069e-10
3.338000e+03 5.420533e-10
3.339000e+03 5.118135e-10
3.340000e+03 5.150398e-10
3.341000e+03 5.617187e-09
3.342000e+03 5.600608e-10
3.343000e+03 5.325545e-09
3.344000e+03 5.383897e-10
3.345000e+03 4.984910e-10
3.346000e+03 5.257630e-10
3.347000e+03 5.473554e-09
3.348000e+03 5.666890e-10
3.349000e+03 5.011688e-10
3.350000e+03 5.178426e-10
3.351000e+03 5.248121e-10
3.352000e+03 5.414807e-09
3.353000e+03 5.839273e-09
3.354000e+03 5.443308e-09
3.355000e+03 5.291732e-09
3.356000e+03 5.042715e-10
3.357000e+03 4.434248e-10
3.358000e+03 4.212574e-10
3.359000e+03 5.320948e-09
3.360000e+03 5.295072e-10
3.361000e+03 5.473791e-09
3.362000e+03 5.125821e-10
3.363000e+03 4.305696e-10
3.364000e+03 5.210976e-09
3.365000e+03 5.442947e-09
3.366000e+03 4.561314e-10
3.367000e+03 4.282060e-10
3.368000e+03 5.207124e-09
3.369000e+03 4.347365e-10
3.370000e+03 4.180432e-10
3.371000e+03 5.500553e-09
3.372000e+03 5.439608e-09
3.373000e+03 5.200910e-10
3.374000e+03 4.838986e-10
3.375000e+03 5.499074e-10
3.376000e+03 5.245144e-10
3.377000e+03 5.932626e-09
3.378000e+03 6.205942e-10
3.379000e+03 5.420315e-09
3.380000e+03 5.768865e-10
3.381000e+03 5.150737e-10
3.382000e+03 5.400295e-10
3.383000e+03 5.818150e-09
3.384000e+03 5.850528e-09
3.385000e+03 5.830504e-09
3.386000e+03 6.149626e-10
3.387000e+03 5.884497e-10
3.388000e+03 5.725098e-09
3.389000e+03 5.929768e-09
3.390000e+03 5.764023e-09
3.391000e+03 5.587302e-09
3.392000e+03 5.586305e-09
3.393000e+03 5.747774e-09
3.394000e+03 5.801316e-09
3.395000e+03 5.035069e-09
3.396000e+03 5.273515e-09
3.397000e+03 5.176118e-09
3.398000e+03 5.222454e-09
3.399000e+03 5.196498e-09
3.400000e+03 5.433280e-09
3.401000e+03 5.605478e-09
3.402000e+03 5.664595e-09
3.403000e+03 5.386685e-09
3.404000e+03 5.305858e-09
3.405000e+03 5.172643e-09
3.406000e+03 5.336015e-09
3.407000e+03 5.466671e-09
3.408000e+03 5.357947e-09
3.409000e+03 5.472434e-09
3.410000e+03 5.527648e-09
3.411000e+03 5.480278e-09
3.412000e+03 5.375331e-09
3.413000e+03 5.881556e-09
3.414000e+03 5.120889e-09
3.415000e+03 5.297726e-09
3.416000e+03 5.214830e-09
3.417000e+03 5.245220e-09
3.418000e+03 5.175774e-09
3.419000e+03 5.507744e-09
3.420000e+03 5.490840e-09
3.421000e+03 5.196297e-09
3.422000e+03 5.811697e-09
3.423000e+03 5.842917e-09
3.424000e+03 6.216721e-09
3.425000e+03 6.239297e-09
3.426000e+03 5.840482e-09
3.427000e+03 5.987297e-09
3.428000e+03 5.895916e-09
3.429000e+03 5.914385e-09
3.430000e+03 5.852265e-09
3.431000e+03 6.092113e-09
3.432000e+03 5.922737e-09
3.433000e+03 6.274318e-09
3.434000e+03 6.306317e-09
3.435000e+03 5.333229e-09
3.436000e+03 5.357072e-09
3.437000e+03 5.604344e-09
3.438000e+03 5.450029e-09
3.439000e+03 5.363087e-09
3.440000e+03 5.225069e-09
3.441000e+03 5.267463e-09
3.442000e+03 5.300608e-09
3.443000e+03 5.212525e-09
3.444000e+03 5.200792e-09
3.445000e+03 4.998135e-09
3.446000e+03 5.193994e-09
3.447000e+03 4.995389e-09
3.448000e+03 5.147483e-09
3.449000e+03 5.264732e-09
3.450000e+03 5.077805e-09
3.451000e+03 5.208048e-09
3.452000e+03 5.060808e-09
3.453000e+03 4.983062e-09
3.454000e+03 5.104493e-09
3.455000e+03 4.952122e-09
3.456000e+03 5.978382e-07
3.457000e+03 4.750052e-08
3.458000e+03 3.989226e-08
3.459000e+03 3.299671e-08
3.460000e+03 2.812796e-08
3.461000e+03 2.450592e-08
3.462000e+03 2.014431e-08
3.463000e+03 1.827045e-08
3.464000e+03 1.521351e-08
3.465000e+03 1.281709e-08
3.466000e+03 6.928418e-08
3.467000e+03 6.528907e-08
3.468000e+03 5.535122e-08
3.469000e+03 4.610480e-08
3.470000e+03 3.568726e-08
3.471000e+03 3.055234e-08
3.472000e+03 2.563517e-08
3.473000e+03 2.005693e-08
3.474000e+03 1.753028e-08
3.475000e+03 2.156966e-08
3.476000e+03 1.034261e-08
3.477000e+03 1.754671e-08
3.478000e+03 8.399946e-09
3.479000e+03 1.427577e-08
3.480000e+03 1.181896e-08
3.481000e+03 9.319841e-09
3.482000e+03 8.343780e-09
3.483000e+03 8.090622e-09
3.484000e+03 7.800552e-09
3.485000e+03 7.748931e-09
3.486000e+03 7.872542e-09
3.487000e+03 8.121573e-09
3.488000e+03 7.807597e-09
3.489000e+03 7.662231e-09
3.490000e+03 7.756961e-09
3.491000e+03 6.340805e-09
3.492000e+03 6.259901e-09
3.493000e+03 6.171679e-09
3.494000e+03 6.223306e-09
3.495000e+03 6.054166e-09
3.496000e+03 6.206016e-09
3.497000e+03 6.229869e-09
3.498000e+03 5.929818e-09
3.499000e+03 5.803198e-09
3.500000e+03 5.761646e-09
