Title ="THE FLUX ERR"
Variables=
iter
residual
1.000000e+00 7.904415e-04
2.000000e+00 2.448694e-04
3.000000e+00 4.221196e-04
4.000000e+00 1.445092e-04
5.000000e+00 3.888809e-05
6.000000e+00 3.814354e-05
7.000000e+00 4.282771e-04
8.000000e+00 9.002370e-05
9.000000e+00 5.164356e-05
1.000000e+01 9.753049e-05
1.100000e+01 4.671417e-05
1.200000e+01 6.368783e-05
1.300000e+01 1.056849e-04
1.400000e+01 1.026186e-04
1.500000e+01 1.065504e-04
1.600000e+01 6.686219e-05
1.700000e+01 1.061280e-04
1.800000e+01 8.653603e-05
1.900000e+01 8.694037e-05
2.000000e+01 8.901025e-05
2.100000e+01 2.146071e-05
2.200000e+01 1.155890e-05
2.300000e+01 1.333416e-05
2.400000e+01 7.502339e-05
2.500000e+01 1.022915e-05
2.600000e+01 5.283311e-05
2.700000e+01 5.961034e-05
2.800000e+01 4.954130e-05
2.900000e+01 4.261119e-05
3.000000e+01 2.829679e-05
3.100000e+01 3.364910e-05
3.200000e+01 2.605781e-05
3.300000e+01 2.647267e-05
3.400000e+01 2.141326e-05
3.500000e+01 1.945353e-05
3.600000e+01 1.744818e-05
3.700000e+01 1.760828e-05
3.800000e+01 1.985875e-05
3.900000e+01 1.322535e-05
4.000000e+01 1.375981e-05
4.100000e+01 1.125385e-05
4.200000e+01 1.283108e-05
4.300000e+01 1.539903e-05
4.400000e+01 1.197264e-05
4.500000e+01 1.127487e-05
4.600000e+01 1.185086e-05
4.700000e+01 1.639629e-05
4.800000e+01 7.267526e-05
4.900000e+01 1.189287e-05
5.000000e+01 1.265358e-05
5.100000e+01 6.674954e-05
5.200000e+01 1.819103e-05
5.300000e+01 6.356709e-05
5.400000e+01 6.286065e-05
5.500000e+01 6.189363e-05
5.600000e+01 5.821823e-05
5.700000e+01 5.664256e-05
5.800000e+01 5.469194e-05
5.900000e+01 5.240763e-05
6.000000e+01 5.044287e-05
6.100000e+01 5.308955e-05
6.200000e+01 4.641122e-05
6.300000e+01 4.582333e-05
6.400000e+01 4.505515e-05
6.500000e+01 4.847827e-05
6.600000e+01 4.957070e-05
6.700000e+01 5.032763e-05
6.800000e+01 4.794616e-05
6.900000e+01 5.285830e-05
7.000000e+01 5.368177e-05
7.100000e+01 5.211511e-05
7.200000e+01 5.158153e-05
7.300000e+01 4.889095e-05
7.400000e+01 5.021889e-05
7.500000e+01 5.232540e-05
7.600000e+01 5.000066e-05
7.700000e+01 5.187134e-05
7.800000e+01 5.095399e-05
7.900000e+01 5.576526e-05
8.000000e+01 4.421958e-05
8.100000e+01 5.207423e-05
8.200000e+01 5.304223e-05
8.300000e+01 5.452773e-05
8.400000e+01 4.978952e-05
8.500000e+01 5.047385e-05
8.600000e+01 4.660923e-05
8.700000e+01 4.459253e-05
8.800000e+01 5.069597e-05
8.900000e+01 4.180021e-05
9.000000e+01 3.987249e-05
9.100000e+01 4.489551e-05
9.200000e+01 4.332334e-05
9.300000e+01 4.092643e-05
9.400000e+01 3.837980e-05
9.500000e+01 4.351731e-05
9.600000e+01 4.188779e-05
9.700000e+01 3.738404e-05
9.800000e+01 3.565494e-05
9.900000e+01 3.328117e-05
1.000000e+02 3.909196e-05
1.010000e+02 3.565322e-05
1.020000e+02 3.274734e-05
1.030000e+02 3.483020e-05
1.040000e+02 3.161660e-05
1.050000e+02 2.949976e-05
1.060000e+02 2.816404e-05
1.070000e+02 3.147012e-05
1.080000e+02 3.219976e-05
1.090000e+02 2.915815e-05
1.100000e+02 2.519024e-05
1.110000e+02 2.853257e-05
1.120000e+02 2.495509e-05
1.130000e+02 2.990453e-05
1.140000e+02 2.670179e-05
1.150000e+02 2.267748e-05
1.160000e+02 2.177357e-05
1.170000e+02 2.485111e-05
1.180000e+02 2.233027e-05
1.190000e+02 2.235910e-05
1.200000e+02 2.124867e-05
1.210000e+02 2.376184e-05
1.220000e+02 2.000885e-05
1.230000e+02 1.938826e-05
1.240000e+02 1.840235e-05
1.250000e+02 1.655709e-05
1.260000e+02 1.725606e-05
1.270000e+02 1.649453e-05
1.280000e+02 1.643047e-05
1.290000e+02 1.625880e-05
1.300000e+02 1.507931e-05
1.310000e+02 1.649610e-05
1.320000e+02 1.627311e-05
1.330000e+02 1.520242e-05
1.340000e+02 1.485885e-05
1.350000e+02 1.768276e-05
1.360000e+02 1.716695e-05
1.370000e+02 1.603024e-05
1.380000e+02 1.575349e-05
1.390000e+02 1.630146e-05
1.400000e+02 1.829232e-05
1.410000e+02 1.569165e-05
1.420000e+02 1.587174e-05
1.430000e+02 1.656836e-05
1.440000e+02 1.737524e-05
1.450000e+02 1.719880e-05
1.460000e+02 1.692957e-05
1.470000e+02 1.645954e-05
1.480000e+02 1.624612e-05
1.490000e+02 1.788068e-05
1.500000e+02 1.699641e-05
1.510000e+02 1.658838e-05
1.520000e+02 1.766794e-05
1.530000e+02 1.748169e-05
1.540000e+02 1.576553e-05
1.550000e+02 1.547704e-05
1.560000e+02 1.621631e-05
1.570000e+02 1.554801e-05
1.580000e+02 1.594386e-05
1.590000e+02 1.695130e-05
1.600000e+02 1.642111e-05
1.610000e+02 1.712641e-05
1.620000e+02 1.649889e-05
1.630000e+02 1.634704e-05
1.640000e+02 1.556368e-05
1.650000e+02 1.479515e-05
1.660000e+02 1.576231e-05
1.670000e+02 1.565795e-05
1.680000e+02 1.523793e-05
1.690000e+02 1.533556e-05
1.700000e+02 1.577545e-05
1.710000e+02 1.558290e-05
1.720000e+02 1.570699e-05
1.730000e+02 1.499797e-05
1.740000e+02 1.545102e-05
1.750000e+02 1.560082e-05
1.760000e+02 1.682444e-05
1.770000e+02 1.538596e-05
1.780000e+02 1.503780e-05
1.790000e+02 1.425516e-05
1.800000e+02 1.496119e-05
1.810000e+02 1.482568e-05
1.820000e+02 1.426235e-05
1.830000e+02 1.374216e-05
1.840000e+02 1.350670e-05
1.850000e+02 1.444718e-05
1.860000e+02 1.283118e-05
1.870000e+02 1.365305e-05
1.880000e+02 1.310124e-05
1.890000e+02 1.320935e-05
1.900000e+02 1.281656e-05
1.910000e+02 1.304887e-05
1.920000e+02 1.265054e-05
1.930000e+02 1.240021e-05
1.940000e+02 1.202317e-05
1.950000e+02 1.236736e-05
1.960000e+02 1.218945e-05
1.970000e+02 1.252524e-05
1.980000e+02 1.107672e-05
1.990000e+02 1.268404e-05
2.000000e+02 1.276671e-05
2.010000e+02 1.311789e-05
2.020000e+02 1.354344e-05
2.030000e+02 1.290102e-05
2.040000e+02 1.192565e-05
2.050000e+02 1.271923e-05
2.060000e+02 1.275983e-05
2.070000e+02 1.247210e-05
2.080000e+02 1.322215e-05
2.090000e+02 1.297844e-05
2.100000e+02 1.126537e-05
2.110000e+02 1.156697e-05
2.120000e+02 1.188926e-05
2.130000e+02 1.123088e-05
2.140000e+02 1.227586e-05
2.150000e+02 1.134928e-05
2.160000e+02 1.190237e-05
2.170000e+02 1.284613e-05
2.180000e+02 1.240625e-05
2.190000e+02 1.211255e-05
2.200000e+02 1.238581e-05
2.210000e+02 1.157894e-05
2.220000e+02 1.311409e-05
2.230000e+02 1.217083e-05
2.240000e+02 1.182465e-05
2.250000e+02 1.253282e-05
2.260000e+02 1.097088e-05
2.270000e+02 1.078450e-05
2.280000e+02 1.098649e-05
2.290000e+02 1.191557e-05
2.300000e+02 1.019687e-05
2.310000e+02 9.776907e-06
2.320000e+02 1.064796e-05
2.330000e+02 1.144196e-05
2.340000e+02 1.069913e-05
2.350000e+02 1.036069e-05
2.360000e+02 1.033276e-05
2.370000e+02 1.088908e-05
2.380000e+02 1.145010e-05
2.390000e+02 1.105097e-05
2.400000e+02 1.135872e-05
2.410000e+02 9.670011e-06
2.420000e+02 9.863392e-06
2.430000e+02 9.758080e-06
2.440000e+02 9.866282e-06
2.450000e+02 9.076458e-06
2.460000e+02 1.007825e-05
2.470000e+02 9.022386e-06
2.480000e+02 9.603421e-06
2.490000e+02 9.179848e-06
2.500000e+02 9.256739e-06
2.510000e+02 1.007603e-05
2.520000e+02 1.088721e-05
2.530000e+02 1.101446e-05
2.540000e+02 1.171713e-05
2.550000e+02 1.087785e-05
2.560000e+02 1.098433e-05
2.570000e+02 1.043288e-05
2.580000e+02 1.094290e-05
2.590000e+02 1.023769e-05
2.600000e+02 9.937822e-06
2.610000e+02 1.064241e-05
2.620000e+02 1.125633e-05
2.630000e+02 1.093879e-05
2.640000e+02 1.172570e-05
2.650000e+02 1.086922e-05
2.660000e+02 1.021522e-05
2.670000e+02 1.044072e-05
2.680000e+02 1.092483e-05
2.690000e+02 1.161011e-05
2.700000e+02 1.146286e-05
2.710000e+02 1.155301e-05
2.720000e+02 1.100417e-05
2.730000e+02 1.050981e-05
2.740000e+02 3.702589e-06
2.750000e+02 1.064207e-05
2.760000e+02 3.142846e-06
2.770000e+02 1.032937e-05
2.780000e+02 3.908458e-06
2.790000e+02 9.575712e-06
2.800000e+02 1.014530e-05
2.810000e+02 1.024843e-05
2.820000e+02 2.269020e-06
2.830000e+02 9.553224e-06
2.840000e+02 2.706889e-06
2.850000e+02 1.033808e-05
2.860000e+02 1.154918e-05
2.870000e+02 1.178908e-05
2.880000e+02 4.193415e-06
2.890000e+02 1.059689e-05
2.900000e+02 1.135653e-05
2.910000e+02 1.065195e-05
2.920000e+02 1.175160e-05
2.930000e+02 1.127933e-05
2.940000e+02 1.055386e-05
2.950000e+02 1.077591e-05
2.960000e+02 1.062515e-05
2.970000e+02 1.114515e-05
2.980000e+02 1.021937e-05
2.990000e+02 1.029132e-05
3.000000e+02 9.820803e-06
3.010000e+02 1.022000e-05
3.020000e+02 1.010196e-05
3.030000e+02 1.027397e-05
3.040000e+02 1.039863e-05
3.050000e+02 1.023242e-05
3.060000e+02 1.019624e-05
3.070000e+02 1.098458e-05
3.080000e+02 1.109234e-05
3.090000e+02 1.051825e-05
3.100000e+02 9.711775e-06
3.110000e+02 1.039302e-05
3.120000e+02 1.042063e-05
3.130000e+02 9.993594e-06
3.140000e+02 1.010963e-05
3.150000e+02 1.069016e-05
3.160000e+02 1.234286e-05
3.170000e+02 1.054892e-05
3.180000e+02 1.051609e-05
3.190000e+02 1.064348e-05
3.200000e+02 1.098520e-05
3.210000e+02 1.007815e-05
3.220000e+02 9.648066e-06
3.230000e+02 9.556865e-06
3.240000e+02 1.078719e-05
3.250000e+02 1.180006e-05
3.260000e+02 9.850000e-06
3.270000e+02 8.795111e-06
3.280000e+02 9.068935e-06
3.290000e+02 1.047112e-05
3.300000e+02 1.000531e-05
3.310000e+02 1.030195e-05
3.320000e+02 9.965731e-06
3.330000e+02 1.031049e-05
3.340000e+02 9.245935e-06
3.350000e+02 9.209584e-06
3.360000e+02 9.192602e-06
3.370000e+02 9.412387e-06
3.380000e+02 9.008773e-06
3.390000e+02 9.134788e-06
3.400000e+02 8.901388e-06
3.410000e+02 8.944939e-06
3.420000e+02 8.649171e-06
3.430000e+02 8.296582e-06
3.440000e+02 7.848121e-06
3.450000e+02 8.237809e-06
3.460000e+02 8.351709e-06
3.470000e+02 8.359522e-06
3.480000e+02 8.461899e-06
3.490000e+02 8.848627e-06
3.500000e+02 8.657481e-06
3.510000e+02 8.546526e-06
3.520000e+02 7.587120e-06
3.530000e+02 8.215586e-06
3.540000e+02 8.382059e-06
3.550000e+02 8.704618e-06
3.560000e+02 8.330473e-06
3.570000e+02 8.088008e-06
3.580000e+02 7.380677e-06
3.590000e+02 7.727509e-06
3.600000e+02 7.654566e-06
3.610000e+02 7.591732e-06
3.620000e+02 7.376362e-06
3.630000e+02 7.719219e-06
3.640000e+02 7.554352e-06
3.650000e+02 7.598790e-06
3.660000e+02 7.540227e-06
3.670000e+02 8.016305e-06
3.680000e+02 7.500041e-06
3.690000e+02 8.068469e-06
3.700000e+02 7.559493e-06
3.710000e+02 6.712493e-06
3.720000e+02 7.735459e-06
3.730000e+02 7.593876e-06
3.740000e+02 6.962962e-06
3.750000e+02 7.187631e-06
3.760000e+02 7.366982e-06
3.770000e+02 7.280909e-06
3.780000e+02 7.172741e-06
3.790000e+02 6.753991e-06
3.800000e+02 6.628257e-06
3.810000e+02 6.275200e-06
3.820000e+02 6.357215e-06
3.830000e+02 6.416804e-06
3.840000e+02 6.366667e-06
3.850000e+02 6.170211e-06
3.860000e+02 6.231023e-06
3.870000e+02 6.631192e-06
3.880000e+02 5.941036e-06
3.890000e+02 6.282994e-06
3.900000e+02 6.533799e-06
3.910000e+02 6.501842e-06
3.920000e+02 6.576277e-06
3.930000e+02 7.210626e-06
3.940000e+02 6.532880e-06
3.950000e+02 6.318031e-06
3.960000e+02 6.166671e-06
3.970000e+02 6.018358e-06
3.980000e+02 6.097395e-06
3.990000e+02 6.202638e-06
4.000000e+02 6.035238e-06
4.010000e+02 5.247720e-06
4.020000e+02 5.624577e-06
4.030000e+02 5.789673e-06
4.040000e+02 5.657964e-06
4.050000e+02 5.989803e-06
4.060000e+02 5.817717e-06
4.070000e+02 5.543495e-06
4.080000e+02 5.352869e-06
4.090000e+02 5.448741e-06
4.100000e+02 5.198280e-06
4.110000e+02 5.409866e-06
4.120000e+02 5.259613e-06
4.130000e+02 5.023548e-06
4.140000e+02 5.254105e-06
4.150000e+02 5.301464e-06
4.160000e+02 5.085442e-06
4.170000e+02 5.460884e-06
4.180000e+02 5.014194e-06
4.190000e+02 5.226095e-06
4.200000e+02 5.021920e-06
4.210000e+02 4.714873e-06
4.220000e+02 5.103194e-06
4.230000e+02 4.571385e-06
4.240000e+02 4.794234e-06
4.250000e+02 4.498632e-06
4.260000e+02 4.743874e-06
4.270000e+02 4.564996e-06
4.280000e+02 4.476898e-06
4.290000e+02 4.190747e-06
4.300000e+02 4.356602e-06
4.310000e+02 4.593051e-06
4.320000e+02 4.295735e-06
4.330000e+02 4.501212e-06
4.340000e+02 4.472635e-06
4.350000e+02 4.575558e-06
4.360000e+02 4.419979e-06
4.370000e+02 4.298040e-06
4.380000e+02 4.136214e-06
4.390000e+02 4.107220e-06
4.400000e+02 4.052666e-06
4.410000e+02 4.053577e-06
4.420000e+02 3.883589e-06
4.430000e+02 3.772148e-06
4.440000e+02 4.103144e-06
4.450000e+02 4.193445e-06
4.460000e+02 4.322728e-06
4.470000e+02 4.256330e-06
4.480000e+02 4.245644e-06
4.490000e+02 3.850407e-06
4.500000e+02 3.731313e-06
4.510000e+02 3.602018e-06
4.520000e+02 3.772604e-06
4.530000e+02 3.796817e-06
4.540000e+02 3.921637e-06
4.550000e+02 3.692812e-06
4.560000e+02 3.602018e-06
4.570000e+02 4.021238e-06
4.580000e+02 3.988953e-06
4.590000e+02 3.791376e-06
4.600000e+02 3.949184e-06
4.610000e+02 3.659742e-06
4.620000e+02 3.791411e-06
4.630000e+02 3.844062e-06
4.640000e+02 3.882335e-06
4.650000e+02 3.815095e-06
4.660000e+02 3.697021e-06
4.670000e+02 3.765957e-06
4.680000e+02 3.553666e-06
4.690000e+02 3.707733e-06
4.700000e+02 3.510511e-06
4.710000e+02 3.663453e-06
4.720000e+02 3.656571e-06
4.730000e+02 3.534662e-06
4.740000e+02 3.537539e-06
4.750000e+02 3.552246e-06
4.760000e+02 3.774528e-06
4.770000e+02 3.425774e-06
4.780000e+02 3.628822e-06
4.790000e+02 3.537669e-06
4.800000e+02 3.593722e-06
4.810000e+02 3.486480e-06
4.820000e+02 3.326607e-06
4.830000e+02 3.537625e-06
4.840000e+02 3.592493e-06
4.850000e+02 3.328069e-06
4.860000e+02 3.123027e-06
4.870000e+02 3.253786e-06
4.880000e+02 3.251623e-06
4.890000e+02 3.421753e-06
4.900000e+02 3.417405e-06
4.910000e+02 3.201351e-06
4.920000e+02 3.069841e-06
4.930000e+02 3.107202e-06
4.940000e+02 3.363564e-06
4.950000e+02 3.048487e-06
4.960000e+02 3.104733e-06
4.970000e+02 3.060408e-06
4.980000e+02 3.173875e-06
4.990000e+02 3.563000e-06
5.000000e+02 3.319413e-06
5.010000e+02 3.111234e-06
5.020000e+02 3.340366e-06
5.030000e+02 3.236699e-06
5.040000e+02 3.234319e-06
5.050000e+02 3.112878e-06
5.060000e+02 2.940415e-06
5.070000e+02 2.910858e-06
5.080000e+02 2.915440e-06
5.090000e+02 2.889052e-06
5.100000e+02 3.024735e-06
5.110000e+02 2.716874e-06
5.120000e+02 3.021997e-06
5.130000e+02 2.974984e-06
5.140000e+02 3.201606e-06
5.150000e+02 3.058021e-06
5.160000e+02 3.212776e-06
5.170000e+02 3.047724e-06
5.180000e+02 3.015563e-06
5.190000e+02 3.090832e-06
5.200000e+02 2.991187e-06
5.210000e+02 2.726258e-06
5.220000e+02 3.082385e-06
5.230000e+02 2.995715e-06
5.240000e+02 2.809513e-06
5.250000e+02 2.881028e-06
5.260000e+02 2.824674e-06
5.270000e+02 2.741597e-06
5.280000e+02 2.773782e-06
5.290000e+02 2.881259e-06
5.300000e+02 2.773849e-06
5.310000e+02 2.802668e-06
5.320000e+02 2.836294e-06
5.330000e+02 2.745257e-06
5.340000e+02 2.712161e-06
5.350000e+02 2.655787e-06
5.360000e+02 2.802526e-06
5.370000e+02 2.658168e-06
5.380000e+02 2.728218e-06
5.390000e+02 2.817172e-06
5.400000e+02 2.593437e-06
5.410000e+02 2.745727e-06
5.420000e+02 2.615890e-06
5.430000e+02 2.514789e-06
5.440000e+02 2.337521e-06
5.450000e+02 2.382346e-06
5.460000e+02 2.329122e-06
5.470000e+02 2.537215e-06
5.480000e+02 2.606248e-06
5.490000e+02 2.225772e-06
5.500000e+02 2.248612e-06
5.510000e+02 2.350573e-06
5.520000e+02 2.391232e-06
5.530000e+02 2.318679e-06
5.540000e+02 2.200210e-06
5.550000e+02 2.250723e-06
5.560000e+02 2.062756e-06
5.570000e+02 2.274502e-06
5.580000e+02 2.310190e-06
5.590000e+02 2.280286e-06
5.600000e+02 2.228080e-06
5.610000e+02 2.169696e-06
5.620000e+02 2.162275e-06
5.630000e+02 2.095620e-06
5.640000e+02 2.088082e-06
5.650000e+02 2.204923e-06
5.660000e+02 2.158192e-06
5.670000e+02 2.068790e-06
5.680000e+02 2.204285e-06
5.690000e+02 2.064257e-06
5.700000e+02 2.051716e-06
5.710000e+02 1.944711e-06
5.720000e+02 2.266796e-06
5.730000e+02 2.141503e-06
5.740000e+02 1.916088e-06
5.750000e+02 2.167502e-06
5.760000e+02 2.286476e-06
5.770000e+02 2.188183e-06
5.780000e+02 2.140742e-06
5.790000e+02 2.098112e-06
5.800000e+02 1.996964e-06
5.810000e+02 2.054296e-06
5.820000e+02 2.083023e-06
5.830000e+02 1.992958e-06
5.840000e+02 2.069297e-06
5.850000e+02 1.986937e-06
5.860000e+02 1.977787e-06
5.870000e+02 1.868223e-06
5.880000e+02 1.969441e-06
5.890000e+02 1.880589e-06
5.900000e+02 1.886600e-06
5.910000e+02 1.905378e-06
5.920000e+02 1.868617e-06
5.930000e+02 1.937506e-06
5.940000e+02 1.882056e-06
5.950000e+02 1.875096e-06
5.960000e+02 2.065799e-06
5.970000e+02 1.844478e-06
5.980000e+02 1.786986e-06
5.990000e+02 1.763582e-06
6.000000e+02 1.790380e-06
6.010000e+02 1.783924e-06
6.020000e+02 1.916328e-06
6.030000e+02 1.952028e-06
6.040000e+02 1.859092e-06
6.050000e+02 1.940326e-06
6.060000e+02 2.009788e-06
6.070000e+02 1.994027e-06
6.080000e+02 1.893107e-06
6.090000e+02 1.921827e-06
6.100000e+02 1.982950e-06
6.110000e+02 2.261033e-06
6.120000e+02 2.064209e-06
6.130000e+02 2.076564e-06
6.140000e+02 1.977374e-06
6.150000e+02 2.058605e-06
6.160000e+02 2.028465e-06
6.170000e+02 1.913863e-06
6.180000e+02 1.959913e-06
6.190000e+02 1.959079e-06
6.200000e+02 1.941522e-06
6.210000e+02 1.992506e-06
6.220000e+02 2.035622e-06
6.230000e+02 2.141740e-06
6.240000e+02 2.168238e-06
6.250000e+02 2.180733e-06
6.260000e+02 2.305017e-06
6.270000e+02 2.331871e-06
6.280000e+02 2.266421e-06
6.290000e+02 2.135538e-06
6.300000e+02 2.115436e-06
6.310000e+02 2.275723e-06
6.320000e+02 2.236833e-06
6.330000e+02 1.998795e-06
6.340000e+02 2.113272e-06
6.350000e+02 2.002643e-06
6.360000e+02 1.999190e-06
6.370000e+02 2.184957e-06
6.380000e+02 2.066004e-06
6.390000e+02 2.041682e-06
6.400000e+02 2.084642e-06
6.410000e+02 2.170638e-06
6.420000e+02 2.037662e-06
6.430000e+02 2.100992e-06
6.440000e+02 2.062105e-06
6.450000e+02 2.000646e-06
6.460000e+02 1.997285e-06
6.470000e+02 2.041169e-06
6.480000e+02 1.946078e-06
6.490000e+02 1.985737e-06
6.500000e+02 1.976464e-06
6.510000e+02 1.924478e-06
6.520000e+02 1.896517e-06
6.530000e+02 1.905440e-06
6.540000e+02 1.984749e-06
6.550000e+02 1.867539e-06
6.560000e+02 1.866181e-06
6.570000e+02 1.836500e-06
6.580000e+02 1.741036e-06
6.590000e+02 1.704172e-06
6.600000e+02 1.826480e-06
6.610000e+02 1.811348e-06
6.620000e+02 1.829298e-06
6.630000e+02 1.726714e-06
6.640000e+02 1.735822e-06
6.650000e+02 1.672441e-06
6.660000e+02 1.509028e-06
6.670000e+02 1.662803e-06
6.680000e+02 1.649368e-06
6.690000e+02 1.643800e-06
6.700000e+02 1.640319e-06
6.710000e+02 1.712291e-06
6.720000e+02 1.579692e-06
6.730000e+02 1.517685e-06
6.740000e+02 1.625950e-06
6.750000e+02 1.543211e-06
6.760000e+02 1.494593e-06
6.770000e+02 1.495066e-06
6.780000e+02 1.410011e-06
6.790000e+02 1.418698e-06
6.800000e+02 1.503934e-06
6.810000e+02 1.346224e-06
6.820000e+02 1.089473e-06
6.830000e+02 2.337462e-06
6.840000e+02 2.832138e-06
6.850000e+02 2.696131e-06
6.860000e+02 2.322620e-06
6.870000e+02 2.002975e-06
6.880000e+02 1.084340e-06
6.890000e+02 3.006926e-06
6.900000e+02 3.145967e-06
6.910000e+02 2.843843e-06
6.920000e+02 1.015191e-06
6.930000e+02 3.196853e-06
6.940000e+02 3.526987e-06
6.950000e+02 7.657232e-07
6.960000e+02 3.516874e-06
6.970000e+02 3.732032e-06
6.980000e+02 6.160477e-07
6.990000e+02 3.704421e-06
7.000000e+02 3.792591e-06
7.010000e+02 8.017424e-07
7.020000e+02 3.215990e-06
7.030000e+02 7.179594e-07
7.040000e+02 4.122125e-06
7.050000e+02 7.224202e-07
7.060000e+02 4.307881e-06
7.070000e+02 6.035669e-07
7.080000e+02 9.843027e-07
7.090000e+02 6.682435e-07
7.100000e+02 1.260829e-06
7.110000e+02 7.351354e-07
7.120000e+02 1.141863e-06
7.130000e+02 6.876805e-07
7.140000e+02 1.088898e-06
7.150000e+02 6.024333e-07
7.160000e+02 1.135907e-06
7.170000e+02 6.202094e-07
7.180000e+02 5.667817e-07
7.190000e+02 1.306273e-06
7.200000e+02 5.860028e-07
7.210000e+02 1.142642e-06
7.220000e+02 5.951418e-07
7.230000e+02 1.326077e-06
7.240000e+02 6.752926e-07
7.250000e+02 5.598281e-07
7.260000e+02 1.179468e-06
7.270000e+02 5.527023e-07
7.280000e+02 1.237844e-06
7.290000e+02 5.026438e-07
7.300000e+02 4.084960e-07
7.310000e+02 1.143131e-06
7.320000e+02 4.227013e-07
7.330000e+02 1.074391e-06
7.340000e+02 5.337164e-07
7.350000e+02 4.447007e-07
7.360000e+02 1.279549e-06
7.370000e+02 5.006766e-07
7.380000e+02 1.308319e-06
7.390000e+02 4.233165e-07
7.400000e+02 4.661166e-07
7.410000e+02 1.345336e-06
7.420000e+02 5.307523e-07
7.430000e+02 1.359891e-06
7.440000e+02 6.246084e-07
7.450000e+02 4.457805e-07
7.460000e+02 7.859557e-07
7.470000e+02 4.842671e-07
7.480000e+02 9.734794e-07
7.490000e+02 6.345779e-07
7.500000e+02 4.704848e-07
7.510000e+02 1.069170e-06
7.520000e+02 5.886227e-07
7.530000e+02 1.039337e-06
7.540000e+02 6.241807e-07
7.550000e+02 1.035692e-06
7.560000e+02 6.595708e-07
7.570000e+02 9.730542e-07
7.580000e+02 6.681834e-07
7.590000e+02 4.705749e-07
7.600000e+02 8.869728e-07
7.610000e+02 5.511114e-07
7.620000e+02 9.172854e-07
7.630000e+02 5.211249e-07
7.640000e+02 3.443034e-06
7.650000e+02 1.871896e-06
7.660000e+02 3.041272e-06
7.670000e+02 1.896878e-06
7.680000e+02 2.715704e-06
7.690000e+02 2.320279e-06
7.700000e+02 2.521900e-06
7.710000e+02 2.019812e-06
7.720000e+02 2.569409e-06
7.730000e+02 2.098183e-06
7.740000e+02 4.836617e-07
7.750000e+02 3.214640e-06
7.760000e+02 1.641203e-06
7.770000e+02 2.754008e-06
7.780000e+02 1.849349e-06
7.790000e+02 2.483975e-06
7.800000e+02 1.705675e-06
7.810000e+02 2.567962e-06
7.820000e+02 2.052827e-06
7.830000e+02 4.480812e-07
7.840000e+02 9.779527e-07
7.850000e+02 3.929382e-07
7.860000e+02 3.110498e-06
7.870000e+02 1.530102e-06
7.880000e+02 2.436627e-06
7.890000e+02 1.727487e-06
7.900000e+02 4.104810e-07
7.910000e+02 3.087565e-06
7.920000e+02 1.373758e-06
7.930000e+02 3.820040e-07
7.940000e+02 9.722059e-07
7.950000e+02 1.832518e-06
7.960000e+02 2.143571e-06
7.970000e+02 1.791972e-06
7.980000e+02 3.183697e-07
7.990000e+02 8.429313e-07
8.000000e+02 1.664403e-06
8.010000e+02 2.964898e-07
8.020000e+02 8.271723e-07
8.030000e+02 1.724128e-06
8.040000e+02 2.256997e-07
8.050000e+02 1.004127e-06
8.060000e+02 1.437904e-06
8.070000e+02 1.401864e-06
8.080000e+02 1.268200e-06
8.090000e+02 1.016227e-06
8.100000e+02 1.279996e-06
8.110000e+02 1.412914e-06
8.120000e+02 6.832347e-07
8.130000e+02 1.473198e-06
8.140000e+02 3.313696e-07
8.150000e+02 1.097305e-06
8.160000e+02 1.071587e-06
8.170000e+02 1.319359e-06
8.180000e+02 2.998916e-07
8.190000e+02 1.024867e-06
8.200000e+02 2.579172e-06
8.210000e+02 1.008543e-06
8.220000e+02 2.906049e-07
8.230000e+02 9.317019e-07
8.240000e+02 8.957481e-07
8.250000e+02 1.115422e-06
8.260000e+02 1.067503e-06
8.270000e+02 2.053111e-07
8.280000e+02 8.929946e-07
8.290000e+02 1.157826e-06
8.300000e+02 1.209711e-06
8.310000e+02 2.402877e-07
8.320000e+02 8.188116e-07
8.330000e+02 7.661736e-07
8.340000e+02 9.795830e-07
8.350000e+02 1.030725e-06
8.360000e+02 2.392352e-07
8.370000e+02 7.981071e-07
8.380000e+02 8.021914e-07
8.390000e+02 7.121096e-07
8.400000e+02 1.285136e-06
8.410000e+02 8.803435e-07
8.420000e+02 8.582077e-07
8.430000e+02 7.722339e-07
8.440000e+02 6.634509e-07
8.450000e+02 5.583785e-07
8.460000e+02 9.710022e-07
8.470000e+02 9.848206e-07
8.480000e+02 1.915076e-07
8.490000e+02 6.597298e-07
8.500000e+02 6.532489e-07
8.510000e+02 5.259505e-07
8.520000e+02 4.419116e-07
8.530000e+02 7.091708e-07
8.540000e+02 8.933171e-07
8.550000e+02 1.828686e-07
8.560000e+02 6.469860e-07
8.570000e+02 6.599112e-07
8.580000e+02 5.703917e-07
8.590000e+02 4.632039e-07
8.600000e+02 7.373391e-07
8.610000e+02 9.238730e-07
8.620000e+02 2.698059e-07
8.630000e+02 5.948803e-07
8.640000e+02 6.094426e-07
8.650000e+02 4.956779e-07
8.660000e+02 4.242021e-07
8.670000e+02 3.757415e-07
8.680000e+02 3.165632e-07
8.690000e+02 8.326343e-07
8.700000e+02 2.206821e-07
8.710000e+02 7.041865e-07
8.720000e+02 1.493797e-07
8.730000e+02 4.335803e-07
8.740000e+02 4.378016e-07
8.750000e+02 3.823342e-07
8.760000e+02 3.248441e-07
8.770000e+02 2.811541e-07
8.780000e+02 2.355680e-07
8.790000e+02 7.317623e-07
8.800000e+02 7.427510e-07
8.810000e+02 1.835408e-07
8.820000e+02 4.790912e-07
8.830000e+02 4.819075e-07
8.840000e+02 4.171539e-07
8.850000e+02 3.655673e-07
8.860000e+02 3.194613e-07
8.870000e+02 2.708556e-07
8.880000e+02 2.291132e-07
8.890000e+02 1.922794e-07
8.900000e+02 1.617012e-07
8.910000e+02 1.355178e-07
8.920000e+02 1.137396e-07
8.930000e+02 8.081665e-07
8.940000e+02 3.306657e-07
8.950000e+02 3.365611e-07
8.960000e+02 5.631129e-07
8.970000e+02 4.804626e-07
8.980000e+02 3.884643e-07
8.990000e+02 3.180531e-07
9.000000e+02 2.751497e-07
9.010000e+02 2.342929e-07
9.020000e+02 1.965577e-07
9.030000e+02 1.657749e-07
9.040000e+02 1.359533e-07
9.050000e+02 1.139746e-07
9.060000e+02 9.572436e-08
9.070000e+02 7.994787e-08
9.080000e+02 6.677087e-08
9.090000e+02 5.700782e-08
9.100000e+02 4.929110e-08
9.110000e+02 4.354440e-08
9.120000e+02 3.927848e-08
9.130000e+02 3.607779e-08
9.140000e+02 8.801377e-07
9.150000e+02 5.940241e-07
9.160000e+02 2.866605e-07
9.170000e+02 4.642619e-07
9.180000e+02 2.137210e-07
9.190000e+02 3.217170e-07
9.200000e+02 3.150806e-07
9.210000e+02 2.606924e-07
9.220000e+02 2.092588e-07
9.230000e+02 1.680868e-07
9.240000e+02 1.386464e-07
9.250000e+02 1.116564e-07
9.260000e+02 8.944012e-08
9.270000e+02 7.392811e-08
9.280000e+02 6.081858e-08
9.290000e+02 5.313774e-08
9.300000e+02 4.620406e-08
9.310000e+02 3.884216e-08
9.320000e+02 3.255561e-08
9.330000e+02 2.754999e-08
9.340000e+02 2.362058e-08
9.350000e+02 2.049967e-08
9.360000e+02 1.808263e-08
9.370000e+02 1.608232e-08
9.380000e+02 1.435717e-08
9.390000e+02 1.339823e-08
9.400000e+02 1.274906e-08
9.410000e+02 1.207177e-08
9.420000e+02 1.156051e-08
9.430000e+02 1.111963e-08
9.440000e+02 1.173341e-08
9.450000e+02 1.099302e-08
9.460000e+02 1.062180e-08
9.470000e+02 1.022266e-08
9.480000e+02 9.831661e-09
9.490000e+02 9.582539e-09
9.500000e+02 9.603105e-09
9.510000e+02 9.077088e-09
9.520000e+02 9.057832e-09
9.530000e+02 8.938856e-09
9.540000e+02 8.950613e-09
9.550000e+02 8.910246e-09
9.560000e+02 8.797112e-09
9.570000e+02 8.525910e-09
9.580000e+02 8.373944e-09
9.590000e+02 7.849143e-09
9.600000e+02 7.955791e-09
9.610000e+02 7.946818e-09
9.620000e+02 7.932642e-09
9.630000e+02 7.817644e-09
9.640000e+02 7.583443e-09
9.650000e+02 7.154284e-09
9.660000e+02 6.977673e-09
9.670000e+02 7.251338e-09
9.680000e+02 7.170647e-09
9.690000e+02 7.068234e-09
9.700000e+02 7.171675e-09
9.710000e+02 1.150849e-06
9.720000e+02 4.839197e-07
9.730000e+02 2.342739e-07
9.740000e+02 4.154401e-07
9.750000e+02 2.006217e-07
9.760000e+02 2.833775e-07
9.770000e+02 2.672035e-07
9.780000e+02 2.227741e-07
9.790000e+02 1.818252e-07
9.800000e+02 1.473241e-07
9.810000e+02 1.183294e-07
9.820000e+02 9.625127e-08
9.830000e+02 7.879195e-08
9.840000e+02 7.210253e-08
9.850000e+02 6.906114e-08
9.860000e+02 5.909082e-08
9.870000e+02 4.810642e-08
9.880000e+02 3.848577e-08
9.890000e+02 3.004875e-08
9.900000e+02 2.355415e-08
9.910000e+02 1.814875e-08
9.920000e+02 1.401277e-08
9.930000e+02 1.087578e-08
9.940000e+02 8.699838e-09
9.950000e+02 7.161292e-09
9.960000e+02 6.247967e-09
9.970000e+02 5.824942e-09
9.980000e+02 5.119377e-09
9.990000e+02 4.717519e-09
1.000000e+03 4.844168e-09
1.001000e+03 4.759930e-09
1.002000e+03 4.744159e-09
1.003000e+03 4.709864e-09
1.004000e+03 4.855573e-09
1.005000e+03 4.679743e-09
1.006000e+03 4.406805e-09
1.007000e+03 4.599553e-09
1.008000e+03 4.683354e-09
1.009000e+03 4.591211e-09
1.010000e+03 4.518802e-09
1.011000e+03 4.374979e-09
1.012000e+03 4.225421e-09
1.013000e+03 4.108183e-09
1.014000e+03 3.987317e-09
1.015000e+03 4.128387e-09
1.016000e+03 3.809643e-09
1.017000e+03 3.737553e-09
1.018000e+03 3.867421e-09
1.019000e+03 3.579754e-09
1.020000e+03 3.369501e-09
1.021000e+03 3.167419e-09
1.022000e+03 3.123083e-09
1.023000e+03 3.133651e-09
1.024000e+03 3.091448e-09
1.025000e+03 3.053522e-09
1.026000e+03 2.682781e-09
1.027000e+03 2.452684e-09
1.028000e+03 2.595265e-09
1.029000e+03 2.279984e-09
1.030000e+03 2.317917e-09
1.031000e+03 2.287880e-09
1.032000e+03 2.228757e-09
1.033000e+03 3.542704e-09
1.034000e+03 2.930373e-09
1.035000e+03 2.446499e-09
1.036000e+03 2.016519e-09
1.037000e+03 1.952742e-09
1.038000e+03 1.923470e-09
1.039000e+03 1.909398e-09
1.040000e+03 1.872931e-09
1.041000e+03 1.977337e-09
1.042000e+03 1.813718e-09
1.043000e+03 1.748227e-09
1.044000e+03 1.831258e-09
1.045000e+03 2.023167e-09
1.046000e+03 2.057278e-09
1.047000e+03 1.722263e-09
1.048000e+03 1.664752e-09
1.049000e+03 1.650898e-09
1.050000e+03 1.851740e-09
1.051000e+03 1.830629e-09
1.052000e+03 1.927271e-09
1.053000e+03 1.865415e-09
1.054000e+03 1.775037e-09
1.055000e+03 1.856574e-09
1.056000e+03 1.650177e-09
1.057000e+03 1.843626e-09
1.058000e+03 1.899378e-09
1.059000e+03 2.009925e-09
1.060000e+03 1.970880e-09
1.061000e+03 1.949016e-09
1.062000e+03 1.860216e-09
1.063000e+03 1.727107e-09
1.064000e+03 1.874119e-09
1.065000e+03 1.819075e-09
1.066000e+03 2.112264e-09
1.067000e+03 1.924769e-09
1.068000e+03 1.858669e-09
1.069000e+03 2.030980e-09
1.070000e+03 1.804497e-09
1.071000e+03 2.005218e-09
1.072000e+03 2.072947e-09
1.073000e+03 2.003698e-09
1.074000e+03 2.245003e-09
1.075000e+03 2.134806e-09
1.076000e+03 2.098584e-09
1.077000e+03 1.952431e-09
1.078000e+03 2.126972e-09
1.079000e+03 2.118797e-09
1.080000e+03 2.215745e-09
1.081000e+03 2.319614e-09
1.082000e+03 2.339526e-09
1.083000e+03 2.180297e-09
1.084000e+03 2.060579e-09
1.085000e+03 2.247008e-09
1.086000e+03 2.241616e-09
1.087000e+03 2.358705e-09
1.088000e+03 2.283516e-09
1.089000e+03 2.299217e-09
1.090000e+03 1.987199e-09
1.091000e+03 2.050698e-09
1.092000e+03 2.175720e-09
1.093000e+03 2.168184e-09
1.094000e+03 2.281556e-09
1.095000e+03 2.143082e-09
1.096000e+03 2.157407e-09
1.097000e+03 1.874102e-09
1.098000e+03 2.018906e-09
1.099000e+03 2.188157e-09
1.100000e+03 2.213939e-09
1.101000e+03 2.224467e-09
1.102000e+03 2.255188e-09
1.103000e+03 2.314144e-09
1.104000e+03 2.056150e-09
1.105000e+03 2.170475e-09
1.106000e+03 2.202568e-09
1.107000e+03 2.390476e-09
1.108000e+03 2.633129e-09
1.109000e+03 2.501942e-09
1.110000e+03 2.392758e-09
1.111000e+03 2.135692e-09
1.112000e+03 2.180891e-09
1.113000e+03 2.045235e-09
1.114000e+03 2.224992e-09
1.115000e+03 2.152436e-09
1.116000e+03 2.262641e-09
1.117000e+03 2.288778e-09
1.118000e+03 1.941016e-09
1.119000e+03 2.062505e-09
1.120000e+03 2.007933e-09
1.121000e+03 1.890086e-09
1.122000e+03 1.891936e-09
1.123000e+03 1.967176e-09
1.124000e+03 3.097522e-09
1.125000e+03 2.780211e-09
1.126000e+03 2.331209e-09
1.127000e+03 1.978788e-09
1.128000e+03 1.915743e-09
1.129000e+03 1.835971e-09
1.130000e+03 2.141418e-09
1.131000e+03 1.812162e-09
1.132000e+03 1.933725e-09
1.133000e+03 1.871168e-09
1.134000e+03 2.115419e-09
1.135000e+03 2.098749e-09
1.136000e+03 2.189242e-09
1.137000e+03 2.170461e-09
1.138000e+03 1.895079e-09
1.139000e+03 1.974542e-09
1.140000e+03 2.037351e-09
1.141000e+03 2.324907e-09
1.142000e+03 2.077777e-09
1.143000e+03 2.186401e-09
1.144000e+03 2.726745e-09
1.145000e+03 5.290008e-10
1.146000e+03 5.369945e-10
1.147000e+03 2.488257e-09
1.148000e+03 4.619089e-10
1.149000e+03 3.355751e-10
1.150000e+03 3.140979e-09
1.151000e+03 2.296112e-09
1.152000e+03 3.031955e-09
1.153000e+03 5.559241e-10
1.154000e+03 2.392739e-09
1.155000e+03 3.370654e-09
1.156000e+03 5.906102e-10
1.157000e+03 5.051497e-10
1.158000e+03 4.703992e-10
1.159000e+03 2.411219e-09
1.160000e+03 3.403687e-09
1.161000e+03 6.984822e-10
1.162000e+03 6.107317e-10
1.163000e+03 6.367155e-10
1.164000e+03 5.681913e-10
1.165000e+03 6.380197e-10
1.166000e+03 5.521309e-10
1.167000e+03 3.642662e-09
1.168000e+03 2.675310e-09
1.169000e+03 6.766340e-10
1.170000e+03 7.717480e-10
1.171000e+03 6.663961e-10
1.172000e+03 6.808266e-10
1.173000e+03 5.954578e-10
1.174000e+03 6.934151e-10
1.175000e+03 5.462944e-10
1.176000e+03 6.620500e-10
1.177000e+03 5.455127e-10
1.178000e+03 6.250288e-10
1.179000e+03 6.912931e-10
1.180000e+03 5.228857e-10
1.181000e+03 6.188306e-10
1.182000e+03 4.247134e-10
1.183000e+03 5.366028e-10
1.184000e+03 4.330914e-09
1.185000e+03 5.968334e-10
1.186000e+03 3.604995e-10
1.187000e+03 3.999283e-10
1.188000e+03 3.194286e-10
1.189000e+03 3.959355e-10
1.190000e+03 4.020958e-10
1.191000e+03 3.976747e-10
1.192000e+03 3.959578e-10
1.193000e+03 4.184262e-10
1.194000e+03 4.227707e-10
1.195000e+03 4.618297e-10
1.196000e+03 4.830754e-10
1.197000e+03 4.925574e-10
1.198000e+03 6.164533e-10
1.199000e+03 4.078340e-09
1.200000e+03 6.473012e-10
1.201000e+03 3.637061e-09
1.202000e+03 7.817189e-10
1.203000e+03 6.870212e-10
1.204000e+03 6.069186e-10
1.205000e+03 7.359986e-10
1.206000e+03 6.224317e-10
1.207000e+03 6.891361e-10
1.208000e+03 5.481969e-10
1.209000e+03 3.221407e-09
1.210000e+03 8.441672e-10
1.211000e+03 5.902746e-10
1.212000e+03 6.962225e-10
1.213000e+03 4.505568e-09
1.214000e+03 8.871394e-10
1.215000e+03 5.609768e-10
1.216000e+03 6.683819e-10
1.217000e+03 4.550639e-10
1.218000e+03 5.631273e-10
1.219000e+03 4.098927e-10
1.220000e+03 5.145697e-10
1.221000e+03 6.139773e-10
1.222000e+03 4.177260e-10
1.223000e+03 4.856425e-10
1.224000e+03 3.762215e-10
1.225000e+03 3.357238e-09
1.226000e+03 2.973507e-09
1.227000e+03 5.389213e-10
1.228000e+03 4.319547e-10
1.229000e+03 4.585449e-10
1.230000e+03 4.514054e-10
1.231000e+03 4.994512e-10
1.232000e+03 5.621429e-10
1.233000e+03 5.332483e-10
1.234000e+03 6.128556e-10
1.235000e+03 5.331634e-10
1.236000e+03 5.355655e-10
1.237000e+03 5.022092e-10
1.238000e+03 5.380504e-10
1.239000e+03 4.724606e-10
1.240000e+03 5.749258e-10
1.241000e+03 5.411523e-10
1.242000e+03 5.843132e-10
1.243000e+03 6.397244e-10
1.244000e+03 5.099476e-10
1.245000e+03 4.248959e-09
1.246000e+03 6.435996e-10
1.247000e+03 6.575651e-10
1.248000e+03 5.649125e-10
1.249000e+03 6.559482e-10
1.250000e+03 5.030704e-10
1.251000e+03 3.443247e-09
1.252000e+03 5.993745e-10
1.253000e+03 3.845363e-09
1.254000e+03 8.404471e-10
1.255000e+03 5.986488e-10
1.256000e+03 5.389463e-09
1.257000e+03 3.570267e-09
1.258000e+03 3.402330e-09
1.259000e+03 8.228161e-10
1.260000e+03 3.114461e-09
1.261000e+03 9.460185e-10
1.262000e+03 4.208475e-09
1.263000e+03 6.899684e-10
1.264000e+03 2.983543e-09
1.265000e+03 3.110238e-09
1.266000e+03 3.665232e-09
1.267000e+03 3.195252e-09
1.268000e+03 7.784094e-10
1.269000e+03 3.314947e-09
1.270000e+03 7.885263e-10
1.271000e+03 3.554033e-09
1.272000e+03 6.852222e-10
1.273000e+03 3.739757e-09
1.274000e+03 5.685481e-10
1.275000e+03 5.597536e-10
1.276000e+03 3.822703e-09
1.277000e+03 5.826368e-10
1.278000e+03 3.286832e-09
1.279000e+03 6.410605e-10
1.280000e+03 4.459656e-09
1.281000e+03 6.704419e-10
1.282000e+03 7.057294e-10
1.283000e+03 6.966013e-10
1.284000e+03 4.344423e-09
1.285000e+03 3.568088e-09
1.286000e+03 4.287160e-09
1.287000e+03 8.267601e-10
1.288000e+03 3.985657e-09
1.289000e+03 5.253544e-09
1.290000e+03 3.248536e-09
1.291000e+03 3.520388e-09
1.292000e+03 4.551459e-09
1.293000e+03 3.280225e-09
1.294000e+03 4.010287e-09
1.295000e+03 3.049302e-09
1.296000e+03 3.751010e-09
1.297000e+03 4.068010e-09
1.298000e+03 3.033311e-09
1.299000e+03 3.405951e-09
1.300000e+03 3.284570e-09
1.301000e+03 3.438350e-09
1.302000e+03 3.907135e-09
1.303000e+03 3.544359e-09
1.304000e+03 3.331238e-09
1.305000e+03 3.242590e-09
1.306000e+03 3.013950e-09
1.307000e+03 2.987518e-09
1.308000e+03 3.061453e-09
1.309000e+03 3.175693e-09
1.310000e+03 3.129566e-09
1.311000e+03 2.923027e-09
1.312000e+03 2.868476e-09
1.313000e+03 3.247442e-09
1.314000e+03 3.196930e-09
1.315000e+03 3.440344e-09
1.316000e+03 3.376174e-09
1.317000e+03 4.006900e-09
1.318000e+03 3.092242e-09
1.319000e+03 3.231970e-09
1.320000e+03 3.166546e-09
1.321000e+03 3.362307e-09
1.322000e+03 3.056847e-09
1.323000e+03 3.636729e-09
1.324000e+03 3.478012e-09
1.325000e+03 3.659983e-09
1.326000e+03 3.437623e-09
1.327000e+03 3.749206e-09
1.328000e+03 3.488042e-09
1.329000e+03 3.737030e-09
1.330000e+03 3.961928e-09
1.331000e+03 3.378455e-09
1.332000e+03 3.685934e-09
1.333000e+03 3.550865e-09
1.334000e+03 3.640547e-09
1.335000e+03 3.497806e-09
1.336000e+03 3.835941e-09
1.337000e+03 4.034116e-09
1.338000e+03 3.978750e-09
1.339000e+03 3.625823e-09
1.340000e+03 3.974185e-09
1.341000e+03 4.034172e-09
1.342000e+03 3.973984e-09
1.343000e+03 4.114446e-09
1.344000e+03 4.055883e-09
1.345000e+03 5.079822e-09
1.346000e+03 4.855077e-09
1.347000e+03 4.609566e-09
1.348000e+03 4.321274e-09
1.349000e+03 4.385224e-09
1.350000e+03 4.642718e-09
1.351000e+03 4.672294e-09
1.352000e+03 4.958729e-09
1.353000e+03 4.755375e-09
1.354000e+03 4.676843e-09
1.355000e+03 4.407833e-09
1.356000e+03 4.754537e-09
1.357000e+03 4.629685e-09
1.358000e+03 4.799298e-09
1.359000e+03 4.628535e-09
1.360000e+03 4.748373e-09
1.361000e+03 4.331448e-09
1.362000e+03 4.584203e-09
1.363000e+03 4.518134e-09
1.364000e+03 4.474592e-09
1.365000e+03 4.411334e-09
1.366000e+03 4.590730e-09
1.367000e+03 5.066803e-09
1.368000e+03 4.950221e-09
1.369000e+03 4.664607e-09
1.370000e+03 4.195841e-09
1.371000e+03 4.222210e-09
1.372000e+03 4.101533e-09
1.373000e+03 4.121444e-09
1.374000e+03 3.998612e-09
1.375000e+03 3.823085e-09
1.376000e+03 3.840974e-09
1.377000e+03 3.965597e-09
1.378000e+03 4.298009e-09
1.379000e+03 4.403030e-09
1.380000e+03 4.700070e-09
1.381000e+03 4.478284e-09
1.382000e+03 4.485311e-09
1.383000e+03 4.539727e-09
1.384000e+03 4.511725e-09
1.385000e+03 4.843673e-09
1.386000e+03 5.028746e-09
1.387000e+03 5.143996e-09
1.388000e+03 5.247569e-09
1.389000e+03 6.070702e-09
1.390000e+03 5.878252e-09
1.391000e+03 5.488571e-09
1.392000e+03 5.355148e-09
1.393000e+03 5.157160e-09
1.394000e+03 5.474288e-09
1.395000e+03 5.388043e-09
1.396000e+03 5.477230e-09
1.397000e+03 5.283876e-09
1.398000e+03 5.265742e-09
1.399000e+03 5.225607e-09
1.400000e+03 5.038796e-09
1.401000e+03 5.238723e-09
1.402000e+03 5.095902e-09
1.403000e+03 4.701062e-09
1.404000e+03 4.348371e-09
1.405000e+03 4.199968e-09
1.406000e+03 4.219231e-09
1.407000e+03 4.448891e-09
1.408000e+03 4.479529e-09
1.409000e+03 4.202506e-09
1.410000e+03 4.092717e-09
1.411000e+03 3.944300e-09
1.412000e+03 3.863122e-09
1.413000e+03 3.882632e-09
1.414000e+03 3.796760e-09
1.415000e+03 3.834815e-09
1.416000e+03 3.709183e-09
1.417000e+03 3.966891e-09
1.418000e+03 3.886451e-09
1.419000e+03 3.860418e-09
1.420000e+03 3.991144e-09
1.421000e+03 4.170509e-09
1.422000e+03 4.394363e-09
1.423000e+03 4.753428e-09
1.424000e+03 4.792017e-09
1.425000e+03 4.687978e-09
1.426000e+03 4.888556e-09
1.427000e+03 4.527548e-09
1.428000e+03 4.651398e-09
1.429000e+03 4.614311e-09
1.430000e+03 4.696174e-09
1.431000e+03 5.276712e-09
1.432000e+03 6.632966e-09
1.433000e+03 5.811886e-09
1.434000e+03 5.202457e-09
1.435000e+03 4.826876e-09
1.436000e+03 4.760395e-09
1.437000e+03 4.798955e-09
1.438000e+03 4.988333e-09
1.439000e+03 4.799051e-09
1.440000e+03 4.725496e-09
1.441000e+03 4.735164e-09
1.442000e+03 4.472620e-09
1.443000e+03 4.451189e-09
1.444000e+03 4.561016e-09
1.445000e+03 4.409628e-09
1.446000e+03 4.271513e-09
1.447000e+03 4.432954e-09
1.448000e+03 4.523282e-09
1.449000e+03 4.505215e-09
1.450000e+03 4.129537e-09
1.451000e+03 3.846130e-09
1.452000e+03 3.861742e-09
1.453000e+03 4.071633e-09
1.454000e+03 4.132592e-09
1.455000e+03 4.123486e-09
1.456000e+03 4.060828e-09
1.457000e+03 3.921951e-09
1.458000e+03 4.113517e-09
1.459000e+03 3.909914e-09
1.460000e+03 3.660912e-09
1.461000e+03 3.613727e-09
1.462000e+03 3.695112e-09
1.463000e+03 3.529277e-09
1.464000e+03 3.776404e-09
1.465000e+03 3.612139e-09
1.466000e+03 3.390692e-09
1.467000e+03 3.411623e-09
1.468000e+03 3.655504e-09
1.469000e+03 3.612533e-09
1.470000e+03 3.714470e-09
1.471000e+03 3.648263e-09
1.472000e+03 3.740236e-09
1.473000e+03 3.808892e-09
1.474000e+03 3.702827e-09
1.475000e+03 4.060208e-09
1.476000e+03 4.317649e-09
1.477000e+03 4.289035e-09
1.478000e+03 4.479745e-09
1.479000e+03 4.431289e-09
1.480000e+03 4.448754e-09
1.481000e+03 4.516257e-09
1.482000e+03 4.679173e-09
1.483000e+03 4.868837e-09
1.484000e+03 5.004578e-09
1.485000e+03 5.175385e-09
1.486000e+03 4.978436e-09
1.487000e+03 4.862387e-09
1.488000e+03 4.953460e-09
1.489000e+03 5.107455e-09
1.490000e+03 5.213387e-09
1.491000e+03 5.203238e-09
1.492000e+03 5.145744e-09
1.493000e+03 5.158667e-09
1.494000e+03 5.121197e-09
1.495000e+03 5.086135e-09
1.496000e+03 5.232269e-09
1.497000e+03 5.338004e-09
1.498000e+03 5.419393e-09
1.499000e+03 5.377808e-09
1.500000e+03 5.093633e-09
