Title ="THE FLUX ERR"
Variables=
iter
residual
1.000000e+00 2.548927e-04
2.000000e+00 3.065663e-03
3.000000e+00 3.093051e-03
4.000000e+00 2.273689e-03
5.000000e+00 2.155933e-03
6.000000e+00 1.402721e-03
7.000000e+00 1.658054e-03
8.000000e+00 1.003727e-03
9.000000e+00 7.852431e-04
1.000000e+01 4.422432e-04
1.100000e+01 3.911144e-04
1.200000e+01 4.753076e-05
1.300000e+01 4.019474e-05
1.400000e+01 2.534708e-05
1.500000e+01 2.527743e-05
1.600000e+01 2.605160e-05
1.700000e+01 6.431784e-05
1.800000e+01 6.405367e-05
1.900000e+01 4.805630e-05
2.000000e+01 4.159606e-05
2.100000e+01 3.307455e-05
2.200000e+01 4.244554e-05
2.300000e+01 3.172987e-05
2.400000e+01 2.607755e-05
2.500000e+01 1.737657e-05
2.600000e+01 1.798039e-05
2.700000e+01 1.492789e-05
2.800000e+01 1.593063e-05
2.900000e+01 1.246256e-05
3.000000e+01 1.022622e-05
3.100000e+01 9.557998e-06
3.200000e+01 7.447248e-06
3.300000e+01 9.882255e-06
3.400000e+01 8.832995e-06
3.500000e+01 8.785315e-06
3.600000e+01 6.373409e-06
3.700000e+01 5.771747e-06
3.800000e+01 4.150230e-06
3.900000e+01 5.143712e-06
4.000000e+01 4.755520e-06
4.100000e+01 5.101122e-06
4.200000e+01 4.488038e-06
4.300000e+01 4.841719e-06
4.400000e+01 2.646062e-05
4.500000e+01 2.780278e-05
4.600000e+01 4.525470e-06
4.700000e+01 2.639733e-05
4.800000e+01 5.372029e-06
4.900000e+01 2.387482e-05
5.000000e+01 4.853424e-06
5.100000e+01 2.476679e-05
5.200000e+01 5.228806e-06
5.300000e+01 2.481176e-05
5.400000e+01 2.389923e-05
5.500000e+01 2.161030e-05
5.600000e+01 2.106332e-05
5.700000e+01 2.082709e-05
5.800000e+01 1.940085e-05
5.900000e+01 2.235861e-05
6.000000e+01 2.040897e-05
6.100000e+01 2.004204e-05
6.200000e+01 1.856132e-05
6.300000e+01 1.923972e-05
6.400000e+01 1.983541e-05
6.500000e+01 1.959899e-05
6.600000e+01 1.806760e-05
6.700000e+01 1.761278e-05
6.800000e+01 1.926602e-05
6.900000e+01 1.878916e-05
7.000000e+01 1.919690e-05
7.100000e+01 1.969931e-05
7.200000e+01 2.072463e-05
7.300000e+01 2.000283e-05
7.400000e+01 2.032657e-05
7.500000e+01 1.938855e-05
7.600000e+01 2.139123e-05
7.700000e+01 1.906699e-05
7.800000e+01 1.962148e-05
7.900000e+01 1.853054e-05
8.000000e+01 1.805984e-05
8.100000e+01 1.901680e-05
8.200000e+01 1.981294e-05
8.300000e+01 2.115643e-05
8.400000e+01 1.951665e-05
8.500000e+01 1.779255e-05
8.600000e+01 1.859911e-05
8.700000e+01 1.795453e-05
8.800000e+01 1.704733e-05
8.900000e+01 1.708678e-05
9.000000e+01 1.579966e-05
9.100000e+01 1.844188e-05
9.200000e+01 1.776817e-05
9.300000e+01 2.966381e-06
9.400000e+01 1.475970e-05
9.500000e+01 1.719974e-05
9.600000e+01 1.536246e-05
9.700000e+01 1.628205e-05
9.800000e+01 1.424791e-05
9.900000e+01 1.390743e-05
1.000000e+02 1.436973e-05
1.010000e+02 1.543802e-05
1.020000e+02 1.466130e-05
1.030000e+02 1.242092e-05
1.040000e+02 1.398780e-05
1.050000e+02 1.346626e-05
1.060000e+02 1.289961e-05
1.070000e+02 1.246222e-05
1.080000e+02 1.199093e-05
1.090000e+02 1.284370e-05
1.100000e+02 1.171652e-05
1.110000e+02 1.160672e-05
1.120000e+02 1.121173e-05
1.130000e+02 1.215333e-05
1.140000e+02 1.030996e-05
1.150000e+02 1.082465e-05
1.160000e+02 1.014871e-05
1.170000e+02 9.978698e-06
1.180000e+02 1.052795e-05
1.190000e+02 1.022971e-05
1.200000e+02 9.682480e-06
1.210000e+02 9.775656e-06
1.220000e+02 1.000553e-05
1.230000e+02 9.232798e-06
1.240000e+02 8.808890e-06
1.250000e+02 8.954141e-06
1.260000e+02 9.221623e-06
1.270000e+02 9.160080e-06
1.280000e+02 9.002368e-06
1.290000e+02 8.881456e-06
1.300000e+02 7.708295e-06
1.310000e+02 8.454302e-06
1.320000e+02 8.368648e-06
1.330000e+02 8.717803e-06
1.340000e+02 8.203818e-06
1.350000e+02 8.706648e-06
1.360000e+02 9.035288e-06
1.370000e+02 8.250949e-06
1.380000e+02 8.555936e-06
1.390000e+02 8.503448e-06
1.400000e+02 8.430346e-06
1.410000e+02 8.409849e-06
1.420000e+02 7.530243e-06
1.430000e+02 8.171763e-06
1.440000e+02 8.372924e-06
1.450000e+02 8.646228e-06
1.460000e+02 7.798316e-06
1.470000e+02 8.260893e-06
1.480000e+02 8.389078e-06
1.490000e+02 8.439587e-06
1.500000e+02 8.799876e-06
1.510000e+02 8.586719e-06
1.520000e+02 7.967436e-06
1.530000e+02 7.945107e-06
1.540000e+02 7.922240e-06
1.550000e+02 8.146959e-06
1.560000e+02 7.872833e-06
1.570000e+02 8.060625e-06
1.580000e+02 7.881166e-06
1.590000e+02 7.666241e-06
1.600000e+02 7.688050e-06
1.610000e+02 8.161072e-06
1.620000e+02 8.105041e-06
1.630000e+02 7.244800e-06
1.640000e+02 7.500947e-06
1.650000e+02 6.962307e-06
1.660000e+02 7.840895e-06
1.670000e+02 8.115445e-06
1.680000e+02 7.760218e-06
1.690000e+02 7.908618e-06
1.700000e+02 8.000211e-06
1.710000e+02 8.069661e-06
1.720000e+02 8.231752e-06
1.730000e+02 7.469744e-06
1.740000e+02 8.249324e-06
1.750000e+02 7.686991e-06
1.760000e+02 7.345305e-06
1.770000e+02 7.206671e-06
1.780000e+02 6.541023e-06
1.790000e+02 6.909462e-06
1.800000e+02 7.135411e-06
1.810000e+02 6.755505e-06
1.820000e+02 6.893553e-06
1.830000e+02 7.020898e-06
1.840000e+02 6.881255e-06
1.850000e+02 7.377651e-06
1.860000e+02 6.660263e-06
1.870000e+02 6.825442e-06
1.880000e+02 7.020300e-06
1.890000e+02 6.074905e-06
1.900000e+02 6.183296e-06
1.910000e+02 6.732698e-06
1.920000e+02 6.849311e-06
1.930000e+02 6.410337e-06
1.940000e+02 5.831600e-06
1.950000e+02 6.134702e-06
1.960000e+02 6.346917e-06
1.970000e+02 6.586905e-06
1.980000e+02 7.257000e-06
1.990000e+02 5.936757e-06
2.000000e+02 5.858904e-06
2.010000e+02 7.202048e-06
2.020000e+02 6.241292e-06
2.030000e+02 6.160831e-06
2.040000e+02 6.278645e-06
2.050000e+02 6.667317e-06
2.060000e+02 1.036524e-06
2.070000e+02 6.110673e-06
2.080000e+02 6.526320e-06
2.090000e+02 6.572027e-06
2.100000e+02 6.392894e-06
2.110000e+02 1.103690e-06
2.120000e+02 5.885249e-06
2.130000e+02 9.966003e-07
2.140000e+02 5.485886e-06
2.150000e+02 9.194380e-07
2.160000e+02 5.967526e-06
2.170000e+02 1.179762e-06
2.180000e+02 5.605873e-06
2.190000e+02 5.954289e-06
2.200000e+02 5.949312e-06
2.210000e+02 5.646202e-06
2.220000e+02 1.723902e-06
2.230000e+02 5.510081e-06
2.240000e+02 5.243708e-06
2.250000e+02 5.180854e-06
2.260000e+02 4.959875e-06
2.270000e+02 5.058024e-06
2.280000e+02 5.178319e-06
2.290000e+02 5.382195e-06
2.300000e+02 5.243243e-06
2.310000e+02 4.947636e-06
2.320000e+02 5.009170e-06
2.330000e+02 4.930889e-06
2.340000e+02 5.247962e-06
2.350000e+02 5.127359e-06
2.360000e+02 4.856289e-06
2.370000e+02 4.804631e-06
2.380000e+02 4.777034e-06
2.390000e+02 5.183082e-06
2.400000e+02 4.716620e-06
2.410000e+02 4.430812e-06
2.420000e+02 4.497159e-06
2.430000e+02 4.870537e-06
2.440000e+02 4.920798e-06
2.450000e+02 4.814185e-06
2.460000e+02 4.336968e-06
2.470000e+02 4.778965e-06
2.480000e+02 4.700151e-06
2.490000e+02 4.962020e-06
2.500000e+02 5.155871e-06
2.510000e+02 5.016697e-06
2.520000e+02 4.506890e-06
2.530000e+02 5.381617e-06
2.540000e+02 5.288342e-06
2.550000e+02 4.804228e-06
2.560000e+02 4.432847e-06
2.570000e+02 4.684163e-06
2.580000e+02 4.900567e-06
2.590000e+02 4.847846e-06
2.600000e+02 4.878759e-06
2.610000e+02 5.179777e-06
2.620000e+02 5.334520e-06
2.630000e+02 5.626438e-06
2.640000e+02 5.464516e-06
2.650000e+02 5.287336e-06
2.660000e+02 4.978364e-06
2.670000e+02 5.001855e-06
2.680000e+02 4.563436e-06
2.690000e+02 4.857383e-06
2.700000e+02 5.295515e-06
2.710000e+02 5.284816e-06
2.720000e+02 5.256190e-06
2.730000e+02 5.313239e-06
2.740000e+02 1.699062e-06
2.750000e+02 5.078097e-06
2.760000e+02 1.416239e-06
2.770000e+02 5.109620e-06
2.780000e+02 1.421707e-06
2.790000e+02 1.362579e-06
2.800000e+02 1.326659e-06
2.810000e+02 1.366403e-06
2.820000e+02 1.708869e-06
2.830000e+02 4.396466e-06
2.840000e+02 1.552781e-06
2.850000e+02 1.170114e-06
2.860000e+02 4.634752e-06
2.870000e+02 1.214778e-06
2.880000e+02 4.664141e-06
2.890000e+02 1.048168e-06
2.900000e+02 4.799123e-06
2.910000e+02 5.181797e-06
2.920000e+02 5.035487e-06
2.930000e+02 5.074334e-06
2.940000e+02 5.431101e-06
2.950000e+02 4.680141e-06
2.960000e+02 4.886378e-06
2.970000e+02 5.300768e-06
2.980000e+02 5.064825e-06
2.990000e+02 5.002633e-06
3.000000e+02 4.727578e-06
3.010000e+02 5.178064e-06
3.020000e+02 4.865413e-06
3.030000e+02 4.623103e-06
3.040000e+02 4.799398e-06
3.050000e+02 5.018287e-06
3.060000e+02 4.897926e-06
3.070000e+02 5.270382e-06
3.080000e+02 4.707169e-06
3.090000e+02 4.379811e-06
3.100000e+02 4.943536e-06
3.110000e+02 5.007647e-06
3.120000e+02 4.766364e-06
3.130000e+02 5.020322e-06
3.140000e+02 4.717390e-06
3.150000e+02 4.928902e-06
3.160000e+02 4.562028e-06
3.170000e+02 4.682814e-06
3.180000e+02 5.115057e-06
3.190000e+02 4.664904e-06
3.200000e+02 4.502789e-06
3.210000e+02 4.899247e-06
3.220000e+02 5.532438e-06
3.230000e+02 5.194557e-06
3.240000e+02 5.408020e-06
3.250000e+02 4.986044e-06
3.260000e+02 4.710107e-06
3.270000e+02 4.789009e-06
3.280000e+02 4.799466e-06
3.290000e+02 5.005319e-06
3.300000e+02 4.503934e-06
3.310000e+02 4.758455e-06
3.320000e+02 4.792013e-06
3.330000e+02 4.645484e-06
3.340000e+02 4.795356e-06
3.350000e+02 4.945392e-06
3.360000e+02 4.565612e-06
3.370000e+02 4.697990e-06
3.380000e+02 4.678873e-06
3.390000e+02 4.430518e-06
3.400000e+02 4.751000e-06
3.410000e+02 4.668717e-06
3.420000e+02 4.323040e-06
3.430000e+02 4.299420e-06
3.440000e+02 4.365479e-06
3.450000e+02 4.479457e-06
3.460000e+02 4.055533e-06
3.470000e+02 4.223105e-06
3.480000e+02 4.390415e-06
3.490000e+02 4.141684e-06
3.500000e+02 4.066843e-06
3.510000e+02 3.793922e-06
3.520000e+02 3.995645e-06
3.530000e+02 4.124407e-06
3.540000e+02 4.062359e-06
3.550000e+02 4.004212e-06
3.560000e+02 3.886021e-06
3.570000e+02 4.141248e-06
3.580000e+02 4.134888e-06
3.590000e+02 4.020394e-06
3.600000e+02 3.851255e-06
3.610000e+02 3.906458e-06
3.620000e+02 3.881268e-06
3.630000e+02 3.558489e-06
3.640000e+02 3.644257e-06
3.650000e+02 3.644547e-06
3.660000e+02 3.543901e-06
3.670000e+02 3.912808e-06
3.680000e+02 3.650722e-06
3.690000e+02 3.352905e-06
3.700000e+02 3.378993e-06
3.710000e+02 3.715437e-06
3.720000e+02 3.151427e-06
3.730000e+02 3.437521e-06
3.740000e+02 3.310211e-06
3.750000e+02 3.547058e-06
3.760000e+02 3.248606e-06
3.770000e+02 3.658974e-06
3.780000e+02 3.450408e-06
3.790000e+02 3.681700e-06
3.800000e+02 3.649760e-06
3.810000e+02 3.296718e-06
3.820000e+02 3.060940e-06
3.830000e+02 3.031051e-06
3.840000e+02 2.703095e-06
3.850000e+02 3.160991e-06
3.860000e+02 3.251390e-06
3.870000e+02 3.115753e-06
3.880000e+02 2.968849e-06
3.890000e+02 3.160892e-06
3.900000e+02 3.456038e-06
3.910000e+02 3.256507e-06
3.920000e+02 3.142649e-06
3.930000e+02 3.027816e-06
3.940000e+02 3.154491e-06
3.950000e+02 3.239748e-06
3.960000e+02 3.186288e-06
3.970000e+02 3.272770e-06
3.980000e+02 3.088554e-06
3.990000e+02 2.904777e-06
4.000000e+02 3.200434e-06
4.010000e+02 2.845933e-06
4.020000e+02 3.118118e-06
4.030000e+02 2.924557e-06
4.040000e+02 3.075278e-06
4.050000e+02 3.186163e-06
4.060000e+02 3.161399e-06
4.070000e+02 2.900455e-06
4.080000e+02 2.914469e-06
4.090000e+02 3.076411e-06
4.100000e+02 2.946204e-06
4.110000e+02 2.999222e-06
4.120000e+02 3.184780e-06
4.130000e+02 3.158321e-06
4.140000e+02 2.943062e-06
4.150000e+02 3.019045e-06
4.160000e+02 2.814585e-06
4.170000e+02 2.872678e-06
4.180000e+02 3.004220e-06
4.190000e+02 2.684534e-06
4.200000e+02 2.662816e-06
4.210000e+02 2.843132e-06
4.220000e+02 2.608935e-06
4.230000e+02 2.791547e-06
4.240000e+02 2.856585e-06
4.250000e+02 2.745604e-06
4.260000e+02 2.598604e-06
4.270000e+02 2.613976e-06
4.280000e+02 2.472902e-06
4.290000e+02 2.632148e-06
4.300000e+02 2.709612e-06
4.310000e+02 2.759590e-06
4.320000e+02 2.449192e-06
4.330000e+02 2.435792e-06
4.340000e+02 2.483521e-06
4.350000e+02 2.488865e-06
4.360000e+02 2.498349e-06
4.370000e+02 2.432392e-06
4.380000e+02 2.376829e-06
4.390000e+02 2.328313e-06
4.400000e+02 2.330705e-06
4.410000e+02 2.403160e-06
4.420000e+02 2.431241e-06
4.430000e+02 2.436401e-06
4.440000e+02 2.275220e-06
4.450000e+02 2.335368e-06
4.460000e+02 2.345729e-06
4.470000e+02 2.212710e-06
4.480000e+02 2.269971e-06
4.490000e+02 2.301979e-06
4.500000e+02 2.175580e-06
4.510000e+02 2.184330e-06
4.520000e+02 1.956390e-06
4.530000e+02 2.035868e-06
4.540000e+02 1.991804e-06
4.550000e+02 1.991953e-06
4.560000e+02 1.957498e-06
4.570000e+02 1.849949e-06
4.580000e+02 1.987668e-06
4.590000e+02 1.778134e-06
4.600000e+02 1.869460e-06
4.610000e+02 1.694146e-06
4.620000e+02 1.694652e-06
4.630000e+02 1.621109e-06
4.640000e+02 1.650689e-06
4.650000e+02 1.673447e-06
4.660000e+02 1.715793e-06
4.670000e+02 1.712951e-06
4.680000e+02 1.763166e-06
4.690000e+02 1.622173e-06
4.700000e+02 1.781135e-06
4.710000e+02 1.519301e-06
4.720000e+02 1.674360e-06
4.730000e+02 1.649829e-06
4.740000e+02 1.692677e-06
4.750000e+02 1.524675e-06
4.760000e+02 1.574059e-06
4.770000e+02 1.471949e-06
4.780000e+02 1.524190e-06
4.790000e+02 1.355164e-06
4.800000e+02 1.538141e-06
4.810000e+02 1.458920e-06
4.820000e+02 1.429782e-06
4.830000e+02 1.518237e-06
4.840000e+02 1.647457e-06
4.850000e+02 1.675200e-06
4.860000e+02 1.578506e-06
4.870000e+02 1.500417e-06
4.880000e+02 1.515644e-06
4.890000e+02 1.716142e-06
4.900000e+02 1.688561e-06
4.910000e+02 1.586461e-06
4.920000e+02 1.660734e-06
4.930000e+02 1.640934e-06
4.940000e+02 1.652663e-06
4.950000e+02 1.613280e-06
4.960000e+02 1.618233e-06
4.970000e+02 1.822421e-06
4.980000e+02 1.708407e-06
4.990000e+02 1.786213e-06
5.000000e+02 1.699647e-06
5.010000e+02 1.504173e-06
5.020000e+02 1.698711e-06
5.030000e+02 1.507669e-06
5.040000e+02 1.704246e-06
5.050000e+02 1.645554e-06
5.060000e+02 1.634896e-06
5.070000e+02 1.728648e-06
5.080000e+02 1.676564e-06
5.090000e+02 1.706925e-06
5.100000e+02 1.688302e-06
5.110000e+02 1.601010e-06
5.120000e+02 1.532516e-06
5.130000e+02 1.548954e-06
5.140000e+02 1.484890e-06
5.150000e+02 1.469910e-06
5.160000e+02 1.534142e-06
5.170000e+02 1.489662e-06
5.180000e+02 1.459093e-06
5.190000e+02 1.470608e-06
5.200000e+02 1.474058e-06
5.210000e+02 1.478565e-06
5.220000e+02 1.433883e-06
5.230000e+02 1.455538e-06
5.240000e+02 1.412875e-06
5.250000e+02 1.412192e-06
5.260000e+02 1.433717e-06
5.270000e+02 1.289230e-06
5.280000e+02 1.435101e-06
5.290000e+02 1.315359e-06
5.300000e+02 1.256765e-06
5.310000e+02 1.296431e-06
5.320000e+02 1.234938e-06
5.330000e+02 1.200437e-06
5.340000e+02 1.196224e-06
5.350000e+02 1.151830e-06
5.360000e+02 1.176077e-06
5.370000e+02 1.169902e-06
5.380000e+02 1.129143e-06
5.390000e+02 1.167569e-06
5.400000e+02 1.176414e-06
5.410000e+02 1.193367e-06
5.420000e+02 1.229183e-06
5.430000e+02 1.127465e-06
5.440000e+02 1.234347e-06
5.450000e+02 1.183968e-06
5.460000e+02 1.109666e-06
5.470000e+02 1.102773e-06
5.480000e+02 1.064855e-06
5.490000e+02 1.076342e-06
5.500000e+02 1.122258e-06
5.510000e+02 1.110418e-06
5.520000e+02 1.137542e-06
5.530000e+02 1.099424e-06
5.540000e+02 1.002565e-06
5.550000e+02 1.153899e-06
5.560000e+02 1.121815e-06
5.570000e+02 1.104600e-06
5.580000e+02 1.177985e-06
5.590000e+02 1.128050e-06
5.600000e+02 1.163657e-06
5.610000e+02 1.126530e-06
5.620000e+02 1.118173e-06
5.630000e+02 1.102071e-06
5.640000e+02 1.051966e-06
5.650000e+02 1.085544e-06
5.660000e+02 1.086703e-06
5.670000e+02 1.060843e-06
5.680000e+02 1.114137e-06
5.690000e+02 1.028009e-06
5.700000e+02 1.005416e-06
5.710000e+02 9.865619e-07
5.720000e+02 9.690993e-07
5.730000e+02 9.554920e-07
5.740000e+02 1.000160e-06
5.750000e+02 9.107505e-07
5.760000e+02 9.260399e-07
5.770000e+02 8.809018e-07
5.780000e+02 8.278542e-07
5.790000e+02 8.679849e-07
5.800000e+02 8.284438e-07
5.810000e+02 8.057687e-07
5.820000e+02 7.801000e-07
5.830000e+02 8.310621e-07
5.840000e+02 7.804935e-07
5.850000e+02 7.500017e-07
5.860000e+02 7.072707e-07
5.870000e+02 7.069665e-07
5.880000e+02 7.193183e-07
5.890000e+02 7.147207e-07
5.900000e+02 6.910465e-07
5.910000e+02 6.754990e-07
5.920000e+02 6.467044e-07
5.930000e+02 6.882526e-07
5.940000e+02 6.453635e-07
5.950000e+02 6.365855e-07
5.960000e+02 6.372427e-07
5.970000e+02 6.260455e-07
5.980000e+02 6.377866e-07
5.990000e+02 6.784171e-07
6.000000e+02 6.306659e-07
6.010000e+02 6.076043e-07
6.020000e+02 6.688532e-07
6.030000e+02 6.328114e-07
6.040000e+02 6.465335e-07
6.050000e+02 6.482079e-07
6.060000e+02 6.701012e-07
6.070000e+02 6.558441e-07
6.080000e+02 6.566090e-07
6.090000e+02 6.634345e-07
6.100000e+02 6.859718e-07
6.110000e+02 7.139458e-07
6.120000e+02 6.721434e-07
6.130000e+02 6.375151e-07
6.140000e+02 6.679167e-07
6.150000e+02 7.334720e-07
6.160000e+02 8.079172e-07
6.170000e+02 8.492879e-07
6.180000e+02 7.996905e-07
6.190000e+02 7.796819e-07
6.200000e+02 7.737580e-07
6.210000e+02 8.397434e-07
6.220000e+02 8.678399e-07
6.230000e+02 8.719439e-07
6.240000e+02 8.420413e-07
6.250000e+02 8.202676e-07
6.260000e+02 8.265718e-07
6.270000e+02 8.700929e-07
6.280000e+02 8.517214e-07
6.290000e+02 8.701110e-07
6.300000e+02 8.375209e-07
6.310000e+02 8.063035e-07
6.320000e+02 8.663010e-07
6.330000e+02 8.184232e-07
6.340000e+02 8.651750e-07
6.350000e+02 8.530162e-07
6.360000e+02 8.607628e-07
6.370000e+02 8.858722e-07
6.380000e+02 8.701222e-07
6.390000e+02 8.697010e-07
6.400000e+02 8.482011e-07
6.410000e+02 8.595634e-07
6.420000e+02 8.363429e-07
6.430000e+02 8.524868e-07
6.440000e+02 8.663091e-07
6.450000e+02 8.849040e-07
6.460000e+02 8.927401e-07
6.470000e+02 9.093501e-07
6.480000e+02 9.025280e-07
6.490000e+02 8.537968e-07
6.500000e+02 8.375224e-07
6.510000e+02 7.979219e-07
6.520000e+02 7.553341e-07
6.530000e+02 7.872734e-07
6.540000e+02 8.132200e-07
6.550000e+02 7.829064e-07
6.560000e+02 7.963788e-07
6.570000e+02 7.899782e-07
6.580000e+02 8.019458e-07
6.590000e+02 8.187064e-07
6.600000e+02 7.636131e-07
6.610000e+02 7.303082e-07
6.620000e+02 7.260053e-07
6.630000e+02 7.074889e-07
6.640000e+02 6.828467e-07
6.650000e+02 7.272634e-07
6.660000e+02 7.284870e-07
6.670000e+02 7.038359e-07
6.680000e+02 7.382214e-07
6.690000e+02 7.117519e-07
6.700000e+02 7.324343e-07
6.710000e+02 6.999438e-07
6.720000e+02 7.183976e-07
6.730000e+02 6.832317e-07
6.740000e+02 6.753134e-07
6.750000e+02 7.157725e-07
6.760000e+02 6.825759e-07
6.770000e+02 6.879960e-07
6.780000e+02 7.003467e-07
6.790000e+02 6.622114e-07
6.800000e+02 6.371239e-07
6.810000e+02 6.510156e-07
6.820000e+02 6.436289e-07
6.830000e+02 6.317627e-07
6.840000e+02 6.107698e-07
6.850000e+02 6.430604e-07
6.860000e+02 6.364283e-07
6.870000e+02 6.417386e-07
6.880000e+02 5.995861e-07
6.890000e+02 5.988935e-07
6.900000e+02 5.946774e-07
6.910000e+02 6.064256e-07
6.920000e+02 5.876418e-07
6.930000e+02 6.002974e-07
6.940000e+02 6.120274e-07
6.950000e+02 6.472630e-07
6.960000e+02 1.098657e-06
6.970000e+02 1.162594e-06
6.980000e+02 6.819549e-07
6.990000e+02 1.457883e-06
7.000000e+02 1.568783e-06
7.010000e+02 3.819242e-07
7.020000e+02 1.561955e-06
7.030000e+02 4.184423e-07
7.040000e+02 1.894016e-06
7.050000e+02 3.220275e-07
7.060000e+02 4.128705e-07
7.070000e+02 4.664410e-07
7.080000e+02 5.996437e-07
7.090000e+02 4.166301e-07
7.100000e+02 4.021685e-07
7.110000e+02 2.485891e-07
7.120000e+02 5.122788e-07
7.130000e+02 2.615898e-07
7.140000e+02 2.466302e-07
7.150000e+02 8.234361e-07
7.160000e+02 2.279731e-07
7.170000e+02 3.971443e-07
7.180000e+02 3.185199e-07
7.190000e+02 6.621097e-07
7.200000e+02 2.499585e-07
7.210000e+02 2.335875e-07
7.220000e+02 7.205642e-07
7.230000e+02 2.620843e-07
7.240000e+02 6.117049e-07
7.250000e+02 2.726401e-07
7.260000e+02 2.557345e-07
7.270000e+02 5.616817e-07
7.280000e+02 1.821858e-07
7.290000e+02 6.213053e-07
7.300000e+02 2.520778e-07
7.310000e+02 2.407329e-07
7.320000e+02 6.708706e-07
7.330000e+02 2.075449e-07
7.340000e+02 6.780327e-07
7.350000e+02 2.056456e-07
7.360000e+02 2.026172e-07
7.370000e+02 7.887836e-07
7.380000e+02 2.490937e-07
7.390000e+02 6.750660e-07
7.400000e+02 2.221461e-07
7.410000e+02 2.309638e-07
7.420000e+02 8.234581e-07
7.430000e+02 2.134352e-07
7.440000e+02 5.258470e-07
7.450000e+02 2.182135e-07
7.460000e+02 1.954071e-07
7.470000e+02 7.932285e-07
7.480000e+02 2.230221e-07
7.490000e+02 4.718067e-07
7.500000e+02 2.313806e-07
7.510000e+02 1.342036e-06
7.520000e+02 1.885406e-07
7.530000e+02 1.833826e-07
7.540000e+02 6.292495e-07
7.550000e+02 1.579201e-07
7.560000e+02 5.837971e-07
7.570000e+02 2.169088e-07
7.580000e+02 5.290498e-07
7.590000e+02 2.419836e-07
7.600000e+02 4.702475e-07
7.610000e+02 2.412182e-07
7.620000e+02 1.950258e-07
7.630000e+02 6.136958e-07
7.640000e+02 1.811714e-07
7.650000e+02 4.652055e-07
7.660000e+02 2.028123e-07
7.670000e+02 4.400001e-07
7.680000e+02 2.258054e-07
7.690000e+02 3.593253e-07
7.700000e+02 2.114217e-07
7.710000e+02 1.555847e-07
7.720000e+02 4.456383e-07
7.730000e+02 1.800405e-07
7.740000e+02 1.257440e-06
7.750000e+02 7.495823e-07
7.760000e+02 2.064914e-07
7.770000e+02 3.645648e-07
7.780000e+02 1.375611e-07
7.790000e+02 3.901054e-07
7.800000e+02 1.270623e-07
7.810000e+02 1.341171e-07
7.820000e+02 3.816590e-07
7.830000e+02 1.357257e-07
7.840000e+02 1.091092e-07
7.850000e+02 3.580894e-07
7.860000e+02 1.062343e-07
7.870000e+02 1.170238e-07
7.880000e+02 2.751944e-07
7.890000e+02 9.875522e-08
7.900000e+02 8.967244e-08
7.910000e+02 4.395307e-07
7.920000e+02 3.522890e-07
7.930000e+02 1.057577e-07
7.940000e+02 4.704334e-07
7.950000e+02 2.962496e-07
7.960000e+02 1.535909e-07
7.970000e+02 5.538732e-07
7.980000e+02 1.087335e-07
7.990000e+02 3.553766e-07
8.000000e+02 3.903979e-07
8.010000e+02 5.101391e-07
8.020000e+02 1.022633e-07
8.030000e+02 3.709225e-07
8.040000e+02 2.451065e-07
8.050000e+02 4.533162e-07
8.060000e+02 9.678708e-08
8.070000e+02 3.700490e-07
8.080000e+02 3.482936e-07
8.090000e+02 2.627179e-07
8.100000e+02 4.211193e-07
8.110000e+02 4.230360e-07
8.120000e+02 3.644648e-07
8.130000e+02 2.844973e-07
8.140000e+02 2.263883e-07
8.150000e+02 2.540246e-07
8.160000e+02 3.531850e-07
8.170000e+02 3.438529e-07
8.180000e+02 2.858888e-07
8.190000e+02 2.323309e-07
8.200000e+02 2.230678e-07
8.210000e+02 2.099251e-07
8.220000e+02 3.337776e-07
8.230000e+02 3.238512e-07
8.240000e+02 2.934337e-07
8.250000e+02 2.490806e-07
8.260000e+02 2.173623e-07
8.270000e+02 1.678053e-07
8.280000e+02 3.412094e-07
8.290000e+02 3.163223e-07
8.300000e+02 2.592117e-07
8.310000e+02 2.206441e-07
8.320000e+02 1.849656e-07
8.330000e+02 1.596163e-07
8.340000e+02 2.077704e-07
8.350000e+02 3.286102e-07
8.360000e+02 3.239713e-07
8.370000e+02 2.613543e-07
8.380000e+02 2.106907e-07
8.390000e+02 1.628752e-07
8.400000e+02 1.343946e-07
8.410000e+02 2.858410e-07
8.420000e+02 3.140451e-07
8.430000e+02 2.728257e-07
8.440000e+02 2.342073e-07
8.450000e+02 2.086319e-07
8.460000e+02 1.734224e-07
8.470000e+02 1.494633e-07
8.480000e+02 1.178337e-07
8.490000e+02 2.757341e-07
8.500000e+02 2.828041e-07
8.510000e+02 2.471503e-07
8.520000e+02 2.019640e-07
8.530000e+02 1.724511e-07
8.540000e+02 1.445130e-07
8.550000e+02 1.181579e-07
8.560000e+02 9.268186e-08
8.570000e+02 7.762290e-08
8.580000e+02 7.260356e-08
8.590000e+02 1.976450e-07
8.600000e+02 2.518023e-07
8.610000e+02 2.411583e-07
8.620000e+02 2.065256e-07
8.630000e+02 1.615396e-07
8.640000e+02 1.293278e-07
8.650000e+02 1.090421e-07
8.660000e+02 9.081676e-08
8.670000e+02 7.353449e-08
8.680000e+02 6.314979e-08
8.690000e+02 5.387365e-08
8.700000e+02 4.567802e-08
8.710000e+02 2.121951e-07
8.720000e+02 2.193255e-07
8.730000e+02 2.150561e-07
8.740000e+02 1.825325e-07
8.750000e+02 1.515762e-07
8.760000e+02 1.273358e-07
8.770000e+02 1.069739e-07
8.780000e+02 8.558208e-08
8.790000e+02 7.147593e-08
8.800000e+02 6.133124e-08
8.810000e+02 5.548952e-08
8.820000e+02 4.821997e-08
8.830000e+02 4.210739e-08
8.840000e+02 3.671915e-08
8.850000e+02 3.224975e-08
8.860000e+02 2.874017e-08
8.870000e+02 1.870616e-07
8.880000e+02 2.064272e-07
8.890000e+02 1.942963e-07
8.900000e+02 1.638672e-07
8.910000e+02 1.393595e-07
8.920000e+02 1.090261e-07
8.930000e+02 8.824733e-08
8.940000e+02 7.327575e-08
8.950000e+02 6.155628e-08
8.960000e+02 5.200899e-08
8.970000e+02 4.824405e-08
8.980000e+02 4.193322e-08
8.990000e+02 3.688714e-08
9.000000e+02 3.387792e-08
9.010000e+02 2.883564e-08
9.020000e+02 2.528718e-08
9.030000e+02 1.913994e-08
9.040000e+02 1.621016e-08
9.050000e+02 1.395502e-08
9.060000e+02 1.318581e-08
9.070000e+02 1.160471e-08
9.080000e+02 1.104024e-08
9.090000e+02 9.529233e-09
9.100000e+02 9.255385e-09
9.110000e+02 8.851461e-09
9.120000e+02 8.859797e-09
9.130000e+02 8.424686e-09
9.140000e+02 7.422558e-09
9.150000e+02 7.964767e-09
9.160000e+02 7.951514e-09
9.170000e+02 7.374778e-09
9.180000e+02 7.942298e-09
9.190000e+02 2.206700e-07
9.200000e+02 1.707692e-07
9.210000e+02 1.500159e-07
9.220000e+02 1.479727e-07
9.230000e+02 1.292228e-07
9.240000e+02 1.073156e-07
9.250000e+02 8.378274e-08
9.260000e+02 6.878202e-08
9.270000e+02 5.566497e-08
9.280000e+02 4.698550e-08
9.290000e+02 3.889612e-08
9.300000e+02 3.291212e-08
9.310000e+02 2.742757e-08
9.320000e+02 2.401442e-08
9.330000e+02 1.998685e-08
9.340000e+02 1.713456e-08
9.350000e+02 1.414588e-08
9.360000e+02 1.299056e-08
9.370000e+02 1.077827e-08
9.380000e+02 9.633649e-09
9.390000e+02 8.306503e-09
9.400000e+02 8.368692e-09
9.410000e+02 7.746764e-09
9.420000e+02 7.261867e-09
9.430000e+02 6.974195e-09
9.440000e+02 6.266161e-09
9.450000e+02 5.393180e-09
9.460000e+02 5.473075e-09
9.470000e+02 5.001309e-09
9.480000e+02 5.346154e-09
9.490000e+02 4.929839e-09
9.500000e+02 4.292689e-09
9.510000e+02 4.127538e-09
9.520000e+02 4.436340e-09
9.530000e+02 4.283582e-09
9.540000e+02 3.947018e-09
9.550000e+02 3.841408e-09
9.560000e+02 3.813314e-09
9.570000e+02 3.812559e-09
9.580000e+02 3.689729e-09
9.590000e+02 3.717627e-09
9.600000e+02 3.493580e-09
9.610000e+02 3.482664e-09
9.620000e+02 3.308720e-09
9.630000e+02 3.545567e-09
9.640000e+02 3.196951e-09
9.650000e+02 3.351283e-09
9.660000e+02 3.395434e-09
9.670000e+02 3.412233e-09
9.680000e+02 3.418017e-09
9.690000e+02 3.032865e-09
9.700000e+02 3.389254e-09
9.710000e+02 3.138543e-09
9.720000e+02 2.962892e-09
9.730000e+02 3.030727e-09
9.740000e+02 2.896522e-09
9.750000e+02 2.767324e-09
9.760000e+02 2.786280e-09
9.770000e+02 3.036115e-09
9.780000e+02 2.711884e-09
9.790000e+02 2.690602e-09
9.800000e+02 2.688810e-09
9.810000e+02 2.633049e-09
9.820000e+02 2.473696e-09
9.830000e+02 2.340153e-09
9.840000e+02 2.560221e-09
9.850000e+02 2.576238e-09
9.860000e+02 2.297671e-09
9.870000e+02 2.149566e-09
9.880000e+02 2.312139e-09
9.890000e+02 2.547456e-09
9.900000e+02 2.275184e-09
9.910000e+02 2.105458e-09
9.920000e+02 2.121982e-09
9.930000e+02 2.331638e-09
9.940000e+02 2.317301e-09
9.950000e+02 2.317859e-09
9.960000e+02 2.130501e-09
9.970000e+02 2.124948e-09
9.980000e+02 2.023812e-09
9.990000e+02 1.966115e-09
1.000000e+03 1.935426e-09
1.001000e+03 2.346004e-09
1.002000e+03 2.156523e-09
1.003000e+03 2.241199e-09
1.004000e+03 2.233208e-09
1.005000e+03 1.991549e-09
1.006000e+03 2.141394e-09
1.007000e+03 2.099714e-09
1.008000e+03 2.237276e-09
1.009000e+03 2.094985e-09
1.010000e+03 2.056981e-09
1.011000e+03 1.868709e-09
1.012000e+03 1.971808e-09
1.013000e+03 2.041211e-09
1.014000e+03 1.922170e-09
1.015000e+03 2.225214e-09
1.016000e+03 2.143503e-09
1.017000e+03 2.014284e-09
1.018000e+03 1.953110e-09
1.019000e+03 2.210085e-09
1.020000e+03 1.995240e-09
1.021000e+03 1.946031e-09
1.022000e+03 1.929249e-09
1.023000e+03 1.871631e-09
1.024000e+03 1.932416e-09
1.025000e+03 2.174449e-09
1.026000e+03 1.894831e-09
1.027000e+03 1.784178e-09
1.028000e+03 1.951497e-09
1.029000e+03 1.867780e-09
1.030000e+03 1.885913e-09
1.031000e+03 1.963669e-09
1.032000e+03 1.737107e-09
1.033000e+03 1.780657e-09
1.034000e+03 1.885576e-09
1.035000e+03 1.573201e-09
1.036000e+03 1.666258e-09
1.037000e+03 1.838064e-09
1.038000e+03 2.131214e-09
1.039000e+03 2.127928e-09
1.040000e+03 2.028172e-09
1.041000e+03 1.570035e-09
1.042000e+03 1.705644e-09
1.043000e+03 1.736410e-09
1.044000e+03 1.530795e-09
1.045000e+03 1.338725e-09
1.046000e+03 1.637834e-09
1.047000e+03 1.308422e-09
1.048000e+03 1.801607e-09
1.049000e+03 1.721287e-09
1.050000e+03 1.445385e-09
1.051000e+03 1.499073e-09
1.052000e+03 1.574258e-09
1.053000e+03 1.312827e-09
1.054000e+03 1.258868e-09
1.055000e+03 1.526528e-09
1.056000e+03 1.426170e-09
1.057000e+03 1.389910e-09
1.058000e+03 1.284650e-09
1.059000e+03 1.114624e-09
1.060000e+03 1.265338e-09
1.061000e+03 1.482090e-09
1.062000e+03 1.198383e-09
1.063000e+03 1.112905e-09
1.064000e+03 1.204387e-09
1.065000e+03 1.211513e-09
1.066000e+03 1.273767e-09
1.067000e+03 1.356683e-09
1.068000e+03 1.222331e-09
1.069000e+03 1.178849e-09
1.070000e+03 1.168476e-09
1.071000e+03 9.885098e-10
1.072000e+03 9.788283e-10
1.073000e+03 1.277046e-09
1.074000e+03 1.158478e-09
1.075000e+03 1.153479e-09
1.076000e+03 1.314709e-09
1.077000e+03 1.064571e-09
1.078000e+03 1.073875e-09
1.079000e+03 1.127533e-09
1.080000e+03 9.303720e-10
1.081000e+03 8.385305e-10
1.082000e+03 1.151135e-09
1.083000e+03 8.803393e-10
1.084000e+03 9.897733e-10
1.085000e+03 1.140968e-09
1.086000e+03 8.788428e-10
1.087000e+03 1.032868e-09
1.088000e+03 1.085906e-09
1.089000e+03 7.755489e-10
1.090000e+03 7.218199e-10
1.091000e+03 1.145030e-09
1.092000e+03 8.198518e-10
1.093000e+03 9.941694e-10
1.094000e+03 8.211471e-10
1.095000e+03 7.054292e-10
1.096000e+03 7.764878e-10
1.097000e+03 1.120582e-09
1.098000e+03 9.010572e-10
1.099000e+03 7.108443e-10
1.100000e+03 8.485259e-10
1.101000e+03 8.366875e-10
1.102000e+03 8.600110e-10
1.103000e+03 8.907480e-10
1.104000e+03 8.246567e-10
1.105000e+03 7.183294e-10
1.106000e+03 1.011222e-09
1.107000e+03 5.782196e-10
1.108000e+03 7.141112e-10
1.109000e+03 9.124771e-10
1.110000e+03 1.063324e-09
1.111000e+03 1.022141e-09
1.112000e+03 8.813989e-10
1.113000e+03 6.558901e-10
1.114000e+03 8.295385e-10
1.115000e+03 9.482414e-10
1.116000e+03 7.581109e-10
1.117000e+03 4.916380e-10
1.118000e+03 7.943201e-10
1.119000e+03 5.647382e-10
1.120000e+03 9.442531e-10
1.121000e+03 9.647759e-10
1.122000e+03 6.422385e-10
1.123000e+03 7.476495e-10
1.124000e+03 8.313555e-10
1.125000e+03 6.542553e-10
1.126000e+03 6.528185e-10
1.127000e+03 7.711745e-10
1.128000e+03 1.051006e-09
1.129000e+03 8.217441e-10
1.130000e+03 7.588075e-10
1.131000e+03 5.660042e-10
1.132000e+03 7.829043e-10
1.133000e+03 8.481022e-10
1.134000e+03 6.138233e-10
1.135000e+03 7.141258e-10
1.136000e+03 7.748323e-10
1.137000e+03 6.894246e-10
1.138000e+03 9.789132e-10
1.139000e+03 8.781844e-10
1.140000e+03 6.676861e-10
1.141000e+03 7.235427e-10
1.142000e+03 8.385117e-10
1.143000e+03 5.828188e-10
1.144000e+03 4.732174e-10
1.145000e+03 9.142716e-10
1.146000e+03 7.604248e-10
1.147000e+03 6.741483e-10
1.148000e+03 9.872556e-10
1.149000e+03 6.444715e-10
1.150000e+03 6.755383e-10
1.151000e+03 7.916570e-10
1.152000e+03 5.252178e-10
1.153000e+03 6.686796e-10
1.154000e+03 6.953051e-10
1.155000e+03 5.214464e-10
1.156000e+03 6.914014e-10
1.157000e+03 7.973454e-10
1.158000e+03 7.275309e-10
1.159000e+03 7.158671e-10
1.160000e+03 7.204978e-10
1.161000e+03 5.201241e-10
1.162000e+03 4.722375e-10
1.163000e+03 7.401413e-10
1.164000e+03 5.956144e-10
1.165000e+03 6.265711e-10
1.166000e+03 6.241228e-10
1.167000e+03 5.276601e-10
1.168000e+03 8.298826e-10
1.169000e+03 8.111946e-10
1.170000e+03 5.455001e-10
1.171000e+03 5.003900e-10
1.172000e+03 6.578883e-10
1.173000e+03 5.486111e-10
1.174000e+03 7.039992e-10
1.175000e+03 7.029309e-10
1.176000e+03 5.692764e-10
1.177000e+03 5.662972e-10
1.178000e+03 7.077155e-10
1.179000e+03 4.819796e-10
1.180000e+03 5.851528e-10
1.181000e+03 8.477117e-10
1.182000e+03 8.428864e-10
1.183000e+03 9.757242e-10
1.184000e+03 7.879697e-10
1.185000e+03 6.489299e-10
1.186000e+03 7.988684e-10
1.187000e+03 8.020135e-10
1.188000e+03 8.148028e-10
1.189000e+03 5.071459e-10
1.190000e+03 6.696382e-10
1.191000e+03 4.898601e-10
1.192000e+03 6.581008e-10
1.193000e+03 8.246622e-10
1.194000e+03 5.037666e-10
1.195000e+03 7.887672e-10
1.196000e+03 8.751627e-10
1.197000e+03 6.328323e-10
1.198000e+03 5.340691e-10
1.199000e+03 7.147531e-10
1.200000e+03 1.221812e-09
1.201000e+03 9.459987e-10
1.202000e+03 5.777962e-10
1.203000e+03 4.760903e-10
1.204000e+03 5.592871e-10
1.205000e+03 9.654565e-10
1.206000e+03 7.005125e-10
1.207000e+03 4.993316e-10
1.208000e+03 6.675511e-10
1.209000e+03 7.558410e-10
1.210000e+03 8.005337e-10
1.211000e+03 8.035275e-10
1.212000e+03 5.902129e-10
1.213000e+03 5.997898e-10
1.214000e+03 6.613030e-10
1.215000e+03 4.290327e-10
1.216000e+03 6.172706e-10
1.217000e+03 9.692412e-10
1.218000e+03 7.865229e-10
1.219000e+03 9.090047e-10
1.220000e+03 9.677785e-10
1.221000e+03 5.456461e-10
1.222000e+03 6.079987e-10
1.223000e+03 6.911314e-10
1.224000e+03 4.937571e-10
1.225000e+03 4.932834e-10
1.226000e+03 7.614992e-10
1.227000e+03 4.240990e-10
1.228000e+03 6.957034e-10
1.229000e+03 6.956978e-10
1.230000e+03 5.800832e-10
1.231000e+03 7.669655e-10
1.232000e+03 7.664625e-10
1.233000e+03 6.041815e-10
1.234000e+03 3.524339e-10
1.235000e+03 8.803882e-10
1.236000e+03 5.305162e-10
1.237000e+03 5.125960e-10
1.238000e+03 5.309798e-10
1.239000e+03 4.728132e-10
1.240000e+03 6.403915e-10
1.241000e+03 8.355644e-10
1.242000e+03 4.953644e-10
1.243000e+03 4.503359e-10
1.244000e+03 5.965657e-10
1.245000e+03 5.842375e-10
1.246000e+03 6.173889e-10
1.247000e+03 7.279899e-10
1.248000e+03 6.552749e-10
1.249000e+03 5.990524e-10
1.250000e+03 7.844901e-10
1.251000e+03 3.964835e-10
1.252000e+03 4.357931e-10
1.253000e+03 7.198495e-10
1.254000e+03 8.754291e-10
1.255000e+03 8.436348e-10
1.256000e+03 8.064057e-10
1.257000e+03 6.572754e-10
1.258000e+03 7.497303e-10
1.259000e+03 7.573983e-10
1.260000e+03 5.880159e-10
1.261000e+03 4.230816e-10
1.262000e+03 6.456373e-10
1.263000e+03 6.912647e-10
1.264000e+03 9.759807e-10
1.265000e+03 8.297119e-10
1.266000e+03 5.265164e-10
1.267000e+03 6.930678e-10
1.268000e+03 8.380105e-10
1.269000e+03 5.576858e-10
1.270000e+03 5.200720e-10
1.271000e+03 6.703315e-10
1.272000e+03 7.931427e-10
1.273000e+03 9.054799e-10
1.274000e+03 5.893638e-10
1.275000e+03 4.812583e-10
1.276000e+03 6.646660e-10
1.277000e+03 1.006011e-09
1.278000e+03 7.520241e-10
1.279000e+03 4.247139e-10
1.280000e+03 6.213202e-10
1.281000e+03 7.070993e-10
1.282000e+03 8.137908e-10
1.283000e+03 8.401895e-10
1.284000e+03 5.452381e-10
1.285000e+03 5.669904e-10
1.286000e+03 7.216794e-10
1.287000e+03 4.188044e-10
1.288000e+03 4.988726e-10
1.289000e+03 8.675170e-10
1.290000e+03 7.199729e-10
1.291000e+03 7.718214e-10
1.292000e+03 9.088365e-10
1.293000e+03 4.527184e-10
1.294000e+03 5.598254e-10
1.295000e+03 6.668543e-10
1.296000e+03 6.776829e-10
1.297000e+03 5.929812e-10
1.298000e+03 6.433873e-10
1.299000e+03 5.007757e-10
1.300000e+03 6.284482e-10
1.301000e+03 7.706245e-10
1.302000e+03 5.455086e-10
1.303000e+03 6.806980e-10
1.304000e+03 6.496701e-10
1.305000e+03 4.956852e-10
1.306000e+03 4.950975e-10
1.307000e+03 9.059782e-10
1.308000e+03 7.313105e-10
1.309000e+03 5.956695e-10
1.310000e+03 5.906673e-10
1.311000e+03 5.618505e-10
1.312000e+03 6.739786e-10
1.313000e+03 7.982215e-10
1.314000e+03 5.343737e-10
1.315000e+03 4.485326e-10
1.316000e+03 5.534107e-10
1.317000e+03 5.528585e-10
1.318000e+03 8.181946e-10
1.319000e+03 7.100041e-10
1.320000e+03 5.083960e-10
1.321000e+03 5.027472e-10
1.322000e+03 8.571163e-10
1.323000e+03 5.891808e-10
1.324000e+03 4.517373e-10
1.325000e+03 6.979679e-10
1.326000e+03 8.415397e-10
1.327000e+03 8.801294e-10
1.328000e+03 1.012126e-09
1.329000e+03 4.292283e-10
1.330000e+03 6.873184e-10
1.331000e+03 8.007075e-10
1.332000e+03 6.324039e-10
1.333000e+03 5.687848e-10
1.334000e+03 6.657472e-10
1.335000e+03 5.394140e-10
1.336000e+03 6.576227e-10
1.337000e+03 7.725672e-10
1.338000e+03 6.095287e-10
1.339000e+03 6.903144e-10
1.340000e+03 8.475280e-10
1.341000e+03 6.880625e-10
1.342000e+03 6.021700e-10
1.343000e+03 6.995456e-10
1.344000e+03 1.020530e-09
1.345000e+03 8.124612e-10
1.346000e+03 6.162736e-10
1.347000e+03 3.935088e-10
1.348000e+03 6.035082e-10
1.349000e+03 9.198747e-10
1.350000e+03 6.334108e-10
1.351000e+03 5.452839e-10
1.352000e+03 6.342925e-10
1.353000e+03 9.138200e-10
1.354000e+03 9.614537e-10
1.355000e+03 8.252177e-10
1.356000e+03 5.639242e-10
1.357000e+03 6.280705e-10
1.358000e+03 6.501848e-10
1.359000e+03 4.361810e-10
1.360000e+03 4.197221e-10
1.361000e+03 8.492455e-10
1.362000e+03 6.935772e-10
1.363000e+03 1.037463e-09
1.364000e+03 9.744065e-10
1.365000e+03 5.782009e-10
1.366000e+03 6.162348e-10
1.367000e+03 7.149070e-10
1.368000e+03 6.082662e-10
1.369000e+03 4.853557e-10
1.370000e+03 7.318663e-10
1.371000e+03 4.067459e-10
1.372000e+03 6.465080e-10
1.373000e+03 6.901213e-10
1.374000e+03 5.669352e-10
1.375000e+03 6.982113e-10
1.376000e+03 6.832812e-10
1.377000e+03 4.762744e-10
1.378000e+03 4.092117e-10
1.379000e+03 7.918693e-10
1.380000e+03 5.445396e-10
1.381000e+03 4.987394e-10
1.382000e+03 5.331086e-10
1.383000e+03 3.237195e-10
1.384000e+03 5.800974e-10
1.385000e+03 8.058700e-10
1.386000e+03 4.912221e-10
1.387000e+03 4.066278e-10
1.388000e+03 6.818243e-10
1.389000e+03 5.196712e-10
1.390000e+03 6.328337e-10
1.391000e+03 6.921904e-10
1.392000e+03 6.120345e-10
1.393000e+03 6.162478e-10
1.394000e+03 7.023599e-10
1.395000e+03 4.584837e-10
1.396000e+03 4.983232e-10
1.397000e+03 7.509383e-10
1.398000e+03 9.928176e-10
1.399000e+03 8.879420e-10
1.400000e+03 7.546317e-10
1.401000e+03 7.025802e-10
1.402000e+03 7.154575e-10
1.403000e+03 7.171479e-10
1.404000e+03 6.061032e-10
1.405000e+03 4.127578e-10
1.406000e+03 7.132003e-10
1.407000e+03 4.899839e-10
1.408000e+03 8.113811e-10
1.409000e+03 7.784757e-10
1.410000e+03 6.109986e-10
1.411000e+03 5.992273e-10
1.412000e+03 8.057097e-10
1.413000e+03 4.696704e-10
1.414000e+03 4.769323e-10
1.415000e+03 6.634520e-10
1.416000e+03 8.844493e-10
1.417000e+03 8.076558e-10
1.418000e+03 5.721303e-10
1.419000e+03 3.976959e-10
1.420000e+03 6.520167e-10
1.421000e+03 9.475629e-10
1.422000e+03 6.183796e-10
1.423000e+03 4.698795e-10
1.424000e+03 7.210754e-10
1.425000e+03 8.040287e-10
1.426000e+03 8.520255e-10
1.427000e+03 8.158516e-10
1.428000e+03 6.908152e-10
1.429000e+03 6.247483e-10
1.430000e+03 6.944475e-10
1.431000e+03 3.765059e-10
1.432000e+03 6.265338e-10
1.433000e+03 8.610469e-10
1.434000e+03 6.897685e-10
1.435000e+03 7.457445e-10
1.436000e+03 8.557097e-10
1.437000e+03 6.150336e-10
1.438000e+03 6.191813e-10
1.439000e+03 6.733550e-10
1.440000e+03 4.603176e-10
1.441000e+03 4.334035e-10
1.442000e+03 7.646911e-10
1.443000e+03 5.675825e-10
1.444000e+03 6.279808e-10
1.445000e+03 7.200966e-10
1.446000e+03 5.409800e-10
1.447000e+03 6.536303e-10
1.448000e+03 7.797964e-10
1.449000e+03 4.451581e-10
1.450000e+03 3.851797e-10
1.451000e+03 8.561537e-10
1.452000e+03 5.411141e-10
1.453000e+03 7.280110e-10
1.454000e+03 5.406058e-10
1.455000e+03 5.491971e-10
1.456000e+03 6.901785e-10
1.457000e+03 7.700303e-10
1.458000e+03 7.154096e-10
1.459000e+03 5.258634e-10
1.460000e+03 5.601542e-10
1.461000e+03 6.018879e-10
1.462000e+03 6.114135e-10
1.463000e+03 6.881675e-10
1.464000e+03 5.500007e-10
1.465000e+03 5.531886e-10
1.466000e+03 9.665992e-10
1.467000e+03 3.840478e-10
1.468000e+03 5.060193e-10
1.469000e+03 6.918693e-10
1.470000e+03 8.383213e-10
1.471000e+03 8.211027e-10
1.472000e+03 7.159355e-10
1.473000e+03 4.959660e-10
1.474000e+03 7.128043e-10
1.475000e+03 7.549493e-10
1.476000e+03 6.060779e-10
1.477000e+03 3.904875e-10
1.478000e+03 6.412346e-10
1.479000e+03 6.393731e-10
1.480000e+03 6.661412e-10
1.481000e+03 7.953241e-10
1.482000e+03 5.404244e-10
1.483000e+03 6.330073e-10
1.484000e+03 7.928744e-10
1.485000e+03 5.825207e-10
1.486000e+03 5.911319e-10
1.487000e+03 7.456378e-10
1.488000e+03 1.371742e-09
1.489000e+03 1.054373e-09
1.490000e+03 5.771306e-10
1.491000e+03 3.818206e-10
1.492000e+03 7.056190e-10
1.493000e+03 8.524158e-10
1.494000e+03 6.097740e-10
1.495000e+03 4.381366e-10
1.496000e+03 5.727516e-10
1.497000e+03 6.885885e-10
1.498000e+03 9.400163e-10
1.499000e+03 8.101189e-10
1.500000e+03 5.720878e-10
