Title ="THE FLUX ERR"
Variables=
iter
residual
1.000000e+00 1.412931e-04
2.000000e+00 3.131823e-04
3.000000e+00 1.637523e-04
4.000000e+00 9.784072e-04
5.000000e+00 1.036317e-03
6.000000e+00 7.130533e-04
7.000000e+00 1.043038e-04
8.000000e+00 3.944614e-05
9.000000e+00 1.482496e-04
1.000000e+01 4.339611e-05
1.100000e+01 2.362678e-04
1.200000e+01 3.903800e-05
1.300000e+01 2.085127e-04
1.400000e+01 3.440338e-05
1.500000e+01 2.542913e-05
1.600000e+01 1.334347e-04
1.700000e+01 6.556422e-05
1.800000e+01 4.365242e-05
1.900000e+01 1.809260e-04
2.000000e+01 2.285018e-05
2.100000e+01 1.600635e-05
2.200000e+01 1.534103e-05
2.300000e+01 1.111239e-05
2.400000e+01 1.349311e-05
2.500000e+01 1.168737e-05
2.600000e+01 9.959009e-06
2.700000e+01 1.542183e-05
2.800000e+01 1.013651e-05
2.900000e+01 9.629129e-06
3.000000e+01 1.228682e-05
3.100000e+01 1.136736e-05
3.200000e+01 1.725834e-05
3.300000e+01 1.294434e-05
3.400000e+01 1.131857e-05
3.500000e+01 2.053316e-06
3.600000e+01 1.955116e-06
3.700000e+01 3.506256e-06
3.800000e+01 3.000797e-06
3.900000e+01 2.073282e-06
4.000000e+01 1.906727e-06
4.100000e+01 3.377393e-06
4.200000e+01 1.234672e-05
4.300000e+01 2.480205e-06
4.400000e+01 1.762315e-06
4.500000e+01 3.673920e-06
4.600000e+01 4.067023e-06
4.700000e+01 5.450233e-06
4.800000e+01 1.746481e-05
4.900000e+01 2.604918e-06
5.000000e+01 1.177692e-05
5.100000e+01 2.678436e-06
5.200000e+01 1.458529e-05
5.300000e+01 1.620876e-05
5.400000e+01 9.831940e-06
5.500000e+01 3.673707e-06
5.600000e+01 1.673538e-05
5.700000e+01 1.159850e-05
5.800000e+01 1.450920e-05
5.900000e+01 1.328246e-05
6.000000e+01 9.245732e-06
6.100000e+01 1.955808e-05
6.200000e+01 1.705696e-05
6.300000e+01 7.737451e-06
6.400000e+01 2.015032e-05
6.500000e+01 1.696457e-05
6.600000e+01 1.197865e-05
6.700000e+01 1.657052e-05
6.800000e+01 1.149966e-05
6.900000e+01 1.216976e-05
7.000000e+01 9.824403e-06
7.100000e+01 1.621983e-05
7.200000e+01 1.253426e-05
7.300000e+01 1.081454e-05
7.400000e+01 1.406729e-05
7.500000e+01 1.345227e-05
7.600000e+01 8.727605e-06
7.700000e+01 1.092235e-05
7.800000e+01 6.260046e-06
7.900000e+01 1.750671e-05
8.000000e+01 1.362239e-05
8.100000e+01 1.343865e-05
8.200000e+01 9.304893e-06
8.300000e+01 1.155589e-05
8.400000e+01 9.207189e-06
8.500000e+01 1.425921e-05
8.600000e+01 1.074463e-05
8.700000e+01 8.372077e-06
8.800000e+01 9.294964e-06
8.900000e+01 1.073154e-05
9.000000e+01 1.009730e-05
9.100000e+01 1.006113e-05
9.200000e+01 1.151445e-05
9.300000e+01 1.080593e-05
9.400000e+01 6.769937e-06
9.500000e+01 7.404229e-06
9.600000e+01 1.118983e-05
9.700000e+01 8.116931e-06
9.800000e+01 2.432176e-05
9.900000e+01 5.390609e-06
1.000000e+02 1.248643e-05
1.010000e+02 1.435081e-05
1.020000e+02 7.817892e-06
1.030000e+02 8.040423e-06
1.040000e+02 8.032481e-06
1.050000e+02 4.324352e-05
1.060000e+02 5.579346e-05
1.070000e+02 4.702333e-05
1.080000e+02 4.984665e-05
1.090000e+02 5.316665e-05
1.100000e+02 5.423806e-05
1.110000e+02 5.581276e-05
1.120000e+02 5.962178e-05
1.130000e+02 6.829338e-05
1.140000e+02 5.961502e-05
1.150000e+02 6.424470e-05
1.160000e+02 5.190938e-05
1.170000e+02 5.903376e-05
1.180000e+02 6.029632e-05
1.190000e+02 6.166373e-05
1.200000e+02 6.800470e-05
1.210000e+02 6.750195e-05
1.220000e+02 6.648367e-05
1.230000e+02 6.403430e-05
1.240000e+02 7.180898e-05
1.250000e+02 7.941573e-05
1.260000e+02 8.328483e-05
1.270000e+02 8.460411e-05
1.280000e+02 7.678878e-05
1.290000e+02 8.478484e-05
1.300000e+02 6.988559e-05
1.310000e+02 8.569062e-05
1.320000e+02 8.668284e-05
1.330000e+02 8.171975e-05
1.340000e+02 7.903389e-05
1.350000e+02 8.425833e-05
1.360000e+02 7.770330e-05
1.370000e+02 8.444257e-05
1.380000e+02 7.452494e-05
1.390000e+02 9.454701e-05
1.400000e+02 8.087379e-05
1.410000e+02 8.406900e-05
1.420000e+02 9.117289e-05
1.430000e+02 8.194258e-05
1.440000e+02 8.179465e-05
1.450000e+02 7.257522e-05
1.460000e+02 6.863164e-05
1.470000e+02 6.500231e-05
1.480000e+02 6.031592e-05
1.490000e+02 6.429391e-05
1.500000e+02 6.006569e-05
1.510000e+02 5.393299e-05
1.520000e+02 7.316237e-05
1.530000e+02 5.280788e-05
1.540000e+02 4.785505e-05
1.550000e+02 4.322292e-05
1.560000e+02 3.942782e-05
1.570000e+02 4.134098e-05
1.580000e+02 4.918062e-05
1.590000e+02 5.067495e-05
1.600000e+02 4.309495e-05
1.610000e+02 4.990810e-05
1.620000e+02 4.821493e-05
1.630000e+02 5.507538e-05
1.640000e+02 6.748058e-05
1.650000e+02 6.733640e-05
1.660000e+02 6.128732e-05
1.670000e+02 6.475580e-05
1.680000e+02 6.816213e-05
1.690000e+02 6.540420e-05
1.700000e+02 7.568269e-05
1.710000e+02 8.624555e-05
1.720000e+02 8.178180e-05
1.730000e+02 9.220976e-05
1.740000e+02 1.096245e-04
1.750000e+02 1.103856e-04
1.760000e+02 1.015996e-04
1.770000e+02 8.135486e-06
1.780000e+02 9.307824e-05
1.790000e+02 1.154685e-05
1.800000e+02 6.912173e-05
1.810000e+02 9.007351e-05
1.820000e+02 1.122885e-05
1.830000e+02 9.189823e-06
1.840000e+02 8.536423e-05
1.850000e+02 9.221854e-06
1.860000e+02 9.668240e-06
1.870000e+02 1.260996e-05
1.880000e+02 9.777210e-06
1.890000e+02 1.348188e-05
1.900000e+02 7.020654e-05
1.910000e+02 1.650022e-05
1.920000e+02 1.341703e-05
1.930000e+02 1.229343e-05
1.940000e+02 1.065600e-05
1.950000e+02 1.363307e-05
1.960000e+02 1.267261e-05
1.970000e+02 6.488609e-05
1.980000e+02 1.397743e-05
1.990000e+02 1.037572e-05
2.000000e+02 6.537122e-05
2.010000e+02 1.524433e-05
2.020000e+02 5.953779e-05
2.030000e+02 1.298687e-05
2.040000e+02 1.220593e-05
2.050000e+02 1.247762e-05
2.060000e+02 7.069115e-05
2.070000e+02 6.344925e-05
2.080000e+02 6.195318e-05
2.090000e+02 4.748041e-05
2.100000e+02 4.899534e-05
2.110000e+02 3.479221e-05
2.120000e+02 3.258030e-05
2.130000e+02 2.751168e-05
2.140000e+02 2.286475e-05
2.150000e+02 2.516023e-05
2.160000e+02 2.699161e-05
2.170000e+02 2.763087e-05
2.180000e+02 3.312416e-05
2.190000e+02 4.695086e-05
2.200000e+02 5.682000e-05
2.210000e+02 5.889698e-05
2.220000e+02 6.903845e-05
2.230000e+02 7.392382e-05
2.240000e+02 5.154768e-05
2.250000e+02 7.644121e-05
2.260000e+02 8.115851e-06
2.270000e+02 9.418332e-05
2.280000e+02 8.638234e-05
2.290000e+02 7.940796e-05
2.300000e+02 9.155381e-05
2.310000e+02 1.145562e-05
2.320000e+02 7.832339e-05
2.330000e+02 8.292715e-05
2.340000e+02 1.121799e-05
2.350000e+02 8.234307e-06
2.360000e+02 1.098317e-05
2.370000e+02 1.100115e-05
2.380000e+02 1.087453e-05
2.390000e+02 8.934294e-06
2.400000e+02 9.322820e-06
2.410000e+02 8.328255e-06
2.420000e+02 1.146142e-05
2.430000e+02 1.215218e-05
2.440000e+02 1.165656e-05
2.450000e+02 8.389725e-06
2.460000e+02 1.478533e-05
2.470000e+02 1.575234e-05
2.480000e+02 1.298033e-05
2.490000e+02 1.629186e-05
2.500000e+02 1.687559e-05
2.510000e+02 1.664145e-05
2.520000e+02 1.273565e-05
2.530000e+02 1.122211e-05
2.540000e+02 7.512782e-06
2.550000e+02 1.116712e-05
2.560000e+02 1.125719e-05
2.570000e+02 1.556355e-05
2.580000e+02 1.530382e-05
2.590000e+02 1.183816e-05
2.600000e+02 1.201677e-05
2.610000e+02 1.058556e-05
2.620000e+02 1.302127e-05
2.630000e+02 1.025840e-05
2.640000e+02 1.031606e-05
2.650000e+02 8.307288e-06
2.660000e+02 2.872269e-05
2.670000e+02 3.091891e-05
2.680000e+02 2.778836e-05
2.690000e+02 2.689600e-05
2.700000e+02 2.585938e-05
2.710000e+02 2.711732e-05
2.720000e+02 2.283189e-05
2.730000e+02 2.262402e-05
2.740000e+02 2.005973e-05
2.750000e+02 3.941374e-06
2.760000e+02 1.924880e-05
2.770000e+02 2.090413e-05
2.780000e+02 1.852329e-05
2.790000e+02 1.540018e-05
2.800000e+02 1.821594e-05
2.810000e+02 1.816427e-05
2.820000e+02 1.265426e-05
2.830000e+02 1.615250e-05
2.840000e+02 1.357760e-05
2.850000e+02 1.312512e-05
2.860000e+02 1.291121e-05
2.870000e+02 1.284309e-05
2.880000e+02 1.079822e-05
2.890000e+02 9.766646e-06
2.900000e+02 9.680183e-06
2.910000e+02 9.059047e-06
2.920000e+02 9.146740e-06
2.930000e+02 8.383803e-06
2.940000e+02 8.284738e-06
2.950000e+02 9.293839e-06
2.960000e+02 9.264678e-06
2.970000e+02 9.886307e-06
2.980000e+02 1.116285e-05
2.990000e+02 1.100362e-05
3.000000e+02 1.142740e-05
3.010000e+02 1.048400e-05
3.020000e+02 1.195513e-05
3.030000e+02 1.419635e-05
3.040000e+02 1.157952e-05
3.050000e+02 1.468714e-05
3.060000e+02 1.591086e-05
3.070000e+02 1.263487e-05
3.080000e+02 1.608769e-05
3.090000e+02 1.761378e-05
3.100000e+02 1.718873e-05
3.110000e+02 2.068448e-05
3.120000e+02 2.052808e-05
3.130000e+02 1.813497e-05
3.140000e+02 2.335518e-05
3.150000e+02 2.143892e-05
3.160000e+02 2.117455e-05
3.170000e+02 2.107673e-05
3.180000e+02 1.891890e-05
3.190000e+02 2.195348e-05
3.200000e+02 2.522233e-05
3.210000e+02 2.777731e-05
3.220000e+02 2.369207e-05
3.230000e+02 2.143684e-05
3.240000e+02 1.672181e-05
3.250000e+02 2.260754e-05
3.260000e+02 2.509784e-05
3.270000e+02 2.602243e-05
3.280000e+02 2.659248e-05
3.290000e+02 2.676377e-05
3.300000e+02 2.577426e-05
3.310000e+02 2.246427e-05
3.320000e+02 2.595284e-05
3.330000e+02 2.495576e-05
3.340000e+02 3.082654e-05
3.350000e+02 2.563897e-05
3.360000e+02 2.684985e-05
3.370000e+02 3.024034e-05
3.380000e+02 2.861743e-05
3.390000e+02 3.659483e-05
3.400000e+02 5.989614e-06
3.410000e+02 2.903295e-05
3.420000e+02 3.474433e-05
3.430000e+02 3.222712e-05
3.440000e+02 2.889891e-05
3.450000e+02 2.504997e-05
3.460000e+02 2.491763e-05
3.470000e+02 2.997537e-05
3.480000e+02 2.611198e-05
3.490000e+02 2.860904e-05
3.500000e+02 2.723597e-05
3.510000e+02 2.642998e-05
3.520000e+02 3.010558e-05
3.530000e+02 2.251495e-05
3.540000e+02 2.287249e-05
3.550000e+02 2.080642e-05
3.560000e+02 2.170879e-05
3.570000e+02 1.746056e-05
3.580000e+02 2.528022e-05
3.590000e+02 2.560222e-05
3.600000e+02 2.278240e-05
3.610000e+02 2.031051e-05
3.620000e+02 1.479729e-05
3.630000e+02 1.313481e-05
3.640000e+02 1.820170e-05
3.650000e+02 1.638789e-05
3.660000e+02 1.599601e-05
3.670000e+02 1.779203e-05
3.680000e+02 1.864676e-05
3.690000e+02 1.823108e-05
3.700000e+02 1.845788e-05
3.710000e+02 1.153143e-05
3.720000e+02 9.778187e-06
3.730000e+02 1.028915e-05
3.740000e+02 1.021410e-05
3.750000e+02 1.074473e-05
3.760000e+02 1.221006e-05
3.770000e+02 1.280472e-05
3.780000e+02 1.057822e-05
3.790000e+02 1.101317e-05
3.800000e+02 1.224266e-05
3.810000e+02 1.231633e-05
3.820000e+02 1.080385e-05
3.830000e+02 9.178005e-06
3.840000e+02 9.338991e-06
3.850000e+02 8.544316e-06
3.860000e+02 7.684410e-06
3.870000e+02 7.568374e-06
3.880000e+02 7.684187e-06
3.890000e+02 7.519147e-06
3.900000e+02 7.288361e-06
3.910000e+02 5.730390e-06
3.920000e+02 4.425393e-06
3.930000e+02 4.389720e-06
3.940000e+02 4.393844e-06
3.950000e+02 4.623759e-06
3.960000e+02 4.380839e-06
3.970000e+02 4.535289e-06
3.980000e+02 4.044860e-06
3.990000e+02 3.803596e-06
4.000000e+02 3.481904e-06
4.010000e+02 3.381695e-06
4.020000e+02 3.696632e-06
4.030000e+02 4.036410e-06
4.040000e+02 3.739967e-06
4.050000e+02 3.737428e-06
4.060000e+02 3.934701e-06
4.070000e+02 3.966809e-06
4.080000e+02 3.441380e-06
4.090000e+02 3.998247e-06
4.100000e+02 4.417965e-06
4.110000e+02 3.717643e-06
4.120000e+02 3.955689e-06
4.130000e+02 3.839969e-06
4.140000e+02 3.913120e-06
4.150000e+02 4.491431e-06
4.160000e+02 5.092591e-06
4.170000e+02 5.617169e-06
4.180000e+02 6.027389e-06
4.190000e+02 6.023192e-06
4.200000e+02 5.888175e-06
4.210000e+02 6.675133e-06
4.220000e+02 5.553199e-06
4.230000e+02 5.325033e-06
4.240000e+02 5.729689e-06
4.250000e+02 5.501992e-06
4.260000e+02 5.545049e-06
4.270000e+02 5.174026e-06
4.280000e+02 5.463536e-06
4.290000e+02 5.336487e-06
4.300000e+02 5.145556e-06
4.310000e+02 5.938184e-06
4.320000e+02 5.700443e-06
4.330000e+02 6.319008e-06
4.340000e+02 5.943649e-06
4.350000e+02 6.031791e-06
4.360000e+02 6.865232e-06
4.370000e+02 6.916143e-06
4.380000e+02 6.752401e-06
4.390000e+02 7.008710e-06
4.400000e+02 6.439161e-06
4.410000e+02 5.898564e-06
4.420000e+02 5.711533e-06
4.430000e+02 5.149937e-06
4.440000e+02 6.072347e-06
4.450000e+02 4.317106e-06
4.460000e+02 4.787556e-06
4.470000e+02 4.957200e-06
4.480000e+02 5.071797e-06
4.490000e+02 5.012106e-06
4.500000e+02 3.997513e-06
4.510000e+02 4.368000e-06
4.520000e+02 5.805159e-06
4.530000e+02 6.016018e-06
4.540000e+02 5.249695e-06
4.550000e+02 4.054085e-06
4.560000e+02 5.644659e-06
4.570000e+02 5.172523e-06
4.580000e+02 5.449122e-06
4.590000e+02 4.888273e-06
4.600000e+02 4.700801e-06
4.610000e+02 4.691650e-06
4.620000e+02 4.839959e-06
4.630000e+02 4.787317e-06
4.640000e+02 4.576159e-06
4.650000e+02 4.451718e-06
4.660000e+02 5.914684e-06
4.670000e+02 5.788210e-06
4.680000e+02 5.372663e-06
4.690000e+02 5.601627e-06
4.700000e+02 5.777555e-06
4.710000e+02 4.885301e-06
4.720000e+02 5.395450e-06
4.730000e+02 5.160098e-06
4.740000e+02 4.605712e-06
4.750000e+02 5.163237e-06
4.760000e+02 5.010228e-06
4.770000e+02 4.279473e-06
4.780000e+02 3.440045e-06
4.790000e+02 3.444441e-06
4.800000e+02 3.451310e-06
4.810000e+02 4.120171e-06
4.820000e+02 3.566332e-06
4.830000e+02 3.506040e-06
4.840000e+02 3.418019e-06
4.850000e+02 3.937166e-06
4.860000e+02 3.369830e-06
4.870000e+02 3.460098e-06
4.880000e+02 3.265915e-06
4.890000e+02 2.375321e-06
4.900000e+02 2.829192e-06
4.910000e+02 3.349526e-06
4.920000e+02 2.889632e-06
4.930000e+02 2.368147e-06
4.940000e+02 2.768408e-06
4.950000e+02 2.779032e-06
4.960000e+02 5.573719e-06
4.970000e+02 2.303321e-06
4.980000e+02 2.238114e-06
4.990000e+02 7.382816e-07
5.000000e+02 2.003959e-06
5.010000e+02 1.921259e-06
5.020000e+02 4.514994e-06
5.030000e+02 1.869512e-06
5.040000e+02 1.765277e-06
5.050000e+02 4.019148e-06
5.060000e+02 1.863480e-06
5.070000e+02 3.654153e-06
5.080000e+02 2.117832e-06
5.090000e+02 1.911529e-06
5.100000e+02 3.488611e-06
5.110000e+02 2.264284e-06
5.120000e+02 3.575852e-06
5.130000e+02 2.259519e-06
5.140000e+02 3.334919e-06
5.150000e+02 2.708826e-06
5.160000e+02 3.729138e-06
5.170000e+02 2.656196e-06
5.180000e+02 3.095549e-06
5.190000e+02 2.328883e-06
5.200000e+02 2.794807e-06
5.210000e+02 2.342998e-06
5.220000e+02 2.752843e-06
5.230000e+02 2.356227e-06
5.240000e+02 2.484915e-06
5.250000e+02 2.402213e-06
5.260000e+02 2.705376e-06
5.270000e+02 2.232047e-06
5.280000e+02 2.124682e-06
5.290000e+02 1.897610e-06
5.300000e+02 1.762492e-06
5.310000e+02 2.218581e-06
5.320000e+02 1.898696e-06
5.330000e+02 2.008203e-06
5.340000e+02 1.662341e-06
5.350000e+02 1.730819e-06
5.360000e+02 2.010712e-06
5.370000e+02 1.917753e-06
5.380000e+02 1.902275e-06
5.390000e+02 2.083681e-06
5.400000e+02 1.750685e-06
5.410000e+02 1.813369e-06
5.420000e+02 1.517420e-06
5.430000e+02 2.218760e-06
5.440000e+02 1.763219e-06
5.450000e+02 1.757743e-06
5.460000e+02 2.283235e-06
5.470000e+02 1.617627e-06
5.480000e+02 1.928726e-06
5.490000e+02 1.888581e-06
5.500000e+02 2.260969e-06
5.510000e+02 1.636535e-06
5.520000e+02 2.054224e-06
5.530000e+02 2.039531e-06
5.540000e+02 2.514587e-06
5.550000e+02 1.410946e-06
5.560000e+02 1.863361e-06
5.570000e+02 1.793188e-06
5.580000e+02 3.018880e-06
5.590000e+02 1.511869e-06
5.600000e+02 1.945526e-06
5.610000e+02 2.030100e-06
5.620000e+02 1.897233e-06
5.630000e+02 2.785410e-06
5.640000e+02 1.434496e-06
5.650000e+02 1.869492e-06
5.660000e+02 1.924083e-06
5.670000e+02 1.814038e-06
5.680000e+02 3.027016e-06
5.690000e+02 1.227018e-06
5.700000e+02 1.557169e-06
5.710000e+02 1.473778e-06
5.720000e+02 1.409225e-06
5.730000e+02 2.249280e-06
5.740000e+02 1.113432e-06
5.750000e+02 1.323647e-06
5.760000e+02 1.132892e-06
5.770000e+02 9.963249e-07
5.780000e+02 9.114743e-07
5.790000e+02 4.117761e-07
5.800000e+02 1.223743e-06
5.810000e+02 1.269424e-06
5.820000e+02 1.174177e-06
5.830000e+02 1.001660e-06
5.840000e+02 9.579601e-07
5.850000e+02 4.436412e-07
5.860000e+02 1.152980e-06
5.870000e+02 1.079332e-06
5.880000e+02 1.492040e-07
5.890000e+02 6.609462e-07
5.900000e+02 6.596061e-07
5.910000e+02 6.012167e-07
5.920000e+02 4.048629e-07
5.930000e+02 1.073297e-06
5.940000e+02 8.707676e-07
5.950000e+02 7.606237e-07
5.960000e+02 6.709551e-07
5.970000e+02 6.068225e-07
5.980000e+02 5.445369e-07
5.990000e+02 3.768273e-07
6.000000e+02 9.307565e-07
6.010000e+02 7.928754e-07
6.020000e+02 7.066912e-07
6.030000e+02 6.273656e-07
6.040000e+02 6.220880e-07
6.050000e+02 5.676096e-07
6.060000e+02 5.501363e-07
6.070000e+02 8.658065e-07
6.080000e+02 6.652099e-07
6.090000e+02 6.494105e-07
6.100000e+02 5.768419e-07
6.110000e+02 5.151705e-07
6.120000e+02 4.592793e-07
6.130000e+02 4.176764e-07
6.140000e+02 6.623837e-07
6.150000e+02 6.320714e-07
6.160000e+02 5.491322e-07
6.170000e+02 4.691150e-07
6.180000e+02 4.147686e-07
6.190000e+02 3.771350e-07
6.200000e+02 3.480710e-07
6.210000e+02 4.794474e-07
6.220000e+02 6.198409e-07
6.230000e+02 5.641120e-07
6.240000e+02 4.744744e-07
6.250000e+02 4.107122e-07
6.260000e+02 3.570442e-07
6.270000e+02 3.255165e-07
6.280000e+02 3.014959e-07
6.290000e+02 4.170690e-07
6.300000e+02 4.536669e-07
6.310000e+02 3.940131e-07
6.320000e+02 3.625536e-07
6.330000e+02 3.263367e-07
6.340000e+02 2.958824e-07
6.350000e+02 2.741766e-07
6.360000e+02 3.056152e-07
6.370000e+02 5.270130e-07
6.380000e+02 4.489897e-07
6.390000e+02 3.625060e-07
6.400000e+02 3.131863e-07
6.410000e+02 2.884669e-07
6.420000e+02 2.661959e-07
6.430000e+02 2.497646e-07
6.440000e+02 3.556609e-07
6.450000e+02 5.108637e-07
6.460000e+02 4.221370e-07
6.470000e+02 3.471732e-07
6.480000e+02 3.033757e-07
6.490000e+02 2.747297e-07
6.500000e+02 2.534934e-07
6.510000e+02 2.995353e-07
6.520000e+02 5.270800e-07
6.530000e+02 4.285055e-07
6.540000e+02 3.541225e-07
6.550000e+02 3.063085e-07
6.560000e+02 2.748037e-07
6.570000e+02 2.536636e-07
6.580000e+02 2.243824e-07
6.590000e+02 5.201896e-07
6.600000e+02 4.328213e-07
6.610000e+02 3.725914e-07
6.620000e+02 3.326547e-07
6.630000e+02 2.988119e-07
6.640000e+02 2.462721e-07
6.650000e+02 3.164142e-07
6.660000e+02 5.231638e-07
6.670000e+02 4.311229e-07
6.680000e+02 3.437995e-07
6.690000e+02 3.122444e-07
6.700000e+02 2.730804e-07
6.710000e+02 3.272121e-07
6.720000e+02 5.154048e-07
6.730000e+02 4.033615e-07
6.740000e+02 3.178237e-07
6.750000e+02 2.747389e-07
6.760000e+02 2.466495e-07
6.770000e+02 2.264380e-07
6.780000e+02 2.198675e-07
6.790000e+02 4.158263e-07
6.800000e+02 3.441018e-07
6.810000e+02 3.634776e-07
6.820000e+02 2.625845e-07
6.830000e+02 2.348127e-07
6.840000e+02 5.478040e-07
6.850000e+02 5.299182e-07
6.860000e+02 4.232255e-07
6.870000e+02 4.046240e-07
6.880000e+02 3.610384e-07
6.890000e+02 2.235642e-07
6.900000e+02 2.070841e-07
6.910000e+02 3.383994e-07
6.920000e+02 4.845857e-07
6.930000e+02 4.051670e-07
6.940000e+02 3.338593e-07
6.950000e+02 2.873134e-07
6.960000e+02 2.958909e-07
6.970000e+02 3.769512e-07
6.980000e+02 4.669544e-07
6.990000e+02 4.188115e-07
7.000000e+02 3.497642e-07
7.010000e+02 3.062958e-07
7.020000e+02 2.735772e-07
7.030000e+02 2.903468e-07
7.040000e+02 6.476421e-08
7.050000e+02 3.933994e-07
7.060000e+02 3.329533e-07
7.070000e+02 2.913303e-07
7.080000e+02 2.602772e-07
7.090000e+02 2.891310e-07
7.100000e+02 6.049012e-08
7.110000e+02 3.721292e-07
7.120000e+02 3.268178e-07
7.130000e+02 2.868543e-07
7.140000e+02 1.857497e-07
7.150000e+02 6.173265e-08
7.160000e+02 3.993774e-08
7.170000e+02 3.823523e-07
7.180000e+02 3.523223e-07
7.190000e+02 2.215712e-07
7.200000e+02 7.205705e-08
7.210000e+02 4.297893e-08
7.220000e+02 2.857871e-08
7.230000e+02 3.693658e-07
7.240000e+02 2.429829e-07
7.250000e+02 4.903019e-08
7.260000e+02 4.057752e-07
7.270000e+02 3.594747e-07
7.280000e+02 1.188866e-07
7.290000e+02 4.393890e-08
7.300000e+02 4.387406e-08
7.310000e+02 3.178688e-08
7.320000e+02 3.542167e-07
7.330000e+02 1.209280e-07
7.340000e+02 6.485671e-08
7.350000e+02 5.017004e-08
7.360000e+02 3.532199e-08
7.370000e+02 1.380670e-07
7.380000e+02 6.940866e-08
7.390000e+02 4.581646e-08
7.400000e+02 3.314551e-08
7.410000e+02 1.475791e-07
7.420000e+02 6.418204e-08
7.430000e+02 4.354729e-08
7.440000e+02 3.124459e-08
7.450000e+02 1.490709e-07
7.460000e+02 6.576726e-08
7.470000e+02 4.604108e-08
7.480000e+02 1.640165e-07
7.490000e+02 6.763054e-08
7.500000e+02 4.279815e-08
7.510000e+02 4.178877e-07
7.520000e+02 1.342705e-07
7.530000e+02 4.678229e-08
7.540000e+02 3.463861e-08
7.550000e+02 3.911929e-07
7.560000e+02 1.470374e-07
7.570000e+02 4.322803e-08
7.580000e+02 4.439257e-07
7.590000e+02 3.960568e-07
7.600000e+02 1.633243e-07
7.610000e+02 4.467996e-08
7.620000e+02 4.454400e-07
7.630000e+02 3.706764e-07
7.640000e+02 1.185743e-07
7.650000e+02 4.974727e-07
7.660000e+02 4.241653e-07
7.670000e+02 3.625676e-07
7.680000e+02 1.350786e-07
7.690000e+02 5.351180e-08
7.700000e+02 3.650394e-08
7.710000e+02 4.096560e-07
7.720000e+02 1.275088e-07
7.730000e+02 4.174016e-08
7.740000e+02 2.969098e-08
7.750000e+02 4.053050e-07
7.760000e+02 3.665636e-07
7.770000e+02 1.440204e-07
7.780000e+02 5.082020e-08
7.790000e+02 3.403041e-07
7.800000e+02 3.032429e-07
7.810000e+02 1.318932e-07
7.820000e+02 4.255789e-07
7.830000e+02 3.632496e-07
7.840000e+02 3.077820e-07
7.850000e+02 1.309220e-07
7.860000e+02 4.101836e-07
7.870000e+02 3.569480e-07
7.880000e+02 3.057536e-07
7.890000e+02 2.651155e-07
7.900000e+02 1.537639e-07
7.910000e+02 4.191023e-07
7.920000e+02 3.627758e-07
7.930000e+02 3.098989e-07
7.940000e+02 2.703764e-07
7.950000e+02 1.600134e-07
7.960000e+02 3.626543e-07
7.970000e+02 3.362922e-07
7.980000e+02 2.930624e-07
7.990000e+02 1.253304e-07
8.000000e+02 3.989840e-07
8.010000e+02 3.559650e-07
8.020000e+02 3.049019e-07
8.030000e+02 2.643670e-07
8.040000e+02 1.244494e-07
8.050000e+02 3.412443e-07
8.060000e+02 2.985645e-07
8.070000e+02 2.628467e-07
8.080000e+02 2.250255e-07
8.090000e+02 9.343943e-08
8.100000e+02 3.468057e-07
8.110000e+02 2.948303e-07
8.120000e+02 2.496609e-07
8.130000e+02 2.208545e-07
8.140000e+02 1.903951e-07
8.150000e+02 9.493112e-08
8.160000e+02 3.172973e-07
8.170000e+02 2.772464e-07
8.180000e+02 2.866604e-07
8.190000e+02 2.429675e-07
8.200000e+02 1.527544e-07
8.210000e+02 4.511196e-08
8.220000e+02 3.245691e-07
8.230000e+02 2.953764e-07
8.240000e+02 2.711830e-07
8.250000e+02 1.665997e-07
8.260000e+02 7.952494e-08
8.270000e+02 2.905754e-07
8.280000e+02 3.228416e-07
8.290000e+02 2.827449e-07
8.300000e+02 2.470459e-07
8.310000e+02 2.046972e-07
8.320000e+02 3.787984e-07
8.330000e+02 3.408702e-07
8.340000e+02 2.942023e-07
8.350000e+02 2.561087e-07
8.360000e+02 2.244102e-07
8.370000e+02 2.499884e-07
8.380000e+02 3.487630e-07
8.390000e+02 3.181993e-07
8.400000e+02 2.751012e-07
8.410000e+02 2.388734e-07
8.420000e+02 2.094169e-07
8.430000e+02 2.472818e-07
8.440000e+02 3.783253e-07
8.450000e+02 7.694313e-08
8.460000e+02 2.190406e-07
8.470000e+02 1.923319e-07
8.480000e+02 1.662978e-07
8.490000e+02 1.458680e-07
8.500000e+02 1.301868e-07
8.510000e+02 9.372999e-08
8.520000e+02 2.557810e-07
8.530000e+02 2.541855e-07
8.540000e+02 2.187403e-07
8.550000e+02 1.876296e-07
8.560000e+02 1.645172e-07
8.570000e+02 1.356923e-07
8.580000e+02 1.496480e-07
8.590000e+02 2.667616e-07
8.600000e+02 2.292918e-07
8.610000e+02 1.939238e-07
8.620000e+02 1.672106e-07
8.630000e+02 1.462034e-07
8.640000e+02 1.291110e-07
8.650000e+02 1.433141e-07
8.660000e+02 2.629345e-07
8.670000e+02 2.265979e-07
8.680000e+02 1.951274e-07
8.690000e+02 1.682945e-07
8.700000e+02 1.469517e-07
8.710000e+02 1.269257e-07
8.720000e+02 1.134519e-07
8.730000e+02 1.428852e-07
8.740000e+02 2.510753e-07
8.750000e+02 2.168888e-07
8.760000e+02 1.694036e-07
8.770000e+02 1.444599e-07
8.780000e+02 1.254546e-07
8.790000e+02 1.107552e-07
8.800000e+02 9.209071e-08
8.810000e+02 8.608239e-08
8.820000e+02 8.632555e-08
8.830000e+02 2.161181e-07
8.840000e+02 1.805777e-07
8.850000e+02 1.513238e-07
8.860000e+02 1.292882e-07
8.870000e+02 1.125717e-07
8.880000e+02 9.976390e-08
8.890000e+02 8.994481e-08
8.900000e+02 8.167418e-08
8.910000e+02 8.429244e-08
8.920000e+02 2.046542e-07
8.930000e+02 1.714824e-07
8.940000e+02 1.437687e-07
8.950000e+02 1.231329e-07
8.960000e+02 1.086211e-07
8.970000e+02 9.579326e-08
8.980000e+02 8.578404e-08
8.990000e+02 7.826397e-08
9.000000e+02 7.161060e-08
9.010000e+02 8.339792e-08
9.020000e+02 1.960948e-07
9.030000e+02 1.792315e-07
9.040000e+02 1.509426e-07
9.050000e+02 1.219854e-07
9.060000e+02 1.056222e-07
9.070000e+02 9.429777e-08
9.080000e+02 8.477775e-08
9.090000e+02 7.894116e-08
9.100000e+02 7.310806e-08
9.110000e+02 9.285191e-08
9.120000e+02 1.918322e-07
9.130000e+02 1.657040e-07
9.140000e+02 1.388315e-07
9.150000e+02 1.188377e-07
9.160000e+02 1.031618e-07
9.170000e+02 9.387873e-08
9.180000e+02 8.447358e-08
9.190000e+02 7.916752e-08
9.200000e+02 7.323983e-08
9.210000e+02 6.847399e-08
9.220000e+02 6.562747e-08
9.230000e+02 1.258333e-07
9.240000e+02 1.914518e-07
9.250000e+02 1.606108e-07
9.260000e+02 1.366529e-07
9.270000e+02 1.172755e-07
9.280000e+02 1.027804e-07
9.290000e+02 9.183230e-08
9.300000e+02 8.260095e-08
9.310000e+02 7.602428e-08
9.320000e+02 7.021604e-08
9.330000e+02 6.610505e-08
9.340000e+02 6.233781e-08
9.350000e+02 1.210886e-07
9.360000e+02 1.831756e-07
9.370000e+02 1.580099e-07
9.380000e+02 1.318335e-07
9.390000e+02 1.128533e-07
9.400000e+02 9.884438e-08
9.410000e+02 9.136215e-08
9.420000e+02 8.143681e-08
9.430000e+02 7.357255e-08
9.440000e+02 6.756423e-08
9.450000e+02 6.270128e-08
9.460000e+02 5.808190e-08
9.470000e+02 5.491826e-08
9.480000e+02 5.241070e-08
9.490000e+02 5.601956e-08
9.500000e+02 1.967021e-07
9.510000e+02 2.162265e-08
9.520000e+02 1.338869e-08
9.530000e+02 1.534808e-07
9.540000e+02 1.363664e-07
9.550000e+02 1.191262e-07
9.560000e+02 1.048579e-07
9.570000e+02 9.255902e-08
9.580000e+02 8.271927e-08
9.590000e+02 7.512935e-08
9.600000e+02 6.851948e-08
9.610000e+02 6.311399e-08
9.620000e+02 4.654066e-08
9.630000e+02 4.485210e-08
9.640000e+02 4.427043e-08
9.650000e+02 4.274928e-08
9.660000e+02 9.782953e-08
9.670000e+02 1.562156e-07
9.680000e+02 1.352524e-07
9.690000e+02 1.122987e-07
9.700000e+02 9.495796e-08
9.710000e+02 8.244918e-08
9.720000e+02 7.186032e-08
9.730000e+02 6.415516e-08
9.740000e+02 5.654883e-08
9.750000e+02 5.195935e-08
9.760000e+02 4.801049e-08
9.770000e+02 4.455220e-08
9.780000e+02 4.204775e-08
9.790000e+02 4.068178e-08
9.800000e+02 3.906317e-08
9.810000e+02 3.708895e-08
9.820000e+02 3.640540e-08
9.830000e+02 3.599098e-08
9.840000e+02 9.497020e-08
9.850000e+02 1.754805e-07
9.860000e+02 1.477054e-07
9.870000e+02 1.441939e-07
9.880000e+02 1.235740e-07
9.890000e+02 1.061654e-07
9.900000e+02 9.129207e-08
9.910000e+02 6.891009e-08
9.920000e+02 7.159004e-08
9.930000e+02 6.577017e-08
9.940000e+02 5.917818e-08
9.950000e+02 5.463969e-08
9.960000e+02 4.996619e-08
9.970000e+02 3.763498e-08
9.980000e+02 3.559471e-08
9.990000e+02 3.398420e-08
1.000000e+03 3.302384e-08
1.001000e+03 3.255311e-08
1.002000e+03 3.251554e-08
1.003000e+03 3.094024e-08
1.004000e+03 3.074837e-08
1.005000e+03 9.023549e-08
1.006000e+03 1.486131e-07
1.007000e+03 1.295622e-07
1.008000e+03 1.065358e-07
1.009000e+03 8.875850e-08
1.010000e+03 7.559373e-08
1.011000e+03 6.483291e-08
1.012000e+03 5.696473e-08
1.013000e+03 5.013333e-08
1.014000e+03 4.594472e-08
1.015000e+03 4.303024e-08
1.016000e+03 4.028526e-08
1.017000e+03 4.184962e-08
1.018000e+03 3.629643e-08
1.019000e+03 3.439088e-08
1.020000e+03 3.140706e-08
1.021000e+03 2.876679e-08
1.022000e+03 2.791795e-08
1.023000e+03 2.725149e-08
1.024000e+03 2.637814e-08
1.025000e+03 2.594103e-08
1.026000e+03 2.556280e-08
1.027000e+03 2.761966e-08
1.028000e+03 2.671172e-08
1.029000e+03 2.639603e-08
1.030000e+03 2.588722e-08
1.031000e+03 1.213717e-07
1.032000e+03 2.607603e-08
1.033000e+03 2.216692e-08
1.034000e+03 1.142812e-07
1.035000e+03 1.004503e-07
1.036000e+03 8.561531e-08
1.037000e+03 7.067995e-08
1.038000e+03 6.042625e-08
1.039000e+03 5.305325e-08
1.040000e+03 4.569123e-08
1.041000e+03 4.170092e-08
1.042000e+03 3.781221e-08
1.043000e+03 3.455569e-08
1.044000e+03 3.217331e-08
1.045000e+03 2.988055e-08
1.046000e+03 2.838405e-08
1.047000e+03 2.665839e-08
1.048000e+03 2.588329e-08
1.049000e+03 2.528744e-08
1.050000e+03 2.486164e-08
1.051000e+03 2.352714e-08
1.052000e+03 2.325400e-08
1.053000e+03 2.292800e-08
1.054000e+03 2.248937e-08
1.055000e+03 2.199930e-08
1.056000e+03 2.197709e-08
1.057000e+03 2.256436e-08
1.058000e+03 2.151421e-08
1.059000e+03 2.134340e-08
1.060000e+03 2.115155e-08
1.061000e+03 2.159589e-08
1.062000e+03 2.086209e-08
1.063000e+03 2.041407e-08
1.064000e+03 2.051138e-08
1.065000e+03 1.141666e-07
1.066000e+03 2.260474e-08
1.067000e+03 1.845086e-08
1.068000e+03 1.509410e-08
1.069000e+03 8.237291e-08
1.070000e+03 7.351646e-08
1.071000e+03 6.197496e-08
1.072000e+03 5.115594e-08
1.073000e+03 4.032948e-08
1.074000e+03 3.608696e-08
1.075000e+03 3.196799e-08
1.076000e+03 2.918973e-08
1.077000e+03 2.666228e-08
1.078000e+03 2.481826e-08
1.079000e+03 2.353978e-08
1.080000e+03 2.187847e-08
1.081000e+03 2.068294e-08
1.082000e+03 2.002281e-08
1.083000e+03 1.968952e-08
1.084000e+03 1.911780e-08
1.085000e+03 1.847466e-08
1.086000e+03 1.892391e-08
1.087000e+03 1.889337e-08
1.088000e+03 1.802332e-08
1.089000e+03 1.786376e-08
1.090000e+03 1.760002e-08
1.091000e+03 1.829840e-08
1.092000e+03 1.777596e-08
1.093000e+03 1.740879e-08
1.094000e+03 1.713256e-08
1.095000e+03 1.718364e-08
1.096000e+03 1.674502e-08
1.097000e+03 1.655642e-08
1.098000e+03 1.658608e-08
1.099000e+03 1.679591e-08
1.100000e+03 1.636174e-08
1.101000e+03 1.618449e-08
1.102000e+03 1.653084e-08
1.103000e+03 1.580661e-08
1.104000e+03 1.617274e-08
1.105000e+03 1.601700e-08
1.106000e+03 1.606759e-08
1.107000e+03 1.556111e-08
1.108000e+03 1.550546e-08
1.109000e+03 1.647820e-08
1.110000e+03 1.573114e-08
1.111000e+03 1.565073e-08
1.112000e+03 1.066513e-07
1.113000e+03 2.926862e-08
1.114000e+03 1.765091e-08
1.115000e+03 1.431555e-08
1.116000e+03 1.177684e-08
1.117000e+03 6.330107e-08
1.118000e+03 5.526978e-08
1.119000e+03 4.762794e-08
1.120000e+03 4.037916e-08
1.121000e+03 3.502125e-08
1.122000e+03 3.052241e-08
1.123000e+03 2.709530e-08
1.124000e+03 2.419781e-08
1.125000e+03 2.191412e-08
1.126000e+03 1.965607e-08
1.127000e+03 1.838453e-08
1.128000e+03 1.753662e-08
1.129000e+03 1.713593e-08
1.130000e+03 1.633543e-08
1.131000e+03 1.584858e-08
1.132000e+03 1.580579e-08
1.133000e+03 1.516237e-08
1.134000e+03 1.545784e-08
1.135000e+03 1.485014e-08
1.136000e+03 1.485546e-08
1.137000e+03 1.444238e-08
1.138000e+03 1.451302e-08
1.139000e+03 1.436593e-08
1.140000e+03 1.385168e-08
1.141000e+03 1.343329e-08
1.142000e+03 1.336497e-08
1.143000e+03 1.341645e-08
1.144000e+03 1.308483e-08
1.145000e+03 1.289197e-08
1.146000e+03 1.290005e-08
1.147000e+03 1.315078e-08
1.148000e+03 1.239907e-08
1.149000e+03 1.181568e-08
1.150000e+03 1.193513e-08
1.151000e+03 1.204806e-08
1.152000e+03 1.202081e-08
1.153000e+03 1.181311e-08
1.154000e+03 1.184966e-08
1.155000e+03 1.219923e-08
1.156000e+03 1.168311e-08
1.157000e+03 1.160739e-08
1.158000e+03 1.171541e-08
1.159000e+03 1.211440e-08
1.160000e+03 1.250433e-08
1.161000e+03 1.156979e-08
1.162000e+03 1.190180e-08
1.163000e+03 1.137929e-08
1.164000e+03 1.202719e-08
1.165000e+03 1.137748e-08
1.166000e+03 1.211800e-08
1.167000e+03 1.133117e-08
1.168000e+03 1.150858e-08
1.169000e+03 1.160647e-08
1.170000e+03 1.110439e-08
1.171000e+03 1.096759e-08
1.172000e+03 1.098825e-08
1.173000e+03 1.120381e-08
1.174000e+03 1.111384e-08
1.175000e+03 1.084258e-08
1.176000e+03 1.089703e-08
1.177000e+03 1.121832e-08
1.178000e+03 1.074718e-08
1.179000e+03 1.060068e-08
1.180000e+03 1.054062e-08
1.181000e+03 1.079932e-08
1.182000e+03 1.069473e-08
1.183000e+03 1.041016e-08
1.184000e+03 1.022931e-08
1.185000e+03 1.037007e-08
1.186000e+03 1.050467e-07
1.187000e+03 1.982913e-08
1.188000e+03 1.594999e-08
1.189000e+03 1.225452e-08
1.190000e+03 6.361619e-08
1.191000e+03 5.590884e-08
1.192000e+03 4.669036e-08
1.193000e+03 3.960650e-08
1.194000e+03 3.455671e-08
1.195000e+03 2.919938e-08
1.196000e+03 2.578910e-08
1.197000e+03 2.255355e-08
1.198000e+03 2.012726e-08
1.199000e+03 1.802547e-08
1.200000e+03 1.620153e-08
1.201000e+03 1.485829e-08
1.202000e+03 1.412331e-08
1.203000e+03 1.364816e-08
1.204000e+03 1.323693e-08
1.205000e+03 1.261336e-08
1.206000e+03 1.206203e-08
1.207000e+03 1.216276e-08
1.208000e+03 1.120158e-08
1.209000e+03 1.115286e-08
1.210000e+03 1.053001e-08
1.211000e+03 1.085527e-08
1.212000e+03 1.030284e-08
1.213000e+03 1.000424e-08
1.214000e+03 9.724799e-09
1.215000e+03 9.589035e-09
1.216000e+03 9.281657e-09
1.217000e+03 9.041262e-09
1.218000e+03 8.841439e-09
1.219000e+03 9.110770e-09
1.220000e+03 8.838471e-09
1.221000e+03 8.617309e-09
1.222000e+03 8.685483e-09
1.223000e+03 8.191634e-09
1.224000e+03 8.488013e-09
1.225000e+03 7.983141e-09
1.226000e+03 8.058284e-09
1.227000e+03 7.992284e-09
1.228000e+03 8.214155e-09
1.229000e+03 8.240337e-09
1.230000e+03 7.874265e-09
1.231000e+03 7.696999e-09
1.232000e+03 7.877235e-09
1.233000e+03 8.003507e-09
1.234000e+03 7.766953e-09
1.235000e+03 7.611222e-09
1.236000e+03 7.887581e-09
1.237000e+03 8.072270e-09
1.238000e+03 7.693289e-09
1.239000e+03 7.680457e-09
1.240000e+03 7.514377e-09
1.241000e+03 8.048088e-09
1.242000e+03 7.706307e-09
1.243000e+03 7.348428e-09
1.244000e+03 7.543643e-09
1.245000e+03 7.704209e-09
1.246000e+03 7.420484e-09
1.247000e+03 7.437519e-09
1.248000e+03 7.424030e-09
1.249000e+03 8.039214e-09
1.250000e+03 8.527588e-09
1.251000e+03 7.399664e-09
1.252000e+03 7.802404e-09
1.253000e+03 7.284794e-09
1.254000e+03 8.084465e-09
1.255000e+03 7.440854e-09
1.256000e+03 7.582964e-09
1.257000e+03 7.360211e-09
1.258000e+03 7.604003e-09
1.259000e+03 7.672934e-09
1.260000e+03 7.268074e-09
1.261000e+03 7.045641e-09
1.262000e+03 7.256756e-09
1.263000e+03 7.361693e-09
1.264000e+03 7.386584e-09
1.265000e+03 7.175332e-09
1.266000e+03 7.207930e-09
1.267000e+03 7.550875e-09
1.268000e+03 6.877644e-09
1.269000e+03 7.059160e-09
1.270000e+03 6.987602e-09
1.271000e+03 7.176502e-09
1.272000e+03 7.042818e-09
1.273000e+03 6.887408e-09
1.274000e+03 6.708321e-09
1.275000e+03 7.003770e-09
1.276000e+03 6.790347e-09
1.277000e+03 6.695038e-09
1.278000e+03 6.742274e-09
1.279000e+03 7.059072e-09
1.280000e+03 6.828112e-09
1.281000e+03 6.655890e-09
1.282000e+03 6.981857e-09
1.283000e+03 6.572049e-09
1.284000e+03 7.085060e-09
1.285000e+03 6.759944e-09
1.286000e+03 6.773353e-09
1.287000e+03 6.509722e-09
1.288000e+03 6.468215e-09
1.289000e+03 6.753457e-09
1.290000e+03 6.370449e-09
1.291000e+03 6.253848e-09
1.292000e+03 6.466694e-09
1.293000e+03 6.629616e-09
1.294000e+03 6.567716e-09
1.295000e+03 6.811904e-09
1.296000e+03 6.532575e-09
1.297000e+03 6.750199e-09
1.298000e+03 6.316990e-09
1.299000e+03 6.422566e-09
1.300000e+03 6.039408e-09
1.301000e+03 6.583413e-09
1.302000e+03 6.214694e-09
1.303000e+03 6.345800e-09
1.304000e+03 1.020033e-07
1.305000e+03 2.638661e-08
1.306000e+03 1.827107e-08
1.307000e+03 1.342456e-08
1.308000e+03 6.259797e-08
1.309000e+03 5.409170e-08
1.310000e+03 4.546896e-08
1.311000e+03 3.823521e-08
1.312000e+03 3.182557e-08
1.313000e+03 2.690972e-08
1.314000e+03 2.274003e-08
1.315000e+03 1.963673e-08
1.316000e+03 1.726568e-08
1.317000e+03 1.520674e-08
1.318000e+03 1.335461e-08
1.319000e+03 1.223604e-08
1.320000e+03 1.131845e-08
1.321000e+03 1.032743e-08
1.322000e+03 9.974682e-09
1.323000e+03 9.818565e-09
1.324000e+03 9.202122e-09
1.325000e+03 8.817078e-09
1.326000e+03 8.785982e-09
1.327000e+03 8.689481e-09
1.328000e+03 8.053185e-09
1.329000e+03 7.973369e-09
1.330000e+03 7.602997e-09
1.331000e+03 8.050459e-09
1.332000e+03 7.557317e-09
1.333000e+03 7.003631e-09
1.334000e+03 7.120134e-09
1.335000e+03 6.863710e-09
1.336000e+03 6.598184e-09
1.337000e+03 6.493782e-09
1.338000e+03 6.399740e-09
1.339000e+03 6.863596e-09
1.340000e+03 7.272117e-09
1.341000e+03 6.163843e-09
1.342000e+03 6.455642e-09
1.343000e+03 6.039537e-09
1.344000e+03 6.542437e-09
1.345000e+03 5.908009e-09
1.346000e+03 6.011465e-09
1.347000e+03 5.863461e-09
1.348000e+03 6.131756e-09
1.349000e+03 6.266819e-09
1.350000e+03 5.932896e-09
1.351000e+03 5.607115e-09
1.352000e+03 5.934718e-09
1.353000e+03 6.035868e-09
1.354000e+03 6.157236e-09
1.355000e+03 5.789214e-09
1.356000e+03 5.936358e-09
1.357000e+03 6.392747e-09
1.358000e+03 5.740884e-09
1.359000e+03 5.850791e-09
1.360000e+03 5.747874e-09
1.361000e+03 6.058313e-09
1.362000e+03 6.033718e-09
1.363000e+03 5.716229e-09
1.364000e+03 5.610476e-09
1.365000e+03 5.746706e-09
1.366000e+03 5.623017e-09
1.367000e+03 5.513939e-09
1.368000e+03 5.769752e-09
1.369000e+03 5.901070e-09
1.370000e+03 5.827997e-09
1.371000e+03 5.548736e-09
1.372000e+03 5.771734e-09
1.373000e+03 5.529151e-09
1.374000e+03 6.004365e-09
1.375000e+03 5.518420e-09
1.376000e+03 5.872194e-09
1.377000e+03 5.523573e-09
1.378000e+03 5.720450e-09
1.379000e+03 5.950539e-09
1.380000e+03 5.489161e-09
1.381000e+03 5.283899e-09
1.382000e+03 5.561526e-09
1.383000e+03 5.533117e-09
1.384000e+03 5.615986e-09
1.385000e+03 6.114694e-09
1.386000e+03 5.571256e-09
1.387000e+03 5.872460e-09
1.388000e+03 5.535474e-09
1.389000e+03 5.724947e-09
1.390000e+03 5.417014e-09
1.391000e+03 5.728662e-09
1.392000e+03 5.436950e-09
1.393000e+03 5.477699e-09
1.394000e+03 5.321401e-09
1.395000e+03 5.596021e-09
1.396000e+03 5.213215e-09
1.397000e+03 5.159245e-09
1.398000e+03 5.264507e-09
1.399000e+03 5.717588e-09
1.400000e+03 5.394072e-09
1.401000e+03 5.185384e-09
1.402000e+03 5.634589e-09
1.403000e+03 5.271816e-09
1.404000e+03 5.459305e-09
1.405000e+03 5.246538e-09
1.406000e+03 5.162991e-09
1.407000e+03 5.252219e-09
1.408000e+03 5.264578e-09
1.409000e+03 5.183684e-09
1.410000e+03 5.063883e-09
1.411000e+03 4.837832e-09
1.412000e+03 5.016559e-09
1.413000e+03 5.376152e-09
1.414000e+03 5.045940e-09
1.415000e+03 4.941703e-09
1.416000e+03 5.286413e-09
1.417000e+03 5.569210e-09
1.418000e+03 5.248662e-09
1.419000e+03 5.541858e-09
1.420000e+03 5.139118e-09
1.421000e+03 5.801231e-09
1.422000e+03 5.560263e-09
1.423000e+03 5.420973e-09
1.424000e+03 5.477172e-09
1.425000e+03 5.462198e-09
1.426000e+03 5.534713e-09
1.427000e+03 5.257328e-09
1.428000e+03 5.316441e-09
1.429000e+03 6.060757e-09
1.430000e+03 6.624948e-09
1.431000e+03 5.673808e-09
1.432000e+03 5.784263e-09
1.433000e+03 5.391400e-09
1.434000e+03 6.147769e-09
1.435000e+03 5.428832e-09
1.436000e+03 5.756438e-09
1.437000e+03 5.353319e-09
1.438000e+03 5.732379e-09
1.439000e+03 5.826627e-09
1.440000e+03 5.568068e-09
1.441000e+03 5.423239e-09
1.442000e+03 5.585502e-09
1.443000e+03 5.561530e-09
1.444000e+03 5.904316e-09
1.445000e+03 5.475261e-09
1.446000e+03 5.736704e-09
1.447000e+03 5.998029e-09
1.448000e+03 5.471567e-09
1.449000e+03 5.507131e-09
1.450000e+03 5.455152e-09
1.451000e+03 5.631870e-09
1.452000e+03 5.546640e-09
1.453000e+03 5.398661e-09
1.454000e+03 5.137775e-09
1.455000e+03 5.333410e-09
1.456000e+03 5.068497e-09
1.457000e+03 4.961110e-09
1.458000e+03 5.216359e-09
1.459000e+03 5.343544e-09
1.460000e+03 5.160579e-09
1.461000e+03 5.108956e-09
1.462000e+03 5.210939e-09
1.463000e+03 4.884825e-09
1.464000e+03 5.477077e-09
1.465000e+03 5.039685e-09
1.466000e+03 5.301305e-09
1.467000e+03 4.947334e-09
1.468000e+03 5.154060e-09
1.469000e+03 5.349839e-09
1.470000e+03 4.927238e-09
1.471000e+03 4.902874e-09
1.472000e+03 5.003105e-09
1.473000e+03 5.185043e-09
1.474000e+03 5.167082e-09
1.475000e+03 5.740144e-09
1.476000e+03 1.085965e-07
1.477000e+03 3.026674e-08
1.478000e+03 2.312825e-08
1.479000e+03 1.643348e-08
1.480000e+03 1.315319e-08
1.481000e+03 1.085374e-08
1.482000e+03 8.871828e-09
1.483000e+03 4.023256e-08
1.484000e+03 3.458215e-08
1.485000e+03 2.939020e-08
1.486000e+03 2.475187e-08
1.487000e+03 2.045717e-08
1.488000e+03 1.766718e-08
1.489000e+03 1.544445e-08
1.490000e+03 1.347268e-08
1.491000e+03 1.164503e-08
1.492000e+03 1.100828e-08
1.493000e+03 9.921034e-09
1.494000e+03 9.352426e-09
1.495000e+03 8.583304e-09
1.496000e+03 8.208675e-09
1.497000e+03 7.507060e-09
1.498000e+03 7.308860e-09
1.499000e+03 6.958483e-09
1.500000e+03 6.513223e-09
1.501000e+03 6.154358e-09
1.502000e+03 6.198002e-09
1.503000e+03 6.177639e-09
1.504000e+03 5.889247e-09
1.505000e+03 5.608370e-09
1.506000e+03 5.732981e-09
1.507000e+03 5.755788e-09
1.508000e+03 4.892775e-09
1.509000e+03 5.037872e-09
1.510000e+03 4.617098e-09
1.511000e+03 5.145297e-09
1.512000e+03 4.701787e-09
1.513000e+03 4.410290e-09
1.514000e+03 4.494317e-09
1.515000e+03 4.489386e-09
1.516000e+03 4.307764e-09
1.517000e+03 4.155595e-09
1.518000e+03 4.395946e-09
1.519000e+03 4.660379e-09
1.520000e+03 5.265754e-09
1.521000e+03 4.439715e-09
1.522000e+03 4.638532e-09
1.523000e+03 4.537895e-09
1.524000e+03 5.021849e-09
1.525000e+03 4.553133e-09
1.526000e+03 4.652220e-09
1.527000e+03 4.401429e-09
1.528000e+03 4.861164e-09
1.529000e+03 4.842868e-09
1.530000e+03 4.693935e-09
1.531000e+03 4.360063e-09
1.532000e+03 4.580718e-09
1.533000e+03 4.713377e-09
1.534000e+03 4.907898e-09
1.535000e+03 4.654006e-09
1.536000e+03 4.670171e-09
1.537000e+03 5.240472e-09
1.538000e+03 4.454918e-09
1.539000e+03 4.625198e-09
1.540000e+03 4.516624e-09
1.541000e+03 4.885817e-09
1.542000e+03 4.819319e-09
1.543000e+03 4.623476e-09
1.544000e+03 4.421279e-09
1.545000e+03 4.496923e-09
1.546000e+03 4.434472e-09
1.547000e+03 4.276961e-09
1.548000e+03 4.571154e-09
1.549000e+03 4.635792e-09
1.550000e+03 4.568690e-09
1.551000e+03 4.390335e-09
1.552000e+03 4.542220e-09
1.553000e+03 4.254840e-09
1.554000e+03 4.783983e-09
1.555000e+03 4.330599e-09
1.556000e+03 4.758986e-09
1.557000e+03 4.275027e-09
1.558000e+03 4.330816e-09
1.559000e+03 4.743282e-09
1.560000e+03 4.211488e-09
1.561000e+03 3.996020e-09
1.562000e+03 4.448532e-09
1.563000e+03 4.470677e-09
1.564000e+03 4.602088e-09
1.565000e+03 4.700549e-09
1.566000e+03 4.375953e-09
1.567000e+03 4.851188e-09
1.568000e+03 4.252701e-09
1.569000e+03 4.606829e-09
1.570000e+03 4.243828e-09
1.571000e+03 4.977807e-09
1.572000e+03 4.481304e-09
1.573000e+03 4.662489e-09
1.574000e+03 4.477954e-09
1.575000e+03 4.554299e-09
1.576000e+03 4.272470e-09
1.577000e+03 4.349683e-09
1.578000e+03 4.329189e-09
1.579000e+03 4.764821e-09
1.580000e+03 4.706905e-09
1.581000e+03 4.729258e-09
1.582000e+03 4.954066e-09
1.583000e+03 4.559074e-09
1.584000e+03 4.989032e-09
1.585000e+03 4.656727e-09
1.586000e+03 4.803067e-09
1.587000e+03 4.654125e-09
1.588000e+03 5.010336e-09
1.589000e+03 4.929744e-09
1.590000e+03 4.775024e-09
1.591000e+03 4.535835e-09
1.592000e+03 4.721757e-09
1.593000e+03 5.147591e-09
1.594000e+03 4.842944e-09
1.595000e+03 4.820842e-09
1.596000e+03 5.047827e-09
1.597000e+03 5.348690e-09
1.598000e+03 4.875986e-09
1.599000e+03 4.968138e-09
1.600000e+03 4.685217e-09
1.601000e+03 5.379983e-09
1.602000e+03 4.991687e-09
1.603000e+03 4.716759e-09
1.604000e+03 4.824173e-09
1.605000e+03 5.076085e-09
1.606000e+03 4.750053e-09
1.607000e+03 4.790275e-09
1.608000e+03 4.805156e-09
1.609000e+03 5.377836e-09
1.610000e+03 5.962059e-09
1.611000e+03 4.756349e-09
1.612000e+03 5.236737e-09
1.613000e+03 4.691051e-09
1.614000e+03 5.479558e-09
1.615000e+03 4.654836e-09
1.616000e+03 4.864500e-09
1.617000e+03 4.674961e-09
1.618000e+03 4.972467e-09
1.619000e+03 5.030856e-09
1.620000e+03 4.525812e-09
1.621000e+03 4.388962e-09
1.622000e+03 4.745540e-09
1.623000e+03 4.676001e-09
1.624000e+03 4.809317e-09
1.625000e+03 4.567923e-09
1.626000e+03 4.724838e-09
1.627000e+03 4.973555e-09
1.628000e+03 4.507716e-09
1.629000e+03 4.631819e-09
1.630000e+03 4.637876e-09
1.631000e+03 4.847698e-09
1.632000e+03 4.828380e-09
1.633000e+03 4.692548e-09
1.634000e+03 4.425826e-09
1.635000e+03 4.617733e-09
1.636000e+03 4.485854e-09
1.637000e+03 4.328743e-09
1.638000e+03 4.514245e-09
1.639000e+03 4.660591e-09
1.640000e+03 4.559899e-09
1.641000e+03 4.403815e-09
1.642000e+03 4.704959e-09
1.643000e+03 4.265252e-09
1.644000e+03 4.703360e-09
1.645000e+03 4.575825e-09
1.646000e+03 4.642108e-09
1.647000e+03 4.275999e-09
1.648000e+03 4.475599e-09
1.649000e+03 4.826054e-09
1.650000e+03 4.630218e-09
1.651000e+03 4.338815e-09
1.652000e+03 4.621226e-09
1.653000e+03 4.702880e-09
1.654000e+03 4.766503e-09
1.655000e+03 4.912789e-09
1.656000e+03 4.583649e-09
1.657000e+03 5.064449e-09
1.658000e+03 4.470233e-09
1.659000e+03 4.493898e-09
1.660000e+03 4.189779e-09
1.661000e+03 4.650890e-09
1.662000e+03 4.578724e-09
1.663000e+03 4.488937e-09
1.664000e+03 4.435999e-09
1.665000e+03 4.349547e-09
1.666000e+03 4.366045e-09
1.667000e+03 4.209890e-09
1.668000e+03 4.384529e-09
1.669000e+03 4.765955e-09
1.670000e+03 4.734970e-09
1.671000e+03 4.829653e-09
1.672000e+03 4.895460e-09
1.673000e+03 4.735357e-09
1.674000e+03 5.079230e-09
1.675000e+03 4.550235e-09
1.676000e+03 4.874299e-09
1.677000e+03 4.684845e-09
1.678000e+03 4.981549e-09
1.679000e+03 4.972104e-09
1.680000e+03 4.732461e-09
1.681000e+03 4.530584e-09
1.682000e+03 4.856971e-09
1.683000e+03 5.050566e-09
1.684000e+03 4.876772e-09
1.685000e+03 4.699442e-09
1.686000e+03 5.007833e-09
1.687000e+03 5.078224e-09
1.688000e+03 4.609549e-09
1.689000e+03 4.754084e-09
1.690000e+03 4.509020e-09
1.691000e+03 5.230047e-09
1.692000e+03 4.806003e-09
1.693000e+03 4.416489e-09
1.694000e+03 4.479995e-09
1.695000e+03 4.383120e-09
1.696000e+03 4.282770e-09
1.697000e+03 4.209113e-09
1.698000e+03 4.256234e-09
1.699000e+03 4.717928e-09
1.700000e+03 5.267387e-09
1.701000e+03 4.259096e-09
1.702000e+03 4.496816e-09
1.703000e+03 4.157125e-09
1.704000e+03 4.881102e-09
1.705000e+03 4.131123e-09
1.706000e+03 4.415421e-09
1.707000e+03 4.147127e-09
1.708000e+03 4.569131e-09
1.709000e+03 4.622649e-09
1.710000e+03 4.286701e-09
1.711000e+03 4.010258e-09
1.712000e+03 4.336861e-09
1.713000e+03 4.522185e-09
1.714000e+03 4.552049e-09
1.715000e+03 4.323644e-09
1.716000e+03 4.588523e-09
1.717000e+03 4.803673e-09
1.718000e+03 4.383469e-09
1.719000e+03 4.426754e-09
1.720000e+03 4.492134e-09
1.721000e+03 4.684731e-09
1.722000e+03 4.722106e-09
1.723000e+03 4.448970e-09
1.724000e+03 4.188816e-09
1.725000e+03 4.631254e-09
1.726000e+03 4.297098e-09
1.727000e+03 4.270067e-09
1.728000e+03 4.451912e-09
1.729000e+03 4.719430e-09
1.730000e+03 4.538353e-09
1.731000e+03 4.293318e-09
1.732000e+03 4.542288e-09
1.733000e+03 3.993533e-09
1.734000e+03 4.637550e-09
1.735000e+03 4.327170e-09
1.736000e+03 4.350197e-09
1.737000e+03 4.012312e-09
1.738000e+03 4.195277e-09
1.739000e+03 4.313969e-09
1.740000e+03 3.915156e-09
1.741000e+03 3.911302e-09
1.742000e+03 4.212671e-09
1.743000e+03 4.079620e-09
1.744000e+03 4.195446e-09
1.745000e+03 4.871135e-09
1.746000e+03 4.188777e-09
1.747000e+03 4.569169e-09
1.748000e+03 4.087398e-09
1.749000e+03 4.419231e-09
1.750000e+03 4.073011e-09
1.751000e+03 4.353826e-09
1.752000e+03 4.166653e-09
1.753000e+03 4.095418e-09
1.754000e+03 1.069636e-07
1.755000e+03 2.054732e-08
1.756000e+03 1.617753e-08
1.757000e+03 1.312615e-08
1.758000e+03 1.078225e-08
1.759000e+03 8.838050e-09
1.760000e+03 7.334822e-09
1.761000e+03 3.962728e-08
1.762000e+03 3.400419e-08
1.763000e+03 2.875291e-08
1.764000e+03 2.256652e-08
1.765000e+03 2.012945e-08
1.766000e+03 1.699673e-08
1.767000e+03 1.449019e-08
1.768000e+03 1.278567e-08
1.769000e+03 1.131059e-08
1.770000e+03 9.984475e-09
1.771000e+03 8.811827e-09
1.772000e+03 8.175555e-09
1.773000e+03 8.124639e-09
1.774000e+03 7.300250e-09
1.775000e+03 6.897931e-09
1.776000e+03 6.884818e-09
1.777000e+03 6.983787e-09
1.778000e+03 6.173819e-09
1.779000e+03 6.188402e-09
1.780000e+03 5.788606e-09
1.781000e+03 6.334390e-09
1.782000e+03 5.844683e-09
1.783000e+03 5.488442e-09
1.784000e+03 5.589035e-09
1.785000e+03 5.486856e-09
1.786000e+03 5.071607e-09
1.787000e+03 4.788872e-09
1.788000e+03 4.795316e-09
1.789000e+03 5.067868e-09
1.790000e+03 5.139988e-09
1.791000e+03 4.270010e-09
1.792000e+03 4.547995e-09
1.793000e+03 4.121350e-09
1.794000e+03 4.595901e-09
1.795000e+03 4.026686e-09
1.796000e+03 4.259390e-09
1.797000e+03 3.926271e-09
1.798000e+03 4.354327e-09
1.799000e+03 4.359293e-09
1.800000e+03 3.984861e-09
