Title ="THE FLUX ERR"
Variables=
iter
residual
1.000000e+00 2.999999e-04
2.000000e+00 4.002460e-04
3.000000e+00 4.630377e-04
4.000000e+00 4.652936e-04
5.000000e+00 9.647878e-04
6.000000e+00 1.014184e-04
7.000000e+00 1.584539e-04
8.000000e+00 5.220434e-04
9.000000e+00 6.315262e-04
1.000000e+01 4.207243e-05
1.100000e+01 5.368462e-05
1.200000e+01 2.396237e-05
1.300000e+01 2.390674e-04
1.400000e+01 1.164432e-04
1.500000e+01 2.299321e-04
1.600000e+01 1.494004e-04
1.700000e+01 9.695894e-05
1.800000e+01 7.695888e-05
1.900000e+01 3.350650e-05
2.000000e+01 5.791675e-05
2.100000e+01 2.401832e-05
2.200000e+01 1.997022e-05
2.300000e+01 1.871710e-05
2.400000e+01 1.567788e-05
2.500000e+01 1.829271e-05
2.600000e+01 1.139318e-05
2.700000e+01 1.321385e-05
2.800000e+01 1.152001e-05
2.900000e+01 9.603722e-06
3.000000e+01 1.048341e-05
3.100000e+01 1.583851e-05
3.200000e+01 1.350840e-05
3.300000e+01 1.253311e-05
3.400000e+01 2.321543e-06
3.500000e+01 2.335483e-05
3.600000e+01 2.615450e-06
3.700000e+01 2.123629e-06
3.800000e+01 3.074984e-06
3.900000e+01 3.367303e-06
4.000000e+01 6.554520e-06
4.100000e+01 2.990965e-06
4.200000e+01 3.882935e-06
4.300000e+01 5.557827e-06
4.400000e+01 3.792803e-06
4.500000e+01 4.258886e-06
4.600000e+01 2.434884e-05
4.700000e+01 8.337455e-06
4.800000e+01 1.535643e-05
4.900000e+01 1.922294e-05
5.000000e+01 1.656273e-05
5.100000e+01 1.855811e-05
5.200000e+01 1.150705e-05
5.300000e+01 4.171889e-06
5.400000e+01 2.044296e-05
5.500000e+01 7.661937e-06
5.600000e+01 1.817159e-05
5.700000e+01 2.093177e-05
5.800000e+01 1.381054e-05
5.900000e+01 1.821863e-05
6.000000e+01 2.249784e-05
6.100000e+01 1.560227e-05
6.200000e+01 1.223414e-05
6.300000e+01 1.832163e-05
6.400000e+01 1.635688e-05
6.500000e+01 1.251726e-05
6.600000e+01 2.066088e-05
6.700000e+01 1.937227e-05
6.800000e+01 1.419640e-05
6.900000e+01 1.979221e-05
7.000000e+01 1.528690e-05
7.100000e+01 1.211844e-05
7.200000e+01 1.358742e-05
7.300000e+01 1.269783e-05
7.400000e+01 2.540548e-05
7.500000e+01 1.547776e-05
7.600000e+01 2.234950e-05
7.700000e+01 2.683237e-05
7.800000e+01 1.083722e-05
7.900000e+01 5.258076e-06
8.000000e+01 1.455351e-05
8.100000e+01 1.353392e-05
8.200000e+01 1.612607e-05
8.300000e+01 1.674951e-05
8.400000e+01 1.082439e-05
8.500000e+01 8.657452e-06
8.600000e+01 2.931650e-05
8.700000e+01 1.215718e-05
8.800000e+01 1.716898e-05
8.900000e+01 1.384595e-05
9.000000e+01 1.140073e-05
9.100000e+01 1.384620e-05
9.200000e+01 1.038340e-05
9.300000e+01 7.249563e-06
9.400000e+01 1.327014e-05
9.500000e+01 1.032500e-05
9.600000e+01 1.728829e-05
9.700000e+01 8.157741e-06
9.800000e+01 1.011900e-05
9.900000e+01 8.389474e-06
1.000000e+02 5.869277e-06
1.010000e+02 1.019671e-05
1.020000e+02 9.668841e-06
1.030000e+02 5.589092e-05
1.040000e+02 5.288668e-05
1.050000e+02 7.916727e-06
1.060000e+02 6.055831e-05
1.070000e+02 6.123889e-05
1.080000e+02 1.233148e-05
1.090000e+02 6.276398e-05
1.100000e+02 6.755675e-05
1.110000e+02 6.566058e-05
1.120000e+02 6.826557e-05
1.130000e+02 7.507648e-05
1.140000e+02 6.752597e-05
1.150000e+02 7.043678e-05
1.160000e+02 6.003175e-05
1.170000e+02 6.511526e-05
1.180000e+02 6.997566e-05
1.190000e+02 8.306410e-05
1.200000e+02 6.911709e-05
1.210000e+02 6.042826e-05
1.220000e+02 7.642489e-05
1.230000e+02 6.889926e-05
1.240000e+02 8.570401e-05
1.250000e+02 8.814494e-05
1.260000e+02 8.997358e-05
1.270000e+02 9.437885e-05
1.280000e+02 9.567831e-05
1.290000e+02 9.775480e-05
1.300000e+02 9.266947e-05
1.310000e+02 9.135914e-05
1.320000e+02 9.828438e-05
1.330000e+02 9.608724e-05
1.340000e+02 1.068424e-04
1.350000e+02 9.890061e-05
1.360000e+02 1.066304e-04
1.370000e+02 9.378904e-05
1.380000e+02 9.258482e-05
1.390000e+02 9.590581e-05
1.400000e+02 1.003324e-04
1.410000e+02 9.494133e-05
1.420000e+02 8.490727e-05
1.430000e+02 7.459052e-05
1.440000e+02 9.667113e-05
1.450000e+02 1.059555e-04
1.460000e+02 7.926648e-05
1.470000e+02 7.563338e-05
1.480000e+02 7.082609e-05
1.490000e+02 7.185914e-05
1.500000e+02 7.065605e-05
1.510000e+02 6.744915e-05
1.520000e+02 7.104694e-05
1.530000e+02 5.824252e-05
1.540000e+02 4.651238e-05
1.550000e+02 5.208425e-05
1.560000e+02 4.571692e-05
1.570000e+02 4.357925e-05
1.580000e+02 4.345108e-05
1.590000e+02 5.095194e-05
1.600000e+02 5.865181e-05
1.610000e+02 5.847192e-05
1.620000e+02 6.316485e-05
1.630000e+02 6.209685e-05
1.640000e+02 8.261293e-05
1.650000e+02 7.935213e-05
1.660000e+02 7.645469e-05
1.670000e+02 8.342159e-05
1.680000e+02 9.030508e-05
1.690000e+02 9.562892e-05
1.700000e+02 8.013955e-05
1.710000e+02 8.689494e-05
1.720000e+02 1.102550e-04
1.730000e+02 1.048627e-04
1.740000e+02 8.528755e-05
1.750000e+02 1.083981e-04
1.760000e+02 1.171426e-04
1.770000e+02 9.692868e-05
1.780000e+02 1.030157e-04
1.790000e+02 9.695872e-05
1.800000e+02 7.951239e-05
1.810000e+02 1.031378e-04
1.820000e+02 9.592716e-05
1.830000e+02 7.817228e-05
1.840000e+02 9.586684e-05
1.850000e+02 1.370239e-05
1.860000e+02 1.246541e-05
1.870000e+02 1.073007e-05
1.880000e+02 1.176702e-05
1.890000e+02 8.883342e-05
1.900000e+02 9.450239e-05
1.910000e+02 1.784406e-05
1.920000e+02 1.425959e-05
1.930000e+02 2.411234e-05
1.940000e+02 1.236225e-05
1.950000e+02 7.198480e-05
1.960000e+02 1.494397e-05
1.970000e+02 1.342085e-05
1.980000e+02 6.649055e-05
1.990000e+02 7.491608e-05
2.000000e+02 7.582069e-05
2.010000e+02 1.247736e-05
2.020000e+02 1.539578e-05
2.030000e+02 7.263862e-05
2.040000e+02 7.335424e-05
2.050000e+02 6.310760e-05
2.060000e+02 6.503787e-05
2.070000e+02 5.888738e-05
2.080000e+02 5.408422e-05
2.090000e+02 5.287591e-05
2.100000e+02 6.238418e-05
2.110000e+02 5.136611e-05
2.120000e+02 4.231172e-05
2.130000e+02 3.052954e-05
2.140000e+02 2.767473e-05
2.150000e+02 3.023005e-05
2.160000e+02 2.914747e-05
2.170000e+02 3.474621e-05
2.180000e+02 4.653608e-05
2.190000e+02 4.492494e-05
2.200000e+02 4.669374e-05
2.210000e+02 6.653178e-05
2.220000e+02 6.800960e-05
2.230000e+02 6.932665e-05
2.240000e+02 6.926887e-05
2.250000e+02 1.036095e-04
2.260000e+02 7.976310e-05
2.270000e+02 8.958439e-05
2.280000e+02 1.009876e-04
2.290000e+02 8.441396e-05
2.300000e+02 8.208926e-05
2.310000e+02 1.143348e-04
2.320000e+02 7.177510e-05
2.330000e+02 9.487960e-06
2.340000e+02 9.274171e-05
2.350000e+02 9.057419e-05
2.360000e+02 1.670386e-05
2.370000e+02 1.514296e-05
2.380000e+02 1.262532e-05
2.390000e+02 1.194612e-05
2.400000e+02 1.029190e-05
2.410000e+02 1.125323e-05
2.420000e+02 1.455725e-05
2.430000e+02 1.345876e-05
2.440000e+02 1.076386e-05
2.450000e+02 9.195592e-06
2.460000e+02 1.747322e-05
2.470000e+02 1.455543e-05
2.480000e+02 1.372411e-05
2.490000e+02 1.673681e-05
2.500000e+02 1.420117e-05
2.510000e+02 8.821968e-06
2.520000e+02 1.539392e-05
2.530000e+02 1.948790e-05
2.540000e+02 1.786798e-05
2.550000e+02 1.111652e-05
2.560000e+02 1.710090e-05
2.570000e+02 1.142767e-05
2.580000e+02 1.473774e-05
2.590000e+02 1.095585e-05
2.600000e+02 1.443320e-05
2.610000e+02 1.234481e-05
2.620000e+02 1.382932e-05
2.630000e+02 1.219427e-05
2.640000e+02 1.025423e-05
2.650000e+02 1.051778e-05
2.660000e+02 7.466481e-06
2.670000e+02 3.352954e-05
2.680000e+02 7.569252e-06
2.690000e+02 3.329302e-05
2.700000e+02 3.454043e-05
2.710000e+02 8.129568e-06
2.720000e+02 3.142348e-05
2.730000e+02 2.757890e-05
2.740000e+02 3.212159e-05
2.750000e+02 2.941819e-05
2.760000e+02 3.196505e-05
2.770000e+02 3.090521e-05
2.780000e+02 2.627393e-05
2.790000e+02 2.381036e-05
2.800000e+02 2.080677e-05
2.810000e+02 1.978699e-05
2.820000e+02 1.541664e-05
2.830000e+02 1.410410e-05
2.840000e+02 1.662419e-05
2.850000e+02 1.557203e-05
2.860000e+02 1.325986e-05
2.870000e+02 1.158271e-05
2.880000e+02 1.153647e-05
2.890000e+02 1.119637e-05
2.900000e+02 1.098119e-05
2.910000e+02 1.102242e-05
2.920000e+02 1.134309e-05
2.930000e+02 1.230700e-05
2.940000e+02 1.214397e-05
2.950000e+02 1.275056e-05
2.960000e+02 1.307453e-05
2.970000e+02 1.371253e-05
2.980000e+02 1.145346e-05
2.990000e+02 1.399994e-05
3.000000e+02 1.310678e-05
3.010000e+02 1.244926e-05
3.020000e+02 1.254224e-05
3.030000e+02 1.324226e-05
3.040000e+02 1.548596e-05
3.050000e+02 1.473150e-05
3.060000e+02 2.044966e-05
3.070000e+02 2.239634e-05
3.080000e+02 2.256867e-05
3.090000e+02 2.263812e-05
3.100000e+02 2.244169e-05
3.110000e+02 2.290058e-05
3.120000e+02 2.274825e-05
3.130000e+02 2.439939e-05
3.140000e+02 2.681653e-05
3.150000e+02 2.893806e-05
3.160000e+02 1.838462e-05
3.170000e+02 2.313465e-05
3.180000e+02 2.720664e-05
3.190000e+02 1.941661e-05
3.200000e+02 3.073234e-05
3.210000e+02 3.387945e-05
3.220000e+02 2.704496e-05
3.230000e+02 2.515505e-05
3.240000e+02 2.575778e-05
3.250000e+02 2.773521e-05
3.260000e+02 3.070826e-05
3.270000e+02 3.019729e-05
3.280000e+02 2.935668e-05
3.290000e+02 3.204395e-05
3.300000e+02 3.206098e-05
3.310000e+02 3.392095e-05
3.320000e+02 3.080059e-05
3.330000e+02 2.962061e-05
3.340000e+02 2.956866e-05
3.350000e+02 3.342690e-05
3.360000e+02 3.338188e-05
3.370000e+02 2.925146e-05
3.380000e+02 2.808300e-05
3.390000e+02 2.691267e-05
3.400000e+02 2.658525e-05
3.410000e+02 3.397382e-05
3.420000e+02 3.766220e-05
3.430000e+02 3.560942e-05
3.440000e+02 3.520630e-05
3.450000e+02 3.400628e-05
3.460000e+02 3.551333e-05
3.470000e+02 3.534615e-05
3.480000e+02 3.066364e-05
3.490000e+02 3.502763e-05
3.500000e+02 3.114924e-05
3.510000e+02 3.590280e-05
3.520000e+02 2.899304e-05
3.530000e+02 2.856029e-05
3.540000e+02 3.191751e-05
3.550000e+02 3.035978e-05
3.560000e+02 3.373112e-05
3.570000e+02 3.253674e-05
3.580000e+02 2.606462e-05
3.590000e+02 2.366581e-05
3.600000e+02 2.144560e-05
3.610000e+02 2.209484e-05
3.620000e+02 2.373641e-05
3.630000e+02 2.265439e-05
3.640000e+02 1.629515e-05
3.650000e+02 2.074461e-05
3.660000e+02 1.831268e-05
3.670000e+02 1.915355e-05
3.680000e+02 1.250092e-05
3.690000e+02 1.477797e-05
3.700000e+02 1.855933e-05
3.710000e+02 1.777290e-05
3.720000e+02 1.478101e-05
3.730000e+02 1.298028e-05
3.740000e+02 1.312386e-05
3.750000e+02 1.097492e-05
3.760000e+02 1.060405e-05
3.770000e+02 1.033926e-05
3.780000e+02 9.944824e-06
3.790000e+02 1.019457e-05
3.800000e+02 1.176893e-05
3.810000e+02 9.476625e-06
3.820000e+02 1.032304e-05
3.830000e+02 1.175341e-05
3.840000e+02 1.042997e-05
3.850000e+02 8.709881e-06
3.860000e+02 9.524201e-06
3.870000e+02 8.541871e-06
3.880000e+02 7.978628e-06
3.890000e+02 8.299802e-06
3.900000e+02 7.015542e-06
3.910000e+02 7.075483e-06
3.920000e+02 7.115064e-06
3.930000e+02 6.994813e-06
3.940000e+02 6.213594e-06
3.950000e+02 5.908297e-06
3.960000e+02 5.212343e-06
3.970000e+02 5.508672e-06
3.980000e+02 5.323153e-06
3.990000e+02 5.191891e-06
4.000000e+02 5.356579e-06
4.010000e+02 4.700070e-06
4.020000e+02 4.579588e-06
4.030000e+02 4.727693e-06
4.040000e+02 4.245949e-06
4.050000e+02 4.795516e-06
4.060000e+02 4.659230e-06
4.070000e+02 4.707938e-06
4.080000e+02 4.954575e-06
4.090000e+02 4.853778e-06
4.100000e+02 4.643090e-06
4.110000e+02 4.616248e-06
4.120000e+02 4.402832e-06
4.130000e+02 4.966499e-06
4.140000e+02 4.850480e-06
4.150000e+02 5.151637e-06
4.160000e+02 4.957894e-06
4.170000e+02 5.794522e-06
4.180000e+02 6.031734e-06
4.190000e+02 7.095679e-06
4.200000e+02 6.273203e-06
4.210000e+02 6.594512e-06
4.220000e+02 6.713886e-06
4.230000e+02 6.804098e-06
4.240000e+02 7.171920e-06
4.250000e+02 7.230851e-06
4.260000e+02 6.588481e-06
4.270000e+02 7.019916e-06
4.280000e+02 6.948421e-06
4.290000e+02 7.265546e-06
4.300000e+02 7.483394e-06
4.310000e+02 7.436237e-06
4.320000e+02 8.265256e-06
4.330000e+02 8.328509e-06
4.340000e+02 8.470281e-06
4.350000e+02 8.994364e-06
4.360000e+02 8.990492e-06
4.370000e+02 8.665828e-06
4.380000e+02 8.893312e-06
4.390000e+02 7.301753e-06
4.400000e+02 9.062364e-06
4.410000e+02 7.551043e-06
4.420000e+02 7.447705e-06
4.430000e+02 8.811111e-06
4.440000e+02 8.254886e-06
4.450000e+02 7.848149e-06
4.460000e+02 7.295077e-06
4.470000e+02 8.276561e-06
4.480000e+02 8.502016e-06
4.490000e+02 6.954438e-06
4.500000e+02 6.591760e-06
4.510000e+02 6.578526e-06
4.520000e+02 5.389434e-06
4.530000e+02 5.348525e-06
4.540000e+02 5.632173e-06
4.550000e+02 5.917270e-06
4.560000e+02 7.791550e-06
4.570000e+02 8.458389e-06
4.580000e+02 7.609288e-06
4.590000e+02 7.730633e-06
4.600000e+02 7.744706e-06
4.610000e+02 7.704021e-06
4.620000e+02 6.772277e-06
4.630000e+02 7.214304e-06
4.640000e+02 7.274003e-06
4.650000e+02 7.075726e-06
4.660000e+02 6.948567e-06
4.670000e+02 6.919933e-06
4.680000e+02 6.997660e-06
4.690000e+02 6.525450e-06
4.700000e+02 5.537838e-06
4.710000e+02 6.477967e-06
4.720000e+02 5.523985e-06
4.730000e+02 5.774864e-06
4.740000e+02 5.727457e-06
4.750000e+02 5.908442e-06
4.760000e+02 5.666874e-06
4.770000e+02 5.750714e-06
4.780000e+02 5.814634e-06
4.790000e+02 5.538255e-06
4.800000e+02 5.209739e-06
4.810000e+02 3.447723e-06
4.820000e+02 3.328133e-06
4.830000e+02 3.154269e-06
4.840000e+02 4.009044e-06
4.850000e+02 3.505046e-06
4.860000e+02 4.053185e-06
4.870000e+02 3.342075e-06
4.880000e+02 3.623893e-06
4.890000e+02 3.720057e-06
4.900000e+02 3.445693e-06
4.910000e+02 3.656349e-06
4.920000e+02 3.554941e-06
4.930000e+02 3.468407e-06
4.940000e+02 3.070397e-06
4.950000e+02 2.856781e-06
4.960000e+02 2.862955e-06
4.970000e+02 6.623026e-06
4.980000e+02 2.269636e-06
4.990000e+02 2.218051e-06
5.000000e+02 5.968885e-06
5.010000e+02 2.053474e-06
5.020000e+02 5.510327e-06
5.030000e+02 2.620675e-06
5.040000e+02 2.354028e-06
5.050000e+02 5.038810e-06
5.060000e+02 2.405510e-06
5.070000e+02 4.614224e-06
5.080000e+02 2.920280e-06
5.090000e+02 4.570509e-06
5.100000e+02 2.950762e-06
5.110000e+02 3.719633e-06
5.120000e+02 3.036844e-06
5.130000e+02 3.723974e-06
5.140000e+02 2.902871e-06
5.150000e+02 3.641725e-06
5.160000e+02 2.731674e-06
5.170000e+02 3.610754e-06
5.180000e+02 2.968931e-06
5.190000e+02 3.044513e-06
5.200000e+02 2.367061e-06
5.210000e+02 2.792884e-06
5.220000e+02 2.515396e-06
5.230000e+02 2.860902e-06
5.240000e+02 3.237932e-06
5.250000e+02 2.441009e-06
5.260000e+02 2.373201e-06
5.270000e+02 3.094793e-06
5.280000e+02 2.213614e-06
5.290000e+02 3.255809e-06
5.300000e+02 2.578216e-06
5.310000e+02 2.693584e-06
5.320000e+02 2.420190e-06
5.330000e+02 3.214610e-06
5.340000e+02 2.019617e-06
5.350000e+02 2.268361e-06
5.360000e+02 2.909708e-06
5.370000e+02 2.017958e-06
5.380000e+02 2.169083e-06
5.390000e+02 3.079730e-06
5.400000e+02 2.124465e-06
5.410000e+02 2.114511e-06
5.420000e+02 2.001637e-06
5.430000e+02 3.273832e-06
5.440000e+02 1.828841e-06
5.450000e+02 2.005136e-06
5.460000e+02 1.867492e-06
5.470000e+02 3.183495e-06
5.480000e+02 1.628956e-06
5.490000e+02 1.894623e-06
5.500000e+02 1.826604e-06
5.510000e+02 2.812112e-06
5.520000e+02 1.439282e-06
5.530000e+02 1.671733e-06
5.540000e+02 1.652496e-06
5.550000e+02 1.689724e-06
5.560000e+02 3.252102e-06
5.570000e+02 1.624879e-06
5.580000e+02 2.014151e-06
5.590000e+02 1.964394e-06
5.600000e+02 3.008854e-06
5.610000e+02 1.308136e-06
5.620000e+02 1.904062e-06
5.630000e+02 1.782332e-06
5.640000e+02 1.691624e-06
5.650000e+02 2.830884e-06
5.660000e+02 1.554980e-06
5.670000e+02 1.888710e-06
5.680000e+02 1.808278e-06
5.690000e+02 1.689677e-06
5.700000e+02 2.769747e-06
5.710000e+02 1.485672e-06
5.720000e+02 1.866637e-06
5.730000e+02 1.778237e-06
5.740000e+02 1.600431e-06
5.750000e+02 2.791760e-06
5.760000e+02 1.026149e-06
5.770000e+02 1.700225e-06
5.780000e+02 1.647715e-06
5.790000e+02 1.551216e-06
5.800000e+02 2.632916e-06
5.810000e+02 1.361481e-06
5.820000e+02 1.694267e-06
5.830000e+02 1.662658e-06
5.840000e+02 1.518648e-06
5.850000e+02 2.381827e-06
5.860000e+02 1.308174e-06
5.870000e+02 1.650963e-06
5.880000e+02 1.587176e-06
5.890000e+02 1.490725e-06
5.900000e+02 1.391758e-06
5.910000e+02 2.631781e-06
5.920000e+02 9.972826e-07
5.930000e+02 1.395899e-06
5.940000e+02 1.296399e-06
5.950000e+02 1.143049e-06
5.960000e+02 9.432471e-07
5.970000e+02 1.763399e-06
5.980000e+02 7.342665e-07
5.990000e+02 8.125124e-07
6.000000e+02 7.483850e-07
6.010000e+02 6.649958e-07
6.020000e+02 6.327728e-07
6.030000e+02 6.232428e-07
6.040000e+02 1.893328e-06
6.050000e+02 6.966428e-07
6.060000e+02 7.786092e-07
6.070000e+02 6.890352e-07
6.080000e+02 6.086386e-07
6.090000e+02 6.494641e-07
6.100000e+02 5.997021e-07
6.110000e+02 2.225171e-06
6.120000e+02 6.424206e-07
6.130000e+02 7.849569e-07
6.140000e+02 6.609781e-07
6.150000e+02 5.787395e-07
6.160000e+02 4.787981e-07
6.170000e+02 4.502789e-07
6.180000e+02 4.037034e-07
6.190000e+02 1.548117e-06
6.200000e+02 5.352640e-07
6.210000e+02 5.659133e-07
6.220000e+02 5.210269e-07
6.230000e+02 4.288991e-07
6.240000e+02 3.689933e-07
6.250000e+02 3.331998e-07
6.260000e+02 3.141359e-07
6.270000e+02 2.970519e-07
6.280000e+02 1.589137e-06
6.290000e+02 4.279620e-07
6.300000e+02 4.298559e-07
6.310000e+02 3.847076e-07
6.320000e+02 3.476176e-07
6.330000e+02 3.166922e-07
6.340000e+02 2.908478e-07
6.350000e+02 2.761450e-07
6.360000e+02 2.637182e-07
6.370000e+02 2.550041e-07
6.380000e+02 1.559830e-06
6.390000e+02 4.559177e-07
6.400000e+02 4.421450e-07
6.410000e+02 3.833182e-07
6.420000e+02 3.086221e-07
6.430000e+02 2.808790e-07
6.440000e+02 2.582801e-07
6.450000e+02 2.481938e-07
6.460000e+02 2.354645e-07
6.470000e+02 2.253271e-07
6.480000e+02 1.441535e-06
6.490000e+02 3.902869e-07
6.500000e+02 3.608820e-07
6.510000e+02 3.262512e-07
6.520000e+02 2.951647e-07
6.530000e+02 2.711210e-07
6.540000e+02 2.519224e-07
6.550000e+02 2.383700e-07
6.560000e+02 2.352061e-07
6.570000e+02 2.277194e-07
6.580000e+02 2.086352e-07
6.590000e+02 2.044785e-07
6.600000e+02 1.841689e-07
6.610000e+02 4.283647e-07
6.620000e+02 3.546452e-07
6.630000e+02 3.017259e-07
6.640000e+02 2.749370e-07
6.650000e+02 2.482463e-07
6.660000e+02 2.234364e-07
6.670000e+02 2.183290e-07
6.680000e+02 2.070418e-07
6.690000e+02 1.920356e-07
6.700000e+02 1.848341e-07
6.710000e+02 1.751792e-07
6.720000e+02 1.340710e-06
6.730000e+02 3.658017e-07
6.740000e+02 3.352499e-07
6.750000e+02 2.900182e-07
6.760000e+02 2.652934e-07
6.770000e+02 2.423007e-07
6.780000e+02 2.215308e-07
6.790000e+02 1.972793e-07
6.800000e+02 1.858838e-07
6.810000e+02 1.720135e-07
6.820000e+02 1.651704e-07
6.830000e+02 1.639980e-07
6.840000e+02 1.591830e-07
6.850000e+02 1.552924e-07
6.860000e+02 3.140187e-07
6.870000e+02 4.654611e-07
6.880000e+02 3.620971e-07
6.890000e+02 3.044780e-07
6.900000e+02 2.642720e-07
6.910000e+02 2.314351e-07
6.920000e+02 2.203830e-07
6.930000e+02 2.034261e-07
6.940000e+02 1.919284e-07
6.950000e+02 1.817988e-07
6.960000e+02 1.717462e-07
6.970000e+02 1.619139e-07
6.980000e+02 1.541363e-07
6.990000e+02 1.472697e-07
7.000000e+02 1.435396e-07
7.010000e+02 4.977278e-07
7.020000e+02 4.460752e-07
7.030000e+02 3.941508e-07
7.040000e+02 3.254199e-07
7.050000e+02 2.823011e-07
7.060000e+02 2.506264e-07
7.070000e+02 2.270551e-07
7.080000e+02 2.096757e-07
7.090000e+02 1.970512e-07
7.100000e+02 1.852812e-07
7.110000e+02 1.723792e-07
7.120000e+02 1.663431e-07
7.130000e+02 1.611550e-07
7.140000e+02 1.563699e-07
7.150000e+02 5.697414e-07
7.160000e+02 3.960891e-07
7.170000e+02 3.422895e-07
7.180000e+02 3.085585e-07
7.190000e+02 2.915028e-07
7.200000e+02 2.584428e-07
7.210000e+02 2.072571e-07
7.220000e+02 1.891952e-07
7.230000e+02 1.786012e-07
7.240000e+02 1.644864e-07
7.250000e+02 1.572558e-07
7.260000e+02 2.257509e-07
7.270000e+02 4.109726e-07
7.280000e+02 3.350176e-07
7.290000e+02 2.803835e-07
7.300000e+02 2.455452e-07
7.310000e+02 2.019998e-07
7.320000e+02 2.083717e-07
7.330000e+02 1.932022e-07
7.340000e+02 1.828300e-07
7.350000e+02 1.776803e-07
7.360000e+02 4.345525e-07
7.370000e+02 4.430287e-07
7.380000e+02 3.868881e-07
7.390000e+02 3.237172e-07
7.400000e+02 2.712296e-07
7.410000e+02 2.347799e-07
7.420000e+02 2.048394e-07
7.430000e+02 4.323374e-07
7.440000e+02 4.738713e-07
7.450000e+02 3.992036e-07
7.460000e+02 3.288285e-07
7.470000e+02 2.843657e-07
7.480000e+02 2.828253e-07
7.490000e+02 2.534696e-07
7.500000e+02 2.152762e-07
7.510000e+02 5.067548e-07
7.520000e+02 4.321439e-07
7.530000e+02 3.716939e-07
7.540000e+02 3.209865e-07
7.550000e+02 2.466216e-07
7.560000e+02 1.397390e-07
7.570000e+02 5.238470e-07
7.580000e+02 4.390423e-07
7.590000e+02 3.590973e-07
7.600000e+02 3.168732e-07
7.610000e+02 2.021032e-07
7.620000e+02 5.350565e-07
7.630000e+02 4.541427e-07
7.640000e+02 3.786442e-07
7.650000e+02 3.026291e-07
7.660000e+02 2.902260e-07
7.670000e+02 1.414120e-07
7.680000e+02 7.243745e-08
7.690000e+02 4.150293e-07
7.700000e+02 3.615959e-07
7.710000e+02 3.099945e-07
7.720000e+02 1.925797e-07
7.730000e+02 6.138193e-08
7.740000e+02 4.507305e-08
7.750000e+02 4.177009e-07
7.760000e+02 1.556856e-07
7.770000e+02 6.940083e-08
7.780000e+02 4.984220e-08
7.790000e+02 4.044454e-07
7.800000e+02 3.639421e-07
7.810000e+02 1.905448e-07
7.820000e+02 5.909125e-07
7.830000e+02 4.947329e-07
7.840000e+02 4.050818e-07
7.850000e+02 3.462837e-07
7.860000e+02 2.326646e-07
7.870000e+02 5.766624e-07
7.880000e+02 4.167017e-07
7.890000e+02 3.445362e-07
7.900000e+02 2.914699e-07
7.910000e+02 2.053034e-07
7.920000e+02 5.385561e-07
7.930000e+02 4.537976e-07
7.940000e+02 3.846308e-07
7.950000e+02 2.930637e-07
7.960000e+02 1.684001e-07
7.970000e+02 5.139411e-07
7.980000e+02 4.319719e-07
7.990000e+02 3.556047e-07
8.000000e+02 3.240104e-07
8.010000e+02 2.077680e-07
8.020000e+02 5.334448e-07
8.030000e+02 4.257333e-07
8.040000e+02 3.532680e-07
8.050000e+02 3.194467e-07
8.060000e+02 2.096367e-07
8.070000e+02 4.527462e-08
8.080000e+02 4.315056e-07
8.090000e+02 3.769137e-07
8.100000e+02 3.234570e-07
8.110000e+02 2.838351e-07
8.120000e+02 2.167864e-07
8.130000e+02 4.960446e-07
8.140000e+02 3.907276e-07
8.150000e+02 3.186419e-07
8.160000e+02 2.679125e-07
8.170000e+02 2.271372e-07
8.180000e+02 5.714718e-08
8.190000e+02 4.169869e-08
8.200000e+02 3.591017e-07
8.210000e+02 3.199872e-07
8.220000e+02 2.971874e-07
8.230000e+02 2.425629e-07
8.240000e+02 4.483998e-07
8.250000e+02 3.871049e-07
8.260000e+02 3.257310e-07
8.270000e+02 3.019981e-07
8.280000e+02 2.620201e-07
8.290000e+02 2.233904e-07
8.300000e+02 6.544241e-08
8.310000e+02 3.880269e-07
8.320000e+02 3.422890e-07
8.330000e+02 2.733616e-07
8.340000e+02 2.377702e-07
8.350000e+02 2.244629e-07
8.360000e+02 2.244080e-07
8.370000e+02 5.849287e-08
8.380000e+02 3.856754e-07
8.390000e+02 3.361713e-07
8.400000e+02 2.447679e-07
8.410000e+02 2.116045e-07
8.420000e+02 1.857761e-07
8.430000e+02 2.328768e-07
8.440000e+02 3.944408e-07
8.450000e+02 3.362774e-07
8.460000e+02 2.745494e-07
8.470000e+02 2.335646e-07
8.480000e+02 2.290299e-07
8.490000e+02 2.024785e-07
8.500000e+02 2.294753e-07
8.510000e+02 5.482337e-08
8.520000e+02 3.561406e-07
8.530000e+02 3.095239e-07
8.540000e+02 2.620464e-07
8.550000e+02 2.438980e-07
8.560000e+02 1.727479e-07
8.570000e+02 2.113883e-07
8.580000e+02 3.707903e-07
8.590000e+02 3.124448e-07
8.600000e+02 2.573325e-07
8.610000e+02 2.182236e-07
8.620000e+02 1.781105e-07
8.630000e+02 1.623262e-07
8.640000e+02 1.448048e-07
8.650000e+02 2.011926e-07
8.660000e+02 3.881050e-07
8.670000e+02 3.355177e-07
8.680000e+02 2.770453e-07
8.690000e+02 2.328113e-07
8.700000e+02 2.000191e-07
8.710000e+02 1.741401e-07
8.720000e+02 1.405381e-07
8.730000e+02 1.259284e-07
8.740000e+02 2.193710e-07
8.750000e+02 6.567385e-08
8.760000e+02 3.116835e-07
8.770000e+02 2.666795e-07
8.780000e+02 2.247036e-07
8.790000e+02 1.949335e-07
8.800000e+02 1.736252e-07
8.810000e+02 1.536099e-07
8.820000e+02 1.359329e-07
8.830000e+02 2.511463e-07
8.840000e+02 5.081615e-08
8.850000e+02 3.131570e-07
8.860000e+02 2.717759e-07
8.870000e+02 2.276807e-07
8.880000e+02 1.940783e-07
8.890000e+02 1.681804e-07
8.900000e+02 1.466904e-07
8.910000e+02 1.221921e-07
8.920000e+02 2.253946e-07
8.930000e+02 3.246020e-07
8.940000e+02 2.780396e-07
8.950000e+02 2.390490e-07
8.960000e+02 2.588116e-08
8.970000e+02 2.026374e-07
8.980000e+02 1.904105e-07
8.990000e+02 1.692755e-07
9.000000e+02 1.498859e-07
9.010000e+02 1.346830e-07
9.020000e+02 2.365164e-07
9.030000e+02 7.635155e-08
9.040000e+02 3.855988e-08
9.050000e+02 2.641449e-08
9.060000e+02 2.268100e-07
9.070000e+02 1.481815e-07
9.080000e+02 1.323310e-07
9.090000e+02 1.165017e-07
9.100000e+02 1.045786e-07
9.110000e+02 9.479071e-08
9.120000e+02 8.667684e-08
9.130000e+02 1.588951e-07
9.140000e+02 4.980411e-08
9.150000e+02 2.525442e-07
9.160000e+02 2.173499e-07
9.170000e+02 1.842162e-07
9.180000e+02 1.579511e-07
9.190000e+02 1.364471e-07
9.200000e+02 1.193918e-07
9.210000e+02 1.057489e-07
9.220000e+02 9.464987e-08
9.230000e+02 8.136978e-08
9.240000e+02 7.494200e-08
9.250000e+02 1.870299e-07
9.260000e+02 2.858555e-07
9.270000e+02 2.442699e-07
9.280000e+02 1.990956e-07
9.290000e+02 1.650205e-07
9.300000e+02 1.395688e-07
9.310000e+02 1.202599e-07
9.320000e+02 1.049850e-07
9.330000e+02 9.320754e-08
9.340000e+02 8.338584e-08
9.350000e+02 7.579393e-08
9.360000e+02 7.074090e-08
9.370000e+02 6.676393e-08
9.380000e+02 6.274479e-08
9.390000e+02 1.883309e-07
9.400000e+02 4.264778e-08
9.410000e+02 2.341463e-07
9.420000e+02 2.019818e-07
9.430000e+02 1.686278e-07
9.440000e+02 1.409828e-07
9.450000e+02 1.209676e-07
9.460000e+02 1.051507e-07
9.470000e+02 9.033072e-08
9.480000e+02 8.405416e-08
9.490000e+02 7.710150e-08
9.500000e+02 7.001471e-08
9.510000e+02 6.213553e-08
9.520000e+02 5.802522e-08
9.530000e+02 5.486299e-08
9.540000e+02 2.064698e-07
9.550000e+02 4.309300e-08
9.560000e+02 2.316433e-07
9.570000e+02 1.988243e-07
9.580000e+02 1.661635e-07
9.590000e+02 1.402371e-07
9.600000e+02 1.204531e-07
9.610000e+02 1.103964e-07
9.620000e+02 9.611947e-08
9.630000e+02 8.478771e-08
9.640000e+02 7.578859e-08
9.650000e+02 6.896720e-08
9.660000e+02 6.223599e-08
9.670000e+02 5.786656e-08
9.680000e+02 5.367709e-08
9.690000e+02 5.116487e-08
9.700000e+02 1.977427e-07
9.710000e+02 4.801658e-08
9.720000e+02 3.892975e-08
9.730000e+02 1.984421e-07
9.740000e+02 1.749681e-07
9.750000e+02 1.484246e-07
9.760000e+02 1.267143e-07
9.770000e+02 1.089924e-07
9.780000e+02 9.469437e-08
9.790000e+02 8.312145e-08
9.800000e+02 7.328311e-08
9.810000e+02 6.598396e-08
9.820000e+02 5.969298e-08
9.830000e+02 5.515281e-08
9.840000e+02 5.113697e-08
9.850000e+02 4.872532e-08
9.860000e+02 4.604476e-08
9.870000e+02 4.441320e-08
9.880000e+02 4.323176e-08
9.890000e+02 4.176503e-08
9.900000e+02 2.074916e-07
9.910000e+02 4.301564e-08
9.920000e+02 3.652774e-08
9.930000e+02 1.759732e-07
9.940000e+02 1.559324e-07
9.950000e+02 1.314081e-07
9.960000e+02 1.163251e-07
9.970000e+02 9.997518e-08
9.980000e+02 8.677183e-08
9.990000e+02 7.485882e-08
1.000000e+03 6.711004e-08
1.001000e+03 6.155899e-08
1.002000e+03 5.537369e-08
1.003000e+03 5.118719e-08
1.004000e+03 4.783344e-08
1.005000e+03 4.566294e-08
1.006000e+03 4.327455e-08
1.007000e+03 4.146973e-08
1.008000e+03 3.973334e-08
1.009000e+03 3.866739e-08
1.010000e+03 3.749800e-08
1.011000e+03 3.655379e-08
1.012000e+03 2.123587e-07
1.013000e+03 4.487198e-08
1.014000e+03 1.881168e-07
1.015000e+03 1.601852e-07
1.016000e+03 1.323020e-07
1.017000e+03 1.248797e-07
1.018000e+03 1.071948e-07
1.019000e+03 9.202183e-08
1.020000e+03 8.007303e-08
1.021000e+03 7.054616e-08
1.022000e+03 6.216530e-08
1.023000e+03 5.577670e-08
1.024000e+03 5.061747e-08
1.025000e+03 4.687739e-08
1.026000e+03 4.318940e-08
1.027000e+03 4.068445e-08
1.028000e+03 3.720151e-08
1.029000e+03 3.565626e-08
1.030000e+03 3.422658e-08
1.031000e+03 3.335014e-08
1.032000e+03 3.237776e-08
1.033000e+03 3.185527e-08
1.034000e+03 3.102323e-08
1.035000e+03 3.050610e-08
1.036000e+03 3.035175e-08
1.037000e+03 2.955341e-08
1.038000e+03 3.018620e-08
1.039000e+03 2.992365e-08
1.040000e+03 2.022970e-07
1.041000e+03 4.289713e-08
1.042000e+03 3.766441e-08
1.043000e+03 1.526852e-07
1.044000e+03 1.334687e-07
1.045000e+03 1.129066e-07
1.046000e+03 9.484218e-08
1.047000e+03 8.040613e-08
1.048000e+03 6.915007e-08
1.049000e+03 6.013852e-08
1.050000e+03 5.296139e-08
1.051000e+03 4.759494e-08
1.052000e+03 4.248476e-08
1.053000e+03 3.888416e-08
1.054000e+03 3.581589e-08
1.055000e+03 3.368957e-08
1.056000e+03 3.158828e-08
1.057000e+03 3.021557e-08
1.058000e+03 2.892753e-08
1.059000e+03 2.823348e-08
1.060000e+03 2.732020e-08
1.061000e+03 2.744331e-08
1.062000e+03 2.613124e-08
1.063000e+03 2.581218e-08
1.064000e+03 2.519136e-08
1.065000e+03 2.509132e-08
1.066000e+03 2.428143e-08
1.067000e+03 2.422046e-08
1.068000e+03 2.353176e-08
1.069000e+03 2.342764e-08
1.070000e+03 2.313346e-08
1.071000e+03 2.316322e-08
1.072000e+03 2.252976e-08
1.073000e+03 2.260955e-08
1.074000e+03 2.212994e-08
1.075000e+03 2.209946e-08
1.076000e+03 2.233930e-08
1.077000e+03 1.869978e-07
1.078000e+03 3.871390e-08
1.079000e+03 3.000852e-08
1.080000e+03 2.374749e-08
1.081000e+03 1.110666e-07
1.082000e+03 1.021953e-07
1.083000e+03 8.670895e-08
1.084000e+03 7.403413e-08
1.085000e+03 6.359816e-08
1.086000e+03 5.450432e-08
1.087000e+03 4.751499e-08
1.088000e+03 4.172469e-08
1.089000e+03 3.726503e-08
1.090000e+03 3.342224e-08
1.091000e+03 3.156362e-08
1.092000e+03 2.912627e-08
1.093000e+03 2.747085e-08
1.094000e+03 2.564619e-08
1.095000e+03 2.435479e-08
1.096000e+03 2.350456e-08
1.097000e+03 2.245514e-08
1.098000e+03 2.229227e-08
1.099000e+03 2.182583e-08
1.100000e+03 2.139990e-08
1.101000e+03 2.090032e-08
1.102000e+03 2.053382e-08
1.103000e+03 2.097568e-08
1.104000e+03 1.974043e-08
1.105000e+03 1.993044e-08
1.106000e+03 1.962018e-08
1.107000e+03 1.925133e-08
1.108000e+03 1.907589e-08
1.109000e+03 1.865165e-08
1.110000e+03 1.821711e-08
1.111000e+03 1.826190e-08
1.112000e+03 1.799971e-08
1.113000e+03 1.802684e-08
1.114000e+03 1.927521e-08
1.115000e+03 1.930244e-08
1.116000e+03 1.908590e-08
1.117000e+03 1.894336e-08
1.118000e+03 1.891238e-08
1.119000e+03 1.896556e-08
1.120000e+03 1.860299e-08
1.121000e+03 1.906987e-08
1.122000e+03 1.843642e-08
1.123000e+03 1.825159e-08
1.124000e+03 1.816339e-08
1.125000e+03 1.859112e-08
1.126000e+03 1.808420e-08
1.127000e+03 1.808344e-08
1.128000e+03 1.675090e-08
1.129000e+03 1.697284e-08
1.130000e+03 1.965221e-07
1.131000e+03 4.942368e-08
1.132000e+03 3.364042e-08
1.133000e+03 2.532759e-08
1.134000e+03 2.139152e-08
1.135000e+03 1.796022e-08
1.136000e+03 7.666177e-08
1.137000e+03 6.914203e-08
1.138000e+03 5.951735e-08
1.139000e+03 5.056514e-08
1.140000e+03 4.350001e-08
1.141000e+03 3.823103e-08
1.142000e+03 3.283536e-08
1.143000e+03 2.924328e-08
1.144000e+03 2.626090e-08
1.145000e+03 2.424727e-08
1.146000e+03 2.209966e-08
1.147000e+03 2.067997e-08
1.148000e+03 1.949090e-08
1.149000e+03 1.864431e-08
1.150000e+03 1.795200e-08
1.151000e+03 1.765485e-08
1.152000e+03 1.719387e-08
1.153000e+03 1.704948e-08
1.154000e+03 1.642454e-08
1.155000e+03 1.603941e-08
1.156000e+03 1.582258e-08
1.157000e+03 1.558662e-08
1.158000e+03 1.516117e-08
1.159000e+03 1.498685e-08
1.160000e+03 1.479879e-08
1.161000e+03 1.457559e-08
1.162000e+03 1.428432e-08
1.163000e+03 1.459207e-08
1.164000e+03 1.375386e-08
1.165000e+03 1.391291e-08
1.166000e+03 1.386005e-08
1.167000e+03 1.379751e-08
1.168000e+03 1.365482e-08
1.169000e+03 1.321769e-08
1.170000e+03 1.307602e-08
1.171000e+03 1.303266e-08
1.172000e+03 1.282091e-08
1.173000e+03 1.305744e-08
1.174000e+03 1.275922e-08
1.175000e+03 1.308001e-08
1.176000e+03 1.266378e-08
1.177000e+03 1.279646e-08
1.178000e+03 1.272301e-08
1.179000e+03 1.266887e-08
1.180000e+03 1.236392e-08
1.181000e+03 1.294091e-08
1.182000e+03 1.191050e-08
1.183000e+03 1.195921e-08
1.184000e+03 1.189822e-08
1.185000e+03 1.210287e-08
1.186000e+03 1.177335e-08
1.187000e+03 1.160153e-08
1.188000e+03 1.144679e-08
1.189000e+03 1.177094e-08
1.190000e+03 1.147367e-08
1.191000e+03 1.157455e-08
1.192000e+03 1.120775e-08
1.193000e+03 1.108171e-08
1.194000e+03 1.111663e-08
1.195000e+03 1.100847e-08
1.196000e+03 1.121095e-08
1.197000e+03 1.084392e-08
1.198000e+03 1.119063e-08
1.199000e+03 1.129978e-08
1.200000e+03 1.071695e-08
1.201000e+03 1.087696e-08
1.202000e+03 1.049507e-08
1.203000e+03 1.057938e-08
1.204000e+03 1.054143e-08
1.205000e+03 1.084424e-08
1.206000e+03 1.035554e-08
1.207000e+03 1.056381e-08
1.208000e+03 1.048736e-08
1.209000e+03 1.034070e-08
1.210000e+03 1.015723e-08
1.211000e+03 1.037201e-08
1.212000e+03 1.005646e-08
1.213000e+03 1.023527e-08
1.214000e+03 9.934943e-09
1.215000e+03 9.883203e-09
1.216000e+03 1.003333e-08
1.217000e+03 9.856878e-09
1.218000e+03 1.885477e-07
1.219000e+03 4.878385e-08
1.220000e+03 3.299495e-08
1.221000e+03 2.458247e-08
1.222000e+03 2.070319e-08
1.223000e+03 1.717061e-08
1.224000e+03 1.422740e-08
1.225000e+03 6.050101e-08
1.226000e+03 5.358034e-08
1.227000e+03 4.262633e-08
1.228000e+03 3.601680e-08
1.229000e+03 3.011254e-08
1.230000e+03 2.577746e-08
1.231000e+03 2.243183e-08
1.232000e+03 1.961710e-08
1.233000e+03 1.777526e-08
1.234000e+03 1.598947e-08
1.235000e+03 1.487268e-08
1.236000e+03 1.364160e-08
1.237000e+03 1.320946e-08
1.238000e+03 1.252616e-08
1.239000e+03 1.244191e-08
1.240000e+03 1.164328e-08
1.241000e+03 1.221280e-08
1.242000e+03 1.122057e-08
1.243000e+03 1.084250e-08
1.244000e+03 1.069996e-08
1.245000e+03 1.079586e-08
1.246000e+03 1.026827e-08
1.247000e+03 1.019115e-08
1.248000e+03 9.751525e-09
1.249000e+03 9.742922e-09
1.250000e+03 9.744403e-09
1.251000e+03 9.323606e-09
1.252000e+03 9.232850e-09
1.253000e+03 9.017666e-09
1.254000e+03 8.862255e-09
1.255000e+03 9.051954e-09
1.256000e+03 8.893604e-09
1.257000e+03 8.685262e-09
1.258000e+03 8.828645e-09
1.259000e+03 8.599259e-09
1.260000e+03 8.195722e-09
1.261000e+03 8.405497e-09
1.262000e+03 8.018873e-09
1.263000e+03 8.337752e-09
1.264000e+03 8.002998e-09
1.265000e+03 8.123536e-09
1.266000e+03 7.815307e-09
1.267000e+03 7.953171e-09
1.268000e+03 8.163034e-09
1.269000e+03 7.960982e-09
1.270000e+03 7.823759e-09
1.271000e+03 8.144568e-09
1.272000e+03 7.843705e-09
1.273000e+03 8.040582e-09
1.274000e+03 7.766460e-09
1.275000e+03 7.776465e-09
1.276000e+03 7.258859e-09
1.277000e+03 6.955938e-09
1.278000e+03 6.827794e-09
1.279000e+03 6.982461e-09
1.280000e+03 6.977158e-09
1.281000e+03 6.953288e-09
1.282000e+03 6.708674e-09
1.283000e+03 7.572362e-09
1.284000e+03 6.828504e-09
1.285000e+03 7.279761e-09
1.286000e+03 6.815642e-09
1.287000e+03 7.012657e-09
1.288000e+03 6.970047e-09
1.289000e+03 6.570736e-09
1.290000e+03 6.491792e-09
1.291000e+03 7.069059e-09
1.292000e+03 7.004422e-09
1.293000e+03 6.990113e-09
1.294000e+03 6.979348e-09
1.295000e+03 7.390930e-09
1.296000e+03 6.852418e-09
1.297000e+03 7.089203e-09
1.298000e+03 7.100014e-09
1.299000e+03 7.167128e-09
1.300000e+03 6.931785e-09
1.301000e+03 7.868097e-09
1.302000e+03 6.907771e-09
1.303000e+03 7.010745e-09
1.304000e+03 6.776533e-09
1.305000e+03 7.326233e-09
1.306000e+03 6.837907e-09
1.307000e+03 6.742362e-09
1.308000e+03 6.536953e-09
1.309000e+03 6.685100e-09
1.310000e+03 6.692371e-09
1.311000e+03 6.615970e-09
1.312000e+03 6.445885e-09
1.313000e+03 6.683517e-09
1.314000e+03 6.436318e-09
1.315000e+03 6.455686e-09
1.316000e+03 6.565794e-09
1.317000e+03 6.470304e-09
1.318000e+03 6.681897e-09
1.319000e+03 6.839562e-09
1.320000e+03 6.137836e-09
1.321000e+03 6.684995e-09
1.322000e+03 6.085822e-09
1.323000e+03 6.136806e-09
1.324000e+03 5.975636e-09
1.325000e+03 6.330905e-09
1.326000e+03 5.880379e-09
1.327000e+03 6.334003e-09
1.328000e+03 6.012715e-09
1.329000e+03 5.876853e-09
1.330000e+03 6.056410e-09
1.331000e+03 6.358721e-09
1.332000e+03 6.272169e-09
1.333000e+03 6.376979e-09
1.334000e+03 6.053842e-09
1.335000e+03 5.950805e-09
1.336000e+03 6.130939e-09
1.337000e+03 5.979023e-09
1.338000e+03 5.745844e-09
1.339000e+03 5.863705e-09
1.340000e+03 5.825997e-09
1.341000e+03 5.807333e-09
1.342000e+03 5.830778e-09
1.343000e+03 6.437926e-09
1.344000e+03 5.601077e-09
1.345000e+03 6.117039e-09
1.346000e+03 5.715391e-09
1.347000e+03 6.120694e-09
1.348000e+03 6.071258e-09
1.349000e+03 5.859501e-09
1.350000e+03 5.663485e-09
1.351000e+03 5.598992e-09
1.352000e+03 5.399004e-09
1.353000e+03 5.656170e-09
1.354000e+03 5.588388e-09
1.355000e+03 5.777617e-09
1.356000e+03 5.298240e-09
1.357000e+03 5.413124e-09
1.358000e+03 5.634878e-09
1.359000e+03 5.898865e-09
1.360000e+03 5.551414e-09
1.361000e+03 6.322604e-09
1.362000e+03 5.584694e-09
1.363000e+03 5.546381e-09
1.364000e+03 5.538474e-09
1.365000e+03 6.113769e-09
1.366000e+03 5.626095e-09
1.367000e+03 5.591687e-09
1.368000e+03 5.082410e-09
1.369000e+03 5.431582e-09
1.370000e+03 5.248709e-09
1.371000e+03 5.037484e-09
1.372000e+03 1.896497e-07
1.373000e+03 4.655565e-08
1.374000e+03 3.436532e-08
1.375000e+03 2.529291e-08
1.376000e+03 1.512666e-08
1.377000e+03 1.229488e-08
1.378000e+03 1.002748e-08
1.379000e+03 4.853297e-08
1.380000e+03 4.211240e-08
1.381000e+03 3.528157e-08
1.382000e+03 2.903094e-08
1.383000e+03 2.443096e-08
1.384000e+03 2.106589e-08
1.385000e+03 1.822930e-08
1.386000e+03 1.548637e-08
1.387000e+03 1.344831e-08
1.388000e+03 1.154265e-08
1.389000e+03 1.019560e-08
1.390000e+03 9.384935e-09
1.391000e+03 9.010218e-09
1.392000e+03 8.204504e-09
1.393000e+03 7.940652e-09
1.394000e+03 7.578281e-09
1.395000e+03 7.368480e-09
1.396000e+03 7.219148e-09
1.397000e+03 7.133721e-09
1.398000e+03 6.797661e-09
1.399000e+03 6.869181e-09
1.400000e+03 6.674895e-09
1.401000e+03 6.591443e-09
1.402000e+03 6.500522e-09
1.403000e+03 6.742025e-09
1.404000e+03 5.813435e-09
1.405000e+03 6.184677e-09
1.406000e+03 5.938171e-09
1.407000e+03 5.923900e-09
1.408000e+03 5.752780e-09
1.409000e+03 5.335344e-09
1.410000e+03 5.086208e-09
1.411000e+03 5.168559e-09
1.412000e+03 5.085117e-09
1.413000e+03 5.244764e-09
1.414000e+03 5.014023e-09
1.415000e+03 5.302037e-09
1.416000e+03 5.040544e-09
1.417000e+03 5.141502e-09
1.418000e+03 5.301759e-09
1.419000e+03 5.208362e-09
1.420000e+03 5.073605e-09
1.421000e+03 5.165507e-09
1.422000e+03 4.815600e-09
1.423000e+03 4.820056e-09
1.424000e+03 4.748797e-09
1.425000e+03 5.190742e-09
1.426000e+03 4.744099e-09
1.427000e+03 4.820971e-09
1.428000e+03 4.487708e-09
1.429000e+03 4.800252e-09
1.430000e+03 4.567574e-09
1.431000e+03 4.800569e-09
1.432000e+03 4.458221e-09
1.433000e+03 4.321879e-09
1.434000e+03 4.425504e-09
1.435000e+03 4.364238e-09
1.436000e+03 4.630129e-09
1.437000e+03 4.315509e-09
1.438000e+03 4.652055e-09
1.439000e+03 4.779630e-09
1.440000e+03 4.215688e-09
1.441000e+03 4.615628e-09
1.442000e+03 4.183479e-09
1.443000e+03 4.481848e-09
1.444000e+03 4.488676e-09
1.445000e+03 4.989929e-09
1.446000e+03 4.529810e-09
1.447000e+03 4.886841e-09
1.448000e+03 4.730084e-09
1.449000e+03 4.714437e-09
1.450000e+03 4.735174e-09
1.451000e+03 4.869858e-09
1.452000e+03 4.552281e-09
1.453000e+03 4.631061e-09
1.454000e+03 4.526370e-09
1.455000e+03 4.474671e-09
1.456000e+03 4.683765e-09
1.457000e+03 4.342506e-09
1.458000e+03 4.383642e-09
1.459000e+03 4.263338e-09
1.460000e+03 4.621239e-09
1.461000e+03 4.609165e-09
1.462000e+03 4.305637e-09
1.463000e+03 5.109795e-09
1.464000e+03 4.251313e-09
1.465000e+03 4.788266e-09
1.466000e+03 4.658349e-09
1.467000e+03 4.616437e-09
1.468000e+03 4.831578e-09
1.469000e+03 4.220882e-09
1.470000e+03 4.187854e-09
1.471000e+03 4.277453e-09
1.472000e+03 4.058046e-09
1.473000e+03 4.335491e-09
1.474000e+03 4.131386e-09
1.475000e+03 4.699261e-09
1.476000e+03 4.421214e-09
1.477000e+03 4.501712e-09
1.478000e+03 4.252724e-09
1.479000e+03 4.533149e-09
1.480000e+03 4.164380e-09
1.481000e+03 4.983491e-09
1.482000e+03 4.293437e-09
1.483000e+03 4.329709e-09
1.484000e+03 4.404008e-09
1.485000e+03 4.575112e-09
1.486000e+03 4.361638e-09
1.487000e+03 4.533528e-09
1.488000e+03 4.242726e-09
1.489000e+03 4.374650e-09
1.490000e+03 4.361572e-09
1.491000e+03 4.251371e-09
1.492000e+03 4.067834e-09
1.493000e+03 4.016979e-09
1.494000e+03 4.076376e-09
1.495000e+03 4.253188e-09
1.496000e+03 4.297626e-09
1.497000e+03 4.158800e-09
1.498000e+03 4.372667e-09
1.499000e+03 4.271712e-09
1.500000e+03 4.188269e-09
1.501000e+03 4.246890e-09
1.502000e+03 3.924146e-09
1.503000e+03 4.140836e-09
1.504000e+03 3.936992e-09
1.505000e+03 4.161499e-09
1.506000e+03 3.951476e-09
1.507000e+03 3.879393e-09
1.508000e+03 4.146998e-09
1.509000e+03 4.089831e-09
1.510000e+03 3.931602e-09
1.511000e+03 4.116166e-09
1.512000e+03 3.963082e-09
1.513000e+03 4.388413e-09
1.514000e+03 3.953845e-09
1.515000e+03 4.028756e-09
1.516000e+03 4.099650e-09
1.517000e+03 3.904758e-09
1.518000e+03 3.946122e-09
1.519000e+03 4.179972e-09
1.520000e+03 3.940339e-09
1.521000e+03 3.800340e-09
1.522000e+03 3.770157e-09
1.523000e+03 4.343275e-09
1.524000e+03 3.986838e-09
1.525000e+03 4.575451e-09
1.526000e+03 4.066834e-09
1.527000e+03 4.350651e-09
1.528000e+03 4.183336e-09
1.529000e+03 3.822017e-09
1.530000e+03 3.815516e-09
1.531000e+03 3.623306e-09
1.532000e+03 3.602974e-09
1.533000e+03 3.808763e-09
1.534000e+03 3.627426e-09
1.535000e+03 4.093608e-09
1.536000e+03 3.679520e-09
1.537000e+03 3.852612e-09
1.538000e+03 3.812786e-09
1.539000e+03 4.017076e-09
1.540000e+03 3.664277e-09
1.541000e+03 4.606700e-09
1.542000e+03 3.707569e-09
1.543000e+03 3.965598e-09
1.544000e+03 3.746190e-09
1.545000e+03 4.340685e-09
1.546000e+03 3.810382e-09
1.547000e+03 3.856510e-09
1.548000e+03 3.767992e-09
1.549000e+03 3.692989e-09
1.550000e+03 3.973300e-09
1.551000e+03 3.946794e-09
1.552000e+03 3.546910e-09
1.553000e+03 3.646994e-09
1.554000e+03 3.691592e-09
1.555000e+03 3.659335e-09
1.556000e+03 3.802939e-09
1.557000e+03 3.694964e-09
1.558000e+03 4.044020e-09
1.559000e+03 4.115264e-09
1.560000e+03 3.463789e-09
1.561000e+03 4.045653e-09
1.562000e+03 3.480208e-09
1.563000e+03 3.545174e-09
1.564000e+03 3.400785e-09
1.565000e+03 3.642319e-09
1.566000e+03 3.516813e-09
1.567000e+03 3.614390e-09
1.568000e+03 3.607052e-09
1.569000e+03 3.440611e-09
1.570000e+03 3.490428e-09
1.571000e+03 3.764777e-09
1.572000e+03 3.518671e-09
1.573000e+03 3.852069e-09
1.574000e+03 3.514917e-09
1.575000e+03 3.729298e-09
1.576000e+03 3.787076e-09
1.577000e+03 3.790264e-09
1.578000e+03 3.451351e-09
1.579000e+03 3.445608e-09
1.580000e+03 3.615330e-09
1.581000e+03 3.430953e-09
1.582000e+03 3.429742e-09
1.583000e+03 4.413143e-09
1.584000e+03 3.393069e-09
1.585000e+03 3.731146e-09
1.586000e+03 3.571192e-09
1.587000e+03 3.651606e-09
1.588000e+03 3.625647e-09
1.589000e+03 3.556716e-09
1.590000e+03 3.289459e-09
1.591000e+03 3.440216e-09
1.592000e+03 3.248801e-09
1.593000e+03 3.543249e-09
1.594000e+03 3.292314e-09
1.595000e+03 3.617069e-09
1.596000e+03 3.167461e-09
1.597000e+03 3.458871e-09
1.598000e+03 3.639486e-09
1.599000e+03 3.790309e-09
1.600000e+03 3.574844e-09
1.601000e+03 4.126972e-09
1.602000e+03 3.377294e-09
1.603000e+03 3.595826e-09
1.604000e+03 3.398691e-09
1.605000e+03 4.366777e-09
1.606000e+03 3.805633e-09
1.607000e+03 3.842030e-09
1.608000e+03 3.499719e-09
1.609000e+03 3.762661e-09
1.610000e+03 3.674607e-09
1.611000e+03 3.615625e-09
1.612000e+03 3.379192e-09
1.613000e+03 3.628434e-09
1.614000e+03 3.439287e-09
1.615000e+03 3.556062e-09
1.616000e+03 3.461822e-09
1.617000e+03 3.342813e-09
1.618000e+03 3.553529e-09
1.619000e+03 3.712946e-09
1.620000e+03 3.203203e-09
1.621000e+03 3.903358e-09
1.622000e+03 3.226913e-09
1.623000e+03 3.600010e-09
1.624000e+03 3.221841e-09
1.625000e+03 3.693987e-09
1.626000e+03 3.342753e-09
1.627000e+03 3.335051e-09
1.628000e+03 3.494617e-09
1.629000e+03 3.194144e-09
1.630000e+03 3.258688e-09
1.631000e+03 3.312778e-09
1.632000e+03 3.197097e-09
1.633000e+03 3.448727e-09
1.634000e+03 3.250318e-09
1.635000e+03 3.386607e-09
1.636000e+03 3.386300e-09
1.637000e+03 3.407831e-09
1.638000e+03 3.214678e-09
1.639000e+03 3.409370e-09
1.640000e+03 3.267384e-09
1.641000e+03 3.452233e-09
1.642000e+03 3.267873e-09
1.643000e+03 1.201066e-07
1.644000e+03 4.038795e-08
1.645000e+03 2.545850e-08
1.646000e+03 1.670296e-08
1.647000e+03 1.283808e-08
1.648000e+03 1.041076e-08
1.649000e+03 8.442763e-09
1.650000e+03 4.434553e-08
1.651000e+03 3.819703e-08
1.652000e+03 3.154384e-08
1.653000e+03 2.617228e-08
1.654000e+03 2.154551e-08
1.655000e+03 1.813472e-08
1.656000e+03 1.495594e-08
1.657000e+03 1.285708e-08
1.658000e+03 1.107870e-08
1.659000e+03 9.625336e-09
1.660000e+03 8.527195e-09
1.661000e+03 8.205430e-09
1.662000e+03 7.084894e-09
1.663000e+03 6.748017e-09
1.664000e+03 6.097668e-09
1.665000e+03 6.611500e-09
1.666000e+03 5.819183e-09
1.667000e+03 5.579175e-09
1.668000e+03 5.160375e-09
1.669000e+03 5.462444e-09
1.670000e+03 4.994971e-09
1.671000e+03 5.082957e-09
1.672000e+03 4.753461e-09
1.673000e+03 4.621450e-09
1.674000e+03 4.676320e-09
1.675000e+03 4.346872e-09
1.676000e+03 4.303366e-09
1.677000e+03 4.181170e-09
1.678000e+03 4.379632e-09
1.679000e+03 4.558855e-09
1.680000e+03 3.832270e-09
1.681000e+03 4.213624e-09
1.682000e+03 3.784069e-09
1.683000e+03 3.862896e-09
1.684000e+03 3.614988e-09
1.685000e+03 3.898809e-09
1.686000e+03 3.409533e-09
1.687000e+03 3.767595e-09
1.688000e+03 3.653932e-09
1.689000e+03 3.561806e-09
1.690000e+03 3.341938e-09
1.691000e+03 3.448789e-09
1.692000e+03 3.436884e-09
1.693000e+03 3.584992e-09
1.694000e+03 3.465319e-09
1.695000e+03 3.454478e-09
1.696000e+03 3.728588e-09
1.697000e+03 3.535381e-09
1.698000e+03 3.505412e-09
1.699000e+03 3.378260e-09
1.700000e+03 3.566458e-09
1.701000e+03 3.605161e-09
1.702000e+03 3.403783e-09
1.703000e+03 4.266062e-09
1.704000e+03 3.440373e-09
1.705000e+03 3.954008e-09
1.706000e+03 3.693631e-09
1.707000e+03 3.653114e-09
1.708000e+03 3.630788e-09
1.709000e+03 3.318260e-09
1.710000e+03 3.260281e-09
1.711000e+03 3.431541e-09
1.712000e+03 3.212067e-09
1.713000e+03 3.290393e-09
1.714000e+03 3.296288e-09
1.715000e+03 3.443506e-09
1.716000e+03 3.490293e-09
1.717000e+03 3.589398e-09
1.718000e+03 3.408439e-09
1.719000e+03 3.629364e-09
1.720000e+03 3.270383e-09
1.721000e+03 4.023754e-09
1.722000e+03 3.345662e-09
1.723000e+03 3.522763e-09
1.724000e+03 3.418501e-09
1.725000e+03 3.650010e-09
1.726000e+03 3.123926e-09
1.727000e+03 3.413532e-09
1.728000e+03 2.997659e-09
1.729000e+03 3.349593e-09
1.730000e+03 3.051760e-09
1.731000e+03 3.250980e-09
1.732000e+03 3.169647e-09
1.733000e+03 2.952856e-09
1.734000e+03 3.010127e-09
1.735000e+03 3.085982e-09
1.736000e+03 3.262665e-09
1.737000e+03 3.035988e-09
1.738000e+03 3.260216e-09
1.739000e+03 3.311749e-09
1.740000e+03 2.914635e-09
1.741000e+03 3.178906e-09
1.742000e+03 2.919736e-09
1.743000e+03 3.251965e-09
1.744000e+03 2.929135e-09
1.745000e+03 3.191383e-09
1.746000e+03 3.067714e-09
1.747000e+03 3.069231e-09
1.748000e+03 3.100878e-09
1.749000e+03 3.194897e-09
1.750000e+03 2.988295e-09
1.751000e+03 3.016532e-09
1.752000e+03 2.949877e-09
1.753000e+03 3.294857e-09
1.754000e+03 2.961776e-09
1.755000e+03 3.034300e-09
1.756000e+03 3.147446e-09
1.757000e+03 2.940646e-09
1.758000e+03 2.939802e-09
1.759000e+03 2.967911e-09
1.760000e+03 3.030356e-09
1.761000e+03 2.892700e-09
1.762000e+03 2.966629e-09
1.763000e+03 3.425198e-09
1.764000e+03 3.000859e-09
1.765000e+03 3.518026e-09
1.766000e+03 3.116161e-09
1.767000e+03 3.431778e-09
1.768000e+03 3.325646e-09
1.769000e+03 3.000610e-09
1.770000e+03 2.910920e-09
1.771000e+03 2.762688e-09
1.772000e+03 2.902043e-09
1.773000e+03 2.975388e-09
1.774000e+03 2.939435e-09
1.775000e+03 3.280095e-09
1.776000e+03 2.737035e-09
1.777000e+03 2.918163e-09
1.778000e+03 2.987919e-09
1.779000e+03 3.033898e-09
1.780000e+03 2.894990e-09
1.781000e+03 3.663227e-09
1.782000e+03 2.877131e-09
1.783000e+03 3.270299e-09
1.784000e+03 3.031631e-09
1.785000e+03 3.620157e-09
1.786000e+03 2.997021e-09
1.787000e+03 3.070056e-09
1.788000e+03 2.938063e-09
1.789000e+03 3.072667e-09
1.790000e+03 3.061088e-09
1.791000e+03 3.279884e-09
1.792000e+03 2.811969e-09
1.793000e+03 2.782485e-09
1.794000e+03 2.824038e-09
1.795000e+03 2.839236e-09
1.796000e+03 3.217450e-09
1.797000e+03 3.007416e-09
1.798000e+03 3.296358e-09
1.799000e+03 3.396794e-09
1.800000e+03 2.776709e-09
