Title ="THE FLUX ERR"
Variables=
iter
residual
1.000000e+00 1.185355e-03
2.000000e+00 4.977567e-03
3.000000e+00 5.932852e-03
4.000000e+00 2.055342e-04
5.000000e+00 3.116460e-03
6.000000e+00 1.656864e-03
7.000000e+00 5.178027e-04
8.000000e+00 7.450738e-04
9.000000e+00 7.045093e-04
1.000000e+01 5.921075e-04
1.100000e+01 3.912554e-04
1.200000e+01 2.350339e-04
1.300000e+01 1.232838e-04
1.400000e+01 1.542642e-04
1.500000e+01 2.198835e-04
1.600000e+01 2.365212e-05
1.700000e+01 1.879052e-05
1.800000e+01 1.343662e-05
1.900000e+01 1.849669e-05
2.000000e+01 1.660356e-05
2.100000e+01 2.458928e-05
2.200000e+01 3.038219e-05
2.300000e+01 2.646964e-05
2.400000e+01 2.118930e-05
2.500000e+01 1.652082e-05
2.600000e+01 2.040445e-05
2.700000e+01 2.470877e-05
2.800000e+01 3.322996e-05
2.900000e+01 4.257849e-05
3.000000e+01 2.611388e-05
3.100000e+01 2.460626e-05
3.200000e+01 2.916923e-05
3.300000e+01 1.446902e-05
3.400000e+01 2.051435e-05
3.500000e+01 1.653723e-05
3.600000e+01 2.784799e-05
3.700000e+01 2.217176e-05
3.800000e+01 1.695504e-05
3.900000e+01 2.078798e-05
4.000000e+01 1.138041e-05
4.100000e+01 1.040115e-05
4.200000e+01 8.313473e-06
4.300000e+01 9.559384e-06
4.400000e+01 8.133637e-06
4.500000e+01 1.085692e-05
4.600000e+01 5.354459e-05
4.700000e+01 5.923698e-05
4.800000e+01 6.295146e-05
4.900000e+01 1.141666e-05
5.000000e+01 5.311723e-05
5.100000e+01 1.373242e-05
5.200000e+01 5.465007e-05
5.300000e+01 7.549890e-05
5.400000e+01 8.274129e-05
5.500000e+01 7.740304e-05
5.600000e+01 7.005367e-05
5.700000e+01 7.889791e-05
5.800000e+01 8.342258e-05
5.900000e+01 7.196934e-05
6.000000e+01 6.504358e-05
6.100000e+01 5.392890e-05
6.200000e+01 6.284164e-05
6.300000e+01 7.237435e-05
6.400000e+01 6.635873e-05
6.500000e+01 5.975016e-05
6.600000e+01 5.337109e-05
6.700000e+01 6.081331e-05
6.800000e+01 4.794237e-05
6.900000e+01 5.268027e-05
7.000000e+01 5.534099e-05
7.100000e+01 7.565371e-05
7.200000e+01 8.684152e-05
7.300000e+01 8.230215e-05
7.400000e+01 8.880166e-05
7.500000e+01 8.602187e-05
7.600000e+01 8.265977e-05
7.700000e+01 8.462847e-05
7.800000e+01 1.042907e-04
7.900000e+01 1.298733e-04
8.000000e+01 1.026323e-04
8.100000e+01 9.768949e-05
8.200000e+01 1.067864e-04
8.300000e+01 1.251590e-04
8.400000e+01 1.281273e-04
8.500000e+01 1.197475e-04
8.600000e+01 9.127752e-05
8.700000e+01 1.018997e-04
8.800000e+01 8.174715e-05
8.900000e+01 5.299105e-05
9.000000e+01 7.195306e-05
9.100000e+01 5.628347e-05
9.200000e+01 5.644148e-05
9.300000e+01 4.154362e-05
9.400000e+01 3.393887e-05
9.500000e+01 2.577937e-05
9.600000e+01 2.935035e-05
9.700000e+01 3.702796e-05
9.800000e+01 4.420778e-05
9.900000e+01 5.205853e-05
1.000000e+02 4.354236e-06
1.010000e+02 4.704902e-06
1.020000e+02 6.705853e-06
1.030000e+02 5.318519e-06
1.040000e+02 9.286591e-06
1.050000e+02 9.561466e-06
1.060000e+02 1.196608e-05
1.070000e+02 7.913364e-06
1.080000e+02 6.210414e-06
1.090000e+02 1.196640e-05
1.100000e+02 1.299908e-05
1.110000e+02 1.231387e-05
1.120000e+02 1.201862e-05
1.130000e+02 7.767387e-06
1.140000e+02 1.095983e-05
1.150000e+02 1.153726e-05
1.160000e+02 8.525351e-06
1.170000e+02 1.054106e-05
1.180000e+02 1.031077e-05
1.190000e+02 4.906155e-05
1.200000e+02 8.353429e-06
1.210000e+02 5.127062e-05
1.220000e+02 5.462321e-05
1.230000e+02 4.648909e-05
1.240000e+02 3.413379e-05
1.250000e+02 3.563590e-05
1.260000e+02 3.681961e-05
1.270000e+02 3.065778e-05
1.280000e+02 2.034470e-05
1.290000e+02 1.838915e-05
1.300000e+02 1.345800e-05
1.310000e+02 9.533252e-06
1.320000e+02 1.241751e-05
1.330000e+02 1.268971e-05
1.340000e+02 1.293889e-05
1.350000e+02 1.716832e-05
1.360000e+02 1.978788e-05
1.370000e+02 2.403237e-05
1.380000e+02 2.091859e-05
1.390000e+02 2.482355e-05
1.400000e+02 2.842743e-05
1.410000e+02 2.263828e-05
1.420000e+02 2.380489e-05
1.430000e+02 2.443782e-05
1.440000e+02 3.064925e-05
1.450000e+02 4.798445e-06
1.460000e+02 2.565324e-05
1.470000e+02 2.828225e-05
1.480000e+02 5.968019e-06
1.490000e+02 6.076204e-06
1.500000e+02 2.301304e-05
1.510000e+02 2.630925e-05
1.520000e+02 5.259120e-06
1.530000e+02 2.604257e-05
1.540000e+02 4.584276e-06
1.550000e+02 2.423064e-05
1.560000e+02 3.395595e-06
1.570000e+02 2.519291e-05
1.580000e+02 2.504738e-05
1.590000e+02 2.340440e-05
1.600000e+02 1.933922e-05
1.610000e+02 1.595411e-05
1.620000e+02 1.320565e-05
1.630000e+02 1.634028e-05
1.640000e+02 1.206372e-05
1.650000e+02 1.235563e-05
1.660000e+02 1.111208e-05
1.670000e+02 1.162997e-05
1.680000e+02 1.095924e-05
1.690000e+02 1.134556e-05
1.700000e+02 1.199493e-05
1.710000e+02 9.152342e-06
1.720000e+02 1.031218e-05
1.730000e+02 9.031844e-06
1.740000e+02 8.467070e-06
1.750000e+02 7.570397e-06
1.760000e+02 7.280241e-06
1.770000e+02 6.902831e-06
1.780000e+02 6.420516e-06
1.790000e+02 6.804063e-06
1.800000e+02 6.332704e-06
1.810000e+02 6.335537e-06
1.820000e+02 6.726898e-06
1.830000e+02 6.100318e-06
1.840000e+02 6.585279e-06
1.850000e+02 6.808933e-06
1.860000e+02 6.418994e-06
1.870000e+02 6.325309e-06
1.880000e+02 6.399268e-06
1.890000e+02 6.111061e-06
1.900000e+02 6.791584e-06
1.910000e+02 6.243296e-06
1.920000e+02 6.069403e-06
1.930000e+02 6.069562e-06
1.940000e+02 5.375840e-06
1.950000e+02 5.687190e-06
1.960000e+02 6.292723e-06
1.970000e+02 5.427536e-06
1.980000e+02 5.733502e-06
1.990000e+02 5.843102e-06
2.000000e+02 6.792725e-06
2.010000e+02 6.211343e-06
2.020000e+02 5.512863e-06
2.030000e+02 5.264929e-06
2.040000e+02 5.288043e-06
2.050000e+02 4.883913e-06
2.060000e+02 5.668355e-06
2.070000e+02 3.782371e-06
2.080000e+02 4.292947e-06
2.090000e+02 4.258223e-06
2.100000e+02 4.152989e-06
2.110000e+02 3.722156e-06
2.120000e+02 4.337527e-06
2.130000e+02 4.262299e-06
2.140000e+02 3.327172e-06
2.150000e+02 3.019920e-06
2.160000e+02 3.632482e-06
2.170000e+02 3.463863e-06
2.180000e+02 2.578155e-06
2.190000e+02 3.102877e-06
2.200000e+02 3.372016e-06
2.210000e+02 2.677564e-06
2.220000e+02 2.668890e-06
2.230000e+02 2.496694e-06
2.240000e+02 2.480686e-06
2.250000e+02 2.368921e-06
2.260000e+02 2.240483e-06
2.270000e+02 2.521197e-06
2.280000e+02 2.069555e-06
2.290000e+02 2.157012e-06
2.300000e+02 2.170368e-06
2.310000e+02 1.886509e-06
2.320000e+02 1.646680e-06
2.330000e+02 1.682838e-06
2.340000e+02 1.812369e-06
2.350000e+02 1.670188e-06
2.360000e+02 1.767631e-06
2.370000e+02 1.750842e-06
2.380000e+02 1.666573e-06
2.390000e+02 1.678051e-06
2.400000e+02 1.758056e-06
2.410000e+02 1.751437e-06
2.420000e+02 1.751078e-06
2.430000e+02 1.719543e-06
2.440000e+02 1.734612e-06
2.450000e+02 1.713608e-06
2.460000e+02 1.692336e-06
2.470000e+02 1.650179e-06
2.480000e+02 1.835561e-06
2.490000e+02 1.860583e-06
2.500000e+02 1.802600e-06
2.510000e+02 1.688937e-06
2.520000e+02 1.679060e-06
2.530000e+02 1.531283e-06
2.540000e+02 1.648925e-06
2.550000e+02 1.685039e-06
2.560000e+02 1.633190e-06
2.570000e+02 1.659580e-06
2.580000e+02 1.510404e-06
2.590000e+02 1.415978e-06
2.600000e+02 1.471159e-06
2.610000e+02 1.562033e-06
2.620000e+02 1.762056e-06
2.630000e+02 1.549483e-06
2.640000e+02 1.315656e-06
2.650000e+02 1.218198e-06
2.660000e+02 1.170475e-06
2.670000e+02 1.203500e-06
2.680000e+02 1.195394e-06
2.690000e+02 1.187899e-06
2.700000e+02 1.105255e-06
2.710000e+02 1.083901e-06
2.720000e+02 1.025373e-06
2.730000e+02 1.088754e-06
2.740000e+02 1.062828e-06
2.750000e+02 1.056549e-06
2.760000e+02 9.952375e-07
2.770000e+02 9.362723e-07
2.780000e+02 9.209606e-07
2.790000e+02 8.117914e-07
2.800000e+02 8.955092e-07
2.810000e+02 8.766443e-07
2.820000e+02 8.706448e-07
2.830000e+02 8.083753e-07
2.840000e+02 7.849747e-07
2.850000e+02 7.882430e-07
2.860000e+02 7.614667e-07
2.870000e+02 7.174724e-07
2.880000e+02 6.904278e-07
2.890000e+02 6.859469e-07
2.900000e+02 7.150188e-07
2.910000e+02 7.025676e-07
2.920000e+02 6.870732e-07
2.930000e+02 6.140890e-07
2.940000e+02 7.378838e-07
2.950000e+02 6.845377e-07
2.960000e+02 7.673788e-07
2.970000e+02 5.913316e-07
2.980000e+02 5.322048e-07
2.990000e+02 5.276304e-07
3.000000e+02 5.465218e-07
3.010000e+02 5.510353e-07
3.020000e+02 5.378832e-07
3.030000e+02 5.408215e-07
3.040000e+02 5.359201e-07
3.050000e+02 5.424831e-07
3.060000e+02 5.351601e-07
3.070000e+02 4.900585e-07
3.080000e+02 4.988806e-07
3.090000e+02 4.908000e-07
3.100000e+02 4.730728e-07
3.110000e+02 4.559663e-07
3.120000e+02 4.698801e-07
3.130000e+02 4.686616e-07
3.140000e+02 4.626851e-07
3.150000e+02 4.536836e-07
3.160000e+02 4.414641e-07
3.170000e+02 4.249003e-07
3.180000e+02 4.135685e-07
3.190000e+02 3.946909e-07
3.200000e+02 3.979927e-07
3.210000e+02 3.840503e-07
3.220000e+02 3.588562e-07
3.230000e+02 3.517333e-07
3.240000e+02 3.629811e-07
3.250000e+02 3.656531e-07
3.260000e+02 3.653932e-07
3.270000e+02 3.562940e-07
3.280000e+02 3.525312e-07
3.290000e+02 3.299586e-07
3.300000e+02 3.218018e-07
3.310000e+02 2.992980e-07
3.320000e+02 2.961805e-07
3.330000e+02 2.862146e-07
3.340000e+02 2.801724e-07
3.350000e+02 2.747562e-07
3.360000e+02 2.612675e-07
3.370000e+02 2.647543e-07
3.380000e+02 2.591876e-07
3.390000e+02 2.528275e-07
3.400000e+02 2.500219e-07
3.410000e+02 2.467346e-07
3.420000e+02 2.387898e-07
3.430000e+02 2.371820e-07
3.440000e+02 2.322572e-07
3.450000e+02 2.324145e-07
3.460000e+02 2.338703e-07
3.470000e+02 2.219558e-07
3.480000e+02 2.272105e-07
3.490000e+02 2.215546e-07
3.500000e+02 2.176842e-07
3.510000e+02 2.169048e-07
3.520000e+02 2.118647e-07
3.530000e+02 2.098960e-07
3.540000e+02 2.152528e-07
3.550000e+02 1.994448e-07
3.560000e+02 2.059805e-07
3.570000e+02 1.918020e-07
3.580000e+02 1.912315e-07
3.590000e+02 1.989099e-07
3.600000e+02 2.007154e-07
3.610000e+02 1.893612e-07
3.620000e+02 1.847662e-07
3.630000e+02 1.793270e-07
3.640000e+02 1.857390e-07
3.650000e+02 1.912270e-07
3.660000e+02 2.006092e-07
3.670000e+02 2.038863e-07
3.680000e+02 2.008690e-07
3.690000e+02 1.977802e-07
3.700000e+02 2.098241e-07
3.710000e+02 1.765516e-07
3.720000e+02 1.815946e-07
3.730000e+02 1.795799e-07
3.740000e+02 1.811953e-07
3.750000e+02 1.710876e-07
3.760000e+02 1.700126e-07
3.770000e+02 1.825003e-07
3.780000e+02 1.656803e-07
3.790000e+02 1.675768e-07
3.800000e+02 1.682239e-07
3.810000e+02 1.618019e-07
3.820000e+02 1.600742e-07
3.830000e+02 1.603103e-07
3.840000e+02 1.593125e-07
3.850000e+02 1.595967e-07
3.860000e+02 1.574187e-07
3.870000e+02 1.581880e-07
3.880000e+02 1.546637e-07
3.890000e+02 1.572573e-07
3.900000e+02 1.568323e-07
3.910000e+02 1.541945e-07
3.920000e+02 1.583024e-07
3.930000e+02 1.643046e-07
3.940000e+02 1.588956e-07
3.950000e+02 1.552231e-07
3.960000e+02 4.223024e-08
3.970000e+02 5.995260e-08
3.980000e+02 4.127549e-08
3.990000e+02 2.239849e-07
4.000000e+02 5.785009e-08
4.010000e+02 3.732825e-08
4.020000e+02 1.993428e-07
4.030000e+02 5.495631e-08
4.040000e+02 3.625487e-08
4.050000e+02 1.950146e-07
4.060000e+02 5.507982e-08
4.070000e+02 3.362196e-08
4.080000e+02 1.872459e-07
4.090000e+02 6.067422e-08
4.100000e+02 2.731207e-08
4.110000e+02 1.448257e-07
4.120000e+02 4.498967e-08
4.130000e+02 3.130283e-08
4.140000e+02 1.410485e-07
4.150000e+02 4.252091e-08
4.160000e+02 2.927742e-08
4.170000e+02 1.312837e-07
4.180000e+02 1.191867e-07
4.190000e+02 5.444258e-08
4.200000e+02 3.086210e-08
4.210000e+02 1.352772e-07
4.220000e+02 5.013095e-08
4.230000e+02 2.963297e-08
4.240000e+02 1.921644e-08
4.250000e+02 1.029226e-07
4.260000e+02 5.376612e-08
4.270000e+02 2.794606e-08
4.280000e+02 1.202881e-07
4.290000e+02 9.696961e-08
4.300000e+02 5.090608e-08
4.310000e+02 2.821569e-08
4.320000e+02 1.189345e-07
4.330000e+02 9.478973e-08
4.340000e+02 7.250689e-08
4.350000e+02 5.360024e-08
4.360000e+02 2.771081e-08
4.370000e+02 9.709015e-08
4.380000e+02 7.463896e-08
4.390000e+02 6.078755e-08
4.400000e+02 4.251395e-08
4.410000e+02 2.366510e-08
4.420000e+02 9.661347e-08
4.430000e+02 7.637590e-08
4.440000e+02 6.456554e-08
4.450000e+02 4.687080e-08
4.460000e+02 2.234670e-08
4.470000e+02 9.149892e-08
4.480000e+02 7.045736e-08
4.490000e+02 5.459517e-08
4.500000e+02 4.790033e-08
4.510000e+02 5.519595e-08
4.520000e+02 1.728635e-08
4.530000e+02 8.523782e-08
4.540000e+02 6.598537e-08
4.550000e+02 4.985097e-08
4.560000e+02 4.326105e-08
4.570000e+02 4.009542e-08
4.580000e+02 5.179867e-08
4.590000e+02 1.649354e-08
4.600000e+02 8.105410e-08
4.610000e+02 6.222837e-08
4.620000e+02 4.650069e-08
4.630000e+02 3.991147e-08
4.640000e+02 3.617651e-08
4.650000e+02 5.339547e-08
4.660000e+02 1.558110e-08
4.670000e+02 7.890122e-08
4.680000e+02 5.980986e-08
4.690000e+02 4.426440e-08
4.700000e+02 3.778256e-08
4.710000e+02 3.405948e-08
4.720000e+02 3.268513e-08
4.730000e+02 3.076068e-08
4.740000e+02 5.199334e-08
4.750000e+02 1.746628e-08
4.760000e+02 1.182644e-08
4.770000e+02 5.098820e-08
4.780000e+02 4.188249e-08
4.790000e+02 3.558926e-08
4.800000e+02 3.230264e-08
4.810000e+02 3.070904e-08
4.820000e+02 2.993743e-08
4.830000e+02 2.948669e-08
4.840000e+02 5.555098e-08
4.850000e+02 1.560970e-08
4.860000e+02 1.013364e-08
4.870000e+02 4.783200e-08
4.880000e+02 5.214913e-09
4.890000e+02 2.908880e-09
4.900000e+02 1.922893e-09
4.910000e+02 1.531717e-09
4.920000e+02 1.244626e-09
4.930000e+02 2.580552e-08
4.940000e+02 2.502837e-08
4.950000e+02 2.501410e-08
4.960000e+02 5.303907e-08
4.970000e+02 1.401492e-08
4.980000e+02 9.215056e-09
4.990000e+02 4.372504e-08
5.000000e+02 3.344191e-08
5.010000e+02 2.805385e-08
5.020000e+02 2.387220e-08
5.030000e+02 2.211525e-08
5.040000e+02 2.153291e-08
5.050000e+02 2.173086e-08
5.060000e+02 2.128256e-08
5.070000e+02 2.025106e-08
5.080000e+02 1.994770e-08
5.090000e+02 7.627679e-10
5.100000e+02 6.952096e-10
5.110000e+02 5.238462e-08
5.120000e+02 1.385302e-08
5.130000e+02 9.898902e-09
5.140000e+02 6.950020e-09
5.150000e+02 2.823199e-08
5.160000e+02 2.872842e-09
5.170000e+02 1.660582e-09
5.180000e+02 1.201293e-09
5.190000e+02 1.031691e-09
5.200000e+02 8.587534e-10
5.210000e+02 7.596169e-10
5.220000e+02 8.599417e-10
5.230000e+02 7.379149e-10
5.240000e+02 7.708839e-10
5.250000e+02 6.192352e-10
5.260000e+02 6.391225e-10
5.270000e+02 5.770960e-10
5.280000e+02 5.787214e-10
5.290000e+02 7.466908e-10
5.300000e+02 6.117062e-10
5.310000e+02 4.237865e-08
5.320000e+02 1.939250e-08
5.330000e+02 1.007303e-08
5.340000e+02 6.105186e-09
5.350000e+02 3.601866e-09
5.360000e+02 2.295125e-09
5.370000e+02 1.702914e-09
5.380000e+02 1.593321e-08
5.390000e+02 9.003725e-10
5.400000e+02 1.482229e-08
5.410000e+02 1.425392e-08
5.420000e+02 1.410809e-08
5.430000e+02 5.927846e-10
5.440000e+02 5.786016e-10
5.450000e+02 5.495388e-10
5.460000e+02 1.289261e-08
5.470000e+02 1.342183e-08
5.480000e+02 5.685660e-10
5.490000e+02 1.397645e-08
5.500000e+02 1.278940e-08
5.510000e+02 1.239270e-08
5.520000e+02 5.113910e-10
5.530000e+02 1.232870e-08
5.540000e+02 1.109812e-08
5.550000e+02 1.165485e-08
5.560000e+02 1.116015e-08
5.570000e+02 1.074125e-08
5.580000e+02 3.497762e-09
5.590000e+02 2.274808e-09
5.600000e+02 8.898625e-09
5.610000e+02 5.299960e-09
5.620000e+02 3.227934e-09
5.630000e+02 2.160358e-09
5.640000e+02 1.259708e-09
5.650000e+02 1.323957e-08
5.660000e+02 8.220726e-10
5.670000e+02 1.286634e-08
5.680000e+02 1.144137e-08
5.690000e+02 1.096076e-08
5.700000e+02 1.096016e-08
5.710000e+02 1.067182e-08
5.720000e+02 5.071875e-10
5.730000e+02 1.143744e-08
5.740000e+02 1.104697e-08
5.750000e+02 1.057144e-08
5.760000e+02 1.103546e-08
5.770000e+02 1.027468e-08
5.780000e+02 1.031092e-08
5.790000e+02 9.707669e-09
5.800000e+02 3.957978e-10
5.810000e+02 3.716272e-10
5.820000e+02 9.480865e-09
5.830000e+02 1.014903e-08
5.840000e+02 9.476580e-09
5.850000e+02 1.049283e-08
5.860000e+02 9.758915e-09
5.870000e+02 9.345845e-09
5.880000e+02 9.472575e-09
5.890000e+02 9.439399e-09
5.900000e+02 8.932885e-09
5.910000e+02 9.574703e-09
5.920000e+02 9.211074e-09
5.930000e+02 8.860377e-09
5.940000e+02 9.305713e-09
5.950000e+02 8.661564e-09
5.960000e+02 8.888710e-09
5.970000e+02 8.378241e-09
5.980000e+02 3.390633e-08
5.990000e+02 1.728770e-08
6.000000e+02 7.675920e-09
6.010000e+02 4.959286e-09
6.020000e+02 3.105782e-09
6.030000e+02 1.504155e-08
6.040000e+02 1.214327e-08
6.050000e+02 1.064734e-08
6.060000e+02 9.912209e-09
6.070000e+02 9.451567e-09
6.080000e+02 8.870328e-09
6.090000e+02 9.473133e-09
6.100000e+02 8.974340e-09
6.110000e+02 8.634881e-09
6.120000e+02 9.076060e-09
6.130000e+02 8.518859e-09
6.140000e+02 8.593876e-09
6.150000e+02 8.025133e-09
6.160000e+02 8.017875e-09
6.170000e+02 7.737808e-09
6.180000e+02 8.010279e-09
6.190000e+02 8.566251e-09
6.200000e+02 8.044226e-09
6.210000e+02 8.366587e-09
6.220000e+02 7.700805e-09
6.230000e+02 7.343712e-09
6.240000e+02 7.526873e-09
6.250000e+02 7.488912e-09
6.260000e+02 7.020972e-09
6.270000e+02 7.551501e-09
6.280000e+02 7.240125e-09
6.290000e+02 6.980745e-09
6.300000e+02 7.308863e-09
6.310000e+02 6.758747e-09
6.320000e+02 6.980158e-09
6.330000e+02 6.474011e-09
6.340000e+02 6.518111e-09
6.350000e+02 6.191146e-09
6.360000e+02 6.318031e-09
6.370000e+02 7.151496e-09
6.380000e+02 6.592545e-09
6.390000e+02 8.543778e-09
6.400000e+02 7.754290e-09
6.410000e+02 7.504535e-09
6.420000e+02 7.652208e-09
6.430000e+02 7.474340e-09
6.440000e+02 7.217933e-09
6.450000e+02 7.866042e-09
6.460000e+02 7.481743e-09
6.470000e+02 7.196142e-09
6.480000e+02 7.651866e-09
6.490000e+02 7.234658e-09
6.500000e+02 7.329724e-09
6.510000e+02 6.764306e-09
6.520000e+02 2.161281e-10
6.530000e+02 2.213478e-10
6.540000e+02 6.617743e-09
6.550000e+02 3.215548e-08
6.560000e+02 1.803940e-08
6.570000e+02 7.583185e-09
6.580000e+02 4.341852e-09
6.590000e+02 1.616761e-08
6.600000e+02 1.304911e-08
6.610000e+02 1.004874e-08
6.620000e+02 8.798039e-09
6.630000e+02 8.588679e-09
6.640000e+02 7.952355e-09
6.650000e+02 7.502633e-09
6.660000e+02 7.866447e-09
6.670000e+02 7.232039e-09
6.680000e+02 7.455169e-09
6.690000e+02 6.932545e-09
6.700000e+02 6.970238e-09
6.710000e+02 6.632893e-09
6.720000e+02 6.693477e-09
6.730000e+02 7.305010e-09
6.740000e+02 5.602653e-09
6.750000e+02 6.241864e-09
6.760000e+02 5.550076e-09
6.770000e+02 5.219112e-09
6.780000e+02 5.452623e-09
6.790000e+02 5.278778e-09
6.800000e+02 4.935337e-09
6.810000e+02 5.500754e-09
6.820000e+02 5.058794e-09
6.830000e+02 4.816931e-09
6.840000e+02 5.211750e-09
6.850000e+02 4.854981e-09
6.860000e+02 4.960979e-09
6.870000e+02 4.474822e-09
6.880000e+02 4.614981e-09
6.890000e+02 4.453294e-09
6.900000e+02 4.287761e-09
6.910000e+02 4.940835e-09
6.920000e+02 4.619585e-09
6.930000e+02 5.099630e-09
6.940000e+02 4.660683e-09
6.950000e+02 4.315508e-09
6.960000e+02 4.670927e-09
6.970000e+02 4.725150e-09
6.980000e+02 4.307303e-09
6.990000e+02 4.849723e-09
7.000000e+02 4.489272e-09
7.010000e+02 4.316761e-09
7.020000e+02 4.741403e-09
7.030000e+02 4.360444e-09
7.040000e+02 4.641954e-09
7.050000e+02 4.218159e-09
7.060000e+02 4.377077e-09
7.070000e+02 4.275880e-09
7.080000e+02 4.238888e-09
7.090000e+02 4.978596e-09
7.100000e+02 4.563316e-09
7.110000e+02 5.216484e-09
7.120000e+02 4.611948e-09
7.130000e+02 4.323842e-09
7.140000e+02 4.640528e-09
7.150000e+02 4.522233e-09
7.160000e+02 4.240119e-09
7.170000e+02 4.853542e-09
7.180000e+02 4.468123e-09
7.190000e+02 4.266177e-09
7.200000e+02 4.699794e-09
7.210000e+02 4.418595e-09
7.220000e+02 4.561261e-09
7.230000e+02 4.115203e-09
7.240000e+02 4.297425e-09
7.250000e+02 4.160133e-09
7.260000e+02 3.973531e-09
7.270000e+02 4.595576e-09
7.280000e+02 4.325744e-09
7.290000e+02 4.800793e-09
7.300000e+02 4.379840e-09
7.310000e+02 4.045199e-09
7.320000e+02 4.414892e-09
7.330000e+02 4.395085e-09
7.340000e+02 3.985345e-09
7.350000e+02 4.518039e-09
7.360000e+02 3.432041e-08
7.370000e+02 1.938060e-08
7.380000e+02 7.694289e-09
7.390000e+02 3.620108e-09
7.400000e+02 1.469753e-08
7.410000e+02 1.075021e-08
7.420000e+02 7.800653e-09
7.430000e+02 6.277828e-09
7.440000e+02 5.440116e-09
7.450000e+02 5.759841e-09
7.460000e+02 5.151192e-09
7.470000e+02 5.762180e-09
7.480000e+02 5.033974e-09
7.490000e+02 4.717834e-09
7.500000e+02 5.056400e-09
7.510000e+02 4.830479e-09
7.520000e+02 4.542871e-09
7.530000e+02 5.059057e-09
7.540000e+02 4.622430e-09
7.550000e+02 4.377811e-09
7.560000e+02 4.727881e-09
7.570000e+02 4.376565e-09
7.580000e+02 4.491923e-09
7.590000e+02 4.006246e-09
7.600000e+02 4.147824e-09
7.610000e+02 3.976186e-09
7.620000e+02 3.731189e-09
7.630000e+02 4.267182e-09
7.640000e+02 4.022739e-09
7.650000e+02 4.484272e-09
7.660000e+02 4.062787e-09
7.670000e+02 3.700041e-09
7.680000e+02 4.071212e-09
7.690000e+02 4.023357e-09
7.700000e+02 3.598034e-09
7.710000e+02 4.115874e-09
7.720000e+02 3.776818e-09
7.730000e+02 3.613027e-09
7.740000e+02 4.012189e-09
7.750000e+02 3.663880e-09
7.760000e+02 3.944737e-09
7.770000e+02 3.498705e-09
7.780000e+02 3.678917e-09
7.790000e+02 3.465165e-09
7.800000e+02 3.312173e-09
7.810000e+02 3.976644e-09
7.820000e+02 3.674846e-09
7.830000e+02 4.324721e-09
7.840000e+02 3.770173e-09
7.850000e+02 3.454828e-09
7.860000e+02 3.814777e-09
7.870000e+02 3.635041e-09
7.880000e+02 3.340652e-09
7.890000e+02 3.939444e-09
7.900000e+02 3.576507e-09
7.910000e+02 3.387600e-09
7.920000e+02 3.803160e-09
7.930000e+02 3.560789e-09
7.940000e+02 3.718805e-09
7.950000e+02 3.281040e-09
7.960000e+02 3.492111e-09
7.970000e+02 3.368642e-09
7.980000e+02 3.087201e-09
7.990000e+02 3.673386e-09
8.000000e+02 3.509700e-09
8.010000e+02 4.005472e-09
8.020000e+02 3.637077e-09
8.030000e+02 3.269636e-09
8.040000e+02 3.681268e-09
8.050000e+02 3.633612e-09
8.060000e+02 3.225230e-09
8.070000e+02 3.743639e-09
8.080000e+02 3.374272e-09
8.090000e+02 3.228329e-09
8.100000e+02 3.625142e-09
8.110000e+02 3.295242e-09
8.120000e+02 3.582212e-09
8.130000e+02 3.142738e-09
8.140000e+02 3.342292e-09
8.150000e+02 3.136507e-09
8.160000e+02 2.916789e-09
8.170000e+02 3.514225e-09
8.180000e+02 3.299772e-09
8.190000e+02 3.964813e-09
8.200000e+02 3.423720e-09
8.210000e+02 3.089683e-09
8.220000e+02 3.474583e-09
8.230000e+02 3.323553e-09
8.240000e+02 3.017381e-09
8.250000e+02 3.475379e-09
8.260000e+02 3.133400e-09
8.270000e+02 2.948294e-09
8.280000e+02 3.351450e-09
8.290000e+02 3.127595e-09
8.300000e+02 3.293877e-09
8.310000e+02 2.975388e-09
8.320000e+02 3.209319e-09
8.330000e+02 3.092291e-09
8.340000e+02 2.739090e-09
8.350000e+02 3.229479e-09
8.360000e+02 3.130837e-09
8.370000e+02 3.685770e-09
8.380000e+02 3.323866e-09
8.390000e+02 2.939651e-09
8.400000e+02 3.366138e-09
8.410000e+02 3.304935e-09
8.420000e+02 2.884884e-09
8.430000e+02 3.397452e-09
8.440000e+02 3.090009e-09
8.450000e+02 2.950296e-09
8.460000e+02 3.869204e-08
8.470000e+02 2.039049e-08
8.480000e+02 8.850317e-09
8.490000e+02 4.252274e-09
8.500000e+02 1.363810e-08
8.510000e+02 9.636961e-09
8.520000e+02 6.559459e-09
8.530000e+02 5.830120e-09
8.540000e+02 4.768423e-09
8.550000e+02 5.127431e-09
8.560000e+02 4.305535e-09
8.570000e+02 3.871692e-09
8.580000e+02 4.218526e-09
8.590000e+02 3.989332e-09
8.600000e+02 3.675752e-09
8.610000e+02 4.177258e-09
8.620000e+02 3.808656e-09
8.630000e+02 3.608487e-09
8.640000e+02 3.881494e-09
8.650000e+02 3.572396e-09
8.660000e+02 3.700360e-09
8.670000e+02 3.228818e-09
8.680000e+02 3.385845e-09
8.690000e+02 3.212294e-09
8.700000e+02 2.707440e-09
8.710000e+02 3.117702e-09
8.720000e+02 3.045679e-09
8.730000e+02 3.612946e-09
8.740000e+02 3.215923e-09
8.750000e+02 2.784580e-09
8.760000e+02 3.203484e-09
8.770000e+02 3.084496e-09
8.780000e+02 2.637504e-09
8.790000e+02 3.110287e-09
8.800000e+02 2.799841e-09
8.810000e+02 2.661470e-09
8.820000e+02 3.022542e-09
8.830000e+02 2.721161e-09
8.840000e+02 3.011762e-09
8.850000e+02 2.580647e-09
8.860000e+02 2.803072e-09
8.870000e+02 2.606216e-09
8.880000e+02 2.104126e-09
8.890000e+02 2.841051e-09
8.900000e+02 2.629940e-09
8.910000e+02 3.416159e-09
8.920000e+02 2.893500e-09
8.930000e+02 2.495934e-09
8.940000e+02 2.926209e-09
8.950000e+02 2.739870e-09
8.960000e+02 2.390196e-09
8.970000e+02 2.894535e-09
8.980000e+02 2.660229e-09
8.990000e+02 2.506294e-09
9.000000e+02 2.848897e-09
9.010000e+02 2.676761e-09
9.020000e+02 2.873112e-09
9.030000e+02 2.456447e-09
9.040000e+02 2.711356e-09
9.050000e+02 2.605494e-09
9.060000e+02 1.960117e-09
9.070000e+02 2.663440e-09
9.080000e+02 2.489774e-09
9.090000e+02 3.165390e-09
9.100000e+02 2.834797e-09
9.110000e+02 2.396686e-09
9.120000e+02 2.864903e-09
9.130000e+02 2.740061e-09
9.140000e+02 2.303935e-09
9.150000e+02 2.749358e-09
9.160000e+02 2.483547e-09
9.170000e+02 2.376838e-09
9.180000e+02 2.744507e-09
9.190000e+02 2.483744e-09
9.200000e+02 2.787222e-09
9.210000e+02 2.362750e-09
9.220000e+02 2.611574e-09
9.230000e+02 2.421201e-09
9.240000e+02 2.000754e-09
9.250000e+02 3.710862e-09
9.260000e+02 2.363926e-09
9.270000e+02 3.240081e-09
9.280000e+02 2.708469e-09
9.290000e+02 2.276287e-09
9.300000e+02 2.734279e-09
9.310000e+02 2.518338e-09
9.320000e+02 2.146849e-09
9.330000e+02 2.545174e-09
9.340000e+02 2.402647e-09
9.350000e+02 2.273494e-09
9.360000e+02 2.596257e-09
9.370000e+02 2.451878e-09
9.380000e+02 2.663272e-09
9.390000e+02 2.248138e-09
9.400000e+02 2.512853e-09
9.410000e+02 2.409465e-09
9.420000e+02 2.064333e-09
9.430000e+02 3.056783e-09
9.440000e+02 2.225607e-09
9.450000e+02 2.977195e-09
9.460000e+02 2.630150e-09
9.470000e+02 2.159750e-09
9.480000e+02 2.646208e-09
9.490000e+02 2.484259e-09
9.500000e+02 2.042473e-09
9.510000e+02 2.427798e-09
9.520000e+02 2.182193e-09
9.530000e+02 2.097076e-09
9.540000e+02 2.477410e-09
9.550000e+02 2.256868e-09
9.560000e+02 2.563860e-09
9.570000e+02 2.140842e-09
9.580000e+02 2.409406e-09
9.590000e+02 2.222190e-09
9.600000e+02 3.736069e-09
9.610000e+02 6.839540e-09
9.620000e+02 2.099179e-09
9.630000e+02 3.056512e-09
9.640000e+02 2.517961e-09
9.650000e+02 2.055007e-09
9.660000e+02 2.538176e-09
9.670000e+02 2.297014e-09
9.680000e+02 1.910774e-09
9.690000e+02 2.396647e-09
9.700000e+02 2.129421e-09
9.710000e+02 2.032031e-09
9.720000e+02 2.349179e-09
9.730000e+02 2.235525e-09
9.740000e+02 2.462284e-09
9.750000e+02 2.047716e-09
9.760000e+02 2.323878e-09
9.770000e+02 2.224128e-09
9.780000e+02 4.724107e-09
9.790000e+02 4.342588e-09
9.800000e+02 2.042976e-09
9.810000e+02 2.807186e-09
9.820000e+02 2.454294e-09
9.830000e+02 1.949877e-09
9.840000e+02 2.450160e-09
9.850000e+02 2.253468e-09
9.860000e+02 1.815277e-09
9.870000e+02 2.178873e-09
9.880000e+02 1.904133e-09
9.890000e+02 1.829262e-09
9.900000e+02 2.239120e-09
9.910000e+02 2.052809e-09
9.920000e+02 2.362878e-09
9.930000e+02 1.934707e-09
9.940000e+02 2.217875e-09
9.950000e+02 2.031684e-09
9.960000e+02 1.213785e-10
9.970000e+02 2.923398e-10
9.980000e+02 2.030806e-09
9.990000e+02 2.883278e-09
1.000000e+03 2.350109e-09
1.001000e+03 1.850288e-09
1.002000e+03 2.350077e-09
1.003000e+03 2.093119e-09
1.004000e+03 1.710106e-09
1.005000e+03 3.726692e-09
1.006000e+03 3.054905e-08
1.007000e+03 1.363890e-08
1.008000e+03 6.879807e-09
1.009000e+03 3.697377e-09
1.010000e+03 1.341158e-08
1.011000e+03 8.911211e-09
1.012000e+03 6.009047e-09
1.013000e+03 4.632776e-09
1.014000e+03 3.273184e-09
1.015000e+03 3.484455e-09
1.016000e+03 3.017295e-09
1.017000e+03 3.751721e-09
1.018000e+03 3.239649e-09
1.019000e+03 2.719594e-09
1.020000e+03 3.197760e-09
1.021000e+03 2.861323e-09
1.022000e+03 2.433789e-09
1.023000e+03 3.018623e-09
1.024000e+03 2.436132e-09
1.025000e+03 2.262764e-09
1.026000e+03 2.613901e-09
1.027000e+03 2.382771e-09
1.028000e+03 2.631265e-09
1.029000e+03 2.147538e-09
1.030000e+03 2.392783e-09
1.031000e+03 2.166624e-09
1.032000e+03 2.940525e-09
1.033000e+03 5.562533e-09
1.034000e+03 2.230054e-09
1.035000e+03 2.907217e-09
1.036000e+03 2.319003e-09
1.037000e+03 1.758123e-09
1.038000e+03 2.260104e-09
1.039000e+03 1.954688e-09
1.040000e+03 1.610098e-09
1.041000e+03 2.246990e-10
1.042000e+03 1.655223e-09
1.043000e+03 1.630708e-09
1.044000e+03 1.978007e-09
1.045000e+03 1.885085e-09
1.046000e+03 2.112274e-09
1.047000e+03 1.665977e-09
1.048000e+03 1.945997e-09
1.049000e+03 1.861793e-09
1.050000e+03 1.795182e-09
1.051000e+03 2.340107e-10
1.052000e+03 2.457098e-09
1.053000e+03 2.474297e-09
1.054000e+03 2.127008e-09
1.055000e+03 1.563540e-09
1.056000e+03 2.089206e-09
1.057000e+03 1.831885e-09
1.058000e+03 1.485449e-09
1.059000e+03 4.267538e-09
1.060000e+03 2.149794e-09
1.061000e+03 1.620765e-09
1.062000e+03 1.849559e-09
1.063000e+03 1.685973e-09
1.064000e+03 1.993457e-09
1.065000e+03 1.554830e-09
1.066000e+03 1.880249e-09
1.067000e+03 1.703925e-09
1.068000e+03 1.320825e-09
1.069000e+03 2.512445e-09
1.070000e+03 2.416693e-09
1.071000e+03 2.606281e-09
1.072000e+03 2.053382e-09
1.073000e+03 1.484881e-09
1.074000e+03 2.033045e-09
1.075000e+03 1.728038e-09
1.076000e+03 1.590265e-09
1.077000e+03 2.323630e-09
1.078000e+03 2.140731e-09
1.079000e+03 1.429611e-09
1.080000e+03 1.929280e-09
1.081000e+03 1.683793e-09
1.082000e+03 1.935073e-09
1.083000e+03 1.528385e-09
1.084000e+03 1.811009e-09
1.085000e+03 1.732042e-09
1.086000e+03 1.222145e-09
1.087000e+03 5.257934e-09
1.088000e+03 3.253258e-09
1.089000e+03 2.382942e-09
1.090000e+03 2.011560e-09
1.091000e+03 1.440057e-09
1.092000e+03 1.971964e-09
1.093000e+03 1.732433e-09
1.094000e+03 1.495261e-09
1.095000e+03 1.877797e-10
1.096000e+03 3.543158e-09
1.097000e+03 2.185589e-09
1.098000e+03 1.823359e-09
1.099000e+03 1.561655e-09
1.100000e+03 1.860759e-09
1.101000e+03 1.415737e-09
1.102000e+03 1.744073e-09
1.103000e+03 1.569440e-09
1.104000e+03 1.176871e-09
1.105000e+03 2.075641e-09
1.106000e+03 2.953315e-09
1.107000e+03 2.488792e-09
1.108000e+03 1.932075e-09
1.109000e+03 1.352447e-09
1.110000e+03 1.901267e-09
1.111000e+03 1.599817e-09
1.112000e+03 1.685055e-09
1.113000e+03 1.849896e-09
1.114000e+03 3.330526e-09
1.115000e+03 1.393461e-09
1.116000e+03 2.042262e-09
1.117000e+03 1.558626e-09
1.118000e+03 1.806310e-09
1.119000e+03 1.402107e-09
1.120000e+03 1.677543e-09
1.121000e+03 1.605370e-09
1.122000e+03 1.113259e-09
1.123000e+03 3.035266e-09
1.124000e+03 4.171726e-09
1.125000e+03 2.280321e-09
1.126000e+03 1.863931e-09
1.127000e+03 1.307181e-09
1.128000e+03 1.837174e-09
1.129000e+03 1.705127e-09
1.130000e+03 1.565198e-09
1.131000e+03 4.874054e-09
1.132000e+03 1.344675e-10
1.133000e+03 3.587973e-09
1.134000e+03 1.885368e-09
1.135000e+03 1.442245e-09
1.136000e+03 1.730497e-09
1.137000e+03 1.282328e-09
1.138000e+03 1.605346e-09
1.139000e+03 1.433899e-09
1.140000e+03 1.076299e-09
1.141000e+03 1.921453e-09
1.142000e+03 3.876205e-09
1.143000e+03 2.359546e-09
1.144000e+03 1.801882e-09
1.145000e+03 1.236279e-09
1.146000e+03 1.777200e-09
1.147000e+03 1.500502e-09
1.148000e+03 1.877033e-09
1.149000e+03 1.787183e-09
1.150000e+03 1.528410e-10
1.151000e+03 1.543444e-09
1.152000e+03 2.285582e-09
1.153000e+03 1.455848e-09
1.154000e+03 1.680395e-09
1.155000e+03 1.278742e-09
1.156000e+03 1.535401e-09
1.157000e+03 1.467318e-09
1.158000e+03 1.020281e-09
1.159000e+03 2.256332e-09
1.160000e+03 6.280325e-09
1.161000e+03 2.162034e-09
1.162000e+03 1.775763e-09
1.163000e+03 1.215746e-09
1.164000e+03 1.742196e-09
1.165000e+03 1.765177e-09
1.166000e+03 1.693163e-09
1.167000e+03 2.303248e-09
1.168000e+03 1.293866e-10
1.169000e+03 1.202492e-10
1.170000e+03 2.062570e-09
1.171000e+03 1.350699e-09
1.172000e+03 1.634070e-09
1.173000e+03 1.182082e-09
1.174000e+03 1.503865e-09
1.175000e+03 1.337975e-09
1.176000e+03 1.017287e-09
1.177000e+03 1.840541e-09
1.178000e+03 5.277835e-09
1.179000e+03 2.289045e-09
1.180000e+03 1.717293e-09
1.181000e+03 1.156997e-09
1.182000e+03 1.690565e-09
1.183000e+03 1.441508e-09
1.184000e+03 2.076840e-09
1.185000e+03 1.764231e-09
1.186000e+03 1.426314e-10
1.187000e+03 1.776680e-09
1.188000e+03 2.553583e-09
1.189000e+03 1.381189e-09
1.190000e+03 1.592306e-09
1.191000e+03 1.193349e-09
1.192000e+03 1.435813e-09
1.193000e+03 1.374281e-09
1.194000e+03 9.717264e-10
1.195000e+03 1.925342e-09
1.196000e+03 1.603228e-10
1.197000e+03 2.040274e-09
1.198000e+03 1.735791e-09
1.199000e+03 1.166067e-09
1.200000e+03 1.687855e-09
1.201000e+03 1.875783e-09
1.202000e+03 1.857371e-09
1.203000e+03 1.724697e-09
1.204000e+03 2.805347e-09
1.205000e+03 1.106066e-10
1.206000e+03 2.277052e-09
1.207000e+03 1.297475e-09
1.208000e+03 1.577662e-09
1.209000e+03 1.124245e-09
1.210000e+03 1.451923e-09
1.211000e+03 1.294838e-09
1.212000e+03 1.013700e-09
1.213000e+03 1.804630e-09
1.214000e+03 1.516273e-10
1.215000e+03 2.205881e-09
1.216000e+03 1.683640e-09
1.217000e+03 1.112391e-09
1.218000e+03 1.638983e-09
1.219000e+03 1.418520e-09
1.220000e+03 2.343593e-09
1.221000e+03 1.783338e-09
1.222000e+03 3.012658e-09
1.223000e+03 2.149308e-09
1.224000e+03 2.901056e-09
1.225000e+03 1.335112e-09
1.226000e+03 1.533231e-09
1.227000e+03 1.138850e-09
1.228000e+03 1.372472e-09
1.229000e+03 1.326078e-09
1.230000e+03 9.674287e-10
1.231000e+03 1.729244e-09
1.232000e+03 1.498480e-10
1.233000e+03 1.998235e-09
1.234000e+03 1.666876e-09
1.235000e+03 1.094885e-09
1.236000e+03 1.609684e-09
1.237000e+03 2.040755e-09
1.238000e+03 2.039662e-09
1.239000e+03 1.567115e-09
1.240000e+03 1.671771e-09
1.241000e+03 3.630496e-09
1.242000e+03 2.556178e-09
1.243000e+03 1.225834e-09
1.244000e+03 1.499335e-09
1.245000e+03 1.046586e-09
1.246000e+03 1.366776e-09
1.247000e+03 1.215979e-09
1.248000e+03 9.688253e-10
1.249000e+03 1.763488e-09
1.250000e+03 1.415090e-10
1.251000e+03 2.143471e-09
1.252000e+03 1.617161e-09
1.253000e+03 1.054477e-09
1.254000e+03 1.565321e-09
1.255000e+03 1.402590e-09
1.256000e+03 2.631530e-09
1.257000e+03 1.754052e-09
1.258000e+03 1.756175e-09
1.259000e+03 2.607735e-09
1.260000e+03 3.298222e-09
1.261000e+03 1.280841e-09
1.262000e+03 1.461981e-09
1.263000e+03 1.068843e-09
1.264000e+03 1.282713e-09
1.265000e+03 1.239176e-09
1.266000e+03 9.218234e-10
1.267000e+03 1.632935e-09
1.268000e+03 1.420800e-10
1.269000e+03 1.935007e-09
1.270000e+03 1.600175e-09
1.271000e+03 1.034442e-09
1.272000e+03 1.542262e-09
1.273000e+03 2.226507e-09
1.274000e+03 2.228295e-09
1.275000e+03 1.513286e-09
1.276000e+03 1.284035e-09
1.277000e+03 2.030250e-09
1.278000e+03 2.807249e-09
1.279000e+03 1.166446e-09
1.280000e+03 1.437844e-09
1.281000e+03 9.849510e-10
1.282000e+03 1.291776e-09
1.283000e+03 1.146618e-09
1.284000e+03 2.605152e-08
1.285000e+03 1.833627e-08
1.286000e+03 8.003921e-09
1.287000e+03 2.862499e-08
1.288000e+03 1.659790e-08
1.289000e+03 9.283435e-09
1.290000e+03 5.833470e-09
1.291000e+03 4.107196e-09
1.292000e+03 2.973860e-09
1.293000e+03 4.509536e-10
1.294000e+03 3.047771e-09
1.295000e+03 2.346501e-09
1.296000e+03 3.370671e-09
1.297000e+03 2.351103e-09
1.298000e+03 2.485981e-09
1.299000e+03 2.085278e-09
1.300000e+03 2.200825e-09
1.301000e+03 2.078896e-09
1.302000e+03 1.849844e-09
1.303000e+03 2.302326e-09
1.304000e+03 2.503753e-10
1.305000e+03 2.526935e-09
1.306000e+03 2.127133e-09
1.307000e+03 1.477765e-09
1.308000e+03 1.926284e-09
1.309000e+03 2.933523e-09
1.310000e+03 2.949456e-09
1.311000e+03 1.795699e-09
1.312000e+03 1.379541e-09
1.313000e+03 1.695689e-09
1.314000e+03 3.340270e-09
1.315000e+03 1.269705e-09
1.316000e+03 1.501929e-09
1.317000e+03 1.033598e-09
1.318000e+03 1.300398e-09
1.319000e+03 1.151660e-09
1.320000e+03 9.429629e-10
1.321000e+03 1.724294e-09
1.322000e+03 1.257532e-10
1.323000e+03 2.057614e-09
1.324000e+03 1.541415e-09
1.325000e+03 9.963539e-10
1.326000e+03 1.468978e-09
1.327000e+03 1.468703e-09
1.328000e+03 3.600277e-09
1.329000e+03 1.720104e-09
1.330000e+03 1.145307e-09
1.331000e+03 5.294085e-09
1.332000e+03 4.747905e-09
1.333000e+03 1.217910e-09
1.334000e+03 1.344306e-09
1.335000e+03 9.639074e-10
1.336000e+03 1.112872e-09
1.337000e+03 1.049871e-09
1.338000e+03 8.428212e-10
1.339000e+03 1.578643e-09
1.340000e+03 3.299770e-09
1.341000e+03 1.945739e-09
1.342000e+03 1.589495e-09
1.343000e+03 1.002193e-09
1.344000e+03 1.469678e-09
1.345000e+03 2.934567e-09
1.346000e+03 2.941223e-09
1.347000e+03 1.557054e-09
1.348000e+03 1.132216e-09
1.349000e+03 1.081806e-09
1.350000e+03 3.813722e-09
1.351000e+03 1.126852e-09
1.352000e+03 1.383622e-09
1.353000e+03 9.394711e-10
1.354000e+03 1.220939e-09
1.355000e+03 1.104420e-09
1.356000e+03 9.846827e-10
1.357000e+03 1.768176e-09
1.358000e+03 4.215324e-09
1.359000e+03 2.102231e-09
1.360000e+03 1.552003e-09
1.361000e+03 1.011627e-09
1.362000e+03 1.444633e-09
1.363000e+03 1.500609e-09
1.364000e+03 4.247299e-09
1.365000e+03 1.764947e-09
1.366000e+03 1.135633e-09
1.367000e+03 1.221988e-10
1.368000e+03 5.856691e-09
1.369000e+03 1.204315e-09
1.370000e+03 1.340223e-09
1.371000e+03 9.562585e-10
1.372000e+03 1.097118e-09
1.373000e+03 1.045383e-09
1.374000e+03 9.201160e-10
1.375000e+03 1.541427e-09
1.376000e+03 2.597694e-09
1.377000e+03 1.901858e-09
1.378000e+03 1.532093e-09
1.379000e+03 9.593527e-10
1.380000e+03 1.420548e-09
1.381000e+03 3.201003e-09
1.382000e+03 3.166977e-09
1.383000e+03 1.518227e-09
1.384000e+03 1.090564e-09
1.385000e+03 9.839557e-10
1.386000e+03 4.159783e-09
1.387000e+03 1.070612e-09
1.388000e+03 1.328973e-09
1.389000e+03 8.896198e-10
1.390000e+03 1.143038e-09
1.391000e+03 1.033825e-09
1.392000e+03 9.169925e-10
1.393000e+03 1.717258e-09
1.394000e+03 3.206658e-09
1.395000e+03 2.051900e-09
1.396000e+03 1.493657e-09
1.397000e+03 9.758377e-10
1.398000e+03 1.392436e-09
1.399000e+03 1.511871e-09
1.400000e+03 4.827087e-09
1.401000e+03 1.710714e-09
1.402000e+03 1.101432e-09
1.403000e+03 1.173312e-10
1.404000e+03 7.085707e-09
1.405000e+03 1.157170e-09
1.406000e+03 1.294606e-09
1.407000e+03 9.125678e-10
1.408000e+03 1.037611e-09
1.409000e+03 9.500018e-10
1.410000e+03 8.707055e-10
1.411000e+03 1.508581e-09
1.412000e+03 2.199623e-09
1.413000e+03 1.859089e-09
1.414000e+03 1.482981e-09
1.415000e+03 9.227009e-10
1.416000e+03 1.380350e-09
1.417000e+03 3.504308e-09
1.418000e+03 3.433689e-09
1.419000e+03 1.490254e-09
1.420000e+03 1.062053e-09
1.421000e+03 9.293941e-10
1.422000e+03 4.600672e-09
1.423000e+03 1.028901e-09
1.424000e+03 1.291169e-09
1.425000e+03 8.579242e-10
1.426000e+03 1.084292e-09
1.427000e+03 9.832460e-10
1.428000e+03 8.702641e-10
1.429000e+03 1.679957e-09
1.430000e+03 2.624985e-09
1.431000e+03 2.012202e-09
1.432000e+03 1.447123e-09
1.433000e+03 9.514772e-10
1.434000e+03 1.355799e-09
1.435000e+03 1.530422e-09
1.436000e+03 5.589454e-09
1.437000e+03 1.669672e-09
1.438000e+03 1.077601e-09
1.439000e+03 1.139737e-10
1.440000e+03 2.175794e-10
1.441000e+03 1.302501e-09
1.442000e+03 1.268439e-09
1.443000e+03 8.852197e-10
1.444000e+03 9.997142e-10
1.445000e+03 9.039691e-10
1.446000e+03 8.312080e-10
1.447000e+03 1.479981e-09
1.448000e+03 1.937863e-09
1.449000e+03 1.822317e-09
1.450000e+03 1.442036e-09
1.451000e+03 8.899784e-10
1.452000e+03 1.345562e-09
1.453000e+03 3.840905e-09
1.454000e+03 3.723516e-09
1.455000e+03 1.464619e-09
1.456000e+03 1.036535e-09
1.457000e+03 8.903092e-10
1.458000e+03 5.128487e-09
1.459000e+03 9.904571e-10
1.460000e+03 1.258085e-09
1.461000e+03 8.312586e-10
1.462000e+03 1.032271e-09
1.463000e+03 9.398817e-10
1.464000e+03 8.301017e-10
1.465000e+03 1.647958e-09
1.466000e+03 2.252795e-09
1.467000e+03 1.977515e-09
1.468000e+03 1.407147e-09
1.469000e+03 9.243000e-10
1.470000e+03 1.319111e-09
1.471000e+03 1.540440e-09
1.472000e+03 7.310338e-11
1.473000e+03 1.662162e-09
1.474000e+03 1.047941e-09
1.475000e+03 1.109711e-10
1.476000e+03 2.167537e-10
1.477000e+03 1.281305e-09
1.478000e+03 1.232753e-09
1.479000e+03 8.497803e-10
1.480000e+03 9.756427e-10
1.481000e+03 1.097094e-09
1.482000e+03 7.854683e-10
1.483000e+03 1.448619e-09
1.484000e+03 1.746933e-09
1.485000e+03 1.781349e-09
1.486000e+03 1.398533e-09
1.487000e+03 8.575950e-10
1.488000e+03 1.311788e-09
1.489000e+03 4.229443e-09
1.490000e+03 4.049833e-09
1.491000e+03 1.436305e-09
1.492000e+03 1.008253e-09
1.493000e+03 8.577380e-10
1.494000e+03 5.780690e-09
1.495000e+03 9.507460e-10
1.496000e+03 1.225637e-09
1.497000e+03 8.065597e-10
1.498000e+03 9.821143e-10
1.499000e+03 8.972683e-10
1.500000e+03 7.885629e-10
1.501000e+03 1.613993e-09
1.502000e+03 1.983297e-09
1.503000e+03 1.939684e-09
1.504000e+03 1.366660e-09
1.505000e+03 8.995908e-10
1.506000e+03 1.286150e-09
1.507000e+03 1.550198e-09
1.508000e+03 7.043397e-11
1.509000e+03 1.626471e-09
1.510000e+03 1.021512e-09
1.511000e+03 5.841272e-09
1.512000e+03 2.117911e-10
1.513000e+03 1.263836e-09
1.514000e+03 1.201114e-09
1.515000e+03 8.190352e-10
1.516000e+03 9.812127e-10
1.517000e+03 1.884499e-09
1.518000e+03 7.418290e-10
1.519000e+03 1.419580e-09
1.520000e+03 1.601830e-09
1.521000e+03 1.742836e-09
1.522000e+03 1.358959e-09
1.523000e+03 8.278859e-10
1.524000e+03 1.281458e-09
1.525000e+03 4.692458e-09
1.526000e+03 4.428357e-09
1.527000e+03 1.408894e-09
1.528000e+03 9.808248e-10
1.529000e+03 8.302908e-10
1.530000e+03 6.602692e-09
1.531000e+03 9.140308e-10
1.532000e+03 1.196299e-09
1.533000e+03 7.850614e-10
1.534000e+03 9.369743e-10
1.535000e+03 8.586212e-10
1.536000e+03 7.497617e-10
1.537000e+03 1.582079e-09
1.538000e+03 1.787374e-09
1.539000e+03 1.903547e-09
1.540000e+03 1.329193e-09
1.541000e+03 8.762314e-10
1.542000e+03 1.256963e-09
1.543000e+03 1.557185e-09
1.544000e+03 6.817184e-11
1.545000e+03 1.593666e-09
1.546000e+03 9.962031e-10
1.547000e+03 4.116053e-09
1.548000e+03 2.141572e-10
1.549000e+03 1.245136e-09
1.550000e+03 1.172229e-09
1.551000e+03 7.905775e-10
1.552000e+03 1.019094e-09
1.553000e+03 1.204642e-10
1.554000e+03 7.280166e-10
1.555000e+03 1.394439e-09
1.556000e+03 1.486834e-09
1.557000e+03 1.704697e-09
1.558000e+03 1.323287e-09
1.559000e+03 8.006857e-10
1.560000e+03 1.254354e-09
1.561000e+03 5.224318e-09
1.562000e+03 4.854349e-09
1.563000e+03 1.382904e-09
1.564000e+03 9.546830e-10
1.565000e+03 8.064395e-10
1.566000e+03 7.633059e-09
1.567000e+03 8.828114e-10
1.568000e+03 1.169738e-09
1.569000e+03 7.661644e-10
1.570000e+03 8.977263e-10
1.571000e+03 8.241106e-10
1.572000e+03 7.138541e-10
1.573000e+03 1.552610e-09
1.574000e+03 1.639730e-09
1.575000e+03 1.869261e-09
1.576000e+03 1.294697e-09
1.577000e+03 8.538308e-10
1.578000e+03 1.204914e-09
1.579000e+03 1.522458e-09
1.580000e+03 6.626410e-11
1.581000e+03 1.503621e-09
1.582000e+03 9.157357e-10
1.583000e+03 3.081739e-09
1.584000e+03 2.129694e-10
1.585000e+03 1.198084e-09
1.586000e+03 1.120392e-09
1.587000e+03 7.327172e-10
1.588000e+03 1.094779e-09
1.589000e+03 1.850589e-09
1.590000e+03 6.150207e-10
1.591000e+03 1.325396e-09
1.592000e+03 1.392971e-09
1.593000e+03 1.592819e-09
1.594000e+03 1.230450e-09
1.595000e+03 7.307666e-10
1.596000e+03 1.206919e-09
1.597000e+03 5.820587e-09
1.598000e+03 5.280717e-09
1.599000e+03 1.302032e-09
1.600000e+03 8.725139e-10
1.601000e+03 7.621352e-10
1.602000e+03 2.090732e-10
1.603000e+03 9.617935e-10
1.604000e+03 1.136397e-09
1.605000e+03 7.104849e-10
1.606000e+03 8.444135e-10
1.607000e+03 7.477832e-10
1.608000e+03 6.162980e-10
1.609000e+03 1.466260e-09
1.610000e+03 1.521782e-09
1.611000e+03 1.765444e-09
1.612000e+03 1.205153e-09
1.613000e+03 7.887483e-10
1.614000e+03 1.182377e-09
1.615000e+03 1.514175e-09
1.616000e+03 6.478341e-11
1.617000e+03 1.478312e-09
1.618000e+03 8.956607e-10
1.619000e+03 2.615512e-09
1.620000e+03 2.118113e-10
1.621000e+03 1.180415e-09
1.622000e+03 1.100455e-09
1.623000e+03 7.108660e-10
1.624000e+03 1.164145e-09
1.625000e+03 9.909568e-10
1.626000e+03 5.797251e-10
1.627000e+03 1.285796e-09
1.628000e+03 1.337867e-09
1.629000e+03 1.539365e-09
1.630000e+03 1.176845e-09
1.631000e+03 6.851709e-10
1.632000e+03 1.172231e-09
1.633000e+03 6.569867e-09
1.634000e+03 9.787213e-11
1.635000e+03 1.275108e-09
1.636000e+03 8.254824e-10
1.637000e+03 7.222859e-10
1.638000e+03 2.028943e-10
1.639000e+03 9.219638e-10
1.640000e+03 1.102160e-09
1.641000e+03 6.708913e-10
1.642000e+03 8.033724e-10
1.643000e+03 6.988194e-10
1.644000e+03 5.586249e-10
1.645000e+03 1.422642e-09
1.646000e+03 1.439100e-09
1.647000e+03 1.713721e-09
1.648000e+03 1.154668e-09
1.649000e+03 7.433744e-10
1.650000e+03 1.149150e-09
1.651000e+03 1.487698e-09
1.652000e+03 6.352669e-11
1.653000e+03 1.431304e-09
1.654000e+03 8.544230e-10
1.655000e+03 2.246589e-09
1.656000e+03 2.071879e-10
1.657000e+03 1.145368e-09
1.658000e+03 1.067322e-09
1.659000e+03 6.705568e-10
1.660000e+03 1.256126e-09
1.661000e+03 7.607764e-10
1.662000e+03 5.225166e-10
1.663000e+03 1.268385e-09
1.664000e+03 1.281067e-09
1.665000e+03 1.513952e-09
1.666000e+03 1.153767e-09
1.667000e+03 6.670695e-10
1.668000e+03 1.156804e-09
1.669000e+03 7.373897e-09
1.670000e+03 1.035650e-10
1.671000e+03 1.256736e-09
1.672000e+03 8.076142e-10
1.673000e+03 7.050868e-10
1.674000e+03 2.005401e-10
1.675000e+03 9.054626e-10
1.676000e+03 1.086961e-09
1.677000e+03 6.569056e-10
1.678000e+03 7.890231e-10
1.679000e+03 6.774810e-10
1.680000e+03 5.376215e-10
1.681000e+03 1.405121e-09
1.682000e+03 1.368318e-09
1.683000e+03 1.689888e-09
1.684000e+03 1.132635e-09
1.685000e+03 7.267400e-10
1.686000e+03 1.134323e-09
1.687000e+03 1.482827e-09
1.688000e+03 6.237620e-11
1.689000e+03 1.413300e-09
1.690000e+03 8.385710e-10
1.691000e+03 2.010754e-09
1.692000e+03 2.049095e-10
1.693000e+03 1.131835e-09
1.694000e+03 1.052321e-09
1.695000e+03 6.542355e-10
1.696000e+03 1.353826e-09
1.697000e+03 6.922762e-10
1.698000e+03 5.010588e-10
1.699000e+03 1.252591e-09
1.700000e+03 1.233035e-09
1.701000e+03 1.490186e-09
1.702000e+03 1.132473e-09
1.703000e+03 6.504302e-10
1.704000e+03 1.143231e-09
1.705000e+03 1.663795e-10
1.706000e+03 6.969932e-11
1.707000e+03 1.274631e-09
1.708000e+03 8.042386e-10
1.709000e+03 6.923674e-10
1.710000e+03 1.965086e-10
1.711000e+03 8.978559e-10
1.712000e+03 1.076705e-09
1.713000e+03 6.513429e-10
1.714000e+03 7.835640e-10
1.715000e+03 6.643884e-10
1.716000e+03 5.272597e-10
1.717000e+03 1.396304e-09
1.718000e+03 1.308405e-09
1.719000e+03 1.676327e-09
1.720000e+03 1.120565e-09
1.721000e+03 7.189659e-10
1.722000e+03 1.125363e-09
1.723000e+03 1.485367e-09
1.724000e+03 6.131474e-11
1.725000e+03 1.404696e-09
1.726000e+03 8.309311e-10
1.727000e+03 1.836250e-09
1.728000e+03 2.038911e-10
1.729000e+03 1.125778e-09
1.730000e+03 1.042892e-09
1.731000e+03 6.451554e-10
1.732000e+03 1.469737e-09
1.733000e+03 6.666411e-10
1.734000e+03 4.905323e-10
1.735000e+03 1.243062e-09
1.736000e+03 1.189964e-09
1.737000e+03 1.476728e-09
1.738000e+03 1.120842e-09
1.739000e+03 6.419650e-10
1.740000e+03 1.135016e-09
1.741000e+03 1.648384e-10
1.742000e+03 6.836716e-11
1.743000e+03 1.268520e-09
1.744000e+03 7.967125e-10
1.745000e+03 6.822852e-10
1.746000e+03 1.952310e-10
1.747000e+03 8.834413e-10
1.748000e+03 1.064273e-09
1.749000e+03 6.398140e-10
1.750000e+03 7.792119e-10
1.751000e+03 6.460081e-10
1.752000e+03 5.088251e-10
1.753000e+03 1.380876e-09
1.754000e+03 1.258095e-09
1.755000e+03 1.654795e-09
1.756000e+03 1.101202e-09
1.757000e+03 7.037201e-10
1.758000e+03 1.113470e-09
1.759000e+03 1.477557e-09
1.760000e+03 6.034315e-11
1.761000e+03 1.388685e-09
1.762000e+03 8.169637e-10
1.763000e+03 1.695061e-09
1.764000e+03 2.011560e-10
1.765000e+03 1.113208e-09
1.766000e+03 1.030728e-09
1.767000e+03 6.311848e-10
1.768000e+03 1.579364e-09
1.769000e+03 6.505511e-10
1.770000e+03 4.722062e-10
1.771000e+03 1.229339e-09
1.772000e+03 1.155048e-09
1.773000e+03 1.455147e-09
1.774000e+03 1.102079e-09
1.775000e+03 6.272189e-10
1.776000e+03 1.124262e-09
1.777000e+03 1.621973e-10
1.778000e+03 6.723108e-11
1.779000e+03 1.255739e-09
1.780000e+03 7.829002e-10
1.781000e+03 6.698593e-10
1.782000e+03 1.923846e-10
1.783000e+03 8.705533e-10
1.784000e+03 1.053070e-09
1.785000e+03 6.286485e-10
1.786000e+03 7.780813e-10
1.787000e+03 6.294972e-10
1.788000e+03 4.918132e-10
1.789000e+03 1.366598e-09
1.790000e+03 1.216136e-09
1.791000e+03 1.634484e-09
1.792000e+03 1.083193e-09
1.793000e+03 6.888677e-10
1.794000e+03 1.103059e-09
1.795000e+03 1.467111e-09
1.796000e+03 5.945835e-11
1.797000e+03 1.373945e-09
1.798000e+03 8.040772e-10
1.799000e+03 1.586038e-09
1.800000e+03 6.485903e-09
