Title ="THE FLUX ERR"
Variables=
iter
residual
1.000000e+00 4.250820e-03
2.000000e+00 3.161892e-04
3.000000e+00 9.055516e-04
4.000000e+00 1.168774e-03
5.000000e+00 1.156110e-03
6.000000e+00 1.250570e-03
7.000000e+00 1.134586e-03
8.000000e+00 6.672427e-04
9.000000e+00 8.785877e-04
1.000000e+01 8.006970e-04
1.100000e+01 2.059148e-04
1.200000e+01 2.084712e-04
1.300000e+01 6.505388e-04
1.400000e+01 1.568442e-04
1.500000e+01 1.249193e-04
1.600000e+01 4.994779e-05
1.700000e+01 1.808652e-04
1.800000e+01 1.294675e-04
1.900000e+01 1.639549e-04
2.000000e+01 1.725309e-04
2.100000e+01 2.649556e-04
2.200000e+01 1.989705e-04
2.300000e+01 2.138261e-04
2.400000e+01 7.289374e-05
2.500000e+01 1.082472e-04
2.600000e+01 1.378566e-04
2.700000e+01 8.026693e-05
2.800000e+01 1.219899e-04
2.900000e+01 8.032006e-05
3.000000e+01 1.703616e-05
3.100000e+01 4.049078e-05
3.200000e+01 3.376778e-05
3.300000e+01 2.035797e-05
3.400000e+01 1.670201e-05
3.500000e+01 4.968963e-05
3.600000e+01 9.541406e-06
3.700000e+01 1.342636e-05
3.800000e+01 9.193724e-06
3.900000e+01 1.690903e-05
4.000000e+01 9.386658e-06
4.100000e+01 1.313331e-05
4.200000e+01 3.889571e-05
4.300000e+01 3.521031e-05
4.400000e+01 8.193774e-06
4.500000e+01 7.834779e-06
4.600000e+01 1.037994e-05
4.700000e+01 7.728958e-06
4.800000e+01 2.727014e-05
4.900000e+01 2.361473e-05
5.000000e+01 2.187260e-05
5.100000e+01 1.226149e-05
5.200000e+01 2.097476e-05
5.300000e+01 8.704743e-06
5.400000e+01 3.226967e-05
5.500000e+01 3.073693e-05
5.600000e+01 1.836252e-05
5.700000e+01 2.112680e-05
5.800000e+01 3.044041e-05
5.900000e+01 2.950373e-05
6.000000e+01 3.518965e-05
6.100000e+01 9.921321e-06
6.200000e+01 3.408886e-05
6.300000e+01 2.253009e-05
6.400000e+01 2.939244e-06
6.500000e+01 2.977126e-05
6.600000e+01 1.142107e-05
6.700000e+01 9.002695e-06
6.800000e+01 2.422379e-05
6.900000e+01 2.225303e-06
7.000000e+01 3.421404e-06
7.100000e+01 2.427953e-05
7.200000e+01 1.065197e-05
7.300000e+01 7.938271e-07
7.400000e+01 9.402867e-06
7.500000e+01 6.087803e-06
7.600000e+01 2.203307e-05
7.700000e+01 1.053460e-05
7.800000e+01 1.904904e-06
7.900000e+01 1.835787e-05
8.000000e+01 6.771797e-06
8.100000e+01 1.386196e-06
8.200000e+01 1.630518e-05
8.300000e+01 8.792040e-06
8.400000e+01 6.812169e-06
8.500000e+01 9.412714e-07
8.600000e+01 1.866503e-06
8.700000e+01 1.452450e-06
8.800000e+01 8.885816e-06
8.900000e+01 5.498127e-06
9.000000e+01 1.571473e-05
9.100000e+01 1.748345e-05
9.200000e+01 1.164023e-05
9.300000e+01 7.471427e-06
9.400000e+01 7.842289e-06
9.500000e+01 1.361075e-05
9.600000e+01 1.056800e-05
9.700000e+01 6.445066e-06
9.800000e+01 1.564062e-05
9.900000e+01 1.374312e-05
1.000000e+02 1.675017e-05
1.010000e+02 2.132347e-05
1.020000e+02 1.556521e-05
1.030000e+02 5.741470e-06
1.040000e+02 1.426330e-05
1.050000e+02 8.255903e-06
1.060000e+02 3.961966e-06
1.070000e+02 1.524786e-05
1.080000e+02 5.918354e-06
1.090000e+02 4.809562e-06
1.100000e+02 8.741320e-06
1.110000e+02 1.096857e-05
1.120000e+02 8.555049e-06
1.130000e+02 1.288120e-05
1.140000e+02 1.105410e-05
1.150000e+02 9.825095e-06
1.160000e+02 1.289046e-05
1.170000e+02 9.808837e-06
1.180000e+02 9.338057e-06
1.190000e+02 1.205313e-05
1.200000e+02 9.290073e-06
1.210000e+02 1.163963e-05
1.220000e+02 6.186286e-06
1.230000e+02 1.677026e-05
1.240000e+02 9.222114e-06
1.250000e+02 7.338736e-06
1.260000e+02 1.086613e-05
1.270000e+02 6.212889e-06
1.280000e+02 8.669630e-06
1.290000e+02 2.433790e-06
1.300000e+02 9.815271e-06
1.310000e+02 1.432678e-05
1.320000e+02 4.733499e-06
1.330000e+02 6.410012e-06
1.340000e+02 8.877374e-06
1.350000e+02 1.277594e-05
1.360000e+02 8.394359e-06
1.370000e+02 3.136046e-06
1.380000e+02 1.372225e-05
1.390000e+02 4.176572e-06
1.400000e+02 1.379651e-05
1.410000e+02 5.319051e-06
1.420000e+02 6.292155e-06
1.430000e+02 1.887204e-05
1.440000e+02 7.978752e-06
1.450000e+02 5.841591e-06
1.460000e+02 5.074773e-06
1.470000e+02 3.051749e-06
1.480000e+02 7.181258e-06
1.490000e+02 5.540087e-06
1.500000e+02 4.168127e-06
1.510000e+02 8.253391e-06
1.520000e+02 1.220032e-05
1.530000e+02 6.452418e-06
1.540000e+02 4.713795e-06
1.550000e+02 4.055809e-06
1.560000e+02 3.786740e-06
1.570000e+02 3.138739e-05
1.580000e+02 3.567873e-05
1.590000e+02 3.027314e-05
1.600000e+02 2.447529e-05
1.610000e+02 5.020907e-06
1.620000e+02 3.064640e-05
1.630000e+02 3.449852e-05
1.640000e+02 2.802164e-05
1.650000e+02 2.477662e-05
1.660000e+02 1.934994e-05
1.670000e+02 3.064477e-05
1.680000e+02 2.403205e-05
1.690000e+02 3.327315e-05
1.700000e+02 2.332114e-05
1.710000e+02 2.649544e-05
1.720000e+02 2.728225e-05
1.730000e+02 2.331954e-05
1.740000e+02 2.671968e-05
1.750000e+02 1.957489e-05
1.760000e+02 1.798046e-05
1.770000e+02 1.829903e-05
1.780000e+02 2.752509e-05
1.790000e+02 1.923696e-05
1.800000e+02 1.966081e-05
1.810000e+02 1.762152e-05
1.820000e+02 1.250154e-05
1.830000e+02 1.694936e-05
1.840000e+02 1.479766e-05
1.850000e+02 1.727552e-05
1.860000e+02 1.178935e-05
1.870000e+02 3.395405e-05
1.880000e+02 1.687762e-05
1.890000e+02 1.306992e-05
1.900000e+02 1.261003e-05
1.910000e+02 1.417108e-05
1.920000e+02 1.824839e-05
1.930000e+02 1.717015e-05
1.940000e+02 1.483785e-05
1.950000e+02 1.307723e-05
1.960000e+02 1.613163e-05
1.970000e+02 1.854116e-05
1.980000e+02 2.123563e-05
1.990000e+02 1.842738e-05
2.000000e+02 1.287228e-05
2.010000e+02 6.338856e-05
2.020000e+02 1.788426e-05
2.030000e+02 6.734086e-05
2.040000e+02 7.969541e-05
2.050000e+02 7.554268e-05
2.060000e+02 9.001353e-05
2.070000e+02 9.223896e-05
2.080000e+02 8.362090e-05
2.090000e+02 7.466394e-05
2.100000e+02 7.569650e-05
2.110000e+02 8.017936e-05
2.120000e+02 7.226654e-05
2.130000e+02 8.568063e-05
2.140000e+02 8.455448e-05
2.150000e+02 8.137595e-05
2.160000e+02 7.347453e-05
2.170000e+02 8.182292e-05
2.180000e+02 7.591726e-05
2.190000e+02 7.794089e-05
2.200000e+02 8.378860e-05
2.210000e+02 8.188023e-05
2.220000e+02 8.345884e-05
2.230000e+02 7.975566e-05
2.240000e+02 6.577684e-05
2.250000e+02 7.315552e-05
2.260000e+02 7.640458e-05
2.270000e+02 7.197641e-05
2.280000e+02 7.423710e-05
2.290000e+02 6.705309e-05
2.300000e+02 7.948962e-05
2.310000e+02 8.756949e-05
2.320000e+02 7.993874e-05
2.330000e+02 8.370185e-05
2.340000e+02 8.542406e-05
2.350000e+02 8.826754e-05
2.360000e+02 8.563298e-05
2.370000e+02 7.617300e-05
2.380000e+02 7.424661e-05
2.390000e+02 8.889835e-05
2.400000e+02 1.030984e-04
2.410000e+02 9.301310e-05
2.420000e+02 9.250805e-05
2.430000e+02 9.371828e-05
2.440000e+02 9.415471e-05
2.450000e+02 1.051686e-04
2.460000e+02 9.591537e-05
2.470000e+02 9.766561e-05
2.480000e+02 9.685744e-05
2.490000e+02 1.017237e-04
2.500000e+02 1.055442e-04
2.510000e+02 9.633771e-05
2.520000e+02 9.237826e-05
2.530000e+02 7.826005e-05
2.540000e+02 8.778355e-05
2.550000e+02 9.964871e-05
2.560000e+02 9.486785e-05
2.570000e+02 9.123166e-05
2.580000e+02 8.825381e-05
2.590000e+02 8.947224e-05
2.600000e+02 1.035884e-04
2.610000e+02 1.035770e-04
2.620000e+02 1.025614e-04
2.630000e+02 9.589402e-05
2.640000e+02 1.109060e-04
2.650000e+02 1.073899e-04
2.660000e+02 9.052052e-05
2.670000e+02 8.415059e-05
2.680000e+02 8.881661e-05
2.690000e+02 8.482450e-05
2.700000e+02 8.806177e-05
2.710000e+02 9.499553e-05
2.720000e+02 7.965936e-05
2.730000e+02 7.450092e-05
2.740000e+02 7.729536e-05
2.750000e+02 8.978820e-05
2.760000e+02 7.670097e-05
2.770000e+02 8.826759e-05
2.780000e+02 7.834091e-05
2.790000e+02 7.871910e-05
2.800000e+02 8.110204e-05
2.810000e+02 6.825067e-05
2.820000e+02 7.325039e-05
2.830000e+02 7.424372e-05
2.840000e+02 7.356803e-05
2.850000e+02 7.454615e-05
2.860000e+02 6.746905e-05
2.870000e+02 6.957214e-05
2.880000e+02 7.565935e-05
2.890000e+02 6.430312e-05
2.900000e+02 7.118081e-05
2.910000e+02 6.624039e-05
2.920000e+02 6.733585e-05
2.930000e+02 6.350092e-05
2.940000e+02 6.641199e-05
2.950000e+02 6.100914e-05
2.960000e+02 5.890187e-05
2.970000e+02 5.972456e-05
2.980000e+02 5.699368e-05
2.990000e+02 5.813283e-05
3.000000e+02 6.021590e-05
3.010000e+02 6.155363e-05
3.020000e+02 8.298264e-05
3.030000e+02 6.698428e-05
3.040000e+02 6.892558e-05
3.050000e+02 8.048218e-05
3.060000e+02 7.392914e-05
3.070000e+02 7.184212e-05
3.080000e+02 8.439074e-05
3.090000e+02 7.137836e-05
3.100000e+02 7.183767e-05
3.110000e+02 6.893641e-05
3.120000e+02 6.806104e-05
3.130000e+02 6.978282e-05
3.140000e+02 8.899978e-05
3.150000e+02 7.748530e-05
3.160000e+02 7.999033e-05
3.170000e+02 7.880325e-05
3.180000e+02 8.744665e-05
3.190000e+02 9.594640e-05
3.200000e+02 8.571199e-05
3.210000e+02 1.010363e-04
3.220000e+02 1.073442e-04
3.230000e+02 1.150360e-04
3.240000e+02 1.287352e-04
3.250000e+02 1.004669e-04
3.260000e+02 1.000746e-04
3.270000e+02 1.046779e-04
3.280000e+02 1.041144e-04
3.290000e+02 1.049553e-04
3.300000e+02 1.033521e-04
3.310000e+02 8.848642e-05
3.320000e+02 1.215539e-04
3.330000e+02 1.117148e-04
3.340000e+02 9.235780e-05
3.350000e+02 1.030119e-04
3.360000e+02 9.925286e-05
3.370000e+02 1.284931e-04
3.380000e+02 1.344727e-04
3.390000e+02 1.516001e-04
3.400000e+02 1.418335e-04
3.410000e+02 1.550077e-04
3.420000e+02 2.830894e-05
3.430000e+02 1.079826e-04
3.440000e+02 1.232522e-04
3.450000e+02 3.331956e-05
3.460000e+02 9.327926e-05
3.470000e+02 1.307800e-04
3.480000e+02 2.754875e-05
3.490000e+02 1.268241e-04
3.500000e+02 2.559440e-05
3.510000e+02 1.019855e-04
3.520000e+02 4.254511e-05
3.530000e+02 1.043000e-04
3.540000e+02 2.669854e-05
3.550000e+02 1.103777e-04
3.560000e+02 2.474330e-05
3.570000e+02 3.366341e-05
3.580000e+02 2.606632e-05
3.590000e+02 1.817232e-05
3.600000e+02 1.874179e-05
3.610000e+02 8.654191e-05
3.620000e+02 2.058073e-05
3.630000e+02 9.395461e-05
3.640000e+02 1.937275e-05
3.650000e+02 2.096300e-05
3.660000e+02 8.769077e-05
3.670000e+02 2.127970e-05
3.680000e+02 2.292337e-05
3.690000e+02 1.797249e-05
3.700000e+02 2.303523e-05
3.710000e+02 1.686726e-05
3.720000e+02 1.623258e-05
3.730000e+02 2.312256e-05
3.740000e+02 2.293372e-05
3.750000e+02 1.808377e-05
3.760000e+02 3.588473e-05
3.770000e+02 2.500574e-05
3.780000e+02 1.694117e-05
3.790000e+02 9.894987e-06
3.800000e+02 1.282626e-05
3.810000e+02 1.397558e-05
3.820000e+02 2.229536e-05
3.830000e+02 1.757328e-05
3.840000e+02 2.215704e-05
3.850000e+02 1.174775e-05
3.860000e+02 1.489096e-05
3.870000e+02 1.637420e-05
3.880000e+02 1.347018e-05
3.890000e+02 2.179026e-05
3.900000e+02 1.860766e-05
3.910000e+02 1.897530e-05
3.920000e+02 1.635043e-05
3.930000e+02 1.390043e-05
3.940000e+02 1.231963e-05
3.950000e+02 1.096069e-05
3.960000e+02 7.654222e-05
3.970000e+02 1.434146e-05
3.980000e+02 3.599747e-05
3.990000e+02 9.507066e-06
4.000000e+02 1.223788e-05
4.010000e+02 1.428555e-05
4.020000e+02 1.111681e-05
4.030000e+02 6.841504e-05
4.040000e+02 1.240546e-05
4.050000e+02 1.069414e-05
4.060000e+02 1.037343e-05
4.070000e+02 6.148732e-05
4.080000e+02 7.356401e-06
4.090000e+02 5.762003e-05
4.100000e+02 5.966547e-05
4.110000e+02 5.543827e-05
4.120000e+02 9.689084e-06
4.130000e+02 5.368194e-05
4.140000e+02 5.358595e-05
4.150000e+02 5.281618e-05
4.160000e+02 6.156755e-05
4.170000e+02 1.721348e-05
4.180000e+02 1.121458e-05
4.190000e+02 1.526428e-05
4.200000e+02 5.953404e-05
4.210000e+02 1.684731e-05
4.220000e+02 5.471567e-05
4.230000e+02 1.418071e-05
4.240000e+02 1.840968e-05
4.250000e+02 5.927812e-05
4.260000e+02 1.458833e-05
4.270000e+02 1.708850e-05
4.280000e+02 1.415165e-05
4.290000e+02 1.879564e-05
4.300000e+02 1.290318e-05
4.310000e+02 1.551204e-05
4.320000e+02 1.703975e-05
4.330000e+02 1.337027e-05
4.340000e+02 1.652435e-05
4.350000e+02 1.238828e-05
4.360000e+02 1.828524e-05
4.370000e+02 1.811216e-05
4.380000e+02 1.758842e-05
4.390000e+02 1.729905e-05
4.400000e+02 1.268316e-05
4.410000e+02 9.124489e-06
4.420000e+02 1.225556e-05
4.430000e+02 2.599130e-05
4.440000e+02 2.779048e-05
4.450000e+02 1.819545e-05
4.460000e+02 1.155467e-05
4.470000e+02 1.898805e-05
4.480000e+02 2.730435e-05
4.490000e+02 1.668929e-05
4.500000e+02 1.937703e-05
4.510000e+02 2.723034e-05
4.520000e+02 3.088251e-05
4.530000e+02 1.700111e-05
4.540000e+02 2.097508e-05
4.550000e+02 2.644013e-05
4.560000e+02 2.763533e-05
4.570000e+02 9.472845e-06
4.580000e+02 6.718824e-06
4.590000e+02 3.351993e-05
4.600000e+02 6.572217e-06
4.610000e+02 7.076835e-06
4.620000e+02 7.576331e-06
4.630000e+02 1.144455e-05
4.640000e+02 3.213750e-05
4.650000e+02 1.224231e-05
4.660000e+02 1.128594e-05
4.670000e+02 1.259972e-05
4.680000e+02 9.339274e-06
4.690000e+02 1.426801e-05
4.700000e+02 6.797897e-06
4.710000e+02 1.735262e-05
4.720000e+02 1.381457e-05
4.730000e+02 1.375843e-05
4.740000e+02 1.093626e-05
4.750000e+02 1.393502e-05
4.760000e+02 6.377919e-06
4.770000e+02 3.048959e-05
4.780000e+02 6.941293e-06
4.790000e+02 1.749338e-05
4.800000e+02 4.549202e-06
4.810000e+02 1.096320e-05
4.820000e+02 1.810888e-05
4.830000e+02 1.929149e-05
4.840000e+02 1.297332e-05
4.850000e+02 1.202516e-05
4.860000e+02 2.441488e-05
4.870000e+02 2.121176e-05
4.880000e+02 2.160523e-05
4.890000e+02 9.808532e-06
4.900000e+02 4.111677e-06
4.910000e+02 7.780066e-06
4.920000e+02 9.011562e-06
4.930000e+02 2.176574e-05
4.940000e+02 4.616425e-06
4.950000e+02 2.191348e-05
4.960000e+02 1.881859e-05
4.970000e+02 8.824712e-06
4.980000e+02 1.934736e-05
4.990000e+02 1.575321e-05
5.000000e+02 1.541196e-05
5.010000e+02 6.355568e-06
5.020000e+02 2.004862e-05
5.030000e+02 8.657808e-06
5.040000e+02 1.900863e-05
5.050000e+02 1.949901e-05
5.060000e+02 1.037011e-05
5.070000e+02 4.900108e-06
5.080000e+02 7.715916e-06
5.090000e+02 1.221132e-05
5.100000e+02 1.125010e-05
5.110000e+02 1.576534e-05
5.120000e+02 7.354885e-06
5.130000e+02 6.558148e-06
5.140000e+02 5.846284e-06
5.150000e+02 1.256610e-05
5.160000e+02 5.454298e-06
5.170000e+02 4.893443e-06
5.180000e+02 9.713044e-06
5.190000e+02 7.007686e-06
5.200000e+02 3.608801e-06
5.210000e+02 1.217643e-05
5.220000e+02 4.630342e-06
5.230000e+02 3.341324e-06
5.240000e+02 7.272139e-06
5.250000e+02 3.273615e-06
5.260000e+02 6.690009e-06
5.270000e+02 6.928659e-06
5.280000e+02 6.193197e-06
5.290000e+02 6.795661e-06
5.300000e+02 4.421703e-06
5.310000e+02 3.738603e-06
5.320000e+02 6.251448e-06
5.330000e+02 2.953375e-06
5.340000e+02 3.247026e-06
5.350000e+02 3.694335e-06
5.360000e+02 4.057057e-06
5.370000e+02 3.304936e-06
5.380000e+02 1.912530e-05
5.390000e+02 4.988007e-06
5.400000e+02 3.552166e-06
5.410000e+02 3.703169e-06
5.420000e+02 1.793586e-05
5.430000e+02 2.011119e-05
5.440000e+02 1.974614e-05
5.450000e+02 1.920422e-05
5.460000e+02 1.781619e-05
5.470000e+02 1.945979e-05
5.480000e+02 1.829750e-05
5.490000e+02 1.952531e-05
5.500000e+02 7.064990e-06
5.510000e+02 1.897263e-05
5.520000e+02 1.820585e-05
5.530000e+02 7.377805e-06
5.540000e+02 1.976058e-05
5.550000e+02 1.634565e-05
5.560000e+02 1.634550e-05
5.570000e+02 1.836142e-05
5.580000e+02 1.790118e-05
5.590000e+02 2.115766e-05
5.600000e+02 6.701846e-06
5.610000e+02 1.649069e-05
5.620000e+02 1.828737e-05
5.630000e+02 1.691706e-05
5.640000e+02 1.806721e-05
5.650000e+02 1.907245e-05
5.660000e+02 1.650077e-05
5.670000e+02 1.875236e-05
5.680000e+02 1.696160e-05
5.690000e+02 1.624389e-05
5.700000e+02 1.662032e-05
5.710000e+02 8.803179e-06
5.720000e+02 2.039306e-05
5.730000e+02 1.923099e-05
5.740000e+02 7.713345e-06
5.750000e+02 1.815014e-05
5.760000e+02 1.831632e-05
5.770000e+02 2.289587e-05
5.780000e+02 1.995739e-05
5.790000e+02 2.247726e-05
5.800000e+02 1.612622e-05
5.810000e+02 1.659420e-05
5.820000e+02 1.743156e-05
5.830000e+02 1.822433e-05
5.840000e+02 2.020154e-05
5.850000e+02 2.214076e-05
5.860000e+02 2.140308e-05
5.870000e+02 1.942606e-05
5.880000e+02 7.685754e-06
5.890000e+02 1.679261e-05
5.900000e+02 2.326634e-05
5.910000e+02 2.229330e-05
5.920000e+02 1.723079e-05
5.930000e+02 2.233914e-05
5.940000e+02 2.091163e-05
5.950000e+02 2.200288e-05
5.960000e+02 5.021973e-06
5.970000e+02 2.110571e-05
5.980000e+02 7.060399e-06
5.990000e+02 1.786208e-05
6.000000e+02 4.743677e-06
6.010000e+02 4.709923e-06
6.020000e+02 5.680039e-06
6.030000e+02 3.468981e-06
6.040000e+02 5.384384e-06
6.050000e+02 5.883475e-06
6.060000e+02 4.547144e-06
6.070000e+02 5.440692e-06
6.080000e+02 2.756612e-06
6.090000e+02 4.456197e-06
6.100000e+02 4.283957e-06
6.110000e+02 6.165273e-06
6.120000e+02 5.243125e-06
6.130000e+02 2.878471e-06
6.140000e+02 3.462994e-06
6.150000e+02 6.532580e-06
6.160000e+02 4.069082e-06
6.170000e+02 2.465418e-06
6.180000e+02 5.926111e-06
6.190000e+02 5.521584e-06
6.200000e+02 1.940248e-06
6.210000e+02 6.936980e-06
6.220000e+02 4.501169e-06
6.230000e+02 6.557611e-06
6.240000e+02 4.846524e-06
6.250000e+02 3.362217e-06
6.260000e+02 4.855759e-06
6.270000e+02 5.933191e-06
6.280000e+02 4.531396e-06
6.290000e+02 3.998266e-06
6.300000e+02 3.031755e-06
6.310000e+02 2.631827e-06
6.320000e+02 6.196346e-06
6.330000e+02 5.521216e-06
6.340000e+02 6.557508e-06
6.350000e+02 3.957831e-06
6.360000e+02 7.198586e-06
6.370000e+02 3.568044e-06
6.380000e+02 4.399807e-06
6.390000e+02 4.590537e-06
6.400000e+02 5.701791e-06
6.410000e+02 5.165152e-06
6.420000e+02 3.512700e-06
6.430000e+02 3.627395e-06
6.440000e+02 5.142732e-06
6.450000e+02 5.519892e-06
6.460000e+02 4.453451e-06
6.470000e+02 3.435398e-06
6.480000e+02 4.207434e-06
6.490000e+02 7.737071e-06
6.500000e+02 6.105669e-06
6.510000e+02 6.553397e-06
6.520000e+02 7.197332e-06
6.530000e+02 5.987564e-06
6.540000e+02 7.158555e-06
6.550000e+02 7.194550e-06
6.560000e+02 5.878578e-06
6.570000e+02 7.497589e-06
6.580000e+02 7.862895e-06
6.590000e+02 6.840774e-06
6.600000e+02 6.620659e-06
6.610000e+02 4.219204e-06
6.620000e+02 4.728985e-06
6.630000e+02 6.036221e-06
6.640000e+02 5.824031e-06
6.650000e+02 6.237600e-06
6.660000e+02 5.437509e-06
6.670000e+02 5.964134e-06
6.680000e+02 7.179300e-06
6.690000e+02 5.772373e-06
6.700000e+02 5.176743e-06
6.710000e+02 6.336943e-06
6.720000e+02 6.181571e-06
6.730000e+02 6.827210e-06
6.740000e+02 3.018780e-06
6.750000e+02 3.672862e-06
6.760000e+02 5.753868e-06
6.770000e+02 7.163258e-06
6.780000e+02 7.569402e-06
6.790000e+02 5.575343e-06
6.800000e+02 6.326844e-06
6.810000e+02 6.208745e-06
6.820000e+02 6.216969e-06
6.830000e+02 5.246588e-06
6.840000e+02 5.814012e-06
6.850000e+02 4.620978e-06
6.860000e+02 3.900598e-06
6.870000e+02 5.012211e-06
6.880000e+02 3.942693e-06
6.890000e+02 3.992981e-06
6.900000e+02 4.839452e-06
6.910000e+02 5.989123e-06
6.920000e+02 6.442125e-06
6.930000e+02 7.128577e-06
6.940000e+02 7.296222e-06
6.950000e+02 5.612430e-06
6.960000e+02 6.656863e-06
6.970000e+02 6.318903e-06
6.980000e+02 3.659936e-06
6.990000e+02 3.741389e-06
7.000000e+02 3.946722e-06
7.010000e+02 2.643761e-06
7.020000e+02 4.557986e-06
7.030000e+02 4.382226e-06
7.040000e+02 3.750474e-06
7.050000e+02 3.524153e-06
7.060000e+02 3.005870e-06
7.070000e+02 2.819145e-06
7.080000e+02 3.028632e-06
7.090000e+02 2.593692e-06
7.100000e+02 2.679320e-06
7.110000e+02 1.805653e-06
7.120000e+02 2.443745e-06
7.130000e+02 1.192768e-05
7.140000e+02 3.171531e-06
7.150000e+02 3.551255e-06
7.160000e+02 2.186894e-06
7.170000e+02 2.020766e-06
7.180000e+02 2.154661e-06
7.190000e+02 2.568149e-06
7.200000e+02 2.340664e-06
7.210000e+02 2.433951e-06
7.220000e+02 2.997217e-06
7.230000e+02 2.535024e-06
7.240000e+02 2.342512e-06
7.250000e+02 1.956530e-06
7.260000e+02 2.286199e-06
7.270000e+02 2.692789e-06
7.280000e+02 2.899020e-06
7.290000e+02 2.591614e-06
7.300000e+02 3.134787e-06
7.310000e+02 2.470767e-06
7.320000e+02 2.328549e-06
7.330000e+02 2.856386e-06
7.340000e+02 2.604781e-06
7.350000e+02 1.965532e-06
7.360000e+02 2.238440e-06
7.370000e+02 8.846615e-06
7.380000e+02 2.143877e-06
7.390000e+02 1.882670e-06
7.400000e+02 2.550175e-06
7.410000e+02 2.186612e-06
7.420000e+02 1.600527e-06
7.430000e+02 1.785290e-06
7.440000e+02 1.655975e-06
7.450000e+02 1.467596e-06
7.460000e+02 7.830461e-06
7.470000e+02 8.117383e-06
7.480000e+02 8.176547e-06
7.490000e+02 1.242767e-06
7.500000e+02 7.736285e-06
7.510000e+02 1.493623e-06
7.520000e+02 1.048813e-06
7.530000e+02 1.491723e-06
7.540000e+02 6.827703e-06
7.550000e+02 1.583457e-06
7.560000e+02 1.166756e-06
7.570000e+02 1.239084e-06
7.580000e+02 6.663308e-06
7.590000e+02 6.819414e-06
7.600000e+02 1.409369e-06
7.610000e+02 6.460324e-06
7.620000e+02 6.693848e-06
7.630000e+02 6.312266e-06
7.640000e+02 6.039268e-06
7.650000e+02 6.271057e-06
7.660000e+02 5.247224e-06
7.670000e+02 5.704557e-06
7.680000e+02 1.332755e-06
7.690000e+02 5.597122e-06
7.700000e+02 6.176740e-06
7.710000e+02 6.130072e-06
7.720000e+02 1.154193e-06
7.730000e+02 5.391570e-06
7.740000e+02 5.492622e-06
7.750000e+02 5.479387e-06
7.760000e+02 1.337272e-06
7.770000e+02 5.175222e-06
7.780000e+02 5.919712e-06
7.790000e+02 5.925068e-06
7.800000e+02 5.717684e-06
7.810000e+02 1.796448e-06
7.820000e+02 4.798318e-06
7.830000e+02 5.452704e-06
7.840000e+02 4.989209e-06
7.850000e+02 1.231545e-06
7.860000e+02 3.890859e-06
7.870000e+02 1.958041e-06
7.880000e+02 1.064537e-06
7.890000e+02 1.346334e-06
7.900000e+02 4.388603e-06
7.910000e+02 9.802077e-07
7.920000e+02 1.165260e-06
7.930000e+02 1.167662e-06
7.940000e+02 8.825655e-07
7.950000e+02 1.892248e-06
7.960000e+02 1.964487e-06
7.970000e+02 1.353875e-06
7.980000e+02 1.444301e-06
7.990000e+02 1.869806e-06
8.000000e+02 1.562339e-06
8.010000e+02 5.922105e-07
8.020000e+02 4.664380e-07
8.030000e+02 3.092222e-06
8.040000e+02 3.337397e-06
8.050000e+02 2.670261e-06
8.060000e+02 2.718914e-06
8.070000e+02 3.538065e-06
8.080000e+02 3.160175e-06
8.090000e+02 2.458317e-06
8.100000e+02 2.622261e-06
8.110000e+02 2.258411e-06
8.120000e+02 2.435808e-06
8.130000e+02 7.636891e-07
8.140000e+02 1.314287e-06
8.150000e+02 2.804746e-06
8.160000e+02 2.259891e-07
8.170000e+02 4.790266e-07
8.180000e+02 3.494600e-07
8.190000e+02 6.202001e-07
8.200000e+02 9.467906e-07
8.210000e+02 1.013594e-06
8.220000e+02 1.367852e-06
8.230000e+02 1.778211e-07
8.240000e+02 5.428568e-07
8.250000e+02 2.355323e-06
8.260000e+02 1.652470e-06
8.270000e+02 2.426037e-06
8.280000e+02 2.953830e-07
8.290000e+02 1.012595e-07
8.300000e+02 3.324045e-07
8.310000e+02 1.913878e-07
8.320000e+02 2.940764e-07
8.330000e+02 7.542243e-08
8.340000e+02 6.729597e-07
8.350000e+02 2.519919e-06
8.360000e+02 1.616851e-06
8.370000e+02 1.363925e-06
8.380000e+02 1.733380e-06
8.390000e+02 2.119280e-06
8.400000e+02 2.308475e-06
8.410000e+02 1.079449e-06
8.420000e+02 1.349380e-06
8.430000e+02 6.015583e-07
8.440000e+02 7.384953e-07
8.450000e+02 7.211758e-07
8.460000e+02 7.556947e-07
8.470000e+02 2.672717e-06
8.480000e+02 2.380608e-06
8.490000e+02 3.651414e-07
8.500000e+02 8.627315e-07
8.510000e+02 2.837866e-06
8.520000e+02 5.251789e-07
8.530000e+02 9.865388e-07
8.540000e+02 2.563884e-06
8.550000e+02 1.656909e-06
8.560000e+02 3.046387e-07
8.570000e+02 9.906490e-08
8.580000e+02 1.633593e-07
8.590000e+02 2.070170e-07
8.600000e+02 5.609498e-08
8.610000e+02 3.638901e-07
8.620000e+02 8.076856e-07
8.630000e+02 3.668746e-07
8.640000e+02 7.020292e-07
8.650000e+02 7.929849e-07
8.660000e+02 1.107512e-06
8.670000e+02 1.086001e-06
8.680000e+02 2.986411e-07
8.690000e+02 1.098546e-06
8.700000e+02 1.904185e-06
8.710000e+02 1.562016e-06
8.720000e+02 1.538617e-06
8.730000e+02 7.233188e-07
8.740000e+02 1.446022e-06
8.750000e+02 4.998731e-07
8.760000e+02 5.133576e-07
8.770000e+02 2.826943e-06
8.780000e+02 5.255633e-07
8.790000e+02 7.841353e-07
8.800000e+02 2.446236e-06
8.810000e+02 4.989292e-07
8.820000e+02 2.054983e-06
8.830000e+02 4.205563e-07
8.840000e+02 2.110565e-06
8.850000e+02 2.164160e-06
8.860000e+02 3.955007e-07
8.870000e+02 8.268262e-07
8.880000e+02 1.976031e-06
8.890000e+02 4.633614e-07
8.900000e+02 1.521756e-06
8.910000e+02 6.438256e-07
8.920000e+02 6.606424e-07
8.930000e+02 7.213930e-07
8.940000e+02 8.213073e-07
8.950000e+02 1.340955e-06
8.960000e+02 2.811090e-07
8.970000e+02 1.729044e-06
8.980000e+02 1.885735e-06
8.990000e+02 3.706517e-07
9.000000e+02 2.809978e-07
9.010000e+02 1.842559e-06
9.020000e+02 4.689478e-07
9.030000e+02 7.230785e-07
9.040000e+02 8.823377e-07
9.050000e+02 4.255210e-07
9.060000e+02 1.844982e-06
9.070000e+02 1.758331e-06
9.080000e+02 1.834559e-06
9.090000e+02 6.822316e-07
9.100000e+02 4.194324e-07
9.110000e+02 5.439104e-07
9.120000e+02 3.702260e-07
9.130000e+02 3.759216e-07
9.140000e+02 2.056184e-06
9.150000e+02 4.055274e-07
9.160000e+02 3.244047e-07
9.170000e+02 7.153446e-07
9.180000e+02 4.776560e-07
9.190000e+02 8.373682e-07
9.200000e+02 6.560507e-07
9.210000e+02 3.924702e-07
9.220000e+02 7.126397e-07
9.230000e+02 4.623210e-07
9.240000e+02 2.174614e-06
9.250000e+02 1.035286e-06
9.260000e+02 2.202991e-06
9.270000e+02 1.731375e-06
9.280000e+02 5.611116e-07
9.290000e+02 2.139398e-06
9.300000e+02 3.929011e-07
9.310000e+02 7.428804e-07
9.320000e+02 7.503171e-07
9.330000e+02 5.551606e-07
9.340000e+02 7.562186e-07
9.350000e+02 6.645297e-07
9.360000e+02 1.835920e-06
9.370000e+02 5.241412e-07
9.380000e+02 3.349560e-07
9.390000e+02 4.309092e-07
9.400000e+02 6.101540e-07
9.410000e+02 2.283504e-06
9.420000e+02 2.278111e-06
9.430000e+02 6.406120e-07
9.440000e+02 1.763598e-06
9.450000e+02 1.963837e-06
9.460000e+02 6.232608e-07
9.470000e+02 1.952021e-06
9.480000e+02 4.328447e-07
9.490000e+02 2.053809e-06
9.500000e+02 5.315290e-07
9.510000e+02 2.353562e-06
9.520000e+02 7.047438e-07
9.530000e+02 7.325215e-07
9.540000e+02 7.593976e-07
9.550000e+02 1.226325e-06
9.560000e+02 5.939180e-07
9.570000e+02 7.011342e-07
9.580000e+02 2.016920e-06
9.590000e+02 1.116988e-06
9.600000e+02 1.248759e-06
9.610000e+02 1.194361e-06
9.620000e+02 1.482787e-06
9.630000e+02 1.739224e-06
9.640000e+02 1.424827e-06
9.650000e+02 2.386575e-06
9.660000e+02 1.537119e-06
9.670000e+02 2.185157e-06
9.680000e+02 1.042398e-06
9.690000e+02 2.431496e-06
9.700000e+02 1.019735e-06
9.710000e+02 1.162337e-06
9.720000e+02 9.781472e-07
9.730000e+02 4.560202e-06
9.740000e+02 1.399439e-06
9.750000e+02 1.143342e-06
9.760000e+02 1.750158e-06
9.770000e+02 3.032018e-06
9.780000e+02 1.372877e-06
9.790000e+02 1.524602e-06
9.800000e+02 1.073817e-06
9.810000e+02 2.086387e-06
9.820000e+02 1.350353e-06
9.830000e+02 9.626004e-07
9.840000e+02 8.441356e-07
9.850000e+02 6.343164e-07
9.860000e+02 2.299923e-06
9.870000e+02 1.089544e-06
9.880000e+02 8.614372e-07
9.890000e+02 1.416777e-06
9.900000e+02 5.966992e-07
9.910000e+02 2.250501e-06
9.920000e+02 7.654274e-07
9.930000e+02 6.961085e-07
9.940000e+02 7.473444e-07
9.950000e+02 2.394059e-06
9.960000e+02 2.328449e-06
9.970000e+02 2.101937e-06
9.980000e+02 6.422960e-07
9.990000e+02 5.331076e-07
1.000000e+03 2.221207e-06
1.001000e+03 8.042359e-07
1.002000e+03 7.838700e-07
1.003000e+03 5.979221e-07
1.004000e+03 5.757401e-07
1.005000e+03 2.276603e-06
1.006000e+03 3.284683e-06
1.007000e+03 9.493608e-07
1.008000e+03 8.981597e-07
1.009000e+03 5.492780e-07
1.010000e+03 4.515249e-07
1.011000e+03 2.174019e-06
1.012000e+03 8.619685e-07
1.013000e+03 7.858116e-07
1.014000e+03 5.305345e-07
1.015000e+03 2.292454e-06
1.016000e+03 2.315702e-06
1.017000e+03 2.012364e-06
1.018000e+03 5.537932e-07
1.019000e+03 4.735416e-07
1.020000e+03 7.454881e-07
1.021000e+03 2.255672e-06
1.022000e+03 2.038659e-06
1.023000e+03 2.149033e-06
1.024000e+03 9.017784e-07
1.025000e+03 7.061702e-07
1.026000e+03 5.793188e-07
1.027000e+03 5.114951e-07
1.028000e+03 4.090528e-07
1.029000e+03 2.082638e-06
1.030000e+03 8.653449e-07
1.031000e+03 7.438252e-07
1.032000e+03 6.296493e-07
1.033000e+03 5.452693e-07
1.034000e+03 5.051753e-07
1.035000e+03 1.983562e-06
1.036000e+03 2.630862e-06
1.037000e+03 6.796834e-07
1.038000e+03 6.966649e-07
1.039000e+03 6.459128e-07
1.040000e+03 5.516540e-07
1.041000e+03 4.518499e-07
1.042000e+03 1.874547e-06
1.043000e+03 2.818828e-06
1.044000e+03 6.750826e-07
1.045000e+03 4.043019e-07
1.046000e+03 1.994301e-06
1.047000e+03 2.018851e-06
1.048000e+03 1.881684e-06
1.049000e+03 1.782617e-06
1.050000e+03 1.881680e-06
1.051000e+03 5.082312e-07
1.052000e+03 4.037612e-07
1.053000e+03 3.627582e-07
1.054000e+03 3.471905e-07
1.055000e+03 1.827782e-06
1.056000e+03 1.730070e-06
1.057000e+03 1.562100e-06
1.058000e+03 1.624035e-06
1.059000e+03 1.359267e-06
1.060000e+03 3.935391e-07
1.061000e+03 4.253390e-07
1.062000e+03 3.673315e-07
1.063000e+03 1.709912e-06
1.064000e+03 1.575477e-06
1.065000e+03 1.589452e-06
1.066000e+03 1.561925e-06
1.067000e+03 1.420206e-06
1.068000e+03 1.746596e-06
1.069000e+03 3.899695e-07
1.070000e+03 3.711862e-07
1.071000e+03 3.393705e-07
1.072000e+03 1.612884e-06
1.073000e+03 1.616338e-06
1.074000e+03 1.501324e-06
1.075000e+03 1.427774e-06
1.076000e+03 1.378221e-06
1.077000e+03 1.342218e-06
1.078000e+03 1.918391e-06
1.079000e+03 4.074855e-07
1.080000e+03 4.592025e-07
1.081000e+03 3.609835e-07
1.082000e+03 3.494251e-07
1.083000e+03 2.788588e-07
1.084000e+03 1.386142e-06
1.085000e+03 2.878502e-07
1.086000e+03 1.142906e-06
1.087000e+03 1.172530e-06
1.088000e+03 1.081147e-06
1.089000e+03 1.080481e-06
1.090000e+03 1.024196e-06
1.091000e+03 1.706604e-06
1.092000e+03 2.796816e-07
1.093000e+03 2.610178e-07
1.094000e+03 2.372211e-07
1.095000e+03 2.926271e-07
1.096000e+03 1.995469e-07
1.097000e+03 1.121622e-06
1.098000e+03 1.139108e-06
1.099000e+03 1.091491e-06
1.100000e+03 9.194625e-07
1.101000e+03 9.154845e-07
1.102000e+03 8.284638e-07
1.103000e+03 9.279505e-07
1.104000e+03 9.199497e-07
1.105000e+03 8.097697e-07
1.106000e+03 7.809351e-07
1.107000e+03 1.575055e-06
1.108000e+03 2.739408e-07
1.109000e+03 2.138412e-07
1.110000e+03 5.761241e-07
1.111000e+03 5.453834e-07
1.112000e+03 3.087676e-07
1.113000e+03 1.058530e-06
1.114000e+03 1.079294e-06
1.115000e+03 1.035239e-06
1.116000e+03 9.807073e-07
1.117000e+03 8.641576e-07
1.118000e+03 8.177028e-07
1.119000e+03 7.640805e-07
1.120000e+03 6.979946e-07
1.121000e+03 6.658387e-07
1.122000e+03 6.581186e-07
1.123000e+03 6.807950e-07
1.124000e+03 6.134088e-07
1.125000e+03 5.987499e-07
1.126000e+03 5.860491e-07
1.127000e+03 6.553527e-07
1.128000e+03 6.673967e-07
1.129000e+03 6.731696e-07
1.130000e+03 6.213738e-07
1.131000e+03 5.951160e-07
1.132000e+03 2.062342e-06
1.133000e+03 2.836328e-07
1.134000e+03 3.048273e-07
1.135000e+03 3.198035e-07
1.136000e+03 2.448054e-07
1.137000e+03 2.368304e-07
1.138000e+03 1.815267e-07
1.139000e+03 1.772552e-07
1.140000e+03 8.611866e-07
1.141000e+03 2.034640e-07
1.142000e+03 7.609040e-07
1.143000e+03 7.644026e-07
1.144000e+03 6.419845e-07
1.145000e+03 6.280195e-07
1.146000e+03 6.555720e-07
1.147000e+03 6.326650e-07
1.148000e+03 5.895092e-07
1.149000e+03 5.745178e-07
1.150000e+03 6.087646e-07
1.151000e+03 5.846487e-07
1.152000e+03 5.777156e-07
1.153000e+03 5.777193e-07
1.154000e+03 9.068270e-08
1.155000e+03 5.775071e-07
1.156000e+03 9.164036e-08
1.157000e+03 5.360462e-07
1.158000e+03 8.136252e-08
1.159000e+03 5.262370e-07
1.160000e+03 7.177336e-08
1.161000e+03 5.234391e-08
1.162000e+03 5.246344e-07
1.163000e+03 6.313420e-08
1.164000e+03 5.402333e-07
1.165000e+03 4.740555e-07
1.166000e+03 5.002899e-07
1.167000e+03 8.218507e-08
1.168000e+03 8.992790e-08
1.169000e+03 8.470468e-08
1.170000e+03 7.523019e-08
1.171000e+03 7.672389e-08
1.172000e+03 7.932894e-08
1.173000e+03 6.882785e-08
1.174000e+03 7.348167e-08
1.175000e+03 7.857251e-08
1.176000e+03 6.611980e-08
1.177000e+03 6.634824e-08
1.178000e+03 9.883388e-08
1.179000e+03 9.152023e-08
1.180000e+03 9.016311e-08
1.181000e+03 6.541941e-08
1.182000e+03 1.009127e-07
1.183000e+03 7.070486e-08
1.184000e+03 8.423426e-08
1.185000e+03 5.102864e-08
1.186000e+03 5.592633e-08
1.187000e+03 6.689495e-08
1.188000e+03 2.328113e-06
1.189000e+03 3.464551e-07
1.190000e+03 2.343677e-07
1.191000e+03 2.135875e-07
1.192000e+03 1.908661e-07
1.193000e+03 1.485853e-07
1.194000e+03 1.813272e-07
1.195000e+03 1.792756e-07
1.196000e+03 1.632155e-07
1.197000e+03 1.851871e-07
1.198000e+03 1.729207e-07
1.199000e+03 1.694102e-07
1.200000e+03 1.395890e-07
1.201000e+03 1.396448e-07
1.202000e+03 1.307510e-07
1.203000e+03 1.278753e-07
1.204000e+03 1.254290e-07
1.205000e+03 1.199476e-07
1.206000e+03 1.160601e-07
1.207000e+03 1.015346e-07
1.208000e+03 7.588677e-08
1.209000e+03 9.151807e-08
1.210000e+03 7.802874e-08
1.211000e+03 1.123374e-07
1.212000e+03 8.304174e-08
1.213000e+03 1.074400e-07
1.214000e+03 1.074427e-07
1.215000e+03 9.896425e-08
1.216000e+03 1.112660e-07
1.217000e+03 1.406469e-07
1.218000e+03 1.476679e-07
1.219000e+03 1.289491e-07
1.220000e+03 1.405380e-07
1.221000e+03 1.353958e-07
1.222000e+03 9.693648e-08
1.223000e+03 8.864412e-08
1.224000e+03 6.822782e-08
1.225000e+03 1.746094e-07
1.226000e+03 1.944631e-07
1.227000e+03 1.237979e-06
1.228000e+03 2.494121e-07
1.229000e+03 2.413940e-07
1.230000e+03 2.279616e-07
1.231000e+03 1.797939e-07
1.232000e+03 1.973968e-07
1.233000e+03 1.710183e-07
1.234000e+03 1.389290e-07
1.235000e+03 1.509990e-07
1.236000e+03 1.441425e-07
1.237000e+03 1.426243e-07
1.238000e+03 1.446613e-07
1.239000e+03 1.384986e-07
1.240000e+03 1.488513e-07
1.241000e+03 1.122219e-07
1.242000e+03 1.049229e-07
1.243000e+03 1.153453e-07
1.244000e+03 1.038508e-07
1.245000e+03 1.063580e-07
1.246000e+03 9.956794e-08
1.247000e+03 1.035549e-07
1.248000e+03 3.713599e-07
1.249000e+03 3.311974e-07
1.250000e+03 2.175418e-07
1.251000e+03 1.885293e-07
1.252000e+03 1.667875e-07
1.253000e+03 1.538556e-07
1.254000e+03 1.365460e-07
1.255000e+03 1.382185e-07
1.256000e+03 1.477271e-07
1.257000e+03 1.376226e-07
1.258000e+03 1.370561e-07
1.259000e+03 1.517796e-07
1.260000e+03 1.195473e-07
1.261000e+03 1.229464e-07
1.262000e+03 1.194189e-07
1.263000e+03 1.024724e-07
1.264000e+03 3.699900e-07
1.265000e+03 5.576570e-07
1.266000e+03 2.417654e-07
1.267000e+03 2.010683e-07
1.268000e+03 1.824216e-07
1.269000e+03 1.727913e-07
1.270000e+03 1.463528e-07
1.271000e+03 1.476127e-07
1.272000e+03 1.201053e-07
1.273000e+03 1.081297e-07
1.274000e+03 1.109045e-07
1.275000e+03 1.069703e-07
1.276000e+03 1.241950e-07
1.277000e+03 2.265216e-06
1.278000e+03 3.717891e-07
1.279000e+03 3.486172e-07
1.280000e+03 3.105372e-07
1.281000e+03 2.720536e-07
1.282000e+03 2.365030e-07
1.283000e+03 2.530634e-07
1.284000e+03 1.419127e-07
1.285000e+03 1.635692e-07
1.286000e+03 9.085679e-08
1.287000e+03 5.398458e-07
1.288000e+03 4.489189e-07
1.289000e+03 3.024079e-07
1.290000e+03 2.030284e-07
1.291000e+03 1.914233e-07
1.292000e+03 1.724004e-07
1.293000e+03 2.825235e-07
1.294000e+03 1.692987e-07
1.295000e+03 1.521157e-07
1.296000e+03 1.502093e-07
1.297000e+03 5.362396e-07
1.298000e+03 4.058482e-07
1.299000e+03 4.389042e-07
1.300000e+03 3.293937e-07
1.301000e+03 2.779449e-07
1.302000e+03 2.075885e-07
1.303000e+03 1.795837e-07
1.304000e+03 1.134685e-07
1.305000e+03 1.565142e-07
1.306000e+03 2.159885e-06
1.307000e+03 5.365624e-07
1.308000e+03 4.484255e-07
1.309000e+03 3.448502e-07
1.310000e+03 2.676810e-07
1.311000e+03 1.889201e-07
1.312000e+03 1.767402e-07
1.313000e+03 1.741150e-07
1.314000e+03 1.541854e-06
1.315000e+03 5.206323e-07
1.316000e+03 4.745026e-07
1.317000e+03 3.426502e-07
1.318000e+03 2.295869e-07
1.319000e+03 2.001764e-07
1.320000e+03 3.371400e-07
1.321000e+03 1.305854e-07
1.322000e+03 1.240639e-06
1.323000e+03 6.735744e-07
1.324000e+03 5.839298e-07
1.325000e+03 2.348055e-07
1.326000e+03 1.855551e-07
1.327000e+03 1.618246e-07
1.328000e+03 1.639246e-07
1.329000e+03 1.543987e-07
1.330000e+03 2.252964e-06
1.331000e+03 4.658980e-07
1.332000e+03 3.395924e-07
1.333000e+03 3.000453e-07
1.334000e+03 2.195633e-07
1.335000e+03 2.337428e-07
1.336000e+03 1.649619e-07
1.337000e+03 1.425883e-07
1.338000e+03 1.840667e-06
1.339000e+03 4.349336e-07
1.340000e+03 4.504414e-07
1.341000e+03 2.789827e-07
1.342000e+03 2.147797e-07
1.343000e+03 1.786224e-07
1.344000e+03 1.495635e-07
1.345000e+03 1.489966e-07
1.346000e+03 1.670000e-06
1.347000e+03 4.755028e-07
1.348000e+03 3.873772e-07
1.349000e+03 3.189461e-07
1.350000e+03 1.986038e-07
1.351000e+03 1.753586e-07
1.352000e+03 2.015830e-07
1.353000e+03 1.346134e-07
1.354000e+03 1.694444e-06
1.355000e+03 4.602483e-07
1.356000e+03 4.240189e-07
1.357000e+03 3.320193e-07
1.358000e+03 2.880033e-07
1.359000e+03 2.439565e-07
1.360000e+03 2.124887e-07
1.361000e+03 1.777034e-07
1.362000e+03 9.633440e-08
1.363000e+03 1.204625e-06
1.364000e+03 3.892657e-07
1.365000e+03 2.916039e-07
1.366000e+03 3.124964e-07
1.367000e+03 2.958426e-07
1.368000e+03 1.978327e-07
1.369000e+03 1.728056e-07
1.370000e+03 1.423100e-07
1.371000e+03 1.597791e-07
1.372000e+03 1.554856e-06
1.373000e+03 4.736670e-07
1.374000e+03 4.512189e-07
1.375000e+03 3.587682e-07
1.376000e+03 2.830104e-07
1.377000e+03 1.993795e-07
1.378000e+03 1.661462e-07
1.379000e+03 1.293473e-07
1.380000e+03 1.281798e-07
1.381000e+03 1.086750e-07
1.382000e+03 1.335005e-06
1.383000e+03 4.163236e-07
1.384000e+03 3.618030e-07
1.385000e+03 2.930232e-07
1.386000e+03 2.261576e-07
1.387000e+03 1.812550e-07
1.388000e+03 1.597929e-07
1.389000e+03 1.403358e-07
1.390000e+03 6.139651e-07
1.391000e+03 5.946487e-07
1.392000e+03 5.536748e-07
1.393000e+03 1.419011e-06
1.394000e+03 8.431104e-07
1.395000e+03 7.484102e-07
1.396000e+03 5.440763e-07
1.397000e+03 5.482004e-07
1.398000e+03 4.256367e-07
1.399000e+03 2.837104e-07
1.400000e+03 2.375553e-07
1.401000e+03 2.070518e-07
1.402000e+03 6.703524e-07
1.403000e+03 5.241869e-07
1.404000e+03 4.622497e-07
1.405000e+03 1.626304e-06
1.406000e+03 4.556725e-07
1.407000e+03 3.554351e-07
1.408000e+03 3.295518e-07
1.409000e+03 2.884358e-07
1.410000e+03 2.431080e-07
1.411000e+03 2.170176e-07
1.412000e+03 6.455990e-07
1.413000e+03 6.264215e-07
1.414000e+03 5.905432e-07
1.415000e+03 5.285570e-07
1.416000e+03 4.823242e-07
1.417000e+03 4.513954e-07
1.418000e+03 4.108247e-07
1.419000e+03 8.228009e-07
1.420000e+03 4.731743e-07
1.421000e+03 2.814502e-07
1.422000e+03 2.524300e-07
1.423000e+03 2.438261e-07
1.424000e+03 1.667212e-07
1.425000e+03 1.339126e-07
1.426000e+03 5.535109e-07
1.427000e+03 5.537477e-07
1.428000e+03 4.692310e-07
1.429000e+03 3.982908e-07
1.430000e+03 3.247396e-07
1.431000e+03 2.958365e-07
1.432000e+03 2.610193e-07
1.433000e+03 2.405963e-07
1.434000e+03 2.243900e-07
1.435000e+03 1.382925e-06
1.436000e+03 3.444860e-07
1.437000e+03 2.697194e-07
1.438000e+03 2.129277e-07
1.439000e+03 1.737400e-07
1.440000e+03 1.232117e-07
1.441000e+03 9.610553e-08
1.442000e+03 4.829475e-07
1.443000e+03 4.403312e-07
1.444000e+03 3.587566e-07
1.445000e+03 3.227110e-07
1.446000e+03 2.804765e-07
1.447000e+03 2.509165e-07
1.448000e+03 2.260951e-07
1.449000e+03 2.076696e-07
1.450000e+03 2.055774e-07
1.451000e+03 1.951526e-07
1.452000e+03 1.874898e-07
1.453000e+03 2.239918e-06
1.454000e+03 3.073135e-07
1.455000e+03 2.052692e-07
1.456000e+03 2.115617e-07
1.457000e+03 1.608481e-07
1.458000e+03 1.243576e-07
1.459000e+03 9.142773e-08
1.460000e+03 7.240804e-08
1.461000e+03 6.013324e-08
1.462000e+03 3.347529e-07
1.463000e+03 2.749388e-07
1.464000e+03 2.383800e-07
1.465000e+03 2.130640e-07
1.466000e+03 1.928752e-07
1.467000e+03 1.820210e-07
1.468000e+03 1.767186e-07
1.469000e+03 1.697523e-07
1.470000e+03 1.641096e-07
1.471000e+03 1.501313e-07
1.472000e+03 1.473603e-07
1.473000e+03 1.551361e-07
1.474000e+03 1.552296e-07
1.475000e+03 1.533876e-07
1.476000e+03 1.202113e-06
1.477000e+03 4.262143e-07
1.478000e+03 2.762141e-07
1.479000e+03 1.999637e-07
1.480000e+03 1.536378e-07
1.481000e+03 1.237242e-07
1.482000e+03 1.016064e-07
1.483000e+03 8.450318e-08
1.484000e+03 7.865087e-08
1.485000e+03 3.311340e-07
1.486000e+03 3.112483e-07
1.487000e+03 2.717322e-07
1.488000e+03 2.418026e-07
1.489000e+03 2.154042e-07
1.490000e+03 2.005932e-07
1.491000e+03 1.875597e-07
1.492000e+03 1.750621e-07
1.493000e+03 1.679571e-07
1.494000e+03 1.645277e-07
1.495000e+03 1.607314e-07
1.496000e+03 1.599319e-07
1.497000e+03 1.543001e-07
1.498000e+03 1.519743e-07
1.499000e+03 1.535934e-07
1.500000e+03 1.508837e-07
1.501000e+03 1.621818e-06
1.502000e+03 3.937629e-07
1.503000e+03 2.930595e-07
1.504000e+03 2.295263e-07
1.505000e+03 1.825638e-07
1.506000e+03 1.522014e-07
1.507000e+03 1.116202e-07
1.508000e+03 9.212470e-08
1.509000e+03 7.927189e-08
1.510000e+03 6.687419e-08
1.511000e+03 2.939477e-07
1.512000e+03 3.014201e-07
1.513000e+03 2.749385e-07
1.514000e+03 2.242812e-07
1.515000e+03 1.996629e-07
1.516000e+03 1.906918e-07
1.517000e+03 1.811058e-07
1.518000e+03 1.678012e-07
1.519000e+03 1.622938e-07
1.520000e+03 1.533164e-07
1.521000e+03 1.508238e-07
1.522000e+03 1.462875e-07
1.523000e+03 1.414401e-07
1.524000e+03 1.403337e-07
1.525000e+03 1.349732e-07
1.526000e+03 1.336236e-07
1.527000e+03 1.319872e-07
1.528000e+03 1.873579e-06
1.529000e+03 3.737356e-07
1.530000e+03 2.984318e-07
1.531000e+03 2.284644e-07
1.532000e+03 1.795323e-07
1.533000e+03 1.398550e-07
1.534000e+03 8.555901e-08
1.535000e+03 7.243007e-08
1.536000e+03 5.871021e-08
1.537000e+03 6.757254e-08
1.538000e+03 2.827995e-07
1.539000e+03 2.592904e-07
1.540000e+03 2.291420e-07
1.541000e+03 2.020399e-07
1.542000e+03 1.918500e-07
1.543000e+03 1.844183e-07
1.544000e+03 1.664147e-07
1.545000e+03 1.610813e-07
1.546000e+03 2.090843e-08
1.547000e+03 1.588385e-08
1.548000e+03 1.566507e-08
1.549000e+03 1.503254e-08
1.550000e+03 1.316226e-08
1.551000e+03 1.403240e-08
1.552000e+03 1.115156e-08
1.553000e+03 1.097825e-08
1.554000e+03 1.086126e-08
1.555000e+03 1.183401e-08
1.556000e+03 1.544648e-06
1.557000e+03 2.758185e-07
1.558000e+03 1.948717e-07
1.559000e+03 1.464503e-07
1.560000e+03 1.150427e-07
1.561000e+03 8.869515e-08
1.562000e+03 7.120423e-08
1.563000e+03 5.922888e-08
1.564000e+03 5.508926e-08
1.565000e+03 2.795396e-07
1.566000e+03 2.638354e-07
1.567000e+03 2.295986e-07
1.568000e+03 2.128257e-07
1.569000e+03 2.035357e-07
1.570000e+03 1.912455e-07
1.571000e+03 1.781488e-07
1.572000e+03 1.876274e-07
1.573000e+03 5.590300e-08
1.574000e+03 1.676651e-07
1.575000e+03 1.334624e-07
1.576000e+03 1.282953e-07
1.577000e+03 1.223855e-07
1.578000e+03 1.322039e-07
1.579000e+03 1.274634e-07
1.580000e+03 1.235832e-07
1.581000e+03 1.239678e-07
1.582000e+03 1.212381e-07
1.583000e+03 1.172638e-07
1.584000e+03 1.297157e-06
1.585000e+03 2.506992e-07
1.586000e+03 2.073557e-07
1.587000e+03 1.450837e-07
1.588000e+03 2.071349e-07
1.589000e+03 1.781739e-07
1.590000e+03 1.474916e-07
1.591000e+03 9.067459e-08
1.592000e+03 7.349136e-08
1.593000e+03 4.061170e-08
1.594000e+03 2.419077e-07
1.595000e+03 2.278346e-07
1.596000e+03 1.969766e-07
1.597000e+03 1.818561e-07
1.598000e+03 1.802488e-07
1.599000e+03 1.569092e-07
1.600000e+03 1.550279e-07
1.601000e+03 1.447207e-07
1.602000e+03 1.424046e-07
1.603000e+03 1.341608e-07
1.604000e+03 1.278932e-07
1.605000e+03 1.214884e-07
1.606000e+03 1.192631e-07
1.607000e+03 1.131639e-07
1.608000e+03 1.176553e-07
1.609000e+03 1.192631e-08
1.610000e+03 1.114766e-07
1.611000e+03 1.093266e-07
1.612000e+03 1.116296e-07
1.613000e+03 1.094817e-07
1.614000e+03 1.155493e-06
1.615000e+03 2.644888e-07
1.616000e+03 2.145224e-07
1.617000e+03 1.316875e-07
1.618000e+03 9.025334e-08
1.619000e+03 7.081475e-08
1.620000e+03 5.894349e-08
1.621000e+03 4.867014e-08
1.622000e+03 4.158613e-08
1.623000e+03 3.578375e-08
1.624000e+03 2.091915e-07
1.625000e+03 1.993402e-07
1.626000e+03 3.699005e-08
1.627000e+03 1.890996e-07
1.628000e+03 1.813584e-07
1.629000e+03 1.734553e-07
1.630000e+03 1.631286e-07
1.631000e+03 1.492225e-07
1.632000e+03 1.418959e-07
1.633000e+03 1.334896e-07
1.634000e+03 1.275002e-07
1.635000e+03 1.233599e-07
1.636000e+03 1.208942e-07
1.637000e+03 1.170419e-07
1.638000e+03 1.128540e-07
1.639000e+03 1.124589e-07
1.640000e+03 1.083329e-07
1.641000e+03 1.093678e-07
1.642000e+03 1.035393e-07
1.643000e+03 1.032897e-07
1.644000e+03 1.047068e-07
1.645000e+03 1.057017e-07
1.646000e+03 1.362372e-06
1.647000e+03 3.144587e-07
1.648000e+03 2.050292e-07
1.649000e+03 1.685029e-07
1.650000e+03 1.314178e-07
1.651000e+03 1.049054e-07
1.652000e+03 8.022508e-08
1.653000e+03 6.276251e-08
1.654000e+03 4.617788e-08
1.655000e+03 3.781745e-08
1.656000e+03 3.200280e-08
1.657000e+03 2.823770e-08
1.658000e+03 2.602641e-08
1.659000e+03 1.820066e-07
1.660000e+03 1.769635e-07
1.661000e+03 1.628179e-07
1.662000e+03 1.500696e-07
1.663000e+03 1.384692e-07
1.664000e+03 1.275426e-07
1.665000e+03 1.189110e-07
1.666000e+03 1.152235e-07
1.667000e+03 1.153183e-07
1.668000e+03 1.142391e-07
1.669000e+03 1.105754e-07
1.670000e+03 1.099245e-07
1.671000e+03 9.708026e-08
1.672000e+03 9.474557e-08
1.673000e+03 9.397438e-08
1.674000e+03 9.249309e-08
1.675000e+03 9.207230e-08
1.676000e+03 9.268109e-08
1.677000e+03 8.005024e-08
1.678000e+03 8.654914e-08
1.679000e+03 8.896071e-08
1.680000e+03 9.013346e-08
1.681000e+03 9.232858e-08
1.682000e+03 9.187088e-08
1.683000e+03 1.464347e-06
1.684000e+03 2.717844e-07
1.685000e+03 1.842698e-07
1.686000e+03 1.713336e-07
1.687000e+03 1.111995e-07
1.688000e+03 1.042294e-07
1.689000e+03 8.106173e-08
1.690000e+03 6.593569e-08
1.691000e+03 5.232988e-08
1.692000e+03 4.354543e-08
1.693000e+03 3.927221e-08
1.694000e+03 3.478482e-08
1.695000e+03 3.146554e-08
1.696000e+03 1.802245e-07
1.697000e+03 1.734983e-07
1.698000e+03 1.529776e-07
1.699000e+03 1.412989e-07
1.700000e+03 1.325576e-07
1.701000e+03 1.264924e-07
1.702000e+03 1.195636e-07
1.703000e+03 1.100909e-07
1.704000e+03 1.048102e-07
1.705000e+03 1.003893e-07
1.706000e+03 1.008428e-07
1.707000e+03 9.746171e-08
1.708000e+03 9.910372e-08
1.709000e+03 9.673166e-08
1.710000e+03 9.566087e-08
1.711000e+03 9.804149e-08
1.712000e+03 9.990840e-08
1.713000e+03 9.867119e-08
1.714000e+03 9.725239e-08
1.715000e+03 9.730501e-08
1.716000e+03 8.033422e-08
1.717000e+03 7.740032e-08
1.718000e+03 8.374286e-08
1.719000e+03 8.548111e-08
1.720000e+03 8.313099e-08
1.721000e+03 8.394531e-08
1.722000e+03 8.446147e-08
1.723000e+03 8.442181e-08
1.724000e+03 8.548057e-08
1.725000e+03 7.807263e-08
1.726000e+03 1.387009e-06
1.727000e+03 2.190359e-07
1.728000e+03 1.574687e-07
1.729000e+03 1.258059e-07
1.730000e+03 1.054698e-07
1.731000e+03 8.520725e-08
1.732000e+03 6.022429e-08
1.733000e+03 4.703679e-08
1.734000e+03 4.275331e-08
1.735000e+03 3.547545e-08
1.736000e+03 2.006220e-07
1.737000e+03 1.877348e-07
1.738000e+03 1.631009e-07
1.739000e+03 1.425010e-07
1.740000e+03 1.438383e-07
1.741000e+03 1.362120e-07
1.742000e+03 1.261398e-07
1.743000e+03 1.162596e-07
1.744000e+03 1.065413e-07
1.745000e+03 1.023924e-07
1.746000e+03 9.901584e-08
1.747000e+03 9.346469e-08
1.748000e+03 9.215371e-08
1.749000e+03 8.688359e-08
1.750000e+03 8.385733e-08
1.751000e+03 8.057320e-08
1.752000e+03 7.840815e-08
1.753000e+03 7.761764e-08
1.754000e+03 7.760876e-08
1.755000e+03 7.785625e-08
1.756000e+03 7.669685e-08
1.757000e+03 7.440692e-08
1.758000e+03 7.453190e-08
1.759000e+03 7.390453e-08
1.760000e+03 6.669677e-08
1.761000e+03 7.598692e-08
1.762000e+03 7.676734e-08
1.763000e+03 8.192421e-08
1.764000e+03 6.975313e-08
1.765000e+03 6.933674e-08
1.766000e+03 6.705550e-08
1.767000e+03 6.897389e-08
1.768000e+03 7.026246e-08
1.769000e+03 7.045006e-08
1.770000e+03 6.987497e-08
1.771000e+03 6.824426e-08
1.772000e+03 6.958464e-08
1.773000e+03 6.921062e-08
1.774000e+03 7.069770e-08
1.775000e+03 7.131258e-08
1.776000e+03 7.117151e-08
1.777000e+03 1.401653e-06
1.778000e+03 2.700963e-07
1.779000e+03 2.724315e-07
1.780000e+03 2.276447e-07
1.781000e+03 1.593518e-07
1.782000e+03 1.244575e-07
1.783000e+03 1.224684e-07
1.784000e+03 1.018930e-07
1.785000e+03 8.511288e-08
1.786000e+03 7.178191e-08
1.787000e+03 6.125402e-08
1.788000e+03 5.268858e-08
1.789000e+03 4.582970e-08
1.790000e+03 1.488102e-07
1.791000e+03 1.440415e-07
1.792000e+03 1.291053e-07
1.793000e+03 1.117355e-07
1.794000e+03 1.101438e-07
1.795000e+03 1.034924e-07
1.796000e+03 9.774864e-08
1.797000e+03 8.957485e-08
1.798000e+03 8.221087e-08
1.799000e+03 8.235061e-08
1.800000e+03 8.059719e-08
1.801000e+03 7.850362e-08
1.802000e+03 7.653841e-08
1.803000e+03 7.423147e-08
1.804000e+03 7.363160e-08
1.805000e+03 7.227715e-08
1.806000e+03 6.783899e-08
1.807000e+03 6.754406e-08
1.808000e+03 6.703032e-08
1.809000e+03 6.774654e-08
1.810000e+03 6.965482e-08
1.811000e+03 6.972384e-08
1.812000e+03 6.838624e-08
1.813000e+03 6.826952e-08
1.814000e+03 6.850312e-08
1.815000e+03 6.057140e-08
1.816000e+03 6.556548e-08
1.817000e+03 6.584506e-08
1.818000e+03 6.683101e-08
1.819000e+03 6.650044e-08
1.820000e+03 6.431249e-08
1.821000e+03 6.579751e-08
1.822000e+03 6.230062e-08
1.823000e+03 6.300804e-08
1.824000e+03 6.232155e-08
1.825000e+03 6.039371e-08
1.826000e+03 6.074587e-08
1.827000e+03 6.188352e-08
1.828000e+03 6.056526e-08
1.829000e+03 6.072588e-08
1.830000e+03 6.101847e-08
1.831000e+03 6.045025e-08
1.832000e+03 6.029297e-08
1.833000e+03 6.043516e-08
1.834000e+03 5.766243e-08
1.835000e+03 5.835597e-08
1.836000e+03 5.769047e-08
1.837000e+03 5.838485e-08
1.838000e+03 5.845031e-08
1.839000e+03 5.864039e-08
1.840000e+03 1.495937e-06
1.841000e+03 3.087524e-07
1.842000e+03 2.564844e-07
1.843000e+03 2.082007e-07
1.844000e+03 1.070448e-07
1.845000e+03 7.890222e-08
1.846000e+03 6.874704e-08
1.847000e+03 5.489268e-08
1.848000e+03 4.238867e-08
1.849000e+03 3.427838e-08
1.850000e+03 2.884871e-08
1.851000e+03 1.523025e-07
1.852000e+03 1.432089e-07
1.853000e+03 1.189210e-07
1.854000e+03 1.077579e-07
1.855000e+03 1.022345e-07
1.856000e+03 9.391111e-08
1.857000e+03 8.586481e-08
1.858000e+03 7.910242e-08
1.859000e+03 7.829130e-08
1.860000e+03 7.474248e-08
1.861000e+03 6.993804e-08
1.862000e+03 6.621036e-08
1.863000e+03 6.218435e-08
1.864000e+03 6.116080e-08
1.865000e+03 6.004870e-08
1.866000e+03 5.862719e-08
1.867000e+03 6.044331e-08
1.868000e+03 6.022123e-08
1.869000e+03 5.806448e-08
1.870000e+03 5.806341e-08
1.871000e+03 5.396381e-08
1.872000e+03 5.197417e-08
1.873000e+03 5.234896e-08
1.874000e+03 5.207462e-08
1.875000e+03 5.008113e-08
1.876000e+03 5.068847e-08
1.877000e+03 5.140760e-08
1.878000e+03 5.163859e-08
1.879000e+03 5.249893e-08
1.880000e+03 5.382742e-08
1.881000e+03 5.354185e-08
1.882000e+03 5.288554e-08
1.883000e+03 4.996494e-08
1.884000e+03 4.936575e-08
1.885000e+03 4.901735e-08
1.886000e+03 4.846253e-08
1.887000e+03 4.864233e-08
1.888000e+03 4.850928e-08
1.889000e+03 4.876686e-08
1.890000e+03 4.823115e-08
1.891000e+03 4.793563e-08
1.892000e+03 4.819140e-08
1.893000e+03 4.766625e-08
1.894000e+03 4.737204e-08
1.895000e+03 4.599072e-08
1.896000e+03 4.663450e-08
1.897000e+03 4.691600e-08
1.898000e+03 4.548629e-08
1.899000e+03 4.971713e-08
1.900000e+03 5.086062e-08
1.901000e+03 5.053390e-08
1.902000e+03 5.158163e-08
1.903000e+03 4.804077e-08
1.904000e+03 4.875969e-08
1.905000e+03 4.966467e-08
1.906000e+03 4.924775e-08
1.907000e+03 5.070446e-08
1.908000e+03 5.066279e-08
1.909000e+03 5.071400e-08
1.910000e+03 5.092439e-08
1.911000e+03 5.019168e-08
1.912000e+03 1.388667e-06
1.913000e+03 2.616102e-07
1.914000e+03 2.175858e-07
1.915000e+03 2.079947e-07
1.916000e+03 1.654006e-07
1.917000e+03 1.183937e-07
1.918000e+03 8.876749e-08
1.919000e+03 6.826852e-08
1.920000e+03 5.390220e-08
1.921000e+03 3.605609e-08
1.922000e+03 3.085235e-08
1.923000e+03 2.716508e-08
1.924000e+03 1.348837e-07
1.925000e+03 1.330806e-07
1.926000e+03 1.163163e-07
1.927000e+03 1.069056e-07
1.928000e+03 9.743169e-08
1.929000e+03 8.735981e-08
1.930000e+03 7.897313e-08
1.931000e+03 7.184317e-08
1.932000e+03 6.859090e-08
1.933000e+03 6.495954e-08
1.934000e+03 6.172445e-08
1.935000e+03 5.968711e-08
1.936000e+03 5.567036e-08
1.937000e+03 5.328842e-08
1.938000e+03 5.305150e-08
1.939000e+03 5.198490e-08
1.940000e+03 4.991853e-08
1.941000e+03 5.052872e-08
1.942000e+03 4.974694e-08
1.943000e+03 4.972841e-08
1.944000e+03 4.923031e-08
1.945000e+03 4.839182e-08
1.946000e+03 4.809282e-08
1.947000e+03 4.483448e-08
1.948000e+03 4.695596e-08
1.949000e+03 4.666950e-08
1.950000e+03 4.541866e-08
1.951000e+03 4.562535e-08
1.952000e+03 4.688006e-08
1.953000e+03 4.604110e-08
1.954000e+03 3.943600e-08
1.955000e+03 4.301556e-08
1.956000e+03 4.163782e-08
1.957000e+03 4.335073e-08
1.958000e+03 4.316817e-08
1.959000e+03 4.097031e-08
1.960000e+03 4.453825e-08
1.961000e+03 4.605377e-08
1.962000e+03 4.539207e-08
1.963000e+03 4.503987e-08
1.964000e+03 4.527546e-08
1.965000e+03 4.517662e-08
1.966000e+03 4.484895e-08
1.967000e+03 4.543449e-08
1.968000e+03 4.531257e-08
1.969000e+03 4.540720e-08
1.970000e+03 4.530126e-08
1.971000e+03 4.420124e-08
1.972000e+03 4.368850e-08
1.973000e+03 4.154064e-08
1.974000e+03 4.345679e-08
1.975000e+03 4.543743e-08
1.976000e+03 4.621169e-08
1.977000e+03 4.746890e-08
1.978000e+03 4.103521e-08
1.979000e+03 4.040940e-08
1.980000e+03 4.007026e-08
1.981000e+03 3.432831e-08
1.982000e+03 3.807137e-08
1.983000e+03 4.040421e-08
1.984000e+03 4.038571e-08
1.985000e+03 4.010103e-08
1.986000e+03 3.794431e-08
1.987000e+03 3.987909e-08
1.988000e+03 4.098035e-08
1.989000e+03 4.133923e-08
1.990000e+03 4.128780e-08
1.991000e+03 4.168397e-08
1.992000e+03 4.112369e-08
1.993000e+03 4.263357e-08
1.994000e+03 4.341995e-08
1.995000e+03 4.344729e-08
1.996000e+03 1.201593e-06
1.997000e+03 3.039866e-07
1.998000e+03 1.574262e-07
1.999000e+03 1.240985e-07
2.000000e+03 9.724727e-08
2.001000e+03 7.554029e-08
2.002000e+03 6.376788e-08
2.003000e+03 5.260323e-08
2.004000e+03 4.339527e-08
2.005000e+03 3.636486e-08
2.006000e+03 2.973868e-08
2.007000e+03 4.028704e-08
2.008000e+03 3.531064e-08
2.009000e+03 1.388739e-07
2.010000e+03 1.359316e-07
2.011000e+03 1.186092e-07
2.012000e+03 1.055469e-07
2.013000e+03 9.534287e-08
2.014000e+03 8.630830e-08
2.015000e+03 8.010948e-08
2.016000e+03 7.093342e-08
2.017000e+03 6.652751e-08
2.018000e+03 6.217792e-08
2.019000e+03 6.072777e-08
2.020000e+03 5.751086e-08
2.021000e+03 5.494713e-08
2.022000e+03 5.314800e-08
2.023000e+03 5.179830e-08
2.024000e+03 5.090202e-08
2.025000e+03 4.717331e-08
2.026000e+03 4.762872e-08
2.027000e+03 4.854638e-08
2.028000e+03 4.709381e-08
2.029000e+03 4.681053e-08
2.030000e+03 4.628612e-08
2.031000e+03 4.546980e-08
2.032000e+03 4.511739e-08
2.033000e+03 4.473195e-08
2.034000e+03 4.167116e-08
2.035000e+03 4.219588e-08
2.036000e+03 4.214767e-08
2.037000e+03 3.982156e-08
2.038000e+03 3.443369e-08
2.039000e+03 3.443099e-08
2.040000e+03 3.574314e-08
2.041000e+03 3.697555e-08
2.042000e+03 3.724735e-08
2.043000e+03 3.460602e-08
2.044000e+03 3.641050e-08
2.045000e+03 3.665253e-08
2.046000e+03 3.828871e-08
2.047000e+03 3.799962e-08
2.048000e+03 3.813847e-08
2.049000e+03 3.784131e-08
2.050000e+03 3.731931e-08
2.051000e+03 3.726501e-08
2.052000e+03 3.510925e-08
2.053000e+03 3.592082e-08
2.054000e+03 3.722477e-08
2.055000e+03 3.772815e-08
2.056000e+03 3.753571e-08
2.057000e+03 3.720617e-08
2.058000e+03 3.869734e-08
2.059000e+03 3.684222e-08
2.060000e+03 3.509324e-08
2.061000e+03 3.668266e-08
2.062000e+03 3.610564e-08
2.063000e+03 3.620380e-08
2.064000e+03 3.635138e-08
2.065000e+03 3.622061e-08
2.066000e+03 3.056733e-08
2.067000e+03 3.416632e-08
2.068000e+03 3.513742e-08
2.069000e+03 3.527838e-08
2.070000e+03 3.254418e-08
2.071000e+03 3.472907e-08
2.072000e+03 3.566961e-08
2.073000e+03 3.601559e-08
2.074000e+03 3.603825e-08
2.075000e+03 3.681955e-08
2.076000e+03 3.636554e-08
2.077000e+03 3.477702e-08
2.078000e+03 3.647268e-08
2.079000e+03 3.357370e-08
2.080000e+03 3.170820e-08
2.081000e+03 3.368052e-08
2.082000e+03 3.359090e-08
2.083000e+03 3.351110e-08
2.084000e+03 3.321539e-08
2.085000e+03 3.323794e-08
2.086000e+03 3.060363e-08
2.087000e+03 3.141184e-08
2.088000e+03 3.142935e-08
2.089000e+03 3.133472e-08
2.090000e+03 3.188513e-08
2.091000e+03 3.183888e-08
2.092000e+03 3.204203e-08
2.093000e+03 2.663761e-08
2.094000e+03 2.936955e-08
2.095000e+03 3.004705e-08
2.096000e+03 3.001169e-08
2.097000e+03 1.662764e-06
2.098000e+03 2.799740e-07
2.099000e+03 2.774603e-07
2.100000e+03 2.005867e-07
2.101000e+03 1.453351e-07
2.102000e+03 1.148058e-07
2.103000e+03 9.431398e-08
2.104000e+03 7.812576e-08
2.105000e+03 6.546725e-08
2.106000e+03 5.729074e-08
2.107000e+03 5.051525e-08
2.108000e+03 3.873286e-08
2.109000e+03 3.241595e-08
2.110000e+03 2.819915e-08
2.111000e+03 2.475138e-08
2.112000e+03 1.150852e-07
2.113000e+03 9.646923e-08
2.114000e+03 8.655081e-08
2.115000e+03 8.405543e-08
2.116000e+03 7.627613e-08
2.117000e+03 6.979702e-08
2.118000e+03 6.471167e-08
2.119000e+03 6.007839e-08
2.120000e+03 5.618895e-08
2.121000e+03 4.539223e-08
2.122000e+03 4.205801e-08
2.123000e+03 4.117371e-08
2.124000e+03 4.026666e-08
2.125000e+03 3.760944e-08
2.126000e+03 3.485727e-08
2.127000e+03 3.663856e-08
2.128000e+03 3.719777e-08
2.129000e+03 3.781195e-08
2.130000e+03 3.901080e-08
2.131000e+03 3.760935e-08
2.132000e+03 3.752531e-08
2.133000e+03 3.611192e-08
2.134000e+03 3.736867e-08
2.135000e+03 3.634604e-08
2.136000e+03 3.643514e-08
2.137000e+03 3.559680e-08
2.138000e+03 3.644975e-08
2.139000e+03 3.449480e-08
2.140000e+03 3.544552e-08
2.141000e+03 3.521902e-08
2.142000e+03 3.540552e-08
2.143000e+03 3.499753e-08
2.144000e+03 3.528353e-08
2.145000e+03 3.481185e-08
2.146000e+03 3.461020e-08
2.147000e+03 3.442379e-08
2.148000e+03 3.492749e-08
2.149000e+03 2.784311e-08
2.150000e+03 3.206886e-08
2.151000e+03 3.309048e-08
2.152000e+03 3.302776e-08
2.153000e+03 3.031986e-08
2.154000e+03 3.302030e-08
2.155000e+03 3.271008e-08
2.156000e+03 3.388086e-08
2.157000e+03 3.363125e-08
2.158000e+03 3.314432e-08
2.159000e+03 3.153691e-08
2.160000e+03 3.300149e-08
2.161000e+03 3.305509e-08
2.162000e+03 3.280961e-08
2.163000e+03 3.348244e-08
2.164000e+03 3.328338e-08
2.165000e+03 3.023597e-08
2.166000e+03 3.223938e-08
2.167000e+03 3.189302e-08
2.168000e+03 3.188367e-08
2.169000e+03 3.216389e-08
2.170000e+03 3.166517e-08
2.171000e+03 3.302678e-08
2.172000e+03 3.308571e-08
2.173000e+03 3.358373e-08
2.174000e+03 3.373983e-08
2.175000e+03 3.055920e-08
2.176000e+03 2.480630e-08
2.177000e+03 2.720666e-08
2.178000e+03 2.806316e-08
2.179000e+03 2.885382e-08
2.180000e+03 2.911719e-08
2.181000e+03 2.528380e-08
2.182000e+03 2.657063e-08
2.183000e+03 2.808458e-08
2.184000e+03 2.799843e-08
2.185000e+03 2.680848e-08
2.186000e+03 2.851596e-08
2.187000e+03 2.791249e-08
2.188000e+03 2.820292e-08
2.189000e+03 2.856856e-08
2.190000e+03 2.884358e-08
2.191000e+03 2.867360e-08
2.192000e+03 2.577309e-08
2.193000e+03 2.806413e-08
2.194000e+03 2.782803e-08
2.195000e+03 2.799514e-08
2.196000e+03 2.776079e-08
2.197000e+03 2.837179e-08
2.198000e+03 2.815180e-08
2.199000e+03 2.896561e-08
2.200000e+03 2.878033e-08
2.201000e+03 2.877188e-08
2.202000e+03 2.796441e-08
2.203000e+03 2.736407e-08
2.204000e+03 2.548979e-08
2.205000e+03 2.393790e-08
2.206000e+03 2.523213e-08
2.207000e+03 2.527620e-08
2.208000e+03 2.598079e-08
2.209000e+03 2.385789e-08
2.210000e+03 2.526861e-08
2.211000e+03 2.551406e-08
2.212000e+03 2.749471e-08
2.213000e+03 2.747196e-08
2.214000e+03 2.769683e-08
2.215000e+03 2.772272e-08
2.216000e+03 2.767757e-08
2.217000e+03 2.767450e-08
2.218000e+03 2.772167e-08
2.219000e+03 2.655376e-08
2.220000e+03 2.733989e-08
2.221000e+03 2.724185e-08
2.222000e+03 2.741663e-08
2.223000e+03 2.803653e-08
2.224000e+03 1.535696e-06
2.225000e+03 4.321208e-07
2.226000e+03 2.889035e-07
2.227000e+03 2.176906e-07
2.228000e+03 1.702852e-07
2.229000e+03 1.247887e-07
2.230000e+03 1.259860e-07
2.231000e+03 8.434630e-08
2.232000e+03 6.821819e-08
2.233000e+03 5.155113e-08
2.234000e+03 4.689885e-08
2.235000e+03 3.228319e-08
2.236000e+03 2.640660e-08
2.237000e+03 2.226409e-08
2.238000e+03 2.547165e-08
2.239000e+03 2.291725e-08
2.240000e+03 2.475079e-08
2.241000e+03 9.053608e-08
2.242000e+03 8.878389e-08
2.243000e+03 7.997204e-08
2.244000e+03 7.266219e-08
2.245000e+03 6.451864e-08
2.246000e+03 6.007049e-08
2.247000e+03 5.491935e-08
2.248000e+03 5.063559e-08
2.249000e+03 4.731078e-08
2.250000e+03 4.523284e-08
2.251000e+03 4.069355e-08
2.252000e+03 3.933069e-08
2.253000e+03 3.762058e-08
2.254000e+03 3.666392e-08
2.255000e+03 3.641634e-08
2.256000e+03 3.546724e-08
2.257000e+03 3.767184e-08
2.258000e+03 3.601747e-08
2.259000e+03 3.593282e-08
2.260000e+03 3.564795e-08
2.261000e+03 3.473098e-08
2.262000e+03 3.244919e-08
2.263000e+03 2.949211e-08
2.264000e+03 2.995024e-08
2.265000e+03 3.051977e-08
2.266000e+03 3.047473e-08
2.267000e+03 2.915080e-08
2.268000e+03 3.043430e-08
2.269000e+03 3.104659e-08
2.270000e+03 3.201507e-08
2.271000e+03 3.214173e-08
2.272000e+03 3.004948e-08
2.273000e+03 3.053413e-08
2.274000e+03 2.963839e-08
2.275000e+03 2.978832e-08
2.276000e+03 2.995357e-08
2.277000e+03 3.021424e-08
2.278000e+03 2.996187e-08
2.279000e+03 2.990406e-08
2.280000e+03 2.973250e-08
2.281000e+03 2.906348e-08
2.282000e+03 2.824869e-08
2.283000e+03 2.904526e-08
2.284000e+03 2.912745e-08
2.285000e+03 2.916440e-08
2.286000e+03 2.893286e-08
2.287000e+03 2.828490e-08
2.288000e+03 2.810883e-08
2.289000e+03 2.637030e-08
2.290000e+03 2.335105e-08
2.291000e+03 2.511408e-08
2.292000e+03 2.632141e-08
2.293000e+03 2.674476e-08
2.294000e+03 2.706203e-08
2.295000e+03 2.291344e-08
2.296000e+03 2.434031e-08
2.297000e+03 2.563917e-08
2.298000e+03 2.648551e-08
2.299000e+03 2.487200e-08
2.300000e+03 2.623479e-08
2.301000e+03 2.617065e-08
2.302000e+03 2.710929e-08
2.303000e+03 2.657707e-08
2.304000e+03 2.674104e-08
2.305000e+03 2.652159e-08
2.306000e+03 2.671440e-08
2.307000e+03 2.704895e-08
2.308000e+03 2.745672e-08
2.309000e+03 2.674749e-08
2.310000e+03 2.696912e-08
2.311000e+03 2.660810e-08
2.312000e+03 2.650821e-08
2.313000e+03 2.666306e-08
2.314000e+03 2.621068e-08
2.315000e+03 2.407602e-08
2.316000e+03 2.548293e-08
2.317000e+03 2.192611e-08
2.318000e+03 2.235088e-08
2.319000e+03 2.313068e-08
2.320000e+03 2.524890e-08
2.321000e+03 2.601020e-08
2.322000e+03 2.318037e-08
2.323000e+03 2.500436e-08
2.324000e+03 2.556891e-08
2.325000e+03 2.471301e-08
2.326000e+03 2.615176e-08
2.327000e+03 2.619105e-08
2.328000e+03 2.591614e-08
2.329000e+03 2.604160e-08
2.330000e+03 2.556959e-08
2.331000e+03 2.549841e-08
2.332000e+03 2.622946e-08
2.333000e+03 2.631488e-08
2.334000e+03 2.855226e-08
2.335000e+03 2.627873e-08
2.336000e+03 2.710117e-08
2.337000e+03 2.648385e-08
2.338000e+03 2.625085e-08
2.339000e+03 2.615733e-08
2.340000e+03 2.593453e-08
2.341000e+03 2.378829e-08
2.342000e+03 2.575663e-08
2.343000e+03 2.575967e-08
2.344000e+03 2.587090e-08
2.345000e+03 2.445638e-08
2.346000e+03 2.210999e-08
2.347000e+03 2.189079e-08
2.348000e+03 2.310120e-08
2.349000e+03 2.317447e-08
2.350000e+03 2.299425e-08
2.351000e+03 2.106896e-08
2.352000e+03 2.277086e-08
2.353000e+03 2.366142e-08
2.354000e+03 2.417935e-08
2.355000e+03 2.404494e-08
2.356000e+03 2.434506e-08
2.357000e+03 2.434158e-08
2.358000e+03 2.434024e-08
2.359000e+03 2.434213e-08
2.360000e+03 2.463869e-08
2.361000e+03 2.679546e-08
2.362000e+03 2.503284e-08
2.363000e+03 2.590053e-08
2.364000e+03 2.568841e-08
2.365000e+03 2.551277e-08
2.366000e+03 2.547277e-08
2.367000e+03 2.106143e-08
2.368000e+03 2.244175e-08
2.369000e+03 2.245421e-08
2.370000e+03 2.275219e-08
2.371000e+03 2.291073e-08
2.372000e+03 2.283053e-08
2.373000e+03 1.947578e-08
2.374000e+03 2.017665e-08
2.375000e+03 2.104368e-08
2.376000e+03 2.140573e-08
2.377000e+03 1.960287e-08
2.378000e+03 2.120223e-08
2.379000e+03 2.158339e-08
2.380000e+03 2.210688e-08
2.381000e+03 2.230946e-08
2.382000e+03 2.262689e-08
2.383000e+03 2.328493e-08
2.384000e+03 2.281478e-08
2.385000e+03 2.338847e-08
2.386000e+03 2.267014e-08
2.387000e+03 2.404464e-08
2.388000e+03 2.296991e-06
2.389000e+03 2.947268e-07
2.390000e+03 2.292381e-07
2.391000e+03 1.805827e-07
2.392000e+03 1.379923e-07
2.393000e+03 1.113548e-07
2.394000e+03 1.013745e-07
2.395000e+03 8.221052e-08
2.396000e+03 6.571097e-08
2.397000e+03 5.186554e-08
2.398000e+03 2.744971e-08
2.399000e+03 2.463548e-08
2.400000e+03 1.298447e-07
2.401000e+03 2.035609e-08
2.402000e+03 9.979045e-08
2.403000e+03 9.437901e-08
2.404000e+03 8.509574e-08
2.405000e+03 7.155525e-08
2.406000e+03 6.493258e-08
2.407000e+03 5.931087e-08
2.408000e+03 5.445104e-08
2.409000e+03 4.949608e-08
2.410000e+03 4.730953e-08
2.411000e+03 4.345690e-08
2.412000e+03 4.204813e-08
2.413000e+03 3.759417e-08
2.414000e+03 3.573919e-08
2.415000e+03 3.416237e-08
2.416000e+03 3.260428e-08
2.417000e+03 3.150273e-08
2.418000e+03 3.159091e-08
2.419000e+03 3.129268e-08
2.420000e+03 2.876885e-08
2.421000e+03 2.905770e-08
2.422000e+03 2.892727e-08
2.423000e+03 2.817377e-08
2.424000e+03 2.817994e-08
2.425000e+03 2.769745e-08
2.426000e+03 2.742098e-08
2.427000e+03 2.717177e-08
2.428000e+03 2.669519e-08
2.429000e+03 2.368740e-08
2.430000e+03 2.453992e-08
2.431000e+03 2.395304e-08
2.432000e+03 2.594498e-08
2.433000e+03 2.366112e-08
2.434000e+03 2.491574e-08
2.435000e+03 2.571416e-08
2.436000e+03 2.739026e-08
2.437000e+03 2.835517e-08
2.438000e+03 2.775629e-08
2.439000e+03 2.684335e-08
2.440000e+03 2.635391e-08
2.441000e+03 2.558139e-08
2.442000e+03 3.354855e-08
2.443000e+03 7.625581e-09
2.444000e+03 3.429967e-08
2.445000e+03 7.750423e-09
2.446000e+03 6.635081e-09
2.447000e+03 6.350443e-09
2.448000e+03 3.090127e-08
2.449000e+03 3.297766e-08
2.450000e+03 3.328112e-08
2.451000e+03 2.401484e-08
2.452000e+03 2.464220e-08
2.453000e+03 2.463495e-08
2.454000e+03 2.463448e-08
2.455000e+03 2.231078e-08
2.456000e+03 1.976413e-08
2.457000e+03 2.269179e-08
2.458000e+03 2.356352e-08
2.459000e+03 2.418080e-08
2.460000e+03 2.159386e-08
2.461000e+03 2.381676e-08
2.462000e+03 2.473155e-08
2.463000e+03 2.304507e-08
2.464000e+03 2.419535e-08
2.465000e+03 2.440132e-08
2.466000e+03 2.377020e-08
2.467000e+03 2.216656e-08
2.468000e+03 2.175946e-08
2.469000e+03 2.167125e-08
2.470000e+03 2.191654e-08
2.471000e+03 2.190193e-08
2.472000e+03 2.152659e-08
2.473000e+03 2.248699e-08
2.474000e+03 2.170865e-08
2.475000e+03 1.946754e-08
2.476000e+03 2.049988e-08
2.477000e+03 2.053215e-08
2.478000e+03 2.062274e-08
2.479000e+03 2.127107e-08
2.480000e+03 2.055681e-08
2.481000e+03 1.886028e-08
2.482000e+03 1.974169e-08
2.483000e+03 1.795824e-08
2.484000e+03 1.665863e-08
2.485000e+03 1.753715e-08
2.486000e+03 1.798484e-08
2.487000e+03 2.048452e-08
2.488000e+03 1.712383e-08
2.489000e+03 1.772449e-08
2.490000e+03 1.892172e-08
2.491000e+03 1.998902e-08
2.492000e+03 1.946252e-08
2.493000e+03 1.940705e-08
2.494000e+03 1.852224e-08
2.495000e+03 1.914480e-08
2.496000e+03 1.912174e-08
2.497000e+03 1.956607e-08
2.498000e+03 1.920819e-08
2.499000e+03 1.922545e-08
2.500000e+03 1.885798e-08
2.501000e+03 1.779494e-08
2.502000e+03 1.885068e-08
2.503000e+03 1.880291e-08
2.504000e+03 1.906386e-08
2.505000e+03 1.950251e-08
2.506000e+03 1.902552e-08
2.507000e+03 1.794331e-08
2.508000e+03 1.875471e-08
2.509000e+03 1.851826e-08
2.510000e+03 1.880427e-08
2.511000e+03 1.961296e-08
2.512000e+03 1.637499e-08
2.513000e+03 1.562786e-08
2.514000e+03 1.590664e-08
2.515000e+03 1.661581e-08
2.516000e+03 1.488404e-08
2.517000e+03 1.533537e-08
2.518000e+03 1.574814e-08
2.519000e+03 1.661314e-08
2.520000e+03 1.905195e-08
2.521000e+03 1.912882e-08
2.522000e+03 1.930467e-08
2.523000e+03 1.950070e-08
2.524000e+03 1.967043e-08
2.525000e+03 1.900525e-08
2.526000e+03 1.997993e-08
2.527000e+03 1.855159e-08
2.528000e+03 2.040019e-08
2.529000e+03 2.029149e-08
2.530000e+03 1.980350e-08
2.531000e+03 2.041219e-08
2.532000e+03 2.000656e-08
2.533000e+03 1.835543e-08
2.534000e+03 1.983288e-08
2.535000e+03 1.971710e-08
2.536000e+03 1.937245e-08
2.537000e+03 2.102384e-08
2.538000e+03 1.959778e-08
2.539000e+03 1.718342e-08
2.540000e+03 1.716337e-08
2.541000e+03 1.735989e-08
2.542000e+03 1.856606e-08
2.543000e+03 1.686664e-08
2.544000e+03 1.770359e-08
2.545000e+03 1.781930e-08
2.546000e+03 1.852827e-08
2.547000e+03 1.944849e-08
2.548000e+03 1.959967e-08
2.549000e+03 1.889222e-08
2.550000e+03 1.839048e-08
2.551000e+03 1.852507e-08
2.552000e+03 1.889994e-08
2.553000e+03 1.727232e-08
2.554000e+03 1.819952e-08
2.555000e+03 1.869806e-08
2.556000e+03 1.833070e-08
2.557000e+03 1.830966e-08
2.558000e+03 1.868788e-08
2.559000e+03 1.741524e-08
2.560000e+03 1.862289e-08
2.561000e+03 1.850667e-08
2.562000e+03 1.912364e-08
2.563000e+03 1.817027e-08
2.564000e+03 1.875491e-08
2.565000e+03 1.878000e-08
2.566000e+03 1.629727e-08
2.567000e+03 1.517025e-08
2.568000e+03 1.662145e-08
2.569000e+03 1.740820e-08
2.570000e+03 1.766335e-08
2.571000e+03 1.683071e-08
2.572000e+03 1.575659e-08
2.573000e+03 1.627976e-08
2.574000e+03 1.695594e-08
2.575000e+03 1.693580e-08
2.576000e+03 1.791450e-08
2.577000e+03 1.760462e-08
2.578000e+03 1.794165e-08
2.579000e+03 1.697958e-08
2.580000e+03 1.997314e-08
2.581000e+03 2.031953e-08
2.582000e+03 1.819160e-08
2.583000e+03 1.827423e-08
2.584000e+03 1.821501e-08
2.585000e+03 1.729049e-08
2.586000e+03 1.844439e-08
2.587000e+03 1.920175e-08
2.588000e+03 1.737671e-08
2.589000e+03 1.766342e-08
2.590000e+03 1.813930e-08
2.591000e+03 1.781641e-08
2.592000e+03 1.769505e-08
2.593000e+03 1.731590e-08
2.594000e+03 1.764114e-08
2.595000e+03 1.516327e-08
2.596000e+03 1.498499e-08
2.597000e+03 1.537487e-08
2.598000e+03 1.610990e-08
2.599000e+03 1.478196e-08
2.600000e+03 1.473206e-08
2.601000e+03 1.525999e-08
2.602000e+03 1.569322e-08
2.603000e+03 1.610257e-08
2.604000e+03 1.620046e-08
2.605000e+03 1.525225e-08
2.606000e+03 1.576513e-08
2.607000e+03 1.603563e-08
2.608000e+03 1.597374e-08
2.609000e+03 1.670371e-08
2.610000e+03 1.660109e-08
2.611000e+03 1.588165e-08
2.612000e+03 1.824761e-08
2.613000e+03 1.688693e-08
2.614000e+03 1.701294e-08
2.615000e+03 1.672829e-08
2.616000e+03 1.679565e-08
2.617000e+03 1.654613e-08
2.618000e+03 1.649675e-08
2.619000e+03 1.615112e-08
2.620000e+03 2.067874e-06
2.621000e+03 3.155003e-07
2.622000e+03 2.489876e-07
2.623000e+03 1.932757e-07
2.624000e+03 1.621840e-07
2.625000e+03 1.291673e-07
2.626000e+03 1.010408e-07
2.627000e+03 7.115462e-08
2.628000e+03 5.609866e-08
2.629000e+03 4.548656e-08
2.630000e+03 3.720278e-08
2.631000e+03 3.176480e-08
2.632000e+03 2.800304e-08
2.633000e+03 2.133241e-08
2.634000e+03 1.849190e-08
2.635000e+03 9.313440e-08
2.636000e+03 1.580088e-08
2.637000e+03 7.455549e-08
2.638000e+03 7.050756e-08
2.639000e+03 5.565082e-08
2.640000e+03 4.910575e-08
2.641000e+03 4.379108e-08
2.642000e+03 3.942101e-08
2.643000e+03 3.581003e-08
2.644000e+03 3.283943e-08
2.645000e+03 3.019092e-08
2.646000e+03 2.880329e-08
2.647000e+03 2.777366e-08
2.648000e+03 2.648741e-08
2.649000e+03 2.574915e-08
2.650000e+03 2.478455e-08
2.651000e+03 2.262702e-08
2.652000e+03 2.109016e-08
2.653000e+03 2.073317e-08
2.654000e+03 2.136968e-08
2.655000e+03 2.147556e-08
2.656000e+03 2.135783e-08
2.657000e+03 1.879108e-08
2.658000e+03 1.912854e-08
2.659000e+03 1.888992e-08
2.660000e+03 1.873595e-08
2.661000e+03 1.902871e-08
2.662000e+03 2.073867e-08
2.663000e+03 1.828670e-08
2.664000e+03 1.873782e-08
2.665000e+03 1.890266e-08
2.666000e+03 1.870082e-08
2.667000e+03 1.822013e-08
2.668000e+03 1.830666e-08
2.669000e+03 1.804538e-08
2.670000e+03 1.792361e-08
2.671000e+03 1.734417e-08
2.672000e+03 1.774028e-08
2.673000e+03 1.822702e-08
2.674000e+03 1.768349e-08
2.675000e+03 1.896252e-08
2.676000e+03 1.927918e-08
2.677000e+03 1.886481e-08
2.678000e+03 1.818215e-08
2.679000e+03 1.640941e-08
2.680000e+03 1.679243e-08
2.681000e+03 1.760571e-08
2.682000e+03 1.791090e-08
2.683000e+03 1.671017e-08
2.684000e+03 1.688481e-08
2.685000e+03 1.709216e-08
2.686000e+03 1.813911e-08
2.687000e+03 1.952019e-08
2.688000e+03 1.816261e-08
2.689000e+03 1.720650e-08
2.690000e+03 1.821592e-08
2.691000e+03 1.816027e-08
2.692000e+03 1.753781e-08
2.693000e+03 1.708710e-08
2.694000e+03 1.742418e-08
2.695000e+03 1.724656e-08
2.696000e+03 1.690176e-08
2.697000e+03 1.666852e-08
2.698000e+03 1.670416e-08
2.699000e+03 1.606848e-08
2.700000e+03 1.603365e-08
2.701000e+03 1.611910e-08
2.702000e+03 1.625950e-08
2.703000e+03 1.555691e-08
2.704000e+03 1.580193e-08
2.705000e+03 1.503263e-08
2.706000e+03 1.616181e-08
2.707000e+03 1.347526e-08
2.708000e+03 1.352738e-08
2.709000e+03 1.319415e-08
2.710000e+03 1.397795e-08
2.711000e+03 1.312188e-08
2.712000e+03 1.465178e-08
2.713000e+03 1.400911e-08
2.714000e+03 1.410238e-08
2.715000e+03 1.529724e-08
2.716000e+03 1.420977e-08
2.717000e+03 1.428738e-08
2.718000e+03 1.464945e-08
2.719000e+03 1.384941e-08
2.720000e+03 1.447388e-08
2.721000e+03 1.381059e-08
2.722000e+03 1.421662e-08
2.723000e+03 1.432446e-08
2.724000e+03 1.496800e-08
2.725000e+03 1.452605e-08
2.726000e+03 1.510356e-08
2.727000e+03 1.456026e-08
2.728000e+03 1.389013e-08
2.729000e+03 1.464153e-08
2.730000e+03 1.504203e-08
2.731000e+03 1.483090e-08
2.732000e+03 1.495720e-08
2.733000e+03 1.469469e-08
2.734000e+03 1.361842e-08
2.735000e+03 1.218678e-08
2.736000e+03 1.272159e-08
2.737000e+03 1.469079e-08
2.738000e+03 1.401930e-08
2.739000e+03 1.378894e-08
2.740000e+03 1.269571e-08
2.741000e+03 1.266873e-08
2.742000e+03 1.295584e-08
2.743000e+03 1.307237e-08
2.744000e+03 1.339973e-08
2.745000e+03 1.371601e-08
2.746000e+03 1.318770e-08
2.747000e+03 1.321375e-08
2.748000e+03 1.377691e-08
2.749000e+03 1.398487e-08
2.750000e+03 1.449849e-08
2.751000e+03 1.423784e-08
2.752000e+03 1.427670e-08
2.753000e+03 1.376289e-08
2.754000e+03 1.392589e-08
2.755000e+03 1.396154e-08
2.756000e+03 1.408116e-08
2.757000e+03 1.428592e-08
2.758000e+03 1.414608e-08
2.759000e+03 1.478922e-08
2.760000e+03 1.437875e-08
2.761000e+03 1.407422e-08
2.762000e+03 1.316090e-08
2.763000e+03 1.272888e-08
2.764000e+03 1.366959e-08
2.765000e+03 1.419712e-08
2.766000e+03 1.287999e-08
2.767000e+03 1.291499e-08
2.768000e+03 1.297302e-08
2.769000e+03 1.298480e-08
2.770000e+03 1.346008e-08
2.771000e+03 1.408908e-08
2.772000e+03 1.339689e-08
2.773000e+03 1.397115e-08
2.774000e+03 1.457421e-08
2.775000e+03 1.455063e-08
2.776000e+03 1.457126e-08
2.777000e+03 1.452769e-08
2.778000e+03 1.271889e-08
2.779000e+03 1.370841e-08
2.780000e+03 1.350574e-08
2.781000e+03 1.380033e-08
2.782000e+03 1.399902e-08
2.783000e+03 1.417042e-08
2.784000e+03 1.394011e-08
2.785000e+03 1.333663e-08
2.786000e+03 1.370190e-08
2.787000e+03 1.494214e-08
2.788000e+03 1.436495e-08
2.789000e+03 1.484329e-08
2.790000e+03 1.288406e-08
2.791000e+03 1.264271e-08
2.792000e+03 1.275412e-08
2.793000e+03 1.318108e-08
2.794000e+03 1.327926e-08
2.795000e+03 1.352048e-08
2.796000e+03 1.301021e-08
2.797000e+03 1.272078e-08
2.798000e+03 1.312146e-08
2.799000e+03 1.350067e-08
2.800000e+03 1.351136e-08
2.801000e+03 1.365850e-08
2.802000e+03 1.369320e-08
2.803000e+03 1.375257e-08
2.804000e+03 1.360700e-08
2.805000e+03 1.409464e-08
2.806000e+03 1.417307e-08
2.807000e+03 1.436232e-08
2.808000e+03 1.422167e-08
2.809000e+03 1.478200e-08
2.810000e+03 1.487051e-08
2.811000e+03 1.467297e-08
2.812000e+03 1.564131e-08
2.813000e+03 1.482673e-08
2.814000e+03 1.573043e-08
2.815000e+03 1.515486e-08
2.816000e+03 1.514049e-08
2.817000e+03 1.353556e-08
2.818000e+03 1.249257e-08
2.819000e+03 1.290585e-08
2.820000e+03 1.408682e-08
2.821000e+03 1.405223e-08
2.822000e+03 1.371483e-08
2.823000e+03 1.362351e-08
2.824000e+03 1.372296e-08
2.825000e+03 1.396971e-08
2.826000e+03 1.451958e-08
2.827000e+03 1.436667e-08
2.828000e+03 1.479666e-08
2.829000e+03 1.377345e-08
2.830000e+03 1.422000e-08
2.831000e+03 1.460612e-08
2.832000e+03 1.462546e-08
2.833000e+03 1.439080e-08
2.834000e+03 1.410111e-08
2.835000e+03 1.456949e-08
2.836000e+03 1.424624e-08
2.837000e+03 1.461130e-08
2.838000e+03 1.416799e-08
2.839000e+03 1.427722e-08
2.840000e+03 1.439640e-08
2.841000e+03 1.435028e-08
2.842000e+03 1.328245e-08
2.843000e+03 1.309681e-08
2.844000e+03 1.288786e-08
2.845000e+03 1.123919e-08
2.846000e+03 1.147368e-08
2.847000e+03 1.157963e-08
2.848000e+03 1.159724e-08
2.849000e+03 1.182789e-08
2.850000e+03 1.168878e-08
2.851000e+03 1.213754e-08
2.852000e+03 1.230006e-08
2.853000e+03 1.255776e-08
2.854000e+03 1.222568e-08
2.855000e+03 1.246821e-08
2.856000e+03 1.271928e-08
2.857000e+03 1.299137e-08
2.858000e+03 1.309323e-08
2.859000e+03 1.289357e-08
2.860000e+03 1.272998e-08
2.861000e+03 1.315996e-08
2.862000e+03 1.417900e-08
2.863000e+03 1.350442e-08
2.864000e+03 1.355411e-08
2.865000e+03 1.374847e-08
2.866000e+03 1.330600e-08
2.867000e+03 1.272017e-08
2.868000e+03 1.294866e-08
2.869000e+03 1.268138e-08
2.870000e+03 1.306726e-08
2.871000e+03 1.333717e-08
2.872000e+03 1.357767e-08
2.873000e+03 1.169248e-08
2.874000e+03 1.128581e-08
2.875000e+03 1.088608e-08
2.876000e+03 1.171009e-08
2.877000e+03 1.162722e-08
2.878000e+03 1.195284e-08
2.879000e+03 1.086704e-08
2.880000e+03 1.155284e-08
2.881000e+03 1.173496e-08
2.882000e+03 1.160434e-08
2.883000e+03 1.080940e-08
2.884000e+03 1.109619e-08
2.885000e+03 1.137480e-08
2.886000e+03 1.193078e-08
2.887000e+03 1.374032e-08
2.888000e+03 1.287287e-08
2.889000e+03 1.350396e-08
2.890000e+03 1.310009e-08
2.891000e+03 1.264882e-08
2.892000e+03 1.259499e-08
2.893000e+03 1.217437e-08
2.894000e+03 1.201417e-08
2.895000e+03 1.218561e-08
2.896000e+03 1.237554e-08
2.897000e+03 1.231699e-08
2.898000e+03 1.184776e-08
2.899000e+03 1.137872e-08
2.900000e+03 1.197488e-08
2.901000e+03 1.031957e-08
2.902000e+03 1.030177e-08
2.903000e+03 1.059686e-08
2.904000e+03 1.062691e-08
2.905000e+03 1.119697e-08
2.906000e+03 1.079267e-08
2.907000e+03 1.091458e-08
2.908000e+03 1.015338e-08
2.909000e+03 1.015234e-08
2.910000e+03 1.176377e-08
2.911000e+03 1.102534e-08
2.912000e+03 1.323213e-08
2.913000e+03 1.181559e-08
2.914000e+03 1.185824e-08
2.915000e+03 1.196562e-08
2.916000e+03 1.232021e-08
2.917000e+03 1.169930e-08
2.918000e+03 1.279100e-08
2.919000e+03 1.245268e-08
2.920000e+03 1.264783e-08
2.921000e+03 1.239624e-08
2.922000e+03 1.269142e-08
2.923000e+03 1.119145e-08
2.924000e+03 1.255107e-08
2.925000e+03 1.169977e-08
2.926000e+03 1.229712e-08
2.927000e+03 1.217267e-08
2.928000e+03 1.080878e-08
2.929000e+03 1.076089e-08
2.930000e+03 1.090727e-08
2.931000e+03 1.156737e-08
2.932000e+03 1.147148e-08
2.933000e+03 1.118541e-08
2.934000e+03 1.121319e-08
2.935000e+03 1.028978e-08
2.936000e+03 1.050726e-08
2.937000e+03 1.283307e-08
2.938000e+03 1.159507e-08
2.939000e+03 1.194831e-08
2.940000e+03 1.107280e-08
2.941000e+03 1.141702e-08
2.942000e+03 1.169991e-08
2.943000e+03 1.162547e-08
2.944000e+03 1.205707e-08
2.945000e+03 1.174224e-08
2.946000e+03 1.210184e-08
2.947000e+03 1.165944e-08
2.948000e+03 1.192015e-08
2.949000e+03 1.122248e-08
2.950000e+03 1.154154e-08
2.951000e+03 1.090839e-08
2.952000e+03 1.164816e-08
2.953000e+03 1.180964e-08
2.954000e+03 1.091090e-08
2.955000e+03 1.262829e-08
2.956000e+03 1.074195e-08
2.957000e+03 1.033025e-08
2.958000e+03 9.828476e-09
2.959000e+03 1.021105e-08
2.960000e+03 1.021239e-08
2.961000e+03 1.076911e-08
2.962000e+03 1.127600e-08
2.963000e+03 1.135887e-08
2.964000e+03 1.169474e-08
2.965000e+03 1.206670e-08
2.966000e+03 1.182402e-08
2.967000e+03 1.166515e-08
2.968000e+03 1.144299e-08
2.969000e+03 1.202731e-08
2.970000e+03 1.224833e-08
2.971000e+03 1.248144e-08
2.972000e+03 1.273067e-08
2.973000e+03 1.252394e-08
2.974000e+03 1.236373e-08
2.975000e+03 1.249368e-08
2.976000e+03 1.243756e-08
2.977000e+03 1.124684e-08
2.978000e+03 1.209740e-08
2.979000e+03 1.112189e-08
2.980000e+03 1.174464e-08
2.981000e+03 1.112722e-08
2.982000e+03 1.201479e-08
2.983000e+03 1.225525e-08
2.984000e+03 1.534670e-06
2.985000e+03 2.773851e-07
2.986000e+03 2.031378e-07
2.987000e+03 1.366404e-07
2.988000e+03 9.294457e-08
2.989000e+03 7.743363e-08
2.990000e+03 6.443256e-08
2.991000e+03 5.239240e-08
2.992000e+03 4.425945e-08
2.993000e+03 3.732855e-08
2.994000e+03 3.571073e-08
2.995000e+03 3.067735e-08
2.996000e+03 2.667303e-08
2.997000e+03 1.146974e-07
2.998000e+03 1.068684e-07
2.999000e+03 9.348819e-08
3.000000e+03 8.209467e-08
3.001000e+03 7.158071e-08
3.002000e+03 6.242173e-08
3.003000e+03 5.375915e-08
3.004000e+03 4.708757e-08
3.005000e+03 4.094639e-08
3.006000e+03 3.687570e-08
3.007000e+03 3.125890e-08
3.008000e+03 2.910604e-08
3.009000e+03 2.532280e-08
3.010000e+03 2.228368e-08
3.011000e+03 2.051118e-08
3.012000e+03 1.977201e-08
3.013000e+03 1.799541e-08
3.014000e+03 1.798660e-08
3.015000e+03 1.834275e-08
3.016000e+03 1.755322e-08
3.017000e+03 1.728024e-08
3.018000e+03 1.745872e-08
3.019000e+03 1.739783e-08
3.020000e+03 1.812418e-08
3.021000e+03 1.704617e-08
3.022000e+03 1.716482e-08
3.023000e+03 1.617404e-08
3.024000e+03 1.536037e-08
3.025000e+03 1.487208e-08
3.026000e+03 1.541901e-08
3.027000e+03 1.622099e-08
3.028000e+03 1.631738e-08
3.029000e+03 1.461654e-08
3.030000e+03 1.485726e-08
3.031000e+03 1.502155e-08
3.032000e+03 1.494572e-08
3.033000e+03 1.474503e-08
3.034000e+03 1.424420e-08
3.035000e+03 1.424152e-08
3.036000e+03 1.451625e-08
3.037000e+03 1.480470e-08
3.038000e+03 1.570816e-08
3.039000e+03 1.545722e-08
3.040000e+03 1.412937e-08
3.041000e+03 1.433706e-08
3.042000e+03 1.459544e-08
3.043000e+03 1.570106e-08
3.044000e+03 1.610865e-08
3.045000e+03 1.474973e-08
3.046000e+03 1.481508e-08
3.047000e+03 1.507865e-08
3.048000e+03 1.488432e-08
3.049000e+03 1.444909e-08
3.050000e+03 1.441618e-08
3.051000e+03 1.324469e-08
3.052000e+03 1.361081e-08
3.053000e+03 1.381397e-08
3.054000e+03 1.487214e-08
3.055000e+03 1.321021e-08
3.056000e+03 1.367890e-08
3.057000e+03 1.391982e-08
3.058000e+03 1.401878e-08
3.059000e+03 1.427536e-08
3.060000e+03 1.350211e-08
3.061000e+03 1.414107e-08
3.062000e+03 1.554170e-08
3.063000e+03 1.398788e-08
3.064000e+03 1.402901e-08
3.065000e+03 1.401629e-08
3.066000e+03 1.702592e-09
3.067000e+03 1.427920e-08
3.068000e+03 1.275088e-08
3.069000e+03 1.224035e-08
3.070000e+03 1.196835e-08
3.071000e+03 1.208027e-08
3.072000e+03 1.213950e-08
3.073000e+03 1.140226e-08
3.074000e+03 1.175289e-08
3.075000e+03 1.167143e-08
3.076000e+03 1.251398e-08
3.077000e+03 1.206164e-08
3.078000e+03 1.194690e-08
3.079000e+03 1.162926e-08
3.080000e+03 1.191318e-08
3.081000e+03 1.140519e-08
3.082000e+03 1.187575e-08
3.083000e+03 1.189449e-08
3.084000e+03 1.177146e-08
3.085000e+03 1.184945e-08
3.086000e+03 1.122563e-08
3.087000e+03 1.270943e-08
3.088000e+03 1.214530e-08
3.089000e+03 1.222306e-08
3.090000e+03 1.228825e-08
3.091000e+03 1.244318e-09
3.092000e+03 1.201158e-09
3.093000e+03 1.197859e-08
3.094000e+03 1.159858e-08
3.095000e+03 1.102462e-08
3.096000e+03 1.002045e-08
3.097000e+03 9.912549e-09
3.098000e+03 1.064978e-08
3.099000e+03 1.006032e-08
3.100000e+03 9.850754e-09
3.101000e+03 1.027718e-08
3.102000e+03 1.092406e-08
3.103000e+03 1.093066e-08
3.104000e+03 1.038667e-08
3.105000e+03 1.048717e-08
3.106000e+03 9.989681e-09
3.107000e+03 1.058521e-08
3.108000e+03 1.082831e-08
3.109000e+03 1.116084e-08
3.110000e+03 1.220867e-08
3.111000e+03 1.111127e-08
3.112000e+03 1.151362e-08
3.113000e+03 1.149959e-08
3.114000e+03 1.230669e-08
3.115000e+03 1.148673e-08
3.116000e+03 1.155733e-08
3.117000e+03 1.136737e-08
3.118000e+03 9.991441e-10
3.119000e+03 1.062490e-09
3.120000e+03 1.127216e-08
3.121000e+03 1.138165e-09
3.122000e+03 1.118988e-08
3.123000e+03 1.007090e-08
3.124000e+03 1.000480e-08
3.125000e+03 9.821570e-09
3.126000e+03 1.087864e-08
3.127000e+03 1.089818e-08
3.128000e+03 9.773716e-09
3.129000e+03 9.750154e-09
3.130000e+03 9.753568e-09
3.131000e+03 9.884308e-09
3.132000e+03 1.006172e-08
3.133000e+03 1.011133e-08
3.134000e+03 1.062791e-08
3.135000e+03 1.084831e-08
3.136000e+03 1.039562e-08
3.137000e+03 1.210074e-08
3.138000e+03 1.078764e-08
3.139000e+03 1.134165e-08
3.140000e+03 1.127860e-08
3.141000e+03 1.112788e-08
3.142000e+03 1.126313e-08
3.143000e+03 1.118097e-09
3.144000e+03 1.058125e-09
3.145000e+03 1.161928e-09
3.146000e+03 1.159062e-08
3.147000e+03 1.169571e-08
3.148000e+03 1.175804e-09
3.149000e+03 1.016361e-08
3.150000e+03 1.152824e-08
3.151000e+03 1.061767e-08
3.152000e+03 1.022976e-08
3.153000e+03 9.776466e-09
3.154000e+03 9.974620e-09
3.155000e+03 1.021549e-08
3.156000e+03 9.890745e-09
3.157000e+03 9.652342e-09
3.158000e+03 9.986057e-09
3.159000e+03 1.066767e-08
3.160000e+03 1.049862e-08
3.161000e+03 1.063571e-08
3.162000e+03 1.038579e-08
3.163000e+03 1.155382e-08
3.164000e+03 1.002241e-08
3.165000e+03 1.119707e-08
3.166000e+03 1.182253e-08
3.167000e+03 9.955348e-09
3.168000e+03 9.934463e-09
3.169000e+03 9.994519e-09
3.170000e+03 1.107695e-08
3.171000e+03 1.141272e-08
3.172000e+03 1.105701e-08
3.173000e+03 1.101839e-08
3.174000e+03 1.110610e-08
3.175000e+03 1.012211e-08
3.176000e+03 1.087101e-08
3.177000e+03 1.117791e-09
3.178000e+03 1.007936e-08
3.179000e+03 9.143874e-09
3.180000e+03 9.324039e-09
3.181000e+03 9.483943e-09
3.182000e+03 9.552013e-09
3.183000e+03 9.426389e-09
3.184000e+03 9.134953e-09
3.185000e+03 9.421569e-09
3.186000e+03 9.429908e-09
3.187000e+03 9.693806e-09
3.188000e+03 1.065992e-08
3.189000e+03 1.178227e-08
3.190000e+03 1.072778e-08
3.191000e+03 1.074277e-08
3.192000e+03 1.005656e-08
3.193000e+03 1.073284e-08
3.194000e+03 1.034229e-08
3.195000e+03 1.031940e-08
3.196000e+03 1.070975e-08
3.197000e+03 1.097603e-08
3.198000e+03 1.167487e-08
3.199000e+03 1.068691e-09
3.200000e+03 1.063887e-08
3.201000e+03 9.577088e-09
3.202000e+03 9.446778e-09
3.203000e+03 9.180477e-09
3.204000e+03 9.952795e-09
3.205000e+03 9.659662e-09
3.206000e+03 9.028720e-09
3.207000e+03 8.418174e-09
3.208000e+03 8.510530e-09
3.209000e+03 8.654333e-09
3.210000e+03 9.704942e-09
3.211000e+03 8.248801e-09
3.212000e+03 8.404347e-09
3.213000e+03 8.363666e-09
3.214000e+03 8.636400e-09
3.215000e+03 9.935057e-09
3.216000e+03 9.296416e-09
3.217000e+03 8.913415e-09
3.218000e+03 9.285149e-09
3.219000e+03 9.215083e-09
3.220000e+03 8.821352e-09
3.221000e+03 8.761737e-09
3.222000e+03 9.169936e-09
3.223000e+03 9.212781e-09
3.224000e+03 9.221744e-09
3.225000e+03 9.020348e-09
3.226000e+03 9.070193e-09
3.227000e+03 9.217831e-09
3.228000e+03 9.088835e-09
3.229000e+03 9.308219e-09
3.230000e+03 9.817256e-09
3.231000e+03 9.805498e-09
3.232000e+03 8.871950e-09
3.233000e+03 9.958762e-09
3.234000e+03 8.798674e-09
3.235000e+03 8.572445e-09
3.236000e+03 8.177489e-09
3.237000e+03 8.235140e-09
3.238000e+03 8.807555e-09
3.239000e+03 8.097390e-09
3.240000e+03 8.487190e-09
3.241000e+03 8.579443e-09
3.242000e+03 8.948115e-09
3.243000e+03 8.510972e-09
3.244000e+03 8.521345e-09
3.245000e+03 8.410890e-09
3.246000e+03 8.215766e-09
3.247000e+03 8.349096e-09
3.248000e+03 8.509427e-09
3.249000e+03 9.218412e-09
3.250000e+03 8.576208e-09
3.251000e+03 8.803308e-09
3.252000e+03 8.658611e-09
3.253000e+03 8.843090e-09
3.254000e+03 9.147800e-09
3.255000e+03 9.068273e-09
3.256000e+03 9.124368e-09
3.257000e+03 8.312794e-09
3.258000e+03 8.312026e-09
3.259000e+03 8.974712e-09
3.260000e+03 9.184121e-09
3.261000e+03 8.529723e-09
3.262000e+03 7.714853e-09
3.263000e+03 7.637238e-09
3.264000e+03 7.363892e-09
3.265000e+03 7.853162e-09
3.266000e+03 7.460003e-09
3.267000e+03 7.654880e-09
3.268000e+03 7.927747e-09
3.269000e+03 7.721927e-09
3.270000e+03 7.958799e-09
3.271000e+03 7.761120e-09
3.272000e+03 7.885039e-09
3.273000e+03 7.668868e-09
3.274000e+03 8.227274e-09
3.275000e+03 7.346812e-09
3.276000e+03 7.572749e-09
3.277000e+03 8.298664e-09
3.278000e+03 8.647111e-09
3.279000e+03 8.899614e-09
3.280000e+03 9.096387e-09
3.281000e+03 9.015371e-09
3.282000e+03 8.248469e-09
3.283000e+03 8.634807e-09
3.284000e+03 9.125257e-09
3.285000e+03 7.810472e-09
3.286000e+03 8.521293e-09
3.287000e+03 8.870523e-09
3.288000e+03 8.956180e-09
3.289000e+03 8.083178e-09
3.290000e+03 8.057000e-09
3.291000e+03 8.061734e-09
3.292000e+03 8.361821e-09
3.293000e+03 8.377385e-09
3.294000e+03 8.305041e-09
3.295000e+03 7.728738e-09
3.296000e+03 8.103603e-09
3.297000e+03 7.840976e-09
3.298000e+03 7.732994e-09
3.299000e+03 7.232432e-09
3.300000e+03 7.621067e-09
3.301000e+03 7.350156e-09
3.302000e+03 8.264437e-09
3.303000e+03 7.816200e-09
3.304000e+03 8.163164e-09
3.305000e+03 8.419035e-09
3.306000e+03 9.235530e-09
3.307000e+03 7.273233e-09
3.308000e+03 8.110076e-09
3.309000e+03 8.152558e-09
3.310000e+03 8.342564e-09
3.311000e+03 8.515655e-09
3.312000e+03 7.897878e-09
3.313000e+03 8.385961e-09
3.314000e+03 8.588042e-09
3.315000e+03 8.834947e-09
3.316000e+03 9.000207e-09
3.317000e+03 8.006565e-09
3.318000e+03 7.291454e-09
3.319000e+03 6.939237e-09
3.320000e+03 7.078389e-09
3.321000e+03 8.111187e-09
3.322000e+03 7.192845e-09
3.323000e+03 7.171801e-09
3.324000e+03 7.265216e-09
3.325000e+03 7.444134e-09
3.326000e+03 7.960647e-09
3.327000e+03 7.539689e-09
3.328000e+03 7.416560e-09
3.329000e+03 7.429995e-09
3.330000e+03 7.428050e-09
3.331000e+03 7.700663e-09
3.332000e+03 7.416781e-09
3.333000e+03 7.888436e-09
3.334000e+03 8.043718e-09
3.335000e+03 8.856895e-09
3.336000e+03 8.728861e-09
3.337000e+03 8.537845e-09
3.338000e+03 7.942986e-09
3.339000e+03 8.105793e-09
3.340000e+03 9.008782e-09
3.341000e+03 7.959267e-09
3.342000e+03 8.780376e-09
3.343000e+03 8.348349e-09
3.344000e+03 8.435914e-09
3.345000e+03 8.966211e-09
3.346000e+03 7.630319e-09
3.347000e+03 7.467619e-09
3.348000e+03 7.413049e-09
3.349000e+03 7.314204e-09
3.350000e+03 7.222034e-09
3.351000e+03 7.204039e-09
3.352000e+03 6.758851e-09
3.353000e+03 7.307684e-09
3.354000e+03 6.943544e-09
3.355000e+03 6.921864e-09
3.356000e+03 6.875237e-09
3.357000e+03 7.315378e-09
3.358000e+03 6.915143e-09
3.359000e+03 6.683696e-09
3.360000e+03 7.121936e-09
3.361000e+03 7.390090e-09
3.362000e+03 7.840934e-09
3.363000e+03 8.388590e-09
3.364000e+03 7.557492e-09
3.365000e+03 6.929610e-09
3.366000e+03 9.129870e-09
3.367000e+03 8.149179e-09
3.368000e+03 8.787597e-09
3.369000e+03 9.178485e-09
3.370000e+03 7.738551e-09
3.371000e+03 7.825166e-09
3.372000e+03 7.260329e-09
3.373000e+03 7.746517e-09
3.374000e+03 7.111005e-09
3.375000e+03 7.971567e-09
3.376000e+03 7.203887e-09
3.377000e+03 7.145311e-09
3.378000e+03 6.997566e-09
3.379000e+03 7.271108e-09
3.380000e+03 7.314571e-09
3.381000e+03 7.374453e-09
3.382000e+03 6.844095e-09
3.383000e+03 7.068048e-09
3.384000e+03 7.216617e-09
3.385000e+03 7.305129e-09
3.386000e+03 7.641189e-09
3.387000e+03 7.920961e-09
3.388000e+03 7.777569e-09
3.389000e+03 7.812422e-09
3.390000e+03 7.833776e-09
3.391000e+03 8.020946e-09
3.392000e+03 9.076219e-09
3.393000e+03 8.449103e-09
3.394000e+03 8.453840e-09
3.395000e+03 7.753238e-09
3.396000e+03 7.731316e-09
3.397000e+03 8.096358e-09
3.398000e+03 8.217206e-09
3.399000e+03 8.034845e-09
3.400000e+03 7.659407e-09
3.401000e+03 7.800901e-09
3.402000e+03 7.090072e-09
3.403000e+03 7.065527e-09
3.404000e+03 7.343516e-09
3.405000e+03 7.189580e-09
3.406000e+03 6.595072e-09
3.407000e+03 6.660935e-09
3.408000e+03 6.530563e-09
3.409000e+03 6.601425e-09
3.410000e+03 6.932143e-09
3.411000e+03 7.360844e-09
3.412000e+03 6.959227e-09
3.413000e+03 6.859101e-09
3.414000e+03 6.967849e-09
3.415000e+03 6.820316e-09
3.416000e+03 7.180427e-09
3.417000e+03 8.017734e-09
3.418000e+03 7.251059e-09
3.419000e+03 6.819107e-09
3.420000e+03 7.621159e-09
3.421000e+03 7.393374e-09
3.422000e+03 7.536172e-09
3.423000e+03 7.406001e-09
3.424000e+03 7.584764e-09
3.425000e+03 7.523039e-09
3.426000e+03 7.551644e-09
3.427000e+03 6.443394e-09
3.428000e+03 8.250935e-09
3.429000e+03 7.303760e-09
3.430000e+03 7.183371e-09
3.431000e+03 6.447918e-09
3.432000e+03 6.700063e-09
3.433000e+03 6.728001e-09
3.434000e+03 7.536728e-09
3.435000e+03 7.072323e-09
3.436000e+03 6.640178e-09
3.437000e+03 6.440042e-09
3.438000e+03 6.741844e-09
3.439000e+03 6.621930e-09
3.440000e+03 6.735824e-09
3.441000e+03 6.878830e-09
3.442000e+03 7.937839e-09
3.443000e+03 6.677195e-09
3.444000e+03 7.496968e-09
3.445000e+03 7.113897e-09
3.446000e+03 7.435487e-09
3.447000e+03 7.648223e-09
3.448000e+03 7.220471e-09
3.449000e+03 7.020610e-09
3.450000e+03 7.607928e-09
3.451000e+03 7.267646e-09
3.452000e+03 6.779585e-09
3.453000e+03 6.684947e-09
3.454000e+03 7.760920e-09
3.455000e+03 6.711864e-09
3.456000e+03 7.061604e-09
3.457000e+03 6.538622e-09
3.458000e+03 6.694931e-09
3.459000e+03 6.454445e-09
3.460000e+03 6.520194e-09
3.461000e+03 6.367206e-09
3.462000e+03 6.309784e-09
3.463000e+03 6.078999e-09
3.464000e+03 6.541928e-09
3.465000e+03 6.958234e-09
3.466000e+03 7.000507e-09
3.467000e+03 7.926120e-09
3.468000e+03 6.902588e-09
3.469000e+03 7.291613e-09
3.470000e+03 6.956954e-09
3.471000e+03 7.390038e-09
3.472000e+03 7.292856e-09
3.473000e+03 7.190133e-09
3.474000e+03 6.806062e-09
3.475000e+03 7.000022e-09
3.476000e+03 7.663015e-09
3.477000e+03 6.213475e-09
3.478000e+03 6.709105e-09
3.479000e+03 6.344882e-09
3.480000e+03 6.912500e-09
3.481000e+03 6.813388e-09
3.482000e+03 6.972195e-09
3.483000e+03 7.055755e-09
3.484000e+03 6.497009e-09
3.485000e+03 6.384070e-09
3.486000e+03 7.099573e-09
3.487000e+03 6.493131e-09
3.488000e+03 6.452736e-09
3.489000e+03 6.280296e-09
3.490000e+03 6.066590e-09
3.491000e+03 6.440020e-09
3.492000e+03 8.130795e-09
3.493000e+03 6.894902e-09
3.494000e+03 7.889532e-09
3.495000e+03 7.121696e-09
3.496000e+03 7.080557e-09
3.497000e+03 6.450134e-09
3.498000e+03 7.101365e-09
3.499000e+03 6.845292e-09
3.500000e+03 6.793784e-09
