Title ="THE FLUX ERR"
Variables=
iter
residual
1.000000e+00 1.344070e-03
2.000000e+00 7.859983e-04
3.000000e+00 1.379582e-03
4.000000e+00 1.632426e-03
5.000000e+00 6.853859e-04
6.000000e+00 9.256082e-04
7.000000e+00 6.799550e-04
8.000000e+00 2.950311e-04
9.000000e+00 2.787541e-04
1.000000e+01 7.343407e-04
1.100000e+01 1.876371e-04
1.200000e+01 1.888553e-04
1.300000e+01 2.231766e-04
1.400000e+01 6.259966e-05
1.500000e+01 1.405408e-04
1.600000e+01 5.771386e-05
1.700000e+01 7.334477e-05
1.800000e+01 7.378415e-05
1.900000e+01 1.362154e-04
2.000000e+01 1.417166e-04
2.100000e+01 1.217318e-04
2.200000e+01 1.405139e-04
2.300000e+01 1.557134e-04
2.400000e+01 2.674976e-05
2.500000e+01 9.528553e-05
2.600000e+01 6.191358e-05
2.700000e+01 9.377985e-05
2.800000e+01 1.023741e-04
2.900000e+01 1.589778e-05
3.000000e+01 5.857458e-05
3.100000e+01 1.656177e-05
3.200000e+01 2.151010e-05
3.300000e+01 1.593513e-05
3.400000e+01 2.407236e-05
3.500000e+01 1.561230e-05
3.600000e+01 3.515356e-05
3.700000e+01 2.242848e-05
3.800000e+01 2.037068e-05
3.900000e+01 3.520346e-06
4.000000e+01 2.557136e-05
4.100000e+01 8.400561e-06
4.200000e+01 2.082581e-05
4.300000e+01 1.424121e-05
4.400000e+01 2.588884e-05
4.500000e+01 2.206585e-05
4.600000e+01 2.371411e-05
4.700000e+01 2.084376e-05
4.800000e+01 2.027047e-05
4.900000e+01 2.357611e-05
5.000000e+01 1.743427e-05
5.100000e+01 1.635507e-05
5.200000e+01 1.924540e-05
5.300000e+01 1.433428e-05
5.400000e+01 1.613237e-05
5.500000e+01 2.156655e-05
5.600000e+01 2.178123e-05
5.700000e+01 2.080732e-05
5.800000e+01 2.099698e-05
5.900000e+01 2.292016e-05
6.000000e+01 2.486550e-05
6.100000e+01 7.787751e-06
6.200000e+01 2.287850e-05
6.300000e+01 1.646148e-05
6.400000e+01 2.204206e-05
6.500000e+01 2.590350e-05
6.600000e+01 1.464707e-05
6.700000e+01 3.445042e-06
6.800000e+01 4.528760e-06
6.900000e+01 1.255757e-05
7.000000e+01 1.393175e-05
7.100000e+01 1.857066e-05
7.200000e+01 2.183063e-06
7.300000e+01 2.133692e-06
7.400000e+01 2.118428e-06
7.500000e+01 2.301707e-06
7.600000e+01 8.957687e-06
7.700000e+01 1.493734e-05
7.800000e+01 2.699993e-06
7.900000e+01 1.887812e-06
8.000000e+01 6.656018e-06
8.100000e+01 2.169429e-06
8.200000e+01 3.224953e-06
8.300000e+01 1.422375e-06
8.400000e+01 2.304553e-06
8.500000e+01 8.065255e-06
8.600000e+01 6.529774e-06
8.700000e+01 1.187671e-06
8.800000e+01 1.415157e-05
8.900000e+01 1.692138e-05
9.000000e+01 1.941569e-06
9.100000e+01 1.669868e-06
9.200000e+01 1.636165e-05
9.300000e+01 4.156815e-06
9.400000e+01 6.202779e-06
9.500000e+01 6.318121e-06
9.600000e+01 9.520430e-06
9.700000e+01 9.788682e-06
9.800000e+01 8.823266e-06
9.900000e+01 6.221079e-06
1.000000e+02 8.734040e-06
1.010000e+02 1.039707e-05
1.020000e+02 1.020524e-05
1.030000e+02 9.745545e-06
1.040000e+02 8.821109e-06
1.050000e+02 5.155656e-06
1.060000e+02 3.701113e-06
1.070000e+02 1.115670e-05
1.080000e+02 3.359214e-06
1.090000e+02 4.030158e-06
1.100000e+02 9.366906e-06
1.110000e+02 6.879161e-06
1.120000e+02 7.499672e-06
1.130000e+02 5.606330e-06
1.140000e+02 9.376841e-06
1.150000e+02 6.818714e-06
1.160000e+02 5.354827e-06
1.170000e+02 8.286146e-06
1.180000e+02 5.385700e-06
1.190000e+02 8.977001e-06
1.200000e+02 2.949470e-06
1.210000e+02 8.444985e-06
1.220000e+02 4.327705e-06
1.230000e+02 7.626886e-06
1.240000e+02 1.007532e-05
1.250000e+02 6.380630e-06
1.260000e+02 6.127194e-06
1.270000e+02 3.034886e-06
1.280000e+02 5.185048e-06
1.290000e+02 4.411470e-06
1.300000e+02 6.002448e-06
1.310000e+02 5.556904e-06
1.320000e+02 2.402814e-06
1.330000e+02 2.471438e-06
1.340000e+02 6.581786e-06
1.350000e+02 5.830627e-06
1.360000e+02 8.776676e-06
1.370000e+02 8.216773e-06
1.380000e+02 1.255371e-05
1.390000e+02 3.933551e-06
1.400000e+02 4.323000e-06
1.410000e+02 9.186169e-06
1.420000e+02 9.389955e-06
1.430000e+02 6.655764e-06
1.440000e+02 5.900332e-06
1.450000e+02 3.865555e-06
1.460000e+02 3.754746e-06
1.470000e+02 6.076917e-06
1.480000e+02 4.737160e-06
1.490000e+02 9.744551e-06
1.500000e+02 3.935936e-06
1.510000e+02 5.231139e-06
1.520000e+02 5.847193e-06
1.530000e+02 6.112479e-06
1.540000e+02 5.303117e-06
1.550000e+02 3.102902e-06
1.560000e+02 2.935119e-06
1.570000e+02 2.959108e-06
1.580000e+02 2.476635e-05
1.590000e+02 2.993786e-06
1.600000e+02 6.267824e-06
1.610000e+02 8.485791e-06
1.620000e+02 1.636450e-05
1.630000e+02 2.939789e-05
1.640000e+02 2.309608e-05
1.650000e+02 2.569579e-05
1.660000e+02 2.938864e-05
1.670000e+02 2.763458e-06
1.680000e+02 1.885705e-05
1.690000e+02 6.930570e-06
1.700000e+02 2.057939e-05
1.710000e+02 2.505192e-05
1.720000e+02 1.229639e-05
1.730000e+02 1.793064e-05
1.740000e+02 3.859508e-06
1.750000e+02 2.318913e-05
1.760000e+02 1.357699e-05
1.770000e+02 2.432365e-05
1.780000e+02 1.515532e-05
1.790000e+02 1.466564e-05
1.800000e+02 1.584793e-05
1.810000e+02 1.884517e-05
1.820000e+02 1.561657e-05
1.830000e+02 1.818339e-05
1.840000e+02 1.115253e-05
1.850000e+02 1.688325e-05
1.860000e+02 9.539907e-06
1.870000e+02 1.475393e-05
1.880000e+02 1.239839e-05
1.890000e+02 1.226617e-05
1.900000e+02 1.079902e-05
1.910000e+02 1.552120e-05
1.920000e+02 1.175012e-05
1.930000e+02 9.757524e-06
1.940000e+02 4.632444e-05
1.950000e+02 1.025090e-05
1.960000e+02 8.693196e-06
1.970000e+02 1.008335e-05
1.980000e+02 1.145383e-05
1.990000e+02 5.453353e-05
2.000000e+02 1.179583e-05
2.010000e+02 9.509939e-06
2.020000e+02 5.177965e-05
2.030000e+02 1.163005e-05
2.040000e+02 4.740558e-05
2.050000e+02 5.301783e-05
2.060000e+02 5.303082e-05
2.070000e+02 6.155951e-05
2.080000e+02 5.792445e-05
2.090000e+02 6.447654e-05
2.100000e+02 6.121181e-05
2.110000e+02 6.457780e-05
2.120000e+02 5.546134e-05
2.130000e+02 5.601398e-05
2.140000e+02 5.089174e-05
2.150000e+02 1.905308e-05
2.160000e+02 5.094476e-05
2.170000e+02 5.723489e-05
2.180000e+02 6.211922e-05
2.190000e+02 5.974902e-05
2.200000e+02 5.281320e-05
2.210000e+02 5.474888e-05
2.220000e+02 4.896742e-05
2.230000e+02 5.220062e-05
2.240000e+02 4.752151e-05
2.250000e+02 5.116237e-05
2.260000e+02 5.490591e-05
2.270000e+02 5.325880e-05
2.280000e+02 5.721223e-05
2.290000e+02 6.031121e-05
2.300000e+02 6.157850e-05
2.310000e+02 5.910025e-05
2.320000e+02 6.055936e-05
2.330000e+02 6.847996e-05
2.340000e+02 6.405286e-05
2.350000e+02 6.036552e-05
2.360000e+02 6.152152e-05
2.370000e+02 6.560673e-05
2.380000e+02 5.866618e-05
2.390000e+02 6.405745e-05
2.400000e+02 6.693828e-05
2.410000e+02 7.454870e-05
2.420000e+02 6.269857e-05
2.430000e+02 7.603295e-05
2.440000e+02 7.311721e-05
2.450000e+02 6.379805e-05
2.460000e+02 6.777855e-05
2.470000e+02 6.754474e-05
2.480000e+02 5.245501e-05
2.490000e+02 6.600330e-05
2.500000e+02 6.615033e-05
2.510000e+02 7.305173e-05
2.520000e+02 6.957920e-05
2.530000e+02 6.222190e-05
2.540000e+02 7.251675e-05
2.550000e+02 8.527919e-05
2.560000e+02 7.334198e-05
2.570000e+02 7.732544e-05
2.580000e+02 7.893456e-05
2.590000e+02 8.345046e-05
2.600000e+02 8.201262e-05
2.610000e+02 9.483530e-05
2.620000e+02 7.246114e-05
2.630000e+02 7.085885e-05
2.640000e+02 7.095000e-05
2.650000e+02 7.800362e-05
2.660000e+02 6.651068e-05
2.670000e+02 6.936874e-05
2.680000e+02 5.951011e-05
2.690000e+02 6.222735e-05
2.700000e+02 5.521259e-05
2.710000e+02 6.171293e-05
2.720000e+02 5.723586e-05
2.730000e+02 6.101758e-05
2.740000e+02 5.927974e-05
2.750000e+02 5.538649e-05
2.760000e+02 6.128188e-05
2.770000e+02 6.083316e-05
2.780000e+02 5.983057e-05
2.790000e+02 6.090568e-05
2.800000e+02 5.081509e-05
2.810000e+02 5.302323e-05
2.820000e+02 5.266390e-05
2.830000e+02 4.891072e-05
2.840000e+02 5.833256e-05
2.850000e+02 4.846590e-05
2.860000e+02 5.288791e-05
2.870000e+02 4.867969e-05
2.880000e+02 5.081285e-05
2.890000e+02 5.056367e-05
2.900000e+02 4.803342e-05
2.910000e+02 4.584060e-05
2.920000e+02 4.169911e-05
2.930000e+02 4.189792e-05
2.940000e+02 4.251071e-05
2.950000e+02 4.818292e-05
2.960000e+02 4.363357e-05
2.970000e+02 3.904965e-05
2.980000e+02 4.608814e-05
2.990000e+02 4.546240e-05
3.000000e+02 4.493909e-05
3.010000e+02 4.265881e-05
3.020000e+02 4.916935e-05
3.030000e+02 4.857625e-05
3.040000e+02 5.176230e-05
3.050000e+02 5.508177e-05
3.060000e+02 6.037232e-05
3.070000e+02 5.323039e-05
3.080000e+02 5.441649e-05
3.090000e+02 5.155911e-05
3.100000e+02 4.820287e-05
3.110000e+02 5.748012e-05
3.120000e+02 6.176681e-05
3.130000e+02 5.470767e-05
3.140000e+02 5.512763e-05
3.150000e+02 5.307679e-05
3.160000e+02 5.914366e-05
3.170000e+02 5.559412e-05
3.180000e+02 6.740044e-05
3.190000e+02 7.641936e-05
3.200000e+02 7.846021e-05
3.210000e+02 9.381100e-05
3.220000e+02 6.111564e-05
3.230000e+02 7.275688e-05
3.240000e+02 7.705296e-05
3.250000e+02 7.753051e-05
3.260000e+02 7.625880e-05
3.270000e+02 1.001522e-04
3.280000e+02 1.012656e-04
3.290000e+02 9.788643e-05
3.300000e+02 1.071850e-04
3.310000e+02 8.711739e-05
3.320000e+02 7.089951e-05
3.330000e+02 7.230284e-05
3.340000e+02 9.695275e-05
3.350000e+02 8.664649e-05
3.360000e+02 8.643295e-05
3.370000e+02 7.368520e-05
3.380000e+02 9.986258e-05
3.390000e+02 2.606019e-05
3.400000e+02 6.999119e-05
3.410000e+02 4.226183e-05
3.420000e+02 8.331997e-05
3.430000e+02 9.460793e-05
3.440000e+02 8.280898e-05
3.450000e+02 8.671076e-05
3.460000e+02 1.503742e-05
3.470000e+02 7.614209e-05
3.480000e+02 1.740230e-05
3.490000e+02 7.187323e-05
3.500000e+02 2.411027e-05
3.510000e+02 7.528454e-05
3.520000e+02 1.410318e-05
3.530000e+02 1.440945e-05
3.540000e+02 1.369932e-05
3.550000e+02 1.255631e-05
3.560000e+02 1.053413e-05
3.570000e+02 7.536225e-05
3.580000e+02 1.572407e-05
3.590000e+02 1.603993e-05
3.600000e+02 9.758648e-06
3.610000e+02 1.775870e-05
3.620000e+02 1.069488e-05
3.630000e+02 1.429633e-05
3.640000e+02 1.618147e-05
3.650000e+02 1.646934e-05
3.660000e+02 7.923212e-06
3.670000e+02 1.446131e-05
3.680000e+02 1.037858e-05
3.690000e+02 2.937178e-05
3.700000e+02 1.447891e-05
3.710000e+02 3.109475e-05
3.720000e+02 3.643382e-05
3.730000e+02 1.949116e-05
3.740000e+02 1.936172e-05
3.750000e+02 1.589975e-05
3.760000e+02 1.636510e-05
3.770000e+02 1.026826e-05
3.780000e+02 2.027887e-05
3.790000e+02 1.519706e-05
3.800000e+02 1.306828e-05
3.810000e+02 1.445353e-05
3.820000e+02 1.341418e-05
3.830000e+02 2.070144e-05
3.840000e+02 1.409017e-05
3.850000e+02 2.576384e-05
3.860000e+02 1.454701e-05
3.870000e+02 1.300964e-05
3.880000e+02 1.046223e-05
3.890000e+02 1.272234e-05
3.900000e+02 8.797123e-06
3.910000e+02 8.478168e-06
3.920000e+02 8.250623e-06
3.930000e+02 1.027809e-05
3.940000e+02 1.714499e-05
3.950000e+02 1.029523e-05
3.960000e+02 1.771206e-05
3.970000e+02 9.878999e-06
3.980000e+02 8.128193e-06
3.990000e+02 9.024083e-06
4.000000e+02 9.148510e-06
4.010000e+02 8.471491e-06
4.020000e+02 7.428373e-06
4.030000e+02 7.479975e-06
4.040000e+02 8.485029e-06
4.050000e+02 8.352535e-06
4.060000e+02 6.654189e-06
4.070000e+02 3.982566e-05
4.080000e+02 7.728291e-06
4.090000e+02 6.052433e-06
4.100000e+02 5.589070e-06
4.110000e+02 3.589776e-05
4.120000e+02 6.031354e-06
4.130000e+02 3.627720e-05
4.140000e+02 8.823419e-06
4.150000e+02 4.017337e-05
4.160000e+02 1.124487e-05
4.170000e+02 7.334713e-06
4.180000e+02 1.698655e-05
4.190000e+02 3.767535e-05
4.200000e+02 1.059726e-05
4.210000e+02 1.692890e-05
4.220000e+02 1.142171e-05
4.230000e+02 1.030884e-05
4.240000e+02 8.081001e-06
4.250000e+02 1.052448e-05
4.260000e+02 1.366119e-05
4.270000e+02 9.252300e-06
4.280000e+02 1.534769e-05
4.290000e+02 1.210806e-05
4.300000e+02 1.850103e-05
4.310000e+02 1.359942e-05
4.320000e+02 1.258306e-05
4.330000e+02 1.116873e-05
4.340000e+02 1.153903e-05
4.350000e+02 1.374189e-05
4.360000e+02 8.446492e-06
4.370000e+02 1.287685e-05
4.380000e+02 2.002965e-05
4.390000e+02 1.196783e-05
4.400000e+02 1.058664e-05
4.410000e+02 8.375825e-06
4.420000e+02 1.339192e-05
4.430000e+02 2.442418e-06
4.440000e+02 1.969848e-05
4.450000e+02 1.513995e-05
4.460000e+02 3.416750e-06
4.470000e+02 3.158366e-06
4.480000e+02 1.124024e-05
4.490000e+02 1.073526e-05
4.500000e+02 1.309709e-05
4.510000e+02 2.953965e-06
4.520000e+02 1.000526e-05
4.530000e+02 1.334697e-05
4.540000e+02 9.251705e-06
4.550000e+02 1.369879e-05
4.560000e+02 4.235770e-06
4.570000e+02 1.451313e-05
4.580000e+02 4.960207e-06
4.590000e+02 1.457224e-05
4.600000e+02 6.194427e-06
4.610000e+02 4.763101e-06
4.620000e+02 6.655773e-06
4.630000e+02 1.461191e-05
4.640000e+02 5.489587e-06
4.650000e+02 1.162226e-05
4.660000e+02 1.171817e-05
4.670000e+02 9.501408e-06
4.680000e+02 9.334651e-06
4.690000e+02 4.522587e-06
4.700000e+02 1.053111e-05
4.710000e+02 1.168860e-05
4.720000e+02 3.486017e-06
4.730000e+02 4.240751e-06
4.740000e+02 1.251616e-05
4.750000e+02 8.989339e-06
4.760000e+02 8.701695e-06
4.770000e+02 1.670389e-07
4.780000e+02 3.229044e-06
4.790000e+02 6.014935e-06
4.800000e+02 2.055994e-07
4.810000e+02 1.218279e-05
4.820000e+02 2.198833e-05
4.830000e+02 1.505612e-05
4.840000e+02 1.799199e-05
4.850000e+02 8.114696e-06
4.860000e+02 1.333201e-05
4.870000e+02 3.804475e-06
4.880000e+02 1.931593e-05
4.890000e+02 1.030238e-05
4.900000e+02 1.775855e-05
4.910000e+02 1.015629e-05
4.920000e+02 7.630120e-06
4.930000e+02 7.110371e-06
4.940000e+02 4.188377e-06
4.950000e+02 4.803391e-06
4.960000e+02 1.700669e-05
4.970000e+02 8.778898e-06
4.980000e+02 1.241583e-05
4.990000e+02 1.141657e-05
5.000000e+02 1.351871e-05
5.010000e+02 1.522776e-05
5.020000e+02 1.051692e-05
5.030000e+02 8.685530e-06
5.040000e+02 1.467927e-05
5.050000e+02 4.208068e-06
5.060000e+02 1.206599e-05
5.070000e+02 6.622528e-06
5.080000e+02 1.098341e-05
5.090000e+02 8.105658e-06
5.100000e+02 8.834208e-06
5.110000e+02 6.877832e-06
5.120000e+02 5.940611e-06
5.130000e+02 3.857613e-06
5.140000e+02 7.345782e-06
5.150000e+02 1.224019e-05
5.160000e+02 9.434319e-06
5.170000e+02 7.722195e-06
5.180000e+02 4.316995e-06
5.190000e+02 4.061174e-06
5.200000e+02 6.233622e-06
5.210000e+02 3.944948e-06
5.220000e+02 3.355847e-06
5.230000e+02 7.263950e-06
5.240000e+02 7.141059e-06
5.250000e+02 4.939963e-06
5.260000e+02 6.438463e-06
5.270000e+02 2.268623e-06
5.280000e+02 4.736867e-06
5.290000e+02 4.024169e-06
5.300000e+02 2.575446e-06
5.310000e+02 2.728634e-06
5.320000e+02 2.291142e-06
5.330000e+02 2.403804e-06
5.340000e+02 2.262714e-06
5.350000e+02 2.729106e-06
5.360000e+02 1.963110e-06
5.370000e+02 2.372246e-06
5.380000e+02 2.492663e-06
5.390000e+02 2.081290e-06
5.400000e+02 2.445457e-06
5.410000e+02 2.204453e-06
5.420000e+02 3.823761e-06
5.430000e+02 1.412234e-05
5.440000e+02 3.750906e-06
5.450000e+02 1.302635e-05
5.460000e+02 1.401409e-05
5.470000e+02 3.806957e-06
5.480000e+02 1.358373e-05
5.490000e+02 1.511988e-05
5.500000e+02 3.765544e-06
5.510000e+02 1.144529e-05
5.520000e+02 1.281703e-05
5.530000e+02 3.906638e-06
5.540000e+02 3.095799e-06
5.550000e+02 1.019902e-05
5.560000e+02 1.227625e-05
5.570000e+02 3.874084e-06
5.580000e+02 1.214394e-05
5.590000e+02 1.368041e-05
5.600000e+02 1.445444e-05
5.610000e+02 3.325277e-06
5.620000e+02 1.089366e-05
5.630000e+02 1.223836e-05
5.640000e+02 1.237987e-05
5.650000e+02 1.302377e-05
5.660000e+02 1.127372e-05
5.670000e+02 1.270394e-05
5.680000e+02 1.158408e-05
5.690000e+02 5.269631e-06
5.700000e+02 1.277591e-05
5.710000e+02 1.505634e-05
5.720000e+02 5.887773e-06
5.730000e+02 4.944115e-06
5.740000e+02 1.076217e-05
5.750000e+02 1.046874e-05
5.760000e+02 1.497115e-05
5.770000e+02 1.271146e-05
5.780000e+02 1.078304e-05
5.790000e+02 4.030388e-06
5.800000e+02 8.837582e-06
5.810000e+02 1.204992e-05
5.820000e+02 1.251498e-05
5.830000e+02 1.161861e-05
5.840000e+02 1.256283e-05
5.850000e+02 4.609216e-06
5.860000e+02 1.465635e-05
5.870000e+02 3.515145e-06
5.880000e+02 3.854068e-06
5.890000e+02 1.111304e-05
5.900000e+02 1.291605e-05
5.910000e+02 1.358042e-05
5.920000e+02 1.425560e-05
5.930000e+02 4.830717e-06
5.940000e+02 4.154909e-06
5.950000e+02 1.501559e-05
5.960000e+02 4.598225e-06
5.970000e+02 4.463802e-06
5.980000e+02 1.409781e-05
5.990000e+02 1.336053e-05
6.000000e+02 1.328987e-05
6.010000e+02 3.437666e-06
6.020000e+02 1.782010e-06
6.030000e+02 2.243392e-06
6.040000e+02 3.831852e-06
6.050000e+02 2.656732e-06
6.060000e+02 2.958469e-06
6.070000e+02 3.349165e-06
6.080000e+02 3.408933e-06
6.090000e+02 3.506424e-06
6.100000e+02 3.987193e-06
6.110000e+02 3.663234e-06
6.120000e+02 3.231724e-06
6.130000e+02 4.942475e-06
6.140000e+02 2.971268e-06
6.150000e+02 3.783819e-06
6.160000e+02 2.124697e-06
6.170000e+02 4.677840e-06
6.180000e+02 3.752608e-06
6.190000e+02 4.318309e-06
6.200000e+02 4.194514e-06
6.210000e+02 4.308819e-06
6.220000e+02 3.733815e-06
6.230000e+02 2.634875e-06
6.240000e+02 3.798542e-06
6.250000e+02 1.950359e-06
6.260000e+02 4.228008e-06
6.270000e+02 2.829613e-06
6.280000e+02 2.807865e-06
6.290000e+02 4.228475e-06
6.300000e+02 3.229278e-06
6.310000e+02 3.055406e-06
6.320000e+02 4.066300e-06
6.330000e+02 4.264434e-06
6.340000e+02 5.079395e-06
6.350000e+02 4.241301e-06
6.360000e+02 9.290649e-06
6.370000e+02 3.392962e-06
6.380000e+02 3.077323e-06
6.390000e+02 5.736872e-06
6.400000e+02 4.772579e-06
6.410000e+02 2.487322e-06
6.420000e+02 4.616680e-06
6.430000e+02 3.907247e-06
6.440000e+02 3.774541e-06
6.450000e+02 3.196800e-06
6.460000e+02 4.447420e-06
6.470000e+02 5.015907e-06
6.480000e+02 5.722585e-06
6.490000e+02 5.567712e-06
6.500000e+02 5.499817e-06
6.510000e+02 6.226567e-06
6.520000e+02 5.192168e-06
6.530000e+02 6.251525e-06
6.540000e+02 6.288011e-06
6.550000e+02 5.860117e-06
6.560000e+02 4.702868e-06
6.570000e+02 5.160358e-06
6.580000e+02 6.146314e-06
6.590000e+02 6.469388e-06
6.600000e+02 5.868120e-06
6.610000e+02 5.129783e-06
6.620000e+02 5.571003e-06
6.630000e+02 5.904737e-06
6.640000e+02 5.650125e-06
6.650000e+02 5.203049e-06
6.660000e+02 5.100307e-06
6.670000e+02 4.610336e-06
6.680000e+02 5.961083e-06
6.690000e+02 5.088469e-06
6.700000e+02 3.356739e-06
6.710000e+02 4.321247e-06
6.720000e+02 5.035035e-06
6.730000e+02 3.969458e-06
6.740000e+02 3.095877e-06
6.750000e+02 5.636548e-06
6.760000e+02 3.804589e-06
6.770000e+02 3.818472e-06
6.780000e+02 3.372524e-06
6.790000e+02 3.352405e-06
6.800000e+02 3.424652e-06
6.810000e+02 2.453652e-06
6.820000e+02 4.053405e-06
6.830000e+02 2.232136e-06
6.840000e+02 4.123823e-06
6.850000e+02 2.768097e-06
6.860000e+02 3.027166e-06
6.870000e+02 3.397776e-06
6.880000e+02 4.518741e-06
6.890000e+02 4.806805e-06
6.900000e+02 5.313855e-06
6.910000e+02 3.419776e-06
6.920000e+02 2.744111e-06
6.930000e+02 3.561920e-06
6.940000e+02 5.625733e-06
6.950000e+02 4.886717e-06
6.960000e+02 2.720988e-06
6.970000e+02 3.830076e-06
6.980000e+02 2.253029e-06
6.990000e+02 3.069852e-06
7.000000e+02 2.881445e-06
7.010000e+02 4.056521e-06
7.020000e+02 2.783281e-06
7.030000e+02 1.859020e-06
7.040000e+02 2.876147e-06
7.050000e+02 1.717839e-06
7.060000e+02 2.160064e-06
7.070000e+02 2.556243e-06
7.080000e+02 2.027232e-06
7.090000e+02 1.835428e-06
7.100000e+02 1.993771e-06
7.110000e+02 2.555775e-06
7.120000e+02 3.150685e-06
7.130000e+02 3.598261e-06
7.140000e+02 1.995205e-06
7.150000e+02 3.199389e-06
7.160000e+02 1.850985e-06
7.170000e+02 1.891982e-06
7.180000e+02 2.171317e-06
7.190000e+02 1.908007e-06
7.200000e+02 1.929033e-06
7.210000e+02 1.634801e-06
7.220000e+02 2.831532e-06
7.230000e+02 2.693961e-06
7.240000e+02 1.516701e-06
7.250000e+02 2.413603e-06
7.260000e+02 2.216432e-06
7.270000e+02 1.875428e-06
7.280000e+02 1.272882e-06
7.290000e+02 1.275148e-06
7.300000e+02 1.439692e-06
7.310000e+02 1.884317e-06
7.320000e+02 1.684958e-06
7.330000e+02 1.385177e-06
7.340000e+02 1.486895e-06
7.350000e+02 1.367942e-06
7.360000e+02 1.601870e-06
7.370000e+02 1.448100e-06
7.380000e+02 1.281148e-06
7.390000e+02 2.008644e-06
7.400000e+02 1.509918e-06
7.410000e+02 1.118048e-06
7.420000e+02 1.105555e-06
7.430000e+02 1.065982e-06
7.440000e+02 1.475660e-06
7.450000e+02 1.051761e-06
7.460000e+02 1.062623e-06
7.470000e+02 6.006538e-06
7.480000e+02 1.494542e-06
7.490000e+02 8.905812e-07
7.500000e+02 1.033617e-06
7.510000e+02 7.772264e-07
7.520000e+02 4.692161e-06
7.530000e+02 7.241894e-07
7.540000e+02 5.342874e-06
7.550000e+02 1.001823e-06
7.560000e+02 7.577227e-07
7.570000e+02 7.801320e-07
7.580000e+02 7.923990e-07
7.590000e+02 1.052343e-06
7.600000e+02 4.691978e-06
7.610000e+02 1.159727e-06
7.620000e+02 8.118949e-07
7.630000e+02 4.277144e-06
7.640000e+02 8.133338e-07
7.650000e+02 4.183399e-06
7.660000e+02 4.517197e-06
7.670000e+02 6.299583e-07
7.680000e+02 4.078469e-06
7.690000e+02 4.252887e-06
7.700000e+02 4.459185e-06
7.710000e+02 4.272040e-06
7.720000e+02 4.381746e-06
7.730000e+02 8.408365e-07
7.740000e+02 3.741300e-06
7.750000e+02 4.183416e-06
7.760000e+02 4.160475e-06
7.770000e+02 9.141138e-07
7.780000e+02 1.097187e-06
7.790000e+02 3.603598e-06
7.800000e+02 3.868606e-06
7.810000e+02 3.847508e-06
7.820000e+02 8.271441e-07
7.830000e+02 6.560326e-07
7.840000e+02 3.387746e-06
7.850000e+02 6.333393e-07
7.860000e+02 6.299245e-07
7.870000e+02 9.404039e-07
7.880000e+02 8.877868e-07
7.890000e+02 3.345360e-06
7.900000e+02 8.341490e-07
7.910000e+02 6.898606e-07
7.920000e+02 9.429784e-07
7.930000e+02 5.927584e-07
7.940000e+02 7.858100e-07
7.950000e+02 5.363286e-07
7.960000e+02 7.245012e-07
7.970000e+02 7.136143e-07
7.980000e+02 2.342303e-07
7.990000e+02 1.180332e-06
8.000000e+02 1.115041e-06
8.010000e+02 2.314269e-07
8.020000e+02 2.231608e-06
8.030000e+02 1.335599e-06
8.040000e+02 2.952672e-07
8.050000e+02 2.344561e-06
8.060000e+02 1.683500e-06
8.070000e+02 4.163422e-07
8.080000e+02 3.334248e-07
8.090000e+02 1.640941e-07
8.100000e+02 1.975227e-06
8.110000e+02 4.315236e-07
8.120000e+02 2.788707e-06
8.130000e+02 2.059600e-07
8.140000e+02 1.421786e-06
8.150000e+02 5.690446e-07
8.160000e+02 9.014721e-07
8.170000e+02 9.561422e-07
8.180000e+02 4.215632e-07
8.190000e+02 6.617019e-07
8.200000e+02 1.862022e-06
8.210000e+02 1.386730e-06
8.220000e+02 6.098723e-07
8.230000e+02 9.237160e-07
8.240000e+02 8.527382e-07
8.250000e+02 6.736075e-07
8.260000e+02 3.628594e-07
8.270000e+02 1.572548e-06
8.280000e+02 1.855671e-06
8.290000e+02 1.331372e-07
8.300000e+02 9.003193e-08
8.310000e+02 1.080967e-07
8.320000e+02 8.220431e-08
8.330000e+02 1.124215e-06
8.340000e+02 4.554498e-07
8.350000e+02 1.050996e-06
8.360000e+02 1.221637e-06
8.370000e+02 6.877672e-07
8.380000e+02 4.754627e-07
8.390000e+02 8.213211e-07
8.400000e+02 7.251401e-07
8.410000e+02 1.094058e-06
8.420000e+02 1.740919e-06
8.430000e+02 1.113581e-06
8.440000e+02 1.386440e-06
8.450000e+02 7.334002e-07
8.460000e+02 8.319663e-07
8.470000e+02 8.656177e-07
8.480000e+02 5.406876e-07
8.490000e+02 9.279252e-07
8.500000e+02 5.019672e-07
8.510000e+02 6.637257e-07
8.520000e+02 2.165999e-06
8.530000e+02 2.282091e-06
8.540000e+02 4.974354e-07
8.550000e+02 8.397301e-07
8.560000e+02 7.620446e-07
8.570000e+02 5.227133e-07
8.580000e+02 2.055498e-06
8.590000e+02 1.270748e-06
8.600000e+02 3.858447e-07
8.610000e+02 5.303501e-07
8.620000e+02 2.744284e-07
8.630000e+02 6.180712e-08
8.640000e+02 1.361146e-06
8.650000e+02 4.158203e-08
8.660000e+02 1.029605e-06
8.670000e+02 4.711518e-07
8.680000e+02 3.386247e-07
8.690000e+02 1.257014e-06
8.700000e+02 6.919597e-07
8.710000e+02 7.150372e-07
8.720000e+02 1.029783e-06
8.730000e+02 3.662469e-07
8.740000e+02 6.646025e-07
8.750000e+02 2.227858e-07
8.760000e+02 7.611191e-07
8.770000e+02 1.133268e-06
8.780000e+02 7.918441e-07
8.790000e+02 4.947104e-07
8.800000e+02 3.963857e-07
8.810000e+02 1.222599e-06
8.820000e+02 1.056238e-06
8.830000e+02 1.178878e-07
8.840000e+02 4.547286e-07
8.850000e+02 4.917144e-07
8.860000e+02 3.470464e-07
8.870000e+02 1.632609e-06
8.880000e+02 4.711561e-07
8.890000e+02 1.744690e-06
8.900000e+02 1.747995e-06
8.910000e+02 2.130425e-06
8.920000e+02 4.001149e-07
8.930000e+02 4.367213e-07
8.940000e+02 3.793034e-07
8.950000e+02 6.548595e-07
8.960000e+02 8.627326e-07
8.970000e+02 6.078984e-07
8.980000e+02 3.949850e-07
8.990000e+02 4.772677e-07
9.000000e+02 7.928777e-07
9.010000e+02 9.614926e-07
9.020000e+02 1.923078e-06
9.030000e+02 7.510274e-07
9.040000e+02 1.068375e-06
9.050000e+02 6.317824e-07
9.060000e+02 1.238274e-06
9.070000e+02 6.772043e-07
9.080000e+02 8.814780e-07
9.090000e+02 4.631689e-07
9.100000e+02 7.180939e-07
9.110000e+02 5.845979e-07
9.120000e+02 5.536839e-07
9.130000e+02 4.491487e-07
9.140000e+02 5.872836e-07
9.150000e+02 8.862802e-07
9.160000e+02 4.968873e-07
9.170000e+02 4.615805e-07
9.180000e+02 8.227158e-07
9.190000e+02 4.693193e-07
9.200000e+02 4.193881e-07
9.210000e+02 3.402949e-07
9.220000e+02 3.705823e-07
9.230000e+02 4.358448e-07
9.240000e+02 4.664019e-07
9.250000e+02 5.454812e-07
9.260000e+02 5.050377e-07
9.270000e+02 6.593703e-07
9.280000e+02 4.926690e-07
9.290000e+02 2.886631e-07
9.300000e+02 7.729733e-07
9.310000e+02 4.601748e-07
9.320000e+02 4.298831e-07
9.330000e+02 4.568786e-07
9.340000e+02 5.776193e-07
9.350000e+02 5.316576e-07
9.360000e+02 7.472938e-07
9.370000e+02 1.208478e-06
9.380000e+02 1.267453e-06
9.390000e+02 2.007530e-06
9.400000e+02 8.762704e-07
9.410000e+02 1.602583e-06
9.420000e+02 2.366253e-06
9.430000e+02 3.692045e-07
9.440000e+02 1.397629e-06
9.450000e+02 2.861272e-06
9.460000e+02 1.453024e-06
9.470000e+02 1.170639e-06
9.480000e+02 2.163536e-06
9.490000e+02 1.621922e-06
9.500000e+02 1.092071e-06
9.510000e+02 4.011976e-07
9.520000e+02 1.231490e-06
9.530000e+02 1.354517e-06
9.540000e+02 5.206265e-07
9.550000e+02 8.876875e-07
9.560000e+02 1.367009e-06
9.570000e+02 1.032981e-06
9.580000e+02 6.787055e-07
9.590000e+02 4.162542e-07
9.600000e+02 1.584589e-06
9.610000e+02 8.683250e-07
9.620000e+02 2.227591e-06
9.630000e+02 1.071665e-06
9.640000e+02 7.741174e-07
9.650000e+02 7.473052e-07
9.660000e+02 1.585065e-06
9.670000e+02 1.304404e-06
9.680000e+02 9.563569e-07
9.690000e+02 1.763092e-06
9.700000e+02 4.174627e-07
9.710000e+02 1.052313e-06
9.720000e+02 1.319986e-06
9.730000e+02 6.076777e-07
9.740000e+02 1.800769e-06
9.750000e+02 1.365094e-06
9.760000e+02 1.166690e-06
9.770000e+02 5.889923e-07
9.780000e+02 1.300616e-06
9.790000e+02 8.114683e-07
9.800000e+02 7.081788e-07
9.810000e+02 1.893170e-06
9.820000e+02 1.084003e-06
9.830000e+02 8.993109e-07
9.840000e+02 6.512530e-07
9.850000e+02 2.312486e-06
9.860000e+02 7.787823e-07
9.870000e+02 6.682116e-07
9.880000e+02 5.088166e-07
9.890000e+02 1.834962e-06
9.900000e+02 8.028149e-07
9.910000e+02 6.338919e-07
9.920000e+02 4.838932e-07
9.930000e+02 1.791692e-06
9.940000e+02 7.992177e-07
9.950000e+02 7.647247e-07
9.960000e+02 6.330693e-07
9.970000e+02 4.747605e-07
9.980000e+02 1.478842e-06
9.990000e+02 5.421807e-07
1.000000e+03 4.347977e-07
1.001000e+03 3.561294e-07
1.002000e+03 2.434705e-06
1.003000e+03 5.676147e-07
1.004000e+03 5.057268e-07
1.005000e+03 3.472903e-07
1.006000e+03 3.251831e-07
1.007000e+03 1.366004e-06
1.008000e+03 6.476036e-07
1.009000e+03 4.259618e-07
1.010000e+03 4.967429e-07
1.011000e+03 1.408644e-06
1.012000e+03 1.023377e-06
1.013000e+03 5.531767e-07
1.014000e+03 1.005670e-06
1.015000e+03 7.020635e-07
1.016000e+03 1.802524e-06
1.017000e+03 7.927444e-07
1.018000e+03 5.227360e-07
1.019000e+03 6.511415e-07
1.020000e+03 2.000822e-06
1.021000e+03 1.804707e-06
1.022000e+03 4.845190e-07
1.023000e+03 4.584705e-07
1.024000e+03 1.923456e-06
1.025000e+03 4.892515e-07
1.026000e+03 1.439207e-06
1.027000e+03 4.276334e-07
1.028000e+03 2.157793e-06
1.029000e+03 5.961183e-07
1.030000e+03 1.959855e-06
1.031000e+03 1.502077e-06
1.032000e+03 4.631099e-07
1.033000e+03 2.861280e-07
1.034000e+03 3.258473e-07
1.035000e+03 1.724649e-06
1.036000e+03 1.661734e-06
1.037000e+03 1.293734e-06
1.038000e+03 3.620517e-07
1.039000e+03 3.272985e-07
1.040000e+03 1.777313e-06
1.041000e+03 1.648113e-06
1.042000e+03 1.783342e-06
1.043000e+03 1.131422e-06
1.044000e+03 2.961079e-07
1.045000e+03 3.506081e-07
1.046000e+03 1.748513e-06
1.047000e+03 1.664012e-06
1.048000e+03 1.463172e-06
1.049000e+03 1.460389e-06
1.050000e+03 3.790055e-07
1.051000e+03 3.483048e-07
1.052000e+03 3.424094e-07
1.053000e+03 1.449385e-06
1.054000e+03 1.446390e-06
1.055000e+03 1.542902e-06
1.056000e+03 3.573241e-07
1.057000e+03 2.799203e-07
1.058000e+03 1.545838e-06
1.059000e+03 1.483973e-06
1.060000e+03 1.421350e-06
1.061000e+03 1.213253e-06
1.062000e+03 1.173749e-06
1.063000e+03 4.012678e-07
1.064000e+03 3.758868e-07
1.065000e+03 2.813100e-07
1.066000e+03 1.970885e-07
1.067000e+03 1.275666e-06
1.068000e+03 1.168431e-06
1.069000e+03 1.395509e-06
1.070000e+03 4.547678e-07
1.071000e+03 2.609516e-07
1.072000e+03 2.627553e-07
1.073000e+03 2.436024e-07
1.074000e+03 1.282529e-06
1.075000e+03 1.722969e-07
1.076000e+03 1.102876e-06
1.077000e+03 1.230282e-06
1.078000e+03 3.478645e-07
1.079000e+03 2.956641e-07
1.080000e+03 3.021053e-07
1.081000e+03 2.867259e-07
1.082000e+03 2.496178e-07
1.083000e+03 1.155799e-06
1.084000e+03 1.158160e-06
1.085000e+03 1.089423e-06
1.086000e+03 1.798597e-06
1.087000e+03 3.461841e-07
1.088000e+03 4.204378e-07
1.089000e+03 2.641112e-07
1.090000e+03 2.310355e-07
1.091000e+03 1.526856e-07
1.092000e+03 1.604140e-07
1.093000e+03 8.529736e-07
1.094000e+03 8.853590e-07
1.095000e+03 7.864120e-07
1.096000e+03 8.338799e-07
1.097000e+03 1.361161e-06
1.098000e+03 4.314445e-07
1.099000e+03 2.523512e-07
1.100000e+03 2.462072e-07
1.101000e+03 2.155916e-07
1.102000e+03 1.585216e-07
1.103000e+03 1.522717e-07
1.104000e+03 1.529048e-07
1.105000e+03 1.580424e-07
1.106000e+03 1.462941e-07
1.107000e+03 1.417848e-07
1.108000e+03 7.233021e-07
1.109000e+03 4.488826e-07
1.110000e+03 3.260270e-07
1.111000e+03 3.192390e-07
1.112000e+03 3.129019e-07
1.113000e+03 3.222716e-07
1.114000e+03 3.365773e-07
1.115000e+03 2.766661e-07
1.116000e+03 1.658227e-07
1.117000e+03 1.501197e-07
1.118000e+03 1.433428e-07
1.119000e+03 1.606309e-07
1.120000e+03 1.763035e-07
1.121000e+03 5.704481e-07
1.122000e+03 6.243591e-07
1.123000e+03 6.073717e-07
1.124000e+03 1.864561e-06
1.125000e+03 3.405025e-07
1.126000e+03 2.511479e-07
1.127000e+03 2.508440e-07
1.128000e+03 1.778231e-07
1.129000e+03 1.462944e-07
1.130000e+03 1.344452e-07
1.131000e+03 1.359991e-07
1.132000e+03 1.289271e-07
1.133000e+03 6.259574e-07
1.134000e+03 5.947314e-07
1.135000e+03 6.143657e-07
1.136000e+03 5.176573e-07
1.137000e+03 5.199433e-07
1.138000e+03 4.933760e-07
1.139000e+03 4.694620e-07
1.140000e+03 4.408760e-07
1.141000e+03 4.129163e-07
1.142000e+03 4.250261e-07
1.143000e+03 4.011871e-07
1.144000e+03 1.063056e-06
1.145000e+03 2.974641e-07
1.146000e+03 2.868274e-07
1.147000e+03 1.547394e-07
1.148000e+03 1.584922e-07
1.149000e+03 1.427201e-07
1.150000e+03 1.149942e-07
1.151000e+03 1.265162e-07
1.152000e+03 1.024142e-07
1.153000e+03 1.007507e-07
1.154000e+03 1.076325e-07
1.155000e+03 1.106912e-07
1.156000e+03 9.766069e-08
1.157000e+03 1.051430e-07
1.158000e+03 4.662938e-07
1.159000e+03 4.337208e-07
1.160000e+03 4.391172e-07
1.161000e+03 4.090836e-07
1.162000e+03 3.947397e-07
1.163000e+03 3.777761e-07
1.164000e+03 3.715350e-07
1.165000e+03 3.900280e-07
1.166000e+03 3.793978e-07
1.167000e+03 3.466089e-07
1.168000e+03 3.804177e-07
1.169000e+03 3.522227e-07
1.170000e+03 3.481909e-07
1.171000e+03 3.433628e-07
1.172000e+03 5.100517e-08
1.173000e+03 3.255331e-08
1.174000e+03 3.834679e-08
1.175000e+03 1.400483e-06
1.176000e+03 2.063853e-07
1.177000e+03 2.402208e-07
1.178000e+03 2.097316e-07
1.179000e+03 1.738087e-07
1.180000e+03 1.652152e-07
1.181000e+03 1.513978e-07
1.182000e+03 1.131645e-07
1.183000e+03 5.177544e-07
1.184000e+03 1.573097e-07
1.185000e+03 1.462398e-07
1.186000e+03 9.129266e-08
1.187000e+03 5.508316e-08
1.188000e+03 5.291474e-08
1.189000e+03 8.652414e-08
1.190000e+03 5.658597e-08
1.191000e+03 4.997178e-08
1.192000e+03 6.281845e-08
1.193000e+03 5.723454e-08
1.194000e+03 6.117876e-08
1.195000e+03 4.838750e-08
1.196000e+03 6.508846e-08
1.197000e+03 6.594813e-08
1.198000e+03 4.839841e-08
1.199000e+03 3.598151e-08
1.200000e+03 5.171990e-08
1.201000e+03 6.189040e-08
1.202000e+03 5.681367e-08
1.203000e+03 5.655607e-08
1.204000e+03 4.578849e-08
1.205000e+03 6.666712e-08
1.206000e+03 6.872508e-08
1.207000e+03 4.772249e-08
1.208000e+03 4.808303e-08
1.209000e+03 3.285958e-08
1.210000e+03 3.805768e-08
1.211000e+03 5.189420e-08
1.212000e+03 5.372649e-08
1.213000e+03 5.154124e-08
1.214000e+03 6.642000e-08
1.215000e+03 5.029232e-07
1.216000e+03 3.399482e-07
1.217000e+03 3.536458e-07
1.218000e+03 2.048486e-07
1.219000e+03 1.674953e-07
1.220000e+03 1.478561e-07
1.221000e+03 1.458471e-07
1.222000e+03 9.565771e-08
1.223000e+03 1.152176e-07
1.224000e+03 1.506601e-07
1.225000e+03 1.559221e-07
1.226000e+03 1.477738e-07
1.227000e+03 1.021661e-07
1.228000e+03 5.485233e-08
1.229000e+03 6.649218e-08
1.230000e+03 7.759384e-08
1.231000e+03 6.761439e-08
1.232000e+03 5.147618e-08
1.233000e+03 6.166741e-08
1.234000e+03 8.067395e-08
1.235000e+03 6.556361e-08
1.236000e+03 5.683133e-08
1.237000e+03 8.219949e-08
1.238000e+03 6.407715e-08
1.239000e+03 4.970569e-08
1.240000e+03 5.835260e-08
1.241000e+03 4.371053e-08
1.242000e+03 4.242490e-08
1.243000e+03 7.395304e-07
1.244000e+03 4.766849e-07
1.245000e+03 3.173103e-07
1.246000e+03 2.507427e-07
1.247000e+03 1.432652e-07
1.248000e+03 1.556971e-07
1.249000e+03 1.585584e-07
1.250000e+03 1.605091e-07
1.251000e+03 1.288174e-07
1.252000e+03 1.377032e-07
1.253000e+03 1.540859e-07
1.254000e+03 1.486749e-07
1.255000e+03 1.237430e-07
1.256000e+03 1.225170e-07
1.257000e+03 8.975782e-08
1.258000e+03 7.210569e-08
1.259000e+03 7.264555e-08
1.260000e+03 7.036522e-08
1.261000e+03 5.571755e-08
1.262000e+03 1.581951e-06
1.263000e+03 2.668049e-07
1.264000e+03 2.142015e-07
1.265000e+03 1.797089e-07
1.266000e+03 1.508446e-07
1.267000e+03 1.241747e-07
1.268000e+03 1.119523e-07
1.269000e+03 9.637457e-08
1.270000e+03 9.945343e-08
1.271000e+03 8.677599e-08
1.272000e+03 9.675473e-08
1.273000e+03 9.418263e-08
1.274000e+03 8.426991e-08
1.275000e+03 8.897850e-08
1.276000e+03 9.369563e-08
1.277000e+03 9.932876e-07
1.278000e+03 2.893257e-07
1.279000e+03 2.338890e-07
1.280000e+03 2.110923e-07
1.281000e+03 2.199742e-07
1.282000e+03 1.480584e-07
1.283000e+03 1.388561e-07
1.284000e+03 1.181705e-07
1.285000e+03 1.035066e-07
1.286000e+03 1.048341e-07
1.287000e+03 1.028985e-07
1.288000e+03 1.201712e-06
1.289000e+03 3.121660e-07
1.290000e+03 2.072439e-07
1.291000e+03 1.972605e-07
1.292000e+03 1.605699e-07
1.293000e+03 1.455823e-07
1.294000e+03 1.182323e-07
1.295000e+03 1.137835e-07
1.296000e+03 1.503203e-07
1.297000e+03 1.295674e-07
1.298000e+03 1.040181e-06
1.299000e+03 4.741203e-07
1.300000e+03 2.987517e-07
1.301000e+03 2.954849e-07
1.302000e+03 2.616973e-07
1.303000e+03 1.840482e-07
1.304000e+03 1.447711e-07
1.305000e+03 1.497461e-07
1.306000e+03 1.115757e-07
1.307000e+03 2.157431e-07
1.308000e+03 4.456741e-07
1.309000e+03 3.138358e-07
1.310000e+03 2.377247e-07
1.311000e+03 1.290247e-07
1.312000e+03 1.149906e-07
1.313000e+03 1.151555e-07
1.314000e+03 1.218128e-07
1.315000e+03 1.464294e-06
1.316000e+03 2.069268e-07
1.317000e+03 3.320609e-07
1.318000e+03 2.789248e-07
1.319000e+03 2.033283e-07
1.320000e+03 1.841837e-07
1.321000e+03 1.727914e-07
1.322000e+03 9.354759e-07
1.323000e+03 4.575349e-07
1.324000e+03 4.095827e-07
1.325000e+03 2.605776e-07
1.326000e+03 2.066256e-07
1.327000e+03 1.687130e-07
1.328000e+03 1.562818e-07
1.329000e+03 1.114311e-06
1.330000e+03 2.930564e-07
1.331000e+03 1.897963e-07
1.332000e+03 2.174641e-07
1.333000e+03 1.327148e-07
1.334000e+03 1.167474e-07
1.335000e+03 1.064049e-07
1.336000e+03 1.180283e-06
1.337000e+03 1.226888e-07
1.338000e+03 3.970201e-07
1.339000e+03 1.844770e-07
1.340000e+03 1.662616e-07
1.341000e+03 1.785533e-07
1.342000e+03 1.539318e-07
1.343000e+03 2.928626e-07
1.344000e+03 4.808237e-07
1.345000e+03 4.009961e-07
1.346000e+03 3.115803e-07
1.347000e+03 2.563727e-07
1.348000e+03 1.582894e-07
1.349000e+03 1.449305e-07
1.350000e+03 2.438140e-07
1.351000e+03 3.856130e-07
1.352000e+03 3.348513e-07
1.353000e+03 2.824805e-07
1.354000e+03 1.882509e-07
1.355000e+03 1.537851e-07
1.356000e+03 1.356725e-07
1.357000e+03 3.285175e-07
1.358000e+03 5.395015e-07
1.359000e+03 4.188000e-07
1.360000e+03 3.333812e-07
1.361000e+03 2.831245e-07
1.362000e+03 2.287562e-07
1.363000e+03 1.357278e-07
1.364000e+03 1.201362e-06
1.365000e+03 3.463316e-07
1.366000e+03 3.493870e-07
1.367000e+03 2.822037e-07
1.368000e+03 2.240907e-07
1.369000e+03 1.751120e-07
1.370000e+03 1.514746e-07
1.371000e+03 2.735356e-07
1.372000e+03 4.577116e-07
1.373000e+03 3.414463e-07
1.374000e+03 3.102435e-07
1.375000e+03 2.081433e-07
1.376000e+03 1.508264e-07
1.377000e+03 1.287148e-07
1.378000e+03 1.297112e-07
1.379000e+03 2.499445e-07
1.380000e+03 3.661489e-07
1.381000e+03 2.971465e-07
1.382000e+03 2.460042e-07
1.383000e+03 1.698432e-07
1.384000e+03 1.285536e-07
1.385000e+03 1.296402e-07
1.386000e+03 1.402254e-06
1.387000e+03 3.769901e-07
1.388000e+03 3.606796e-07
1.389000e+03 2.908401e-07
1.390000e+03 2.218599e-07
1.391000e+03 1.643182e-07
1.392000e+03 1.175239e-07
1.393000e+03 9.246449e-08
1.394000e+03 8.147965e-08
1.395000e+03 1.415092e-06
1.396000e+03 3.313719e-07
1.397000e+03 3.027720e-07
1.398000e+03 2.126672e-07
1.399000e+03 1.703468e-07
1.400000e+03 1.356817e-07
1.401000e+03 9.391482e-08
1.402000e+03 1.002468e-07
1.403000e+03 1.961657e-07
1.404000e+03 3.219139e-07
1.405000e+03 1.773815e-07
1.406000e+03 1.141612e-07
1.407000e+03 1.167582e-07
1.408000e+03 9.892923e-08
1.409000e+03 8.295294e-08
1.410000e+03 5.144947e-07
1.411000e+03 4.899502e-07
1.412000e+03 8.567879e-07
1.413000e+03 2.409733e-07
1.414000e+03 1.885629e-07
1.415000e+03 1.489824e-07
1.416000e+03 1.174219e-07
1.417000e+03 1.036039e-07
1.418000e+03 8.860114e-08
1.419000e+03 5.195051e-07
1.420000e+03 5.012959e-07
1.421000e+03 4.499748e-07
1.422000e+03 9.988391e-07
1.423000e+03 2.334231e-07
1.424000e+03 1.998139e-07
1.425000e+03 1.649880e-07
1.426000e+03 1.762972e-07
1.427000e+03 1.640546e-07
1.428000e+03 1.498912e-07
1.429000e+03 8.059236e-08
1.430000e+03 9.549120e-08
1.431000e+03 4.607133e-07
1.432000e+03 1.204994e-06
1.433000e+03 3.207753e-07
1.434000e+03 2.958890e-07
1.435000e+03 2.365860e-07
1.436000e+03 1.514949e-07
1.437000e+03 1.041388e-07
1.438000e+03 1.156760e-07
1.439000e+03 8.439354e-08
1.440000e+03 4.842022e-07
1.441000e+03 5.196312e-07
1.442000e+03 4.918233e-07
1.443000e+03 1.590427e-06
1.444000e+03 2.404872e-07
1.445000e+03 2.025549e-07
1.446000e+03 1.528430e-07
1.447000e+03 1.309328e-07
1.448000e+03 9.935682e-08
1.449000e+03 4.771741e-07
1.450000e+03 4.424266e-07
1.451000e+03 3.958151e-07
1.452000e+03 3.902162e-07
1.453000e+03 3.671005e-07
1.454000e+03 3.265900e-07
1.455000e+03 3.281642e-07
1.456000e+03 6.328663e-07
1.457000e+03 2.731519e-07
1.458000e+03 2.146210e-07
1.459000e+03 1.594725e-07
1.460000e+03 1.253169e-07
1.461000e+03 1.118428e-07
1.462000e+03 1.018783e-07
1.463000e+03 4.270352e-07
1.464000e+03 4.043628e-07
1.465000e+03 3.577042e-07
1.466000e+03 3.168930e-07
1.467000e+03 2.637292e-07
1.468000e+03 2.392646e-07
1.469000e+03 1.222039e-06
1.470000e+03 2.993038e-07
1.471000e+03 2.287873e-07
1.472000e+03 1.718159e-07
1.473000e+03 1.594098e-07
1.474000e+03 1.077570e-07
1.475000e+03 1.002177e-07
1.476000e+03 3.754746e-07
1.477000e+03 3.874909e-07
1.478000e+03 3.327851e-07
1.479000e+03 3.196050e-07
1.480000e+03 3.166713e-07
1.481000e+03 2.449819e-07
1.482000e+03 2.287992e-07
1.483000e+03 2.026399e-07
1.484000e+03 1.996180e-07
1.485000e+03 8.329871e-07
1.486000e+03 2.759760e-07
1.487000e+03 1.854307e-07
1.488000e+03 1.572246e-07
1.489000e+03 1.287347e-07
1.490000e+03 1.898851e-07
1.491000e+03 7.594840e-08
1.492000e+03 3.038316e-07
1.493000e+03 2.866779e-07
1.494000e+03 2.696018e-07
1.495000e+03 2.671417e-07
1.496000e+03 2.412333e-07
1.497000e+03 2.188055e-07
1.498000e+03 1.815394e-07
1.499000e+03 1.967035e-07
1.500000e+03 1.814913e-07
1.501000e+03 1.570809e-07
1.502000e+03 1.241738e-06
1.503000e+03 1.626899e-07
1.504000e+03 1.603143e-07
1.505000e+03 1.279606e-07
1.506000e+03 1.001494e-07
1.507000e+03 7.914961e-08
1.508000e+03 7.914778e-08
1.509000e+03 7.514277e-08
1.510000e+03 6.904357e-08
1.511000e+03 2.743988e-07
1.512000e+03 2.598875e-07
1.513000e+03 2.338711e-07
1.514000e+03 2.042814e-07
1.515000e+03 1.827806e-07
1.516000e+03 1.795161e-07
1.517000e+03 1.754174e-07
1.518000e+03 1.671615e-07
1.519000e+03 1.489405e-07
1.520000e+03 1.386351e-07
1.521000e+03 9.611193e-07
1.522000e+03 1.831621e-07
1.523000e+03 1.586508e-07
1.524000e+03 1.585535e-07
1.525000e+03 9.510181e-08
1.526000e+03 9.892499e-08
1.527000e+03 8.834731e-08
1.528000e+03 5.610064e-08
1.529000e+03 6.381724e-08
1.530000e+03 2.367876e-07
1.531000e+03 2.445011e-07
1.532000e+03 2.312903e-07
1.533000e+03 2.093864e-07
1.534000e+03 1.854714e-07
1.535000e+03 1.749288e-07
1.536000e+03 1.532953e-07
1.537000e+03 1.460825e-07
1.538000e+03 1.244437e-07
1.539000e+03 1.155682e-07
1.540000e+03 1.103764e-07
1.541000e+03 1.067080e-07
1.542000e+03 1.137873e-06
1.543000e+03 1.771949e-07
1.544000e+03 1.406343e-07
1.545000e+03 9.723080e-08
1.546000e+03 1.210854e-07
1.547000e+03 9.053625e-08
1.548000e+03 7.303297e-08
1.549000e+03 6.370261e-08
1.550000e+03 5.147229e-08
1.551000e+03 6.300952e-08
1.552000e+03 2.460541e-07
1.553000e+03 2.162202e-07
1.554000e+03 1.993608e-07
1.555000e+03 1.805516e-07
1.556000e+03 1.687548e-07
1.557000e+03 1.543849e-07
1.558000e+03 1.422744e-07
1.559000e+03 1.296105e-07
1.560000e+03 1.275374e-07
1.561000e+03 1.246914e-07
1.562000e+03 1.202504e-07
1.563000e+03 1.160222e-07
1.564000e+03 1.069111e-07
1.565000e+03 1.274916e-06
1.566000e+03 1.943534e-07
1.567000e+03 1.720704e-07
1.568000e+03 1.475045e-07
1.569000e+03 9.795636e-08
1.570000e+03 7.728941e-08
1.571000e+03 6.601826e-08
1.572000e+03 6.838990e-08
1.573000e+03 5.864704e-08
1.574000e+03 2.424308e-07
1.575000e+03 2.379062e-07
1.576000e+03 2.091622e-07
1.577000e+03 1.906768e-07
1.578000e+03 1.721787e-07
1.579000e+03 1.565766e-07
1.580000e+03 1.584767e-07
1.581000e+03 1.477448e-07
1.582000e+03 1.203557e-07
1.583000e+03 1.146063e-07
1.584000e+03 1.085586e-07
1.585000e+03 1.050115e-07
1.586000e+03 1.021595e-07
1.587000e+03 1.003219e-07
1.588000e+03 1.259592e-06
1.589000e+03 1.690005e-07
1.590000e+03 1.271733e-07
1.591000e+03 1.106999e-07
1.592000e+03 9.522700e-08
1.593000e+03 7.586855e-08
1.594000e+03 6.198103e-08
1.595000e+03 6.105076e-08
1.596000e+03 4.756218e-08
1.597000e+03 4.474393e-08
1.598000e+03 1.953288e-07
1.599000e+03 1.982609e-07
1.600000e+03 1.829639e-07
1.601000e+03 1.622758e-07
1.602000e+03 1.450634e-07
1.603000e+03 1.483322e-07
1.604000e+03 1.414981e-07
1.605000e+03 1.245755e-07
1.606000e+03 1.200550e-07
1.607000e+03 1.043640e-07
1.608000e+03 9.978084e-08
1.609000e+03 1.020537e-07
1.610000e+03 9.899358e-08
1.611000e+03 1.016997e-07
1.612000e+03 1.387308e-06
1.613000e+03 1.404192e-07
1.614000e+03 1.201323e-07
1.615000e+03 9.000404e-08
1.616000e+03 7.933124e-08
1.617000e+03 6.742242e-08
1.618000e+03 6.098420e-08
1.619000e+03 5.399270e-08
1.620000e+03 4.324399e-08
1.621000e+03 3.854952e-08
1.622000e+03 3.508406e-08
1.623000e+03 3.405917e-08
1.624000e+03 3.310170e-08
1.625000e+03 2.870045e-08
1.626000e+03 2.576884e-08
1.627000e+03 1.328138e-07
1.628000e+03 1.326521e-07
1.629000e+03 1.246604e-07
1.630000e+03 1.179481e-07
1.631000e+03 1.132372e-07
1.632000e+03 1.090010e-07
1.633000e+03 1.048819e-07
1.634000e+03 1.017933e-07
1.635000e+03 9.810312e-08
1.636000e+03 9.466214e-08
1.637000e+03 9.299224e-08
1.638000e+03 9.748688e-07
1.639000e+03 1.592739e-07
1.640000e+03 1.307545e-07
1.641000e+03 1.053996e-07
1.642000e+03 8.052486e-08
1.643000e+03 5.577275e-08
1.644000e+03 5.371795e-08
1.645000e+03 4.616618e-08
1.646000e+03 4.182318e-08
1.647000e+03 3.481730e-08
1.648000e+03 1.888287e-07
1.649000e+03 1.830176e-07
1.650000e+03 1.653860e-07
1.651000e+03 1.520651e-07
1.652000e+03 1.400203e-07
1.653000e+03 1.330848e-07
1.654000e+03 1.229096e-07
1.655000e+03 1.160483e-07
1.656000e+03 1.072492e-07
1.657000e+03 1.016266e-07
1.658000e+03 9.545916e-08
1.659000e+03 9.648068e-08
1.660000e+03 9.394175e-08
1.661000e+03 8.287385e-08
1.662000e+03 8.052789e-08
1.663000e+03 8.092538e-08
1.664000e+03 7.933448e-08
1.665000e+03 1.039466e-06
1.666000e+03 1.938699e-07
1.667000e+03 1.705538e-07
1.668000e+03 1.235319e-07
1.669000e+03 9.138655e-08
1.670000e+03 7.307019e-08
1.671000e+03 5.755725e-08
1.672000e+03 5.008522e-08
1.673000e+03 4.403335e-08
1.674000e+03 3.588868e-08
1.675000e+03 3.214314e-08
1.676000e+03 1.648789e-07
1.677000e+03 1.636929e-07
1.678000e+03 1.504550e-07
1.679000e+03 1.337862e-07
1.680000e+03 1.222971e-07
1.681000e+03 1.122307e-07
1.682000e+03 1.047343e-07
1.683000e+03 9.848630e-08
1.684000e+03 9.438617e-08
1.685000e+03 9.031320e-08
1.686000e+03 8.670006e-08
1.687000e+03 8.844489e-08
1.688000e+03 8.618256e-08
1.689000e+03 8.128853e-08
1.690000e+03 7.963188e-08
1.691000e+03 7.893345e-08
1.692000e+03 7.851008e-08
1.693000e+03 7.874691e-08
1.694000e+03 8.115558e-08
1.695000e+03 1.245868e-06
1.696000e+03 1.726274e-07
1.697000e+03 1.599596e-07
1.698000e+03 1.155241e-07
1.699000e+03 7.190879e-08
1.700000e+03 7.074481e-08
1.701000e+03 5.842269e-08
1.702000e+03 4.565263e-08
1.703000e+03 4.038202e-08
1.704000e+03 3.365445e-08
1.705000e+03 3.079554e-08
1.706000e+03 1.547595e-07
1.707000e+03 1.455164e-07
1.708000e+03 1.315027e-07
1.709000e+03 1.194786e-07
1.710000e+03 1.093080e-07
1.711000e+03 1.000133e-07
1.712000e+03 9.243373e-08
1.713000e+03 9.079585e-08
1.714000e+03 8.969651e-08
1.715000e+03 9.024717e-08
1.716000e+03 8.872980e-08
1.717000e+03 8.489261e-08
1.718000e+03 8.155521e-08
1.719000e+03 7.974958e-08
1.720000e+03 7.749932e-08
1.721000e+03 7.652947e-08
1.722000e+03 7.446089e-08
1.723000e+03 7.234792e-08
1.724000e+03 7.103138e-08
1.725000e+03 7.254873e-08
1.726000e+03 7.156776e-08
1.727000e+03 6.779121e-08
1.728000e+03 1.115722e-06
1.729000e+03 2.164858e-07
1.730000e+03 1.837300e-07
1.731000e+03 1.153065e-07
1.732000e+03 8.768658e-08
1.733000e+03 6.774497e-08
1.734000e+03 5.284210e-08
1.735000e+03 4.480174e-08
1.736000e+03 4.244539e-08
1.737000e+03 3.510797e-08
1.738000e+03 2.322779e-08
1.739000e+03 1.429549e-07
1.740000e+03 1.352655e-07
1.741000e+03 1.243233e-07
1.742000e+03 1.138083e-07
1.743000e+03 1.134793e-07
1.744000e+03 1.063326e-07
1.745000e+03 9.953935e-08
1.746000e+03 9.213767e-08
1.747000e+03 8.484332e-08
1.748000e+03 8.473268e-08
1.749000e+03 8.055650e-08
1.750000e+03 7.672912e-08
1.751000e+03 7.559553e-08
1.752000e+03 7.230338e-08
1.753000e+03 7.004519e-08
1.754000e+03 7.057203e-08
1.755000e+03 6.999693e-08
1.756000e+03 6.686069e-08
1.757000e+03 6.637217e-08
1.758000e+03 6.552998e-08
1.759000e+03 6.577084e-08
1.760000e+03 6.605766e-08
1.761000e+03 6.517821e-08
1.762000e+03 6.368918e-08
1.763000e+03 6.361438e-08
1.764000e+03 6.315257e-08
1.765000e+03 6.100558e-08
1.766000e+03 1.134983e-06
1.767000e+03 1.950153e-07
1.768000e+03 1.552514e-07
1.769000e+03 1.190101e-07
1.770000e+03 8.063234e-08
1.771000e+03 7.051882e-08
1.772000e+03 5.754759e-08
1.773000e+03 4.980732e-08
1.774000e+03 4.279030e-08
1.775000e+03 3.741338e-08
1.776000e+03 3.524499e-08
1.777000e+03 3.075801e-08
1.778000e+03 2.733824e-08
1.779000e+03 1.406559e-07
1.780000e+03 1.423826e-07
1.781000e+03 1.328966e-07
1.782000e+03 1.207817e-07
1.783000e+03 1.112841e-07
1.784000e+03 1.022355e-07
1.785000e+03 9.398843e-08
1.786000e+03 8.528613e-08
1.787000e+03 7.593459e-08
1.788000e+03 7.158473e-08
1.789000e+03 6.806392e-08
1.790000e+03 6.548672e-08
1.791000e+03 6.284666e-08
1.792000e+03 6.105688e-08
1.793000e+03 6.029209e-08
1.794000e+03 5.888282e-08
1.795000e+03 5.683526e-08
1.796000e+03 5.735496e-08
1.797000e+03 5.642430e-08
1.798000e+03 5.566519e-08
1.799000e+03 5.500633e-08
1.800000e+03 5.592708e-08
1.801000e+03 5.376111e-08
1.802000e+03 5.310069e-08
1.803000e+03 5.453184e-08
1.804000e+03 5.539048e-08
1.805000e+03 5.650776e-08
1.806000e+03 5.653814e-08
1.807000e+03 5.564970e-08
1.808000e+03 5.540173e-08
1.809000e+03 5.573853e-08
1.810000e+03 1.185134e-06
1.811000e+03 2.035908e-07
1.812000e+03 1.621531e-07
1.813000e+03 1.182844e-07
1.814000e+03 9.420755e-08
1.815000e+03 5.830899e-08
1.816000e+03 4.881245e-08
1.817000e+03 4.251781e-08
1.818000e+03 3.718385e-08
1.819000e+03 3.091840e-08
1.820000e+03 2.458293e-08
1.821000e+03 1.329660e-07
1.822000e+03 1.230461e-07
1.823000e+03 1.083546e-07
1.824000e+03 9.558578e-08
1.825000e+03 8.657087e-08
1.826000e+03 9.165783e-08
1.827000e+03 8.825633e-08
1.828000e+03 6.942284e-08
1.829000e+03 6.349266e-08
1.830000e+03 5.834160e-08
1.831000e+03 6.421833e-08
1.832000e+03 6.078404e-08
1.833000e+03 5.642937e-08
1.834000e+03 5.576541e-08
1.835000e+03 5.897365e-08
1.836000e+03 5.664202e-08
1.837000e+03 5.376752e-08
1.838000e+03 5.226236e-08
1.839000e+03 5.123710e-08
1.840000e+03 5.413927e-08
1.841000e+03 5.444312e-08
1.842000e+03 4.695804e-08
1.843000e+03 4.665505e-08
1.844000e+03 4.775361e-08
1.845000e+03 4.549401e-08
1.846000e+03 4.517346e-08
1.847000e+03 4.508501e-08
1.848000e+03 4.471711e-08
1.849000e+03 4.522986e-08
1.850000e+03 4.171453e-08
1.851000e+03 4.433695e-08
1.852000e+03 4.341054e-08
1.853000e+03 4.829199e-08
1.854000e+03 4.810552e-08
1.855000e+03 4.743423e-08
1.856000e+03 4.721211e-08
1.857000e+03 4.725106e-08
1.858000e+03 4.644713e-08
1.859000e+03 4.685489e-08
1.860000e+03 4.838066e-08
1.861000e+03 1.194899e-06
1.862000e+03 1.850512e-07
1.863000e+03 1.633062e-07
1.864000e+03 1.162141e-07
1.865000e+03 6.710881e-08
1.866000e+03 5.289395e-08
1.867000e+03 4.245614e-08
1.868000e+03 3.675558e-08
1.869000e+03 3.125418e-08
1.870000e+03 3.256472e-08
1.871000e+03 2.811192e-08
1.872000e+03 4.254944e-08
1.873000e+03 1.254130e-07
1.874000e+03 1.210005e-07
1.875000e+03 1.098330e-07
1.876000e+03 9.899143e-08
1.877000e+03 9.155760e-08
1.878000e+03 8.364547e-08
1.879000e+03 7.648121e-08
1.880000e+03 7.229568e-08
1.881000e+03 6.781157e-08
1.882000e+03 6.903001e-08
1.883000e+03 6.623987e-08
1.884000e+03 6.312424e-08
1.885000e+03 5.833533e-08
1.886000e+03 5.690454e-08
1.887000e+03 5.299307e-08
1.888000e+03 5.117715e-08
1.889000e+03 5.010369e-08
1.890000e+03 4.878300e-08
1.891000e+03 4.821728e-08
1.892000e+03 4.785378e-08
1.893000e+03 4.729251e-08
1.894000e+03 4.708837e-08
1.895000e+03 4.712622e-08
1.896000e+03 4.667981e-08
1.897000e+03 4.692894e-08
1.898000e+03 4.610804e-08
1.899000e+03 4.641003e-08
1.900000e+03 4.614427e-08
1.901000e+03 4.619034e-08
1.902000e+03 4.627735e-08
1.903000e+03 4.500955e-08
1.904000e+03 4.627204e-08
1.905000e+03 4.623551e-08
1.906000e+03 4.529478e-08
1.907000e+03 4.522745e-08
1.908000e+03 4.461554e-08
1.909000e+03 4.364359e-08
1.910000e+03 4.394444e-08
1.911000e+03 4.385781e-08
1.912000e+03 4.365642e-08
1.913000e+03 4.378420e-08
1.914000e+03 4.144723e-08
1.915000e+03 4.090697e-08
1.916000e+03 4.055448e-08
1.917000e+03 4.002655e-08
1.918000e+03 3.961152e-08
1.919000e+03 3.962667e-08
1.920000e+03 4.016100e-08
1.921000e+03 5.800654e-07
1.922000e+03 1.100102e-07
1.923000e+03 8.526782e-08
1.924000e+03 6.795968e-08
1.925000e+03 5.772995e-08
1.926000e+03 4.350393e-08
1.927000e+03 3.264436e-08
1.928000e+03 3.561268e-08
1.929000e+03 3.490555e-08
1.930000e+03 2.831709e-08
1.931000e+03 2.487278e-08
1.932000e+03 2.026222e-08
1.933000e+03 1.197727e-07
1.934000e+03 1.097720e-07
1.935000e+03 9.727203e-08
1.936000e+03 8.664310e-08
1.937000e+03 7.805414e-08
1.938000e+03 7.108331e-08
1.939000e+03 6.506311e-08
1.940000e+03 6.040084e-08
1.941000e+03 5.778553e-08
1.942000e+03 5.407341e-08
1.943000e+03 5.862050e-08
1.944000e+03 5.726236e-08
1.945000e+03 5.207590e-08
1.946000e+03 4.853195e-08
1.947000e+03 4.675741e-08
1.948000e+03 4.861583e-08
1.949000e+03 4.787401e-08
1.950000e+03 4.782948e-08
1.951000e+03 4.846321e-08
1.952000e+03 4.748960e-08
1.953000e+03 4.724844e-08
1.954000e+03 4.673621e-08
1.955000e+03 4.705330e-08
1.956000e+03 4.689624e-08
1.957000e+03 4.651725e-08
1.958000e+03 4.664456e-08
1.959000e+03 4.332124e-08
1.960000e+03 4.285589e-08
1.961000e+03 4.298550e-08
1.962000e+03 4.221751e-08
1.963000e+03 4.200611e-08
1.964000e+03 4.209017e-08
1.965000e+03 4.135704e-08
1.966000e+03 4.094766e-08
1.967000e+03 4.225876e-08
1.968000e+03 4.166916e-08
1.969000e+03 4.213826e-08
1.970000e+03 4.228480e-08
1.971000e+03 4.155563e-08
1.972000e+03 4.081534e-08
1.973000e+03 4.108694e-08
1.974000e+03 4.032533e-08
1.975000e+03 4.000835e-08
1.976000e+03 3.869979e-08
1.977000e+03 3.944827e-08
1.978000e+03 3.615173e-08
1.979000e+03 3.879107e-08
1.980000e+03 3.627466e-08
1.981000e+03 3.660810e-08
1.982000e+03 3.634245e-08
1.983000e+03 3.592199e-08
1.984000e+03 3.560581e-08
1.985000e+03 3.560013e-08
1.986000e+03 4.072888e-08
1.987000e+03 4.054300e-08
1.988000e+03 4.080024e-08
1.989000e+03 3.976789e-08
1.990000e+03 1.185418e-06
1.991000e+03 1.486374e-07
1.992000e+03 1.158306e-07
1.993000e+03 8.866246e-08
1.994000e+03 6.995137e-08
1.995000e+03 5.714934e-08
1.996000e+03 4.416327e-08
1.997000e+03 3.626008e-08
1.998000e+03 3.028500e-08
1.999000e+03 4.904350e-08
2.000000e+03 2.767455e-08
2.001000e+03 2.359498e-08
2.002000e+03 2.083699e-08
2.003000e+03 1.003903e-07
2.004000e+03 9.278826e-08
2.005000e+03 2.162937e-08
2.006000e+03 7.801224e-08
2.007000e+03 7.625759e-08
2.008000e+03 7.132707e-08
2.009000e+03 6.289327e-08
2.010000e+03 5.544352e-08
2.011000e+03 5.104054e-08
2.012000e+03 5.223435e-08
2.013000e+03 4.911187e-08
2.014000e+03 4.538824e-08
2.015000e+03 4.382712e-08
2.016000e+03 4.189654e-08
2.017000e+03 3.979078e-08
2.018000e+03 3.774799e-08
2.019000e+03 3.765596e-08
2.020000e+03 3.820212e-08
2.021000e+03 3.775030e-08
2.022000e+03 3.732687e-08
2.023000e+03 3.845236e-08
2.024000e+03 3.758703e-08
2.025000e+03 3.682139e-08
2.026000e+03 3.670716e-08
2.027000e+03 3.638501e-08
2.028000e+03 3.628944e-08
2.029000e+03 3.616796e-08
2.030000e+03 3.679747e-08
2.031000e+03 3.683576e-08
2.032000e+03 3.632038e-08
2.033000e+03 3.582297e-08
2.034000e+03 3.514589e-08
2.035000e+03 3.477067e-08
2.036000e+03 3.525300e-08
2.037000e+03 3.429172e-08
2.038000e+03 3.357561e-08
2.039000e+03 3.382528e-08
2.040000e+03 3.352750e-08
2.041000e+03 3.386399e-08
2.042000e+03 3.301478e-08
2.043000e+03 3.298336e-08
2.044000e+03 3.259704e-08
2.045000e+03 3.332980e-08
2.046000e+03 3.241136e-08
2.047000e+03 3.193921e-08
2.048000e+03 3.118006e-08
2.049000e+03 3.233717e-08
2.050000e+03 3.199865e-08
2.051000e+03 3.227345e-08
2.052000e+03 3.207409e-08
2.053000e+03 3.167550e-08
2.054000e+03 3.217584e-08
2.055000e+03 3.141284e-08
2.056000e+03 3.312670e-08
2.057000e+03 3.450812e-08
2.058000e+03 3.374328e-08
2.059000e+03 3.237407e-08
2.060000e+03 3.260159e-08
2.061000e+03 3.192361e-08
2.062000e+03 3.159740e-08
2.063000e+03 3.258838e-08
2.064000e+03 3.226857e-08
2.065000e+03 3.174295e-08
2.066000e+03 3.270855e-08
2.067000e+03 3.274119e-08
2.068000e+03 3.275050e-08
2.069000e+03 3.262028e-08
2.070000e+03 3.371161e-08
2.071000e+03 3.237265e-08
2.072000e+03 3.241797e-08
2.073000e+03 3.117513e-08
2.074000e+03 1.415263e-06
2.075000e+03 1.556987e-07
2.076000e+03 1.539129e-07
2.077000e+03 1.209393e-07
2.078000e+03 6.072619e-08
2.079000e+03 4.962326e-08
2.080000e+03 4.198315e-08
2.081000e+03 3.772123e-08
2.082000e+03 3.233489e-08
2.083000e+03 5.706004e-08
2.084000e+03 4.983327e-08
2.085000e+03 4.311085e-08
2.086000e+03 4.622404e-08
2.087000e+03 4.208333e-08
2.088000e+03 3.761341e-08
2.089000e+03 7.713250e-08
2.090000e+03 7.464461e-08
2.091000e+03 6.866576e-08
2.092000e+03 6.257290e-08
2.093000e+03 5.775545e-08
2.094000e+03 5.315167e-08
2.095000e+03 5.052336e-08
2.096000e+03 4.719760e-08
2.097000e+03 4.435107e-08
2.098000e+03 4.134516e-08
2.099000e+03 3.992999e-08
2.100000e+03 3.835741e-08
2.101000e+03 3.726510e-08
2.102000e+03 3.691196e-08
2.103000e+03 3.582567e-08
2.104000e+03 3.549944e-08
2.105000e+03 3.606646e-08
2.106000e+03 3.537380e-08
2.107000e+03 3.496892e-08
2.108000e+03 3.501026e-08
2.109000e+03 3.463989e-08
2.110000e+03 3.409925e-08
2.111000e+03 3.455389e-08
2.112000e+03 3.367167e-08
2.113000e+03 3.305126e-08
2.114000e+03 3.290871e-08
2.115000e+03 3.313397e-08
2.116000e+03 3.295511e-08
2.117000e+03 3.291004e-08
2.118000e+03 3.283485e-08
2.119000e+03 3.271281e-08
2.120000e+03 3.395324e-08
2.121000e+03 3.229301e-08
2.122000e+03 3.117190e-08
2.123000e+03 3.146067e-08
2.124000e+03 3.149994e-08
2.125000e+03 3.131815e-08
2.126000e+03 3.145211e-08
2.127000e+03 3.106578e-08
2.128000e+03 3.130146e-08
2.129000e+03 3.216727e-08
2.130000e+03 3.179830e-08
2.131000e+03 3.132774e-08
2.132000e+03 3.108350e-08
2.133000e+03 2.885781e-08
2.134000e+03 2.798030e-08
2.135000e+03 2.880998e-08
2.136000e+03 2.877743e-08
2.137000e+03 2.883608e-08
2.138000e+03 2.936084e-08
2.139000e+03 2.848856e-08
2.140000e+03 2.745376e-08
2.141000e+03 2.935024e-08
2.142000e+03 2.842465e-08
2.143000e+03 2.810251e-08
2.144000e+03 2.502414e-08
2.145000e+03 2.478743e-08
2.146000e+03 2.517578e-08
2.147000e+03 2.583315e-08
2.148000e+03 2.525496e-08
2.149000e+03 2.512409e-08
2.150000e+03 2.448023e-08
2.151000e+03 2.401757e-08
2.152000e+03 2.417464e-08
2.153000e+03 2.450413e-08
2.154000e+03 2.423320e-08
2.155000e+03 2.403921e-08
2.156000e+03 2.425565e-08
2.157000e+03 2.423771e-08
2.158000e+03 2.414426e-08
2.159000e+03 2.417084e-08
2.160000e+03 2.378454e-08
2.161000e+03 2.378195e-08
2.162000e+03 2.446226e-08
2.163000e+03 2.521010e-08
2.164000e+03 2.422942e-08
2.165000e+03 2.431735e-08
2.166000e+03 2.415127e-08
2.167000e+03 2.433270e-08
2.168000e+03 2.441206e-08
2.169000e+03 2.446673e-08
2.170000e+03 2.404964e-08
2.171000e+03 2.591016e-08
2.172000e+03 2.445655e-08
2.173000e+03 2.392885e-08
2.174000e+03 2.425716e-08
2.175000e+03 2.386911e-08
2.176000e+03 9.347125e-07
2.177000e+03 1.557969e-07
2.178000e+03 9.388826e-08
2.179000e+03 8.385959e-08
2.180000e+03 7.003472e-08
2.181000e+03 6.076200e-08
2.182000e+03 5.021168e-08
2.183000e+03 4.674757e-08
2.184000e+03 3.959773e-08
2.185000e+03 3.399118e-08
2.186000e+03 2.896700e-08
2.187000e+03 2.539196e-08
2.188000e+03 2.377319e-08
2.189000e+03 2.152900e-08
2.190000e+03 2.075391e-08
2.191000e+03 8.225832e-08
2.192000e+03 2.048948e-08
2.193000e+03 6.312097e-08
2.194000e+03 6.232714e-08
2.195000e+03 5.794751e-08
2.196000e+03 5.287394e-08
2.197000e+03 4.734809e-08
2.198000e+03 4.456541e-08
2.199000e+03 3.966744e-08
2.200000e+03 3.650318e-08
2.201000e+03 3.470120e-08
2.202000e+03 3.290345e-08
2.203000e+03 3.165446e-08
2.204000e+03 3.106045e-08
2.205000e+03 2.974017e-08
2.206000e+03 2.932005e-08
2.207000e+03 2.934479e-08
2.208000e+03 2.899220e-08
2.209000e+03 2.775487e-08
2.210000e+03 2.767176e-08
2.211000e+03 2.792445e-08
2.212000e+03 2.757471e-08
2.213000e+03 2.717140e-08
2.214000e+03 2.696278e-08
2.215000e+03 2.799344e-08
2.216000e+03 2.777993e-08
2.217000e+03 2.689846e-08
2.218000e+03 2.640538e-08
2.219000e+03 2.685407e-08
2.220000e+03 2.603501e-08
2.221000e+03 2.713625e-08
2.222000e+03 2.632838e-08
2.223000e+03 2.565587e-08
2.224000e+03 2.545885e-08
2.225000e+03 2.563399e-08
2.226000e+03 2.789061e-08
2.227000e+03 2.806327e-08
2.228000e+03 2.852828e-08
2.229000e+03 2.834243e-08
2.230000e+03 2.755529e-08
2.231000e+03 2.799813e-08
2.232000e+03 2.661934e-08
2.233000e+03 2.573759e-08
2.234000e+03 2.665877e-08
2.235000e+03 2.581333e-08
2.236000e+03 2.622425e-08
2.237000e+03 2.724319e-08
2.238000e+03 2.654217e-08
2.239000e+03 2.631537e-08
2.240000e+03 2.632620e-08
2.241000e+03 2.591978e-08
2.242000e+03 2.568506e-08
2.243000e+03 2.581717e-08
2.244000e+03 2.530205e-08
2.245000e+03 2.512659e-08
2.246000e+03 2.554776e-08
2.247000e+03 2.531654e-08
2.248000e+03 2.436078e-08
2.249000e+03 2.463145e-08
2.250000e+03 2.420887e-08
2.251000e+03 2.410616e-08
2.252000e+03 2.429860e-08
2.253000e+03 2.386384e-08
2.254000e+03 2.369866e-08
2.255000e+03 2.397897e-08
2.256000e+03 2.364845e-08
2.257000e+03 2.301462e-08
2.258000e+03 2.354478e-08
2.259000e+03 2.312441e-08
2.260000e+03 2.275299e-08
2.261000e+03 2.329200e-08
2.262000e+03 2.343860e-08
2.263000e+03 2.297521e-08
2.264000e+03 2.319298e-08
2.265000e+03 2.289018e-08
2.266000e+03 2.207483e-08
2.267000e+03 2.201888e-08
2.268000e+03 2.229954e-08
2.269000e+03 2.197383e-08
2.270000e+03 2.246301e-08
2.271000e+03 2.404089e-08
2.272000e+03 2.237999e-08
2.273000e+03 2.334422e-08
2.274000e+03 2.236262e-08
2.275000e+03 2.178354e-08
2.276000e+03 2.200341e-08
2.277000e+03 2.191275e-08
2.278000e+03 2.173728e-08
2.279000e+03 2.025801e-08
2.280000e+03 2.019493e-08
2.281000e+03 2.008654e-08
2.282000e+03 2.073432e-08
2.283000e+03 2.018646e-08
2.284000e+03 2.008056e-08
2.285000e+03 2.030483e-08
2.286000e+03 1.967868e-08
2.287000e+03 2.047782e-08
2.288000e+03 2.131254e-08
2.289000e+03 2.093243e-08
2.290000e+03 2.053502e-08
2.291000e+03 2.061505e-08
2.292000e+03 2.014521e-08
2.293000e+03 1.940612e-08
2.294000e+03 1.967584e-08
2.295000e+03 1.972639e-08
2.296000e+03 1.983397e-08
2.297000e+03 2.100203e-08
2.298000e+03 1.962212e-08
2.299000e+03 1.968225e-08
2.300000e+03 1.924621e-08
2.301000e+03 1.927815e-08
2.302000e+03 1.832415e-08
2.303000e+03 1.872817e-08
2.304000e+03 1.851161e-08
2.305000e+03 1.820767e-08
2.306000e+03 1.805937e-08
2.307000e+03 1.934366e-08
2.308000e+03 1.941238e-08
2.309000e+03 1.527390e-06
2.310000e+03 1.649618e-07
2.311000e+03 1.401119e-07
2.312000e+03 1.286552e-07
2.313000e+03 9.298900e-08
2.314000e+03 6.774416e-08
2.315000e+03 5.521332e-08
2.316000e+03 7.115766e-08
2.317000e+03 3.647426e-08
2.318000e+03 3.125423e-08
2.319000e+03 2.668460e-08
2.320000e+03 2.271999e-08
2.321000e+03 2.042075e-08
2.322000e+03 1.865684e-08
2.323000e+03 1.680566e-08
2.324000e+03 1.529487e-08
2.325000e+03 6.813988e-08
2.326000e+03 1.449508e-08
2.327000e+03 5.488954e-08
2.328000e+03 5.377705e-08
2.329000e+03 4.942996e-08
2.330000e+03 4.527276e-08
2.331000e+03 4.115055e-08
2.332000e+03 3.793600e-08
2.333000e+03 3.552994e-08
2.334000e+03 3.331857e-08
2.335000e+03 3.161256e-08
2.336000e+03 3.112432e-08
2.337000e+03 2.984263e-08
2.338000e+03 2.896924e-08
2.339000e+03 2.655109e-08
2.340000e+03 2.514947e-08
2.341000e+03 2.504618e-08
2.342000e+03 2.490037e-08
2.343000e+03 2.462410e-08
2.344000e+03 2.431567e-08
2.345000e+03 2.434682e-08
2.346000e+03 2.396475e-08
2.347000e+03 2.507390e-08
2.348000e+03 2.427003e-08
2.349000e+03 2.387462e-08
2.350000e+03 2.303187e-08
2.351000e+03 2.272708e-08
2.352000e+03 2.281303e-08
2.353000e+03 2.231222e-08
2.354000e+03 2.258493e-08
2.355000e+03 2.218085e-08
2.356000e+03 2.172436e-08
2.357000e+03 2.190680e-08
2.358000e+03 2.133167e-08
2.359000e+03 2.134868e-08
2.360000e+03 2.138741e-08
2.361000e+03 2.184387e-08
2.362000e+03 2.138778e-08
2.363000e+03 2.187512e-08
2.364000e+03 2.186487e-08
2.365000e+03 2.142591e-08
2.366000e+03 2.093772e-08
2.367000e+03 2.055161e-08
2.368000e+03 2.042604e-08
2.369000e+03 2.150149e-08
2.370000e+03 2.098444e-08
2.371000e+03 2.096199e-08
2.372000e+03 2.209417e-08
2.373000e+03 2.116669e-08
2.374000e+03 2.108109e-08
2.375000e+03 2.118055e-08
2.376000e+03 2.138663e-08
2.377000e+03 2.130470e-08
2.378000e+03 1.944107e-09
2.379000e+03 1.687614e-09
2.380000e+03 1.558451e-09
2.381000e+03 1.666326e-09
2.382000e+03 1.679403e-09
2.383000e+03 1.575692e-09
2.384000e+03 1.621592e-09
2.385000e+03 2.126147e-08
2.386000e+03 1.738884e-09
2.387000e+03 1.693051e-09
2.388000e+03 1.654655e-09
2.389000e+03 2.154516e-08
2.390000e+03 1.614507e-09
2.391000e+03 2.131367e-08
2.392000e+03 2.154161e-08
2.393000e+03 1.824844e-09
2.394000e+03 1.667965e-09
2.395000e+03 1.628931e-09
2.396000e+03 1.652852e-09
2.397000e+03 1.528853e-09
2.398000e+03 1.415894e-09
2.399000e+03 1.536111e-09
2.400000e+03 1.571410e-09
2.401000e+03 1.426563e-09
2.402000e+03 1.490606e-09
2.403000e+03 1.465295e-09
2.404000e+03 1.397252e-09
2.405000e+03 1.493508e-09
2.406000e+03 1.554660e-09
2.407000e+03 1.475262e-09
2.408000e+03 1.616449e-09
2.409000e+03 2.051077e-08
2.410000e+03 1.572108e-09
2.411000e+03 1.415985e-09
2.412000e+03 1.292156e-09
2.413000e+03 1.349797e-09
2.414000e+03 1.384688e-09
2.415000e+03 1.303249e-09
2.416000e+03 1.219393e-09
2.417000e+03 2.041553e-08
2.418000e+03 1.178106e-09
2.419000e+03 1.161195e-09
2.420000e+03 1.344980e-09
2.421000e+03 1.306391e-09
2.422000e+03 1.209638e-09
2.423000e+03 1.454264e-09
2.424000e+03 1.268296e-09
2.425000e+03 1.153821e-09
2.426000e+03 1.264283e-09
2.427000e+03 1.329651e-09
2.428000e+03 1.174039e-09
2.429000e+03 1.193074e-09
2.430000e+03 1.225449e-09
2.431000e+03 1.305260e-09
2.432000e+03 1.311307e-09
2.433000e+03 1.921984e-08
2.434000e+03 1.748263e-08
2.435000e+03 1.787390e-08
2.436000e+03 1.841714e-08
2.437000e+03 1.809846e-08
2.438000e+03 1.821664e-08
2.439000e+03 1.795261e-08
2.440000e+03 1.769176e-08
2.441000e+03 1.814872e-08
2.442000e+03 1.807471e-08
2.443000e+03 1.761578e-08
2.444000e+03 1.836864e-08
2.445000e+03 1.878941e-08
2.446000e+03 1.856788e-08
2.447000e+03 1.834567e-08
2.448000e+03 1.787195e-08
2.449000e+03 1.809633e-08
2.450000e+03 1.827992e-08
2.451000e+03 1.802194e-08
2.452000e+03 1.780063e-08
2.453000e+03 1.813435e-08
2.454000e+03 1.799814e-08
2.455000e+03 1.770609e-08
2.456000e+03 1.832098e-08
2.457000e+03 1.783358e-08
2.458000e+03 1.636244e-08
2.459000e+03 1.859075e-08
2.460000e+03 1.791114e-08
2.461000e+03 1.822823e-08
2.462000e+03 1.899341e-08
2.463000e+03 1.814409e-08
2.464000e+03 1.779047e-08
2.465000e+03 1.721710e-08
2.466000e+03 1.680634e-08
2.467000e+03 1.737251e-08
2.468000e+03 1.769072e-08
2.469000e+03 1.660033e-08
2.470000e+03 1.755061e-08
2.471000e+03 1.746866e-08
2.472000e+03 1.725553e-08
2.473000e+03 1.679102e-08
2.474000e+03 1.737679e-08
2.475000e+03 1.670697e-08
2.476000e+03 1.666826e-08
2.477000e+03 1.675324e-08
2.478000e+03 1.655812e-08
2.479000e+03 1.666100e-08
2.480000e+03 1.688475e-08
2.481000e+03 1.690606e-08
2.482000e+03 1.663048e-08
2.483000e+03 1.591277e-08
2.484000e+03 1.725763e-08
2.485000e+03 1.681886e-08
2.486000e+03 1.720733e-08
2.487000e+03 1.717887e-08
2.488000e+03 1.306094e-06
2.489000e+03 1.883769e-07
2.490000e+03 1.395581e-07
2.491000e+03 1.227665e-07
2.492000e+03 9.245419e-08
2.493000e+03 7.223836e-08
2.494000e+03 6.374999e-08
2.495000e+03 4.712965e-08
2.496000e+03 3.967958e-08
2.497000e+03 3.807511e-08
2.498000e+03 3.305382e-08
2.499000e+03 2.838767e-08
2.500000e+03 2.491629e-08
2.501000e+03 2.201187e-08
2.502000e+03 1.950360e-08
2.503000e+03 1.729231e-08
2.504000e+03 1.554992e-08
2.505000e+03 6.126517e-08
2.506000e+03 4.888552e-08
2.507000e+03 4.437891e-08
2.508000e+03 4.177723e-08
2.509000e+03 3.805210e-08
2.510000e+03 3.491078e-08
2.511000e+03 3.169597e-08
2.512000e+03 2.902146e-08
2.513000e+03 2.699352e-08
2.514000e+03 2.499150e-08
2.515000e+03 2.364361e-08
2.516000e+03 2.251065e-08
2.517000e+03 2.188685e-08
2.518000e+03 2.151265e-08
2.519000e+03 2.276545e-08
2.520000e+03 2.153331e-08
2.521000e+03 2.112766e-08
2.522000e+03 2.119589e-08
2.523000e+03 2.080998e-08
2.524000e+03 2.034880e-08
2.525000e+03 2.113540e-08
2.526000e+03 2.023811e-08
2.527000e+03 1.970148e-08
2.528000e+03 2.016425e-08
2.529000e+03 1.983763e-08
2.530000e+03 1.916792e-08
2.531000e+03 1.797600e-08
2.532000e+03 1.927373e-08
2.533000e+03 1.849413e-08
2.534000e+03 1.907743e-08
2.535000e+03 1.870742e-08
2.536000e+03 1.787961e-08
2.537000e+03 1.762471e-08
2.538000e+03 1.740064e-08
2.539000e+03 1.722891e-08
2.540000e+03 1.742510e-08
2.541000e+03 1.728517e-08
2.542000e+03 1.756017e-08
2.543000e+03 1.706329e-08
2.544000e+03 1.724552e-08
2.545000e+03 1.709684e-08
2.546000e+03 1.642248e-08
2.547000e+03 1.644589e-08
2.548000e+03 1.631845e-08
2.549000e+03 1.629256e-08
2.550000e+03 1.595841e-08
2.551000e+03 1.649990e-08
2.552000e+03 1.651651e-08
2.553000e+03 1.620958e-08
2.554000e+03 1.604213e-08
2.555000e+03 1.636901e-08
2.556000e+03 1.465977e-08
2.557000e+03 1.622008e-08
2.558000e+03 1.688948e-08
2.559000e+03 1.674009e-08
2.560000e+03 1.659170e-08
2.561000e+03 1.670007e-08
2.562000e+03 1.622160e-08
2.563000e+03 1.576630e-08
2.564000e+03 1.595492e-08
2.565000e+03 1.511922e-08
2.566000e+03 1.498957e-08
2.567000e+03 1.493473e-08
2.568000e+03 1.557172e-08
2.569000e+03 1.462020e-08
2.570000e+03 1.477000e-08
2.571000e+03 1.516650e-08
2.572000e+03 1.397221e-08
2.573000e+03 1.443557e-08
2.574000e+03 1.418509e-08
2.575000e+03 1.392977e-08
2.576000e+03 1.452093e-08
2.577000e+03 1.425430e-08
2.578000e+03 1.386953e-08
2.579000e+03 1.409570e-08
2.580000e+03 1.397646e-08
2.581000e+03 1.290852e-08
2.582000e+03 1.407760e-08
2.583000e+03 1.377056e-08
2.584000e+03 1.377420e-08
2.585000e+03 1.391884e-08
2.586000e+03 1.361008e-08
2.587000e+03 1.320766e-08
2.588000e+03 1.357274e-08
2.589000e+03 1.361737e-08
2.590000e+03 1.290651e-08
2.591000e+03 1.329764e-08
2.592000e+03 1.274862e-08
2.593000e+03 1.309794e-08
2.594000e+03 1.281416e-08
2.595000e+03 1.303071e-08
2.596000e+03 1.279592e-08
2.597000e+03 1.330384e-08
2.598000e+03 1.338985e-08
2.599000e+03 1.336937e-08
2.600000e+03 1.384836e-08
2.601000e+03 1.424027e-08
2.602000e+03 1.341222e-08
2.603000e+03 1.386717e-08
2.604000e+03 1.342700e-08
2.605000e+03 1.273468e-08
2.606000e+03 1.424086e-08
2.607000e+03 1.419392e-08
2.608000e+03 1.443319e-08
2.609000e+03 1.430281e-08
2.610000e+03 1.376558e-08
2.611000e+03 1.373888e-08
2.612000e+03 1.358870e-08
2.613000e+03 1.329214e-08
2.614000e+03 1.316994e-08
2.615000e+03 1.328660e-08
2.616000e+03 1.347375e-08
2.617000e+03 1.302887e-08
2.618000e+03 1.380375e-08
2.619000e+03 1.330003e-08
2.620000e+03 1.311875e-08
2.621000e+03 1.361905e-08
2.622000e+03 1.326696e-08
2.623000e+03 1.267181e-08
2.624000e+03 1.357658e-08
2.625000e+03 1.328247e-08
2.626000e+03 1.297716e-08
2.627000e+03 1.369551e-08
2.628000e+03 1.291799e-08
2.629000e+03 1.207521e-08
2.630000e+03 1.366107e-08
2.631000e+03 1.346130e-08
2.632000e+03 1.361085e-08
2.633000e+03 1.389692e-08
2.634000e+03 1.321951e-08
2.635000e+03 1.258045e-08
2.636000e+03 1.284153e-08
2.637000e+03 1.273371e-08
2.638000e+03 1.262481e-08
2.639000e+03 1.289535e-08
2.640000e+03 1.276127e-08
2.641000e+03 1.258288e-08
2.642000e+03 1.322242e-08
2.643000e+03 1.449342e-08
2.644000e+03 1.501249e-08
2.645000e+03 1.468390e-08
2.646000e+03 1.458857e-08
2.647000e+03 1.466803e-08
2.648000e+03 1.521282e-08
2.649000e+03 1.458409e-08
2.650000e+03 1.443498e-08
2.651000e+03 1.476787e-08
2.652000e+03 1.478576e-08
2.653000e+03 1.390480e-08
2.654000e+03 1.422097e-08
2.655000e+03 1.479828e-08
2.656000e+03 1.423854e-08
2.657000e+03 1.415279e-08
2.658000e+03 1.375600e-08
2.659000e+03 1.355241e-08
2.660000e+03 1.360318e-08
2.661000e+03 1.371261e-08
2.662000e+03 1.301529e-08
2.663000e+03 1.334396e-08
2.664000e+03 1.334638e-08
2.665000e+03 1.305514e-08
2.666000e+03 1.326165e-08
2.667000e+03 1.325541e-08
2.668000e+03 1.320339e-08
2.669000e+03 1.355145e-08
2.670000e+03 1.407534e-08
2.671000e+03 1.306783e-08
2.672000e+03 1.337194e-08
2.673000e+03 1.320068e-08
2.674000e+03 1.256137e-08
2.675000e+03 1.329155e-08
2.676000e+03 1.353735e-08
2.677000e+03 1.221818e-08
2.678000e+03 1.370030e-08
2.679000e+03 1.491840e-08
2.680000e+03 1.363003e-08
2.681000e+03 1.395339e-08
2.682000e+03 1.333495e-08
2.683000e+03 1.305675e-08
2.684000e+03 1.320142e-08
2.685000e+03 1.291985e-08
2.686000e+03 1.283725e-08
2.687000e+03 1.361676e-08
2.688000e+03 1.317681e-08
2.689000e+03 1.301097e-08
2.690000e+03 1.349654e-08
2.691000e+03 1.310554e-08
2.692000e+03 1.308291e-08
2.693000e+03 1.362823e-08
2.694000e+03 1.328343e-08
2.695000e+03 1.309699e-08
2.696000e+03 1.379476e-08
2.697000e+03 1.336857e-08
2.698000e+03 1.305292e-08
2.699000e+03 1.358303e-08
2.700000e+03 1.193972e-08
2.701000e+03 1.167609e-08
2.702000e+03 1.287693e-08
2.703000e+03 1.309908e-08
2.704000e+03 1.256515e-08
2.705000e+03 1.333344e-08
2.706000e+03 1.282857e-08
2.707000e+03 1.215290e-08
2.708000e+03 1.253728e-08
2.709000e+03 1.242712e-08
2.710000e+03 1.210558e-08
2.711000e+03 1.244169e-08
2.712000e+03 1.263139e-08
2.713000e+03 1.205051e-08
2.714000e+03 1.227544e-08
2.715000e+03 1.211456e-08
2.716000e+03 1.192417e-08
2.717000e+03 1.196235e-08
2.718000e+03 1.186108e-08
2.719000e+03 1.174573e-08
2.720000e+03 1.196337e-08
2.721000e+03 1.218580e-08
2.722000e+03 1.245937e-08
2.723000e+03 1.210557e-08
2.724000e+03 1.216314e-08
2.725000e+03 1.260497e-08
2.726000e+03 1.215465e-08
2.727000e+03 1.266452e-08
2.728000e+03 1.374595e-08
2.729000e+03 1.325318e-08
2.730000e+03 1.283975e-08
2.731000e+03 1.277476e-08
2.732000e+03 1.286559e-08
2.733000e+03 1.245151e-08
2.734000e+03 1.211511e-08
2.735000e+03 1.216729e-08
2.736000e+03 1.192312e-08
2.737000e+03 1.163830e-08
2.738000e+03 1.212958e-08
2.739000e+03 1.199716e-08
2.740000e+03 1.153968e-08
2.741000e+03 1.222897e-08
2.742000e+03 1.245164e-08
2.743000e+03 1.190716e-08
2.744000e+03 1.203824e-08
2.745000e+03 1.197528e-08
2.746000e+03 1.181553e-08
2.747000e+03 1.175533e-08
2.748000e+03 1.278862e-08
2.749000e+03 1.454886e-06
2.750000e+03 1.650247e-07
2.751000e+03 1.441169e-07
2.752000e+03 1.206901e-07
2.753000e+03 9.723987e-08
2.754000e+03 8.180907e-08
2.755000e+03 6.895686e-08
2.756000e+03 6.505988e-08
2.757000e+03 4.960760e-08
2.758000e+03 4.137428e-08
2.759000e+03 3.499102e-08
2.760000e+03 3.054102e-08
2.761000e+03 2.537194e-08
2.762000e+03 1.648593e-08
2.763000e+03 1.448634e-08
2.764000e+03 1.284078e-08
2.765000e+03 6.206617e-08
2.766000e+03 1.078993e-08
2.767000e+03 4.647311e-08
2.768000e+03 4.536688e-08
2.769000e+03 4.105428e-08
2.770000e+03 3.653363e-08
2.771000e+03 3.359740e-08
2.772000e+03 3.039536e-08
2.773000e+03 2.768345e-08
2.774000e+03 2.554968e-08
2.775000e+03 2.526233e-08
2.776000e+03 2.296441e-08
2.777000e+03 2.299201e-08
2.778000e+03 2.228348e-08
2.779000e+03 2.096329e-08
2.780000e+03 2.017681e-08
2.781000e+03 2.000251e-08
2.782000e+03 1.886115e-08
2.783000e+03 1.851070e-08
2.784000e+03 1.828093e-08
2.785000e+03 1.781060e-08
2.786000e+03 1.772618e-08
2.787000e+03 1.781642e-08
2.788000e+03 1.709224e-08
2.789000e+03 1.694373e-08
2.790000e+03 1.652977e-08
2.791000e+03 1.622520e-08
2.792000e+03 2.760228e-09
2.793000e+03 1.602204e-08
2.794000e+03 1.608372e-08
2.795000e+03 1.610584e-08
2.796000e+03 1.623029e-08
2.797000e+03 1.549639e-08
2.798000e+03 1.570830e-08
2.799000e+03 1.508297e-08
2.800000e+03 1.626589e-08
2.801000e+03 1.594908e-08
2.802000e+03 1.646866e-08
2.803000e+03 1.586128e-08
2.804000e+03 1.606747e-08
2.805000e+03 1.574936e-08
2.806000e+03 1.522871e-08
2.807000e+03 1.624999e-08
2.808000e+03 1.521962e-08
2.809000e+03 1.479562e-08
2.810000e+03 1.507250e-08
2.811000e+03 1.500879e-08
2.812000e+03 1.499846e-08
2.813000e+03 1.531021e-08
2.814000e+03 1.543790e-08
2.815000e+03 1.479056e-08
2.816000e+03 2.521180e-09
2.817000e+03 1.399110e-08
2.818000e+03 1.466248e-08
2.819000e+03 1.427204e-08
2.820000e+03 1.403937e-08
2.821000e+03 1.370293e-08
2.822000e+03 1.418155e-08
2.823000e+03 1.247472e-08
2.824000e+03 1.447772e-08
2.825000e+03 1.400628e-08
2.826000e+03 1.399110e-08
2.827000e+03 1.339688e-08
2.828000e+03 1.384582e-08
2.829000e+03 1.406899e-08
2.830000e+03 1.343327e-08
2.831000e+03 1.343390e-08
2.832000e+03 1.355187e-08
2.833000e+03 1.384756e-08
2.834000e+03 1.307052e-08
2.835000e+03 1.297816e-08
2.836000e+03 1.284122e-08
2.837000e+03 1.298853e-08
2.838000e+03 1.304850e-08
2.839000e+03 1.263350e-08
2.840000e+03 1.278652e-08
2.841000e+03 1.255645e-08
2.842000e+03 1.224898e-08
2.843000e+03 1.254437e-08
2.844000e+03 1.247609e-08
2.845000e+03 1.211545e-08
2.846000e+03 1.195329e-08
2.847000e+03 1.203610e-08
2.848000e+03 1.022730e-08
2.849000e+03 1.288782e-08
2.850000e+03 1.182776e-08
2.851000e+03 1.162141e-08
2.852000e+03 1.208791e-08
2.853000e+03 1.171551e-08
2.854000e+03 1.110650e-08
2.855000e+03 1.137372e-08
2.856000e+03 1.164771e-08
2.857000e+03 1.142449e-08
2.858000e+03 1.198321e-08
2.859000e+03 1.194390e-08
2.860000e+03 1.136124e-08
2.861000e+03 8.591621e-10
2.862000e+03 1.208635e-08
2.863000e+03 1.206359e-08
2.864000e+03 8.993618e-10
2.865000e+03 1.194028e-08
2.866000e+03 1.180182e-08
2.867000e+03 1.078704e-09
2.868000e+03 1.212391e-08
2.869000e+03 8.300839e-10
2.870000e+03 9.176296e-10
2.871000e+03 1.183897e-08
2.872000e+03 8.130605e-10
2.873000e+03 1.064871e-08
2.874000e+03 1.339892e-08
2.875000e+03 1.193066e-08
2.876000e+03 9.834131e-10
2.877000e+03 1.252824e-08
2.878000e+03 1.144058e-08
2.879000e+03 1.164355e-08
2.880000e+03 1.152688e-08
2.881000e+03 1.154555e-08
2.882000e+03 8.102509e-10
2.883000e+03 1.174605e-08
2.884000e+03 1.173356e-08
2.885000e+03 7.923831e-10
2.886000e+03 1.195179e-08
2.887000e+03 7.376210e-10
2.888000e+03 1.165715e-08
2.889000e+03 1.184499e-08
2.890000e+03 7.842540e-10
2.891000e+03 8.728287e-10
2.892000e+03 9.265646e-10
2.893000e+03 7.908055e-10
2.894000e+03 9.426805e-10
2.895000e+03 9.803765e-10
2.896000e+03 7.216549e-10
2.897000e+03 1.005613e-08
2.898000e+03 1.242385e-08
2.899000e+03 1.127581e-08
2.900000e+03 1.279666e-08
2.901000e+03 1.230406e-08
2.902000e+03 8.286313e-10
2.903000e+03 9.049430e-10
2.904000e+03 1.091741e-08
2.905000e+03 1.071765e-08
2.906000e+03 1.124239e-08
2.907000e+03 1.191034e-08
2.908000e+03 1.110771e-08
2.909000e+03 1.136933e-08
2.910000e+03 1.137759e-08
2.911000e+03 1.128697e-08
2.912000e+03 1.179330e-08
2.913000e+03 1.143069e-08
2.914000e+03 1.123936e-08
2.915000e+03 9.102619e-10
2.916000e+03 1.137211e-08
2.917000e+03 7.750478e-10
2.918000e+03 8.719170e-10
2.919000e+03 8.676248e-10
2.920000e+03 1.077616e-08
2.921000e+03 8.467345e-10
2.922000e+03 9.642744e-09
2.923000e+03 1.137554e-08
2.924000e+03 1.132984e-08
2.925000e+03 1.169557e-08
2.926000e+03 1.149840e-08
2.927000e+03 1.136009e-08
2.928000e+03 1.101805e-08
2.929000e+03 1.080110e-08
2.930000e+03 1.038314e-08
2.931000e+03 9.989141e-09
2.932000e+03 9.855385e-09
2.933000e+03 1.081160e-08
2.934000e+03 1.052275e-08
2.935000e+03 1.009593e-08
2.936000e+03 1.048335e-08
2.937000e+03 1.039118e-08
2.938000e+03 1.001709e-08
2.939000e+03 1.015964e-08
2.940000e+03 1.038996e-08
2.941000e+03 9.849144e-09
2.942000e+03 9.870389e-09
2.943000e+03 9.920718e-09
2.944000e+03 9.728670e-09
2.945000e+03 9.935913e-09
2.946000e+03 1.012387e-08
2.947000e+03 8.739962e-09
2.948000e+03 1.048468e-08
2.949000e+03 1.025493e-08
2.950000e+03 1.084085e-08
2.951000e+03 1.053312e-08
2.952000e+03 1.031709e-08
2.953000e+03 9.889281e-09
2.954000e+03 9.949887e-09
2.955000e+03 9.835528e-09
2.956000e+03 9.646513e-09
2.957000e+03 9.649829e-09
2.958000e+03 9.869342e-09
2.959000e+03 9.615482e-09
2.960000e+03 1.029667e-08
2.961000e+03 1.012098e-08
2.962000e+03 9.996102e-09
2.963000e+03 1.031372e-08
2.964000e+03 1.032762e-08
2.965000e+03 9.804701e-09
2.966000e+03 1.006364e-08
2.967000e+03 1.027633e-08
2.968000e+03 9.909205e-09
2.969000e+03 9.978026e-09
2.970000e+03 1.000297e-08
2.971000e+03 9.829606e-09
2.972000e+03 8.736995e-09
2.973000e+03 1.038027e-08
2.974000e+03 9.593497e-09
2.975000e+03 1.003283e-08
2.976000e+03 1.131793e-08
2.977000e+03 1.003927e-08
2.978000e+03 1.031645e-08
2.979000e+03 1.019967e-08
2.980000e+03 9.913948e-09
2.981000e+03 1.012363e-08
2.982000e+03 9.698696e-09
2.983000e+03 1.023594e-08
2.984000e+03 9.998050e-09
2.985000e+03 9.914160e-09
2.986000e+03 1.028441e-08
2.987000e+03 9.898889e-09
2.988000e+03 9.922383e-09
2.989000e+03 9.550637e-09
2.990000e+03 9.670396e-09
2.991000e+03 9.912169e-09
2.992000e+03 9.610756e-09
2.993000e+03 9.785291e-09
2.994000e+03 1.033050e-08
2.995000e+03 9.592155e-09
2.996000e+03 8.727868e-10
2.997000e+03 8.554718e-09
2.998000e+03 1.008152e-08
2.999000e+03 1.001282e-08
3.000000e+03 1.011893e-08
3.001000e+03 1.002767e-08
3.002000e+03 1.050329e-08
3.003000e+03 9.902858e-09
3.004000e+03 1.002431e-08
3.005000e+03 1.015717e-08
3.006000e+03 9.877943e-09
3.007000e+03 9.719653e-09
3.008000e+03 9.232646e-09
3.009000e+03 9.602938e-09
3.010000e+03 1.064078e-08
3.011000e+03 9.890378e-09
3.012000e+03 9.903886e-09
3.013000e+03 9.574135e-09
3.014000e+03 9.544842e-09
3.015000e+03 9.605489e-09
3.016000e+03 9.636487e-09
3.017000e+03 9.404517e-09
3.018000e+03 9.616869e-09
3.019000e+03 9.369153e-09
3.020000e+03 9.569817e-09
3.021000e+03 8.407799e-09
3.022000e+03 9.685684e-09
3.023000e+03 9.565973e-09
3.024000e+03 9.476663e-09
3.025000e+03 9.455284e-09
3.026000e+03 9.460141e-09
3.027000e+03 9.852415e-09
3.028000e+03 8.993767e-09
3.029000e+03 9.423463e-09
3.030000e+03 9.450811e-09
3.031000e+03 8.887507e-09
3.032000e+03 7.205055e-10
3.033000e+03 1.015230e-08
3.034000e+03 9.230107e-09
3.035000e+03 9.992283e-09
3.036000e+03 9.662482e-09
3.037000e+03 9.429877e-09
3.038000e+03 9.565936e-09
3.039000e+03 9.539785e-09
3.040000e+03 8.968320e-09
3.041000e+03 9.422211e-09
3.042000e+03 9.317733e-09
3.043000e+03 9.329557e-09
3.044000e+03 7.129954e-10
3.045000e+03 8.071093e-09
3.046000e+03 9.506432e-09
3.047000e+03 9.786796e-09
3.048000e+03 9.635067e-09
3.049000e+03 9.577317e-09
3.050000e+03 9.705059e-09
3.051000e+03 9.414734e-09
3.052000e+03 9.537888e-09
3.053000e+03 9.461601e-09
3.054000e+03 9.383205e-09
3.055000e+03 8.987070e-09
3.056000e+03 9.150887e-09
3.057000e+03 9.404412e-09
3.058000e+03 9.057726e-09
3.059000e+03 9.720490e-09
3.060000e+03 1.047996e-08
3.061000e+03 8.833766e-09
3.062000e+03 9.187590e-09
3.063000e+03 9.140002e-09
3.064000e+03 8.807559e-09
3.065000e+03 8.887235e-09
3.066000e+03 9.307563e-09
3.067000e+03 8.890752e-09
3.068000e+03 9.050834e-09
3.069000e+03 7.920493e-09
3.070000e+03 9.125342e-09
3.071000e+03 8.992115e-09
3.072000e+03 9.402194e-09
3.073000e+03 9.469161e-09
3.074000e+03 8.982949e-09
3.075000e+03 8.959339e-09
3.076000e+03 8.524506e-09
3.077000e+03 9.083698e-09
3.078000e+03 8.491098e-09
3.079000e+03 8.426676e-09
3.080000e+03 8.688384e-09
3.081000e+03 8.756824e-09
3.082000e+03 8.587740e-09
3.083000e+03 8.671241e-09
3.084000e+03 9.043191e-09
3.085000e+03 8.814041e-09
3.086000e+03 8.968685e-09
3.087000e+03 9.063256e-09
3.088000e+03 8.800253e-09
3.089000e+03 8.728356e-09
3.090000e+03 8.480710e-09
3.091000e+03 8.272411e-09
3.092000e+03 8.852678e-09
3.093000e+03 8.582483e-09
3.094000e+03 7.318120e-09
3.095000e+03 9.008656e-09
3.096000e+03 8.528904e-09
3.097000e+03 8.282386e-09
3.098000e+03 8.673877e-09
3.099000e+03 8.577219e-09
3.100000e+03 8.050843e-09
3.101000e+03 8.291657e-09
3.102000e+03 8.867367e-09
3.103000e+03 8.207628e-09
3.104000e+03 8.281514e-09
3.105000e+03 8.281348e-09
3.106000e+03 8.210489e-09
3.107000e+03 8.084385e-09
3.108000e+03 8.302506e-09
3.109000e+03 7.873842e-09
3.110000e+03 7.881863e-09
3.111000e+03 9.039698e-09
3.112000e+03 8.975857e-09
3.113000e+03 9.563690e-09
3.114000e+03 9.263344e-09
3.115000e+03 8.802319e-09
3.116000e+03 9.031829e-09
3.117000e+03 8.860480e-09
3.118000e+03 8.606672e-09
3.119000e+03 7.653300e-09
3.120000e+03 9.078453e-09
3.121000e+03 8.593005e-09
3.122000e+03 8.682454e-09
3.123000e+03 8.792089e-09
3.124000e+03 8.623407e-09
3.125000e+03 8.633555e-09
3.126000e+03 8.786993e-09
3.127000e+03 8.821698e-09
3.128000e+03 8.683686e-09
3.129000e+03 8.739810e-09
3.130000e+03 8.442229e-09
3.131000e+03 8.694280e-09
3.132000e+03 8.541652e-09
3.133000e+03 9.145095e-09
3.134000e+03 8.724426e-09
3.135000e+03 7.936500e-09
3.136000e+03 7.801085e-09
3.137000e+03 8.768804e-09
3.138000e+03 8.635165e-09
3.139000e+03 8.578063e-09
3.140000e+03 8.614887e-09
3.141000e+03 8.248042e-09
3.142000e+03 8.116277e-09
3.143000e+03 7.467000e-09
3.144000e+03 8.565187e-09
3.145000e+03 8.114097e-09
3.146000e+03 8.532637e-09
3.147000e+03 8.906529e-09
3.148000e+03 8.431708e-09
3.149000e+03 8.181826e-09
3.150000e+03 8.322871e-09
3.151000e+03 8.172869e-09
3.152000e+03 8.404703e-09
3.153000e+03 8.080946e-09
3.154000e+03 8.003757e-09
3.155000e+03 8.227528e-09
3.156000e+03 8.874433e-09
3.157000e+03 8.392187e-09
3.158000e+03 8.697608e-09
3.159000e+03 9.024502e-09
3.160000e+03 8.475966e-09
3.161000e+03 9.676035e-09
3.162000e+03 8.653318e-09
3.163000e+03 8.012671e-09
3.164000e+03 8.382518e-09
3.165000e+03 8.467954e-09
3.166000e+03 7.560418e-09
3.167000e+03 6.685460e-09
3.168000e+03 7.883408e-09
3.169000e+03 7.555279e-09
3.170000e+03 7.968935e-09
3.171000e+03 8.164663e-09
3.172000e+03 7.838248e-09
3.173000e+03 7.775034e-09
3.174000e+03 7.938586e-09
3.175000e+03 7.374012e-09
3.176000e+03 7.640101e-09
3.177000e+03 7.971149e-09
3.178000e+03 7.493505e-09
3.179000e+03 7.738234e-09
3.180000e+03 7.576727e-09
3.181000e+03 7.511521e-09
3.182000e+03 8.009627e-09
3.183000e+03 7.558749e-09
3.184000e+03 7.589283e-09
3.185000e+03 7.890353e-09
3.186000e+03 7.650568e-09
3.187000e+03 7.518794e-09
3.188000e+03 7.414665e-09
3.189000e+03 7.627285e-09
3.190000e+03 7.434885e-09
3.191000e+03 6.698711e-09
3.192000e+03 8.065317e-09
3.193000e+03 7.597861e-09
3.194000e+03 7.495815e-09
3.195000e+03 7.755688e-09
3.196000e+03 7.650820e-09
3.197000e+03 1.112439e-06
3.198000e+03 1.951581e-07
3.199000e+03 1.725326e-07
3.200000e+03 1.419023e-07
3.201000e+03 1.171824e-07
3.202000e+03 9.656188e-08
3.203000e+03 6.103475e-08
3.204000e+03 5.124749e-08
3.205000e+03 3.648505e-08
3.206000e+03 3.666600e-08
3.207000e+03 2.968986e-08
3.208000e+03 2.528907e-08
3.209000e+03 1.190818e-07
3.210000e+03 2.038218e-08
3.211000e+03 8.659243e-08
3.212000e+03 8.554510e-08
3.213000e+03 7.589482e-08
3.214000e+03 6.951127e-08
3.215000e+03 6.341646e-08
3.216000e+03 5.554525e-08
3.217000e+03 4.829655e-08
3.218000e+03 4.249412e-08
3.219000e+03 3.755466e-08
3.220000e+03 3.285907e-08
3.221000e+03 2.961938e-08
3.222000e+03 2.693676e-08
3.223000e+03 2.463916e-08
3.224000e+03 2.273853e-08
3.225000e+03 1.977198e-08
3.226000e+03 1.924186e-08
3.227000e+03 1.925289e-08
3.228000e+03 1.727561e-08
3.229000e+03 1.672528e-08
3.230000e+03 1.660732e-08
3.231000e+03 1.583428e-08
3.232000e+03 1.519253e-08
3.233000e+03 1.537387e-08
3.234000e+03 1.504676e-08
3.235000e+03 1.419975e-08
3.236000e+03 1.688746e-08
3.237000e+03 1.602289e-08
3.238000e+03 1.512938e-08
3.239000e+03 1.385288e-08
3.240000e+03 1.397170e-08
3.241000e+03 1.394240e-08
3.242000e+03 1.333218e-08
3.243000e+03 1.325780e-08
3.244000e+03 1.259469e-08
3.245000e+03 1.228351e-08
3.246000e+03 1.227071e-08
3.247000e+03 1.188108e-08
3.248000e+03 1.194615e-08
3.249000e+03 1.226705e-08
3.250000e+03 1.226309e-08
3.251000e+03 1.255630e-08
3.252000e+03 1.234353e-08
3.253000e+03 1.263170e-08
3.254000e+03 1.223661e-08
3.255000e+03 1.238845e-08
3.256000e+03 1.202121e-08
3.257000e+03 1.202215e-08
3.258000e+03 1.197999e-08
3.259000e+03 1.227217e-08
3.260000e+03 1.152856e-08
3.261000e+03 1.130159e-08
3.262000e+03 1.177502e-08
3.263000e+03 1.167623e-08
3.264000e+03 1.065602e-08
3.265000e+03 1.133238e-08
3.266000e+03 1.074959e-08
3.267000e+03 1.103754e-08
3.268000e+03 1.113753e-08
3.269000e+03 1.070843e-08
3.270000e+03 1.003918e-08
3.271000e+03 9.528843e-09
3.272000e+03 1.013821e-08
3.273000e+03 9.672104e-09
3.274000e+03 9.464820e-09
3.275000e+03 9.583379e-09
3.276000e+03 9.334276e-09
3.277000e+03 8.980914e-09
3.278000e+03 9.709638e-09
3.279000e+03 9.090208e-09
3.280000e+03 9.026556e-09
3.281000e+03 9.133498e-09
3.282000e+03 9.159052e-09
3.283000e+03 8.672292e-09
3.284000e+03 8.551041e-09
3.285000e+03 8.798126e-09
3.286000e+03 8.628422e-09
3.287000e+03 8.017572e-09
3.288000e+03 7.681794e-09
3.289000e+03 7.111439e-09
3.290000e+03 8.338745e-09
3.291000e+03 8.403305e-09
3.292000e+03 7.544836e-09
3.293000e+03 8.394192e-09
3.294000e+03 8.144151e-09
3.295000e+03 7.601560e-09
3.296000e+03 7.602786e-09
3.297000e+03 7.858123e-09
3.298000e+03 7.640390e-09
3.299000e+03 7.691299e-09
3.300000e+03 7.781307e-09
3.301000e+03 7.403178e-09
3.302000e+03 7.720264e-09
3.303000e+03 8.132891e-09
3.304000e+03 7.348713e-09
3.305000e+03 7.703929e-09
3.306000e+03 7.950360e-09
3.307000e+03 7.637537e-09
3.308000e+03 7.746467e-09
3.309000e+03 7.844742e-09
3.310000e+03 7.946453e-09
3.311000e+03 7.795487e-09
3.312000e+03 7.639096e-09
3.313000e+03 7.654510e-09
3.314000e+03 7.495905e-09
3.315000e+03 7.449396e-09
3.316000e+03 7.423742e-09
3.317000e+03 7.505739e-09
3.318000e+03 7.634721e-09
3.319000e+03 7.257168e-09
3.320000e+03 7.414605e-09
3.321000e+03 7.224168e-09
3.322000e+03 7.087057e-09
3.323000e+03 7.406845e-09
3.324000e+03 7.448373e-09
3.325000e+03 7.242210e-09
3.326000e+03 7.470755e-09
3.327000e+03 7.674202e-09
3.328000e+03 7.798590e-09
3.329000e+03 7.411132e-09
3.330000e+03 7.672010e-09
3.331000e+03 7.727698e-09
3.332000e+03 7.551504e-09
3.333000e+03 7.571616e-09
3.334000e+03 7.753533e-09
3.335000e+03 7.991113e-09
3.336000e+03 8.089766e-09
3.337000e+03 6.364684e-09
3.338000e+03 7.998593e-09
3.339000e+03 7.805677e-09
3.340000e+03 7.422621e-09
3.341000e+03 8.013157e-09
3.342000e+03 7.842781e-09
3.343000e+03 6.780773e-09
3.344000e+03 6.609563e-09
3.345000e+03 6.682057e-09
3.346000e+03 6.185588e-09
3.347000e+03 6.070934e-09
3.348000e+03 6.165755e-09
3.349000e+03 6.107021e-09
3.350000e+03 6.540327e-09
3.351000e+03 6.512504e-09
3.352000e+03 6.064459e-09
3.353000e+03 6.981053e-09
3.354000e+03 6.562247e-09
3.355000e+03 6.210031e-09
3.356000e+03 6.598589e-09
3.357000e+03 6.478158e-09
3.358000e+03 6.538698e-09
3.359000e+03 6.429205e-09
3.360000e+03 6.846254e-09
3.361000e+03 5.501699e-09
3.362000e+03 7.225766e-09
3.363000e+03 6.262157e-09
3.364000e+03 6.564755e-09
3.365000e+03 6.695483e-09
3.366000e+03 5.911094e-09
3.367000e+03 5.900215e-09
3.368000e+03 6.574327e-09
3.369000e+03 6.013551e-09
3.370000e+03 6.210667e-09
3.371000e+03 6.532652e-09
3.372000e+03 6.625820e-09
3.373000e+03 6.261192e-09
3.374000e+03 6.222351e-09
3.375000e+03 6.258451e-09
3.376000e+03 6.292485e-09
3.377000e+03 5.913584e-09
3.378000e+03 6.186127e-09
3.379000e+03 6.468444e-09
3.380000e+03 6.071745e-09
3.381000e+03 6.721342e-09
3.382000e+03 6.268437e-09
3.383000e+03 6.791920e-09
3.384000e+03 6.684102e-09
3.385000e+03 6.580965e-09
3.386000e+03 7.609046e-09
3.387000e+03 7.307161e-09
3.388000e+03 7.137144e-09
3.389000e+03 7.593554e-09
3.390000e+03 7.362329e-09
3.391000e+03 6.043409e-09
3.392000e+03 6.365423e-09
3.393000e+03 6.426580e-09
3.394000e+03 5.957312e-09
3.395000e+03 6.727239e-09
3.396000e+03 6.973768e-09
3.397000e+03 6.621476e-09
3.398000e+03 6.663985e-09
3.399000e+03 6.790268e-09
3.400000e+03 6.477586e-09
3.401000e+03 6.640257e-09
3.402000e+03 6.708165e-09
3.403000e+03 6.694373e-09
3.404000e+03 6.613912e-09
3.405000e+03 7.232829e-09
3.406000e+03 6.174871e-09
3.407000e+03 7.068780e-09
3.408000e+03 6.854054e-09
3.409000e+03 5.665001e-09
3.410000e+03 7.685241e-09
3.411000e+03 6.891292e-09
3.412000e+03 6.774048e-09
3.413000e+03 7.355949e-09
3.414000e+03 7.040138e-09
3.415000e+03 6.501076e-09
3.416000e+03 6.226792e-09
3.417000e+03 6.462429e-09
3.418000e+03 6.444314e-09
3.419000e+03 6.579494e-09
3.420000e+03 5.690832e-09
3.421000e+03 6.394971e-09
3.422000e+03 6.464792e-09
3.423000e+03 6.147210e-09
3.424000e+03 6.015822e-09
3.425000e+03 6.334197e-09
3.426000e+03 6.659087e-09
3.427000e+03 6.248835e-09
3.428000e+03 6.571320e-09
3.429000e+03 6.647076e-09
3.430000e+03 6.434428e-09
3.431000e+03 7.243889e-09
3.432000e+03 6.688644e-09
3.433000e+03 5.744030e-09
3.434000e+03 7.363239e-09
3.435000e+03 7.427017e-09
3.436000e+03 6.753274e-09
3.437000e+03 6.926130e-09
3.438000e+03 6.734424e-09
3.439000e+03 6.379698e-09
3.440000e+03 6.568504e-09
3.441000e+03 6.023325e-09
3.442000e+03 5.706663e-09
3.443000e+03 6.267402e-09
3.444000e+03 6.789476e-09
3.445000e+03 6.287395e-09
3.446000e+03 5.964208e-09
3.447000e+03 6.316961e-09
3.448000e+03 6.369272e-09
3.449000e+03 6.361957e-09
3.450000e+03 6.097933e-09
3.451000e+03 6.152841e-09
3.452000e+03 6.730750e-09
3.453000e+03 6.362926e-09
3.454000e+03 6.303162e-09
3.455000e+03 6.651593e-09
3.456000e+03 7.138389e-09
3.457000e+03 5.787877e-09
3.458000e+03 7.121039e-09
3.459000e+03 6.857796e-09
3.460000e+03 6.636691e-09
3.461000e+03 7.278003e-09
3.462000e+03 7.004753e-09
3.463000e+03 6.394210e-09
3.464000e+03 6.258147e-09
3.465000e+03 6.357151e-09
3.466000e+03 6.445523e-09
3.467000e+03 5.900972e-09
3.468000e+03 5.480648e-09
3.469000e+03 5.597017e-09
3.470000e+03 6.072492e-09
3.471000e+03 6.470422e-09
3.472000e+03 5.466355e-09
3.473000e+03 6.158876e-09
3.474000e+03 6.230574e-09
3.475000e+03 5.769164e-09
3.476000e+03 5.952692e-09
3.477000e+03 6.248186e-09
3.478000e+03 6.162323e-09
3.479000e+03 6.351386e-09
3.480000e+03 6.190119e-09
3.481000e+03 6.519778e-09
3.482000e+03 5.868578e-09
3.483000e+03 6.461356e-09
3.484000e+03 6.338361e-09
3.485000e+03 6.029381e-09
3.486000e+03 6.646919e-09
3.487000e+03 6.486255e-09
3.488000e+03 6.264174e-09
3.489000e+03 6.211417e-09
3.490000e+03 5.859350e-09
3.491000e+03 6.121296e-09
3.492000e+03 6.060092e-09
3.493000e+03 5.797154e-09
3.494000e+03 5.599791e-09
3.495000e+03 5.572035e-09
3.496000e+03 5.826651e-09
3.497000e+03 6.393551e-09
3.498000e+03 6.102468e-09
3.499000e+03 5.308147e-09
3.500000e+03 6.046830e-09
