Title ="THE FLUX ERR"
Variables=
iter
residual
1.000000e+00 1.069320e-04
2.000000e+00 3.780761e-03
3.000000e+00 2.045706e-04
4.000000e+00 4.208507e-03
5.000000e+00 1.293757e-03
6.000000e+00 8.445063e-04
7.000000e+00 6.374572e-04
8.000000e+00 5.116690e-04
9.000000e+00 4.170132e-04
1.000000e+01 3.661434e-04
1.100000e+01 7.887012e-04
1.200000e+01 5.412787e-04
1.300000e+01 1.680932e-05
1.400000e+01 1.372360e-05
1.500000e+01 2.879075e-04
1.600000e+01 1.519922e-04
1.700000e+01 6.978974e-05
1.800000e+01 3.135119e-05
1.900000e+01 2.759000e-05
2.000000e+01 2.464732e-05
2.100000e+01 2.061325e-04
2.200000e+01 3.181863e-05
2.300000e+01 1.443778e-04
2.400000e+01 1.219442e-04
2.500000e+01 1.034514e-04
2.600000e+01 8.497737e-05
2.700000e+01 7.708732e-05
2.800000e+01 6.280962e-05
2.900000e+01 5.802328e-05
3.000000e+01 8.590648e-06
3.100000e+01 4.215063e-05
3.200000e+01 6.927401e-06
3.300000e+01 4.696263e-06
3.400000e+01 5.824024e-06
3.500000e+01 5.568118e-06
3.600000e+01 4.004556e-06
3.700000e+01 5.502737e-06
3.800000e+01 3.777759e-06
3.900000e+01 3.208012e-06
4.000000e+01 4.358491e-06
4.100000e+01 4.151946e-06
4.200000e+01 4.099257e-06
4.300000e+01 4.048165e-06
4.400000e+01 3.424929e-06
4.500000e+01 3.496180e-06
4.600000e+01 3.523463e-06
4.700000e+01 4.054993e-06
4.800000e+01 4.171575e-06
4.900000e+01 2.177770e-05
5.000000e+01 2.147689e-05
5.100000e+01 2.145093e-05
5.200000e+01 5.095998e-06
5.300000e+01 1.863185e-05
5.400000e+01 1.761916e-05
5.500000e+01 1.864250e-05
5.600000e+01 1.734877e-05
5.700000e+01 1.634144e-05
5.800000e+01 1.690173e-05
5.900000e+01 1.725423e-05
6.000000e+01 1.688876e-05
6.100000e+01 1.530068e-05
6.200000e+01 1.486418e-05
6.300000e+01 1.480740e-05
6.400000e+01 1.470837e-05
6.500000e+01 1.541049e-05
6.600000e+01 1.461229e-05
6.700000e+01 1.536765e-05
6.800000e+01 1.438298e-05
6.900000e+01 1.538588e-05
7.000000e+01 1.656952e-05
7.100000e+01 1.691580e-05
7.200000e+01 1.457636e-05
7.300000e+01 1.552945e-05
7.400000e+01 1.613498e-05
7.500000e+01 1.672084e-05
7.600000e+01 1.636925e-05
7.700000e+01 1.730106e-05
7.800000e+01 1.652364e-05
7.900000e+01 1.724152e-05
8.000000e+01 1.628072e-05
8.100000e+01 1.437899e-05
8.200000e+01 1.540831e-05
8.300000e+01 1.788210e-05
8.400000e+01 1.679403e-05
8.500000e+01 1.557432e-05
8.600000e+01 1.611248e-05
8.700000e+01 1.535395e-05
8.800000e+01 1.491918e-05
8.900000e+01 1.355616e-05
9.000000e+01 1.497355e-05
9.100000e+01 1.449043e-05
9.200000e+01 1.464233e-05
9.300000e+01 1.450854e-05
9.400000e+01 1.241351e-05
9.500000e+01 1.155991e-05
9.600000e+01 1.302201e-05
9.700000e+01 1.192373e-05
9.800000e+01 1.241665e-05
9.900000e+01 1.166816e-05
1.000000e+02 1.183876e-05
1.010000e+02 1.238695e-05
1.020000e+02 1.140843e-05
1.030000e+02 1.149860e-05
1.040000e+02 1.228629e-05
1.050000e+02 1.148207e-05
1.060000e+02 1.130547e-05
1.070000e+02 9.972918e-06
1.080000e+02 9.956236e-06
1.090000e+02 1.026064e-05
1.100000e+02 9.937046e-06
1.110000e+02 9.046436e-06
1.120000e+02 9.835941e-06
1.130000e+02 9.320046e-06
1.140000e+02 9.402150e-06
1.150000e+02 9.184603e-06
1.160000e+02 9.296369e-06
1.170000e+02 9.152112e-06
1.180000e+02 8.827866e-06
1.190000e+02 8.276981e-06
1.200000e+02 9.239337e-06
1.210000e+02 8.406954e-06
1.220000e+02 7.579269e-06
1.230000e+02 7.885456e-06
1.240000e+02 7.405558e-06
1.250000e+02 7.737142e-06
1.260000e+02 7.232814e-06
1.270000e+02 7.160699e-06
1.280000e+02 7.140257e-06
1.290000e+02 7.180453e-06
1.300000e+02 6.972182e-06
1.310000e+02 6.473627e-06
1.320000e+02 7.112092e-06
1.330000e+02 6.953679e-06
1.340000e+02 7.284210e-06
1.350000e+02 7.453372e-06
1.360000e+02 7.397489e-06
1.370000e+02 7.394530e-06
1.380000e+02 6.847821e-06
1.390000e+02 6.909411e-06
1.400000e+02 7.220655e-06
1.410000e+02 7.110244e-06
1.420000e+02 7.605655e-06
1.430000e+02 7.362236e-06
1.440000e+02 7.050773e-06
1.450000e+02 7.002698e-06
1.460000e+02 7.226087e-06
1.470000e+02 7.313590e-06
1.480000e+02 6.882046e-06
1.490000e+02 7.090826e-06
1.500000e+02 7.556358e-06
1.510000e+02 7.085363e-06
1.520000e+02 6.894976e-06
1.530000e+02 6.789106e-06
1.540000e+02 7.512456e-06
1.550000e+02 6.978690e-06
1.560000e+02 6.851743e-06
1.570000e+02 6.837237e-06
1.580000e+02 6.185301e-06
1.590000e+02 6.972366e-06
1.600000e+02 6.773066e-06
1.610000e+02 6.838631e-06
1.620000e+02 6.554291e-06
1.630000e+02 6.689366e-06
1.640000e+02 6.844286e-06
1.650000e+02 6.647703e-06
1.660000e+02 6.603864e-06
1.670000e+02 6.736320e-06
1.680000e+02 6.468607e-06
1.690000e+02 6.227672e-06
1.700000e+02 6.175534e-06
1.710000e+02 5.965916e-06
1.720000e+02 6.896359e-06
1.730000e+02 6.173381e-06
1.740000e+02 6.075207e-06
1.750000e+02 6.395362e-06
1.760000e+02 5.993105e-06
1.770000e+02 6.358389e-06
1.780000e+02 6.297368e-06
1.790000e+02 6.216276e-06
1.800000e+02 6.176359e-06
1.810000e+02 6.258870e-06
1.820000e+02 6.084868e-06
1.830000e+02 5.901388e-06
1.840000e+02 5.832313e-06
1.850000e+02 6.156770e-06
1.860000e+02 6.448431e-06
1.870000e+02 6.375480e-06
1.880000e+02 6.187848e-06
1.890000e+02 6.115701e-06
1.900000e+02 5.871268e-06
1.910000e+02 6.163523e-06
1.920000e+02 5.714662e-06
1.930000e+02 6.078236e-06
1.940000e+02 5.935797e-06
1.950000e+02 5.159343e-06
1.960000e+02 5.757610e-06
1.970000e+02 5.703413e-06
1.980000e+02 5.819399e-06
1.990000e+02 4.894386e-06
2.000000e+02 5.728838e-06
2.010000e+02 4.992298e-06
2.020000e+02 5.218480e-06
2.030000e+02 4.754409e-06
2.040000e+02 5.801582e-06
2.050000e+02 5.505443e-06
2.060000e+02 5.961718e-06
2.070000e+02 9.465565e-07
2.080000e+02 4.946515e-06
2.090000e+02 5.307211e-06
2.100000e+02 5.526029e-06
2.110000e+02 4.894792e-06
2.120000e+02 5.471604e-06
2.130000e+02 5.387628e-06
2.140000e+02 5.713310e-06
2.150000e+02 5.570760e-06
2.160000e+02 5.605602e-06
2.170000e+02 5.510735e-06
2.180000e+02 5.580680e-06
2.190000e+02 5.589728e-06
2.200000e+02 5.434752e-06
2.210000e+02 4.852105e-06
2.220000e+02 5.369477e-06
2.230000e+02 5.183783e-06
2.240000e+02 4.380763e-06
2.250000e+02 4.598934e-06
2.260000e+02 4.473480e-06
2.270000e+02 4.657850e-06
2.280000e+02 4.466120e-06
2.290000e+02 4.253225e-06
2.300000e+02 3.961950e-06
2.310000e+02 4.310343e-06
2.320000e+02 4.168520e-06
2.330000e+02 4.327327e-06
2.340000e+02 4.289473e-06
2.350000e+02 4.581268e-06
2.360000e+02 4.201163e-06
2.370000e+02 4.399154e-06
2.380000e+02 4.601216e-06
2.390000e+02 4.244361e-06
2.400000e+02 4.115593e-06
2.410000e+02 4.526903e-06
2.420000e+02 4.662835e-06
2.430000e+02 4.206603e-06
2.440000e+02 4.418218e-06
2.450000e+02 4.252138e-06
2.460000e+02 4.122078e-06
2.470000e+02 4.340861e-06
2.480000e+02 4.276846e-06
2.490000e+02 3.815866e-06
2.500000e+02 3.917633e-06
2.510000e+02 4.186236e-06
2.520000e+02 4.230097e-06
2.530000e+02 4.419336e-06
2.540000e+02 4.003900e-06
2.550000e+02 4.417594e-06
2.560000e+02 4.414251e-06
2.570000e+02 4.486561e-06
2.580000e+02 4.312046e-06
2.590000e+02 4.368225e-06
2.600000e+02 4.665726e-06
2.610000e+02 4.550008e-06
2.620000e+02 4.668244e-06
2.630000e+02 4.990192e-06
2.640000e+02 4.609859e-06
2.650000e+02 4.631927e-06
2.660000e+02 4.486626e-06
2.670000e+02 4.712134e-06
2.680000e+02 4.847149e-06
2.690000e+02 4.817305e-06
2.700000e+02 4.420861e-06
2.710000e+02 4.523280e-06
2.720000e+02 8.541290e-07
2.730000e+02 4.467300e-06
2.740000e+02 9.290436e-07
2.750000e+02 4.415067e-06
2.760000e+02 9.939808e-07
2.770000e+02 3.975173e-06
2.780000e+02 1.070148e-06
2.790000e+02 8.044103e-07
2.800000e+02 4.354593e-06
2.810000e+02 8.785202e-07
2.820000e+02 7.028051e-07
2.830000e+02 8.938123e-07
2.840000e+02 7.560854e-07
2.850000e+02 8.189522e-07
2.860000e+02 9.860710e-07
2.870000e+02 4.260351e-06
2.880000e+02 1.214812e-06
2.890000e+02 7.713704e-07
2.900000e+02 8.205944e-07
2.910000e+02 7.727821e-07
2.920000e+02 4.007826e-06
2.930000e+02 4.278915e-06
2.940000e+02 1.150582e-06
2.950000e+02 3.989679e-06
2.960000e+02 3.962834e-06
2.970000e+02 3.969248e-06
2.980000e+02 4.176645e-06
2.990000e+02 4.168710e-06
3.000000e+02 4.325518e-06
3.010000e+02 4.094508e-06
3.020000e+02 4.370720e-06
3.030000e+02 4.096667e-06
3.040000e+02 3.849926e-06
3.050000e+02 3.952620e-06
3.060000e+02 4.128202e-06
3.070000e+02 4.088239e-06
3.080000e+02 3.517848e-06
3.090000e+02 3.717213e-06
3.100000e+02 4.046970e-06
3.110000e+02 3.922309e-06
3.120000e+02 4.068637e-06
3.130000e+02 4.167919e-06
3.140000e+02 3.942147e-06
3.150000e+02 3.899784e-06
3.160000e+02 4.158502e-06
3.170000e+02 4.225255e-06
3.180000e+02 4.198772e-06
3.190000e+02 4.244149e-06
3.200000e+02 4.402121e-06
3.210000e+02 4.335149e-06
3.220000e+02 4.001939e-06
3.230000e+02 4.218185e-06
3.240000e+02 4.091574e-06
3.250000e+02 3.800952e-06
3.260000e+02 4.155786e-06
3.270000e+02 4.079790e-06
3.280000e+02 4.057888e-06
3.290000e+02 4.013846e-06
3.300000e+02 3.859989e-06
3.310000e+02 4.112612e-06
3.320000e+02 3.812809e-06
3.330000e+02 3.928508e-06
3.340000e+02 4.092003e-06
3.350000e+02 4.347415e-06
3.360000e+02 4.028673e-06
3.370000e+02 3.788930e-06
3.380000e+02 4.032174e-06
3.390000e+02 3.471553e-06
3.400000e+02 3.578014e-06
3.410000e+02 3.560937e-06
3.420000e+02 3.519182e-06
3.430000e+02 3.730791e-06
3.440000e+02 3.408135e-06
3.450000e+02 3.657456e-06
3.460000e+02 3.940448e-06
3.470000e+02 4.230757e-06
3.480000e+02 4.011782e-06
3.490000e+02 3.837874e-06
3.500000e+02 3.705008e-06
3.510000e+02 3.729987e-06
3.520000e+02 3.491698e-06
3.530000e+02 3.079023e-06
3.540000e+02 3.208553e-06
3.550000e+02 3.667297e-06
3.560000e+02 3.458844e-06
3.570000e+02 3.305939e-06
3.580000e+02 3.554760e-06
3.590000e+02 3.407292e-06
3.600000e+02 3.549320e-06
3.610000e+02 4.008538e-06
3.620000e+02 3.150037e-06
3.630000e+02 3.351464e-06
3.640000e+02 3.419394e-06
3.650000e+02 3.300136e-06
3.660000e+02 3.157544e-06
3.670000e+02 3.153415e-06
3.680000e+02 3.322920e-06
3.690000e+02 3.302356e-06
3.700000e+02 2.962023e-06
3.710000e+02 2.950779e-06
3.720000e+02 2.828113e-06
3.730000e+02 3.186140e-06
3.740000e+02 3.099222e-06
3.750000e+02 3.007560e-06
3.760000e+02 2.941028e-06
3.770000e+02 2.768313e-06
3.780000e+02 2.841687e-06
3.790000e+02 2.939243e-06
3.800000e+02 2.566881e-06
3.810000e+02 2.687754e-06
3.820000e+02 2.855739e-06
3.830000e+02 2.868534e-06
3.840000e+02 2.887525e-06
3.850000e+02 2.818762e-06
3.860000e+02 2.904567e-06
3.870000e+02 2.840999e-06
3.880000e+02 2.770292e-06
3.890000e+02 2.911178e-06
3.900000e+02 3.096123e-06
3.910000e+02 2.969005e-06
3.920000e+02 2.906336e-06
3.930000e+02 2.809902e-06
3.940000e+02 2.739145e-06
3.950000e+02 2.726082e-06
3.960000e+02 2.761032e-06
3.970000e+02 2.637086e-06
3.980000e+02 2.623001e-06
3.990000e+02 2.754124e-06
4.000000e+02 2.619990e-06
4.010000e+02 2.347583e-06
4.020000e+02 2.478768e-06
4.030000e+02 2.599219e-06
4.040000e+02 2.438339e-06
4.050000e+02 2.430147e-06
4.060000e+02 2.428006e-06
4.070000e+02 2.364796e-06
4.080000e+02 2.537016e-06
4.090000e+02 2.456902e-06
4.100000e+02 2.378208e-06
4.110000e+02 2.490733e-06
4.120000e+02 2.403541e-06
4.130000e+02 2.344468e-06
4.140000e+02 2.284952e-06
4.150000e+02 2.370881e-06
4.160000e+02 2.305896e-06
4.170000e+02 2.289167e-06
4.180000e+02 2.374453e-06
4.190000e+02 2.584544e-06
4.200000e+02 2.555153e-06
4.210000e+02 2.430175e-06
4.220000e+02 2.420243e-06
4.230000e+02 2.348652e-06
4.240000e+02 2.350675e-06
4.250000e+02 2.472577e-06
4.260000e+02 2.366603e-06
4.270000e+02 2.287008e-06
4.280000e+02 2.306730e-06
4.290000e+02 2.417203e-06
4.300000e+02 2.242749e-06
4.310000e+02 2.270544e-06
4.320000e+02 2.295833e-06
4.330000e+02 2.326766e-06
4.340000e+02 2.226120e-06
4.350000e+02 2.200007e-06
4.360000e+02 2.230117e-06
4.370000e+02 2.159725e-06
4.380000e+02 2.161006e-06
4.390000e+02 2.150003e-06
4.400000e+02 2.067508e-06
4.410000e+02 2.097312e-06
4.420000e+02 2.169338e-06
4.430000e+02 2.131463e-06
4.440000e+02 2.187277e-06
4.450000e+02 2.147003e-06
4.460000e+02 2.174382e-06
4.470000e+02 2.180986e-06
4.480000e+02 1.987596e-06
4.490000e+02 2.067985e-06
4.500000e+02 1.967066e-06
4.510000e+02 2.077573e-06
4.520000e+02 1.993620e-06
4.530000e+02 1.911780e-06
4.540000e+02 1.908577e-06
4.550000e+02 1.884326e-06
4.560000e+02 1.809083e-06
4.570000e+02 1.857099e-06
4.580000e+02 1.750224e-06
4.590000e+02 1.725981e-06
4.600000e+02 1.738124e-06
4.610000e+02 1.740292e-06
4.620000e+02 1.628696e-06
4.630000e+02 1.531128e-06
4.640000e+02 1.593295e-06
4.650000e+02 1.602316e-06
4.660000e+02 1.461049e-06
4.670000e+02 1.455762e-06
4.680000e+02 1.493567e-06
4.690000e+02 1.503650e-06
4.700000e+02 1.396974e-06
4.710000e+02 1.348173e-06
4.720000e+02 1.360241e-06
4.730000e+02 1.414697e-06
4.740000e+02 1.549394e-06
4.750000e+02 1.443318e-06
4.760000e+02 1.561430e-06
4.770000e+02 1.498685e-06
4.780000e+02 1.452397e-06
4.790000e+02 1.418610e-06
4.800000e+02 1.373453e-06
4.810000e+02 1.405247e-06
4.820000e+02 1.391301e-06
4.830000e+02 1.460028e-06
4.840000e+02 1.601686e-06
4.850000e+02 1.465256e-06
4.860000e+02 1.469295e-06
4.870000e+02 1.514565e-06
4.880000e+02 1.471376e-06
4.890000e+02 1.400344e-06
4.900000e+02 1.271582e-06
4.910000e+02 1.465476e-06
4.920000e+02 1.506815e-06
4.930000e+02 1.491203e-06
4.940000e+02 1.612736e-06
4.950000e+02 1.538789e-06
4.960000e+02 1.559886e-06
4.970000e+02 1.512465e-06
4.980000e+02 1.377139e-06
4.990000e+02 1.561675e-06
5.000000e+02 1.625790e-06
5.010000e+02 1.413636e-06
5.020000e+02 1.556918e-06
5.030000e+02 1.520071e-06
5.040000e+02 1.509951e-06
5.050000e+02 1.430878e-06
5.060000e+02 1.552666e-06
5.070000e+02 1.437884e-06
5.080000e+02 1.406604e-06
5.090000e+02 1.478196e-06
5.100000e+02 1.338742e-06
5.110000e+02 1.238686e-06
5.120000e+02 1.322819e-06
5.130000e+02 1.395366e-06
5.140000e+02 1.519275e-06
5.150000e+02 1.414494e-06
5.160000e+02 1.257294e-06
5.170000e+02 1.298716e-06
5.180000e+02 1.313757e-06
5.190000e+02 1.273765e-06
5.200000e+02 1.199589e-06
5.210000e+02 1.147995e-06
5.220000e+02 1.303395e-06
5.230000e+02 1.202125e-06
5.240000e+02 1.176308e-06
5.250000e+02 1.182554e-06
5.260000e+02 1.126317e-06
5.270000e+02 1.210979e-06
5.280000e+02 1.320657e-06
5.290000e+02 1.242801e-06
5.300000e+02 1.283265e-06
5.310000e+02 1.239052e-06
5.320000e+02 1.233737e-06
5.330000e+02 1.271846e-06
5.340000e+02 1.232346e-06
5.350000e+02 1.217352e-06
5.360000e+02 1.146568e-06
5.370000e+02 1.127743e-06
5.380000e+02 1.202415e-06
5.390000e+02 1.193856e-06
5.400000e+02 1.127149e-06
5.410000e+02 1.269466e-06
5.420000e+02 1.115526e-06
5.430000e+02 1.169361e-06
5.440000e+02 1.087138e-06
5.450000e+02 1.091660e-06
5.460000e+02 1.121758e-06
5.470000e+02 1.125714e-06
5.480000e+02 1.119978e-06
5.490000e+02 1.156441e-06
5.500000e+02 1.073164e-06
5.510000e+02 1.169914e-06
5.520000e+02 1.111857e-06
5.530000e+02 1.188812e-06
5.540000e+02 1.174001e-06
5.550000e+02 1.200520e-06
5.560000e+02 1.164202e-06
5.570000e+02 1.095901e-06
5.580000e+02 1.186535e-06
5.590000e+02 1.295780e-06
5.600000e+02 1.086863e-06
5.610000e+02 1.129080e-06
5.620000e+02 1.093182e-06
5.630000e+02 1.035958e-06
5.640000e+02 1.041018e-06
5.650000e+02 1.002330e-06
5.660000e+02 1.045342e-06
5.670000e+02 9.314389e-07
5.680000e+02 9.529319e-07
5.690000e+02 9.178512e-07
5.700000e+02 9.101698e-07
5.710000e+02 9.455149e-07
5.720000e+02 8.699277e-07
5.730000e+02 8.715678e-07
5.740000e+02 8.812647e-07
5.750000e+02 8.850334e-07
5.760000e+02 8.035553e-07
5.770000e+02 7.642405e-07
5.780000e+02 7.779396e-07
5.790000e+02 8.313928e-07
5.800000e+02 8.076013e-07
5.810000e+02 8.080670e-07
5.820000e+02 8.300540e-07
5.830000e+02 7.951186e-07
5.840000e+02 8.126796e-07
5.850000e+02 7.473277e-07
5.860000e+02 7.419245e-07
5.870000e+02 7.712580e-07
5.880000e+02 7.279110e-07
5.890000e+02 7.393529e-07
5.900000e+02 7.624160e-07
5.910000e+02 7.303076e-07
5.920000e+02 7.023430e-07
5.930000e+02 6.624542e-07
5.940000e+02 7.039907e-07
5.950000e+02 7.143974e-07
5.960000e+02 7.411679e-07
5.970000e+02 6.827612e-07
5.980000e+02 6.857616e-07
5.990000e+02 7.035269e-07
6.000000e+02 6.966038e-07
6.010000e+02 7.083067e-07
6.020000e+02 6.906910e-07
6.030000e+02 7.162108e-07
6.040000e+02 6.987926e-07
6.050000e+02 6.679909e-07
6.060000e+02 6.922557e-07
6.070000e+02 7.410390e-07
6.080000e+02 8.112547e-07
6.090000e+02 8.391307e-07
6.100000e+02 8.590988e-07
6.110000e+02 8.419567e-07
6.120000e+02 8.312599e-07
6.130000e+02 8.666914e-07
6.140000e+02 8.980293e-07
6.150000e+02 8.172886e-07
6.160000e+02 8.102758e-07
6.170000e+02 9.167682e-07
6.180000e+02 7.983646e-07
6.190000e+02 7.854781e-07
6.200000e+02 8.005869e-07
6.210000e+02 8.195723e-07
6.220000e+02 8.921481e-07
6.230000e+02 8.160087e-07
6.240000e+02 8.528278e-07
6.250000e+02 8.356238e-07
6.260000e+02 8.140704e-07
6.270000e+02 7.529765e-07
6.280000e+02 8.415008e-07
6.290000e+02 8.122931e-07
6.300000e+02 8.292002e-07
6.310000e+02 8.736044e-07
6.320000e+02 8.559435e-07
6.330000e+02 8.600296e-07
6.340000e+02 8.621699e-07
6.350000e+02 8.708240e-07
6.360000e+02 8.593664e-07
6.370000e+02 8.906384e-07
6.380000e+02 8.562566e-07
6.390000e+02 7.770198e-07
6.400000e+02 7.390046e-07
6.410000e+02 7.544078e-07
6.420000e+02 7.296752e-07
6.430000e+02 7.535182e-07
6.440000e+02 7.912234e-07
6.450000e+02 7.120325e-07
6.460000e+02 7.017675e-07
6.470000e+02 7.320307e-07
6.480000e+02 7.165410e-07
6.490000e+02 7.093711e-07
6.500000e+02 7.207796e-07
6.510000e+02 7.464809e-07
6.520000e+02 7.280644e-07
6.530000e+02 7.245921e-07
6.540000e+02 7.247267e-07
6.550000e+02 7.092034e-07
6.560000e+02 7.210918e-07
6.570000e+02 6.743775e-07
6.580000e+02 6.905051e-07
6.590000e+02 7.328349e-07
6.600000e+02 6.593087e-07
6.610000e+02 6.573582e-07
6.620000e+02 6.833220e-07
6.630000e+02 6.490957e-07
6.640000e+02 6.430610e-07
6.650000e+02 6.391805e-07
6.660000e+02 6.632239e-07
6.670000e+02 6.936464e-07
6.680000e+02 6.907942e-07
6.690000e+02 6.554481e-07
6.700000e+02 6.222055e-07
6.710000e+02 6.045528e-07
6.720000e+02 6.080229e-07
6.730000e+02 5.826117e-07
6.740000e+02 6.151597e-07
6.750000e+02 6.208440e-07
6.760000e+02 6.809862e-07
6.770000e+02 6.783620e-07
6.780000e+02 6.770051e-07
6.790000e+02 6.552205e-07
6.800000e+02 6.350742e-07
6.810000e+02 6.239057e-07
6.820000e+02 7.013925e-07
6.830000e+02 7.195115e-07
6.840000e+02 6.465034e-07
6.850000e+02 6.097147e-07
6.860000e+02 6.435542e-07
6.870000e+02 6.463262e-07
6.880000e+02 6.571438e-07
6.890000e+02 6.464741e-07
6.900000e+02 6.326098e-07
6.910000e+02 6.344686e-07
6.920000e+02 6.148523e-07
6.930000e+02 6.398916e-07
6.940000e+02 6.514639e-07
6.950000e+02 6.708508e-07
6.960000e+02 6.447823e-07
6.970000e+02 1.144354e-06
6.980000e+02 1.379852e-06
6.990000e+02 1.368603e-06
7.000000e+02 1.156550e-06
7.010000e+02 1.090442e-06
7.020000e+02 1.603544e-06
7.030000e+02 2.752858e-07
7.040000e+02 9.645446e-07
7.050000e+02 7.023946e-07
7.060000e+02 4.467588e-07
7.070000e+02 1.287482e-06
7.080000e+02 7.472299e-07
7.090000e+02 5.559773e-07
7.100000e+02 1.312609e-06
7.110000e+02 2.602062e-07
7.120000e+02 7.180934e-07
7.130000e+02 5.192815e-07
7.140000e+02 1.319807e-06
7.150000e+02 2.758693e-07
7.160000e+02 9.595035e-07
7.170000e+02 8.496434e-07
7.180000e+02 4.243544e-07
7.190000e+02 1.243566e-06
7.200000e+02 2.855352e-07
7.210000e+02 8.911863e-07
7.220000e+02 9.431294e-07
7.230000e+02 8.493085e-07
7.240000e+02 8.035220e-07
7.250000e+02 7.331381e-07
7.260000e+02 6.613574e-07
7.270000e+02 6.197785e-07
7.280000e+02 6.324921e-07
7.290000e+02 6.519869e-07
7.300000e+02 6.346436e-07
7.310000e+02 5.747738e-07
7.320000e+02 6.080235e-07
7.330000e+02 5.492838e-07
7.340000e+02 5.302444e-07
7.350000e+02 5.299876e-07
7.360000e+02 5.633654e-07
7.370000e+02 5.562854e-07
7.380000e+02 5.556655e-07
7.390000e+02 5.140425e-07
7.400000e+02 4.810300e-07
7.410000e+02 4.678065e-07
7.420000e+02 4.986443e-07
7.430000e+02 4.655080e-07
7.440000e+02 4.980925e-07
7.450000e+02 4.735106e-07
7.460000e+02 4.922732e-07
7.470000e+02 4.891401e-07
7.480000e+02 4.763168e-07
7.490000e+02 4.626581e-07
7.500000e+02 4.492048e-07
7.510000e+02 4.345138e-07
7.520000e+02 7.014297e-07
7.530000e+02 8.399210e-07
7.540000e+02 4.252696e-07
7.550000e+02 9.371849e-07
7.560000e+02 1.068773e-06
7.570000e+02 2.973410e-07
7.580000e+02 1.054959e-06
7.590000e+02 1.185332e-06
7.600000e+02 3.137608e-07
7.610000e+02 1.087305e-06
7.620000e+02 2.669479e-07
7.630000e+02 1.207359e-06
7.640000e+02 2.747576e-07
7.650000e+02 3.808474e-07
7.660000e+02 9.649277e-07
7.670000e+02 2.597500e-07
7.680000e+02 1.034135e-06
7.690000e+02 2.552578e-07
7.700000e+02 1.143450e-06
7.710000e+02 2.830226e-07
7.720000e+02 2.794991e-07
7.730000e+02 2.777625e-07
7.740000e+02 2.860652e-07
7.750000e+02 2.613808e-07
7.760000e+02 2.581189e-07
7.770000e+02 2.968949e-07
7.780000e+02 2.583020e-07
7.790000e+02 2.990263e-07
7.800000e+02 2.119972e-07
7.810000e+02 2.122395e-07
7.820000e+02 2.117769e-07
7.830000e+02 2.004365e-07
7.840000e+02 2.315301e-07
7.850000e+02 2.643534e-07
7.860000e+02 2.317189e-07
7.870000e+02 2.811790e-07
7.880000e+02 2.219328e-07
7.890000e+02 1.884639e-07
7.900000e+02 2.087325e-07
7.910000e+02 1.957460e-07
7.920000e+02 2.077751e-07
7.930000e+02 3.400231e-07
7.940000e+02 5.145647e-07
7.950000e+02 2.695081e-07
7.960000e+02 2.573686e-07
7.970000e+02 4.755392e-07
7.980000e+02 1.876242e-07
7.990000e+02 4.133181e-07
8.000000e+02 2.616266e-07
8.010000e+02 4.604930e-07
8.020000e+02 3.148447e-07
8.030000e+02 3.621545e-07
8.040000e+02 3.149660e-07
8.050000e+02 2.381340e-07
8.060000e+02 3.269837e-07
8.070000e+02 3.587865e-07
8.080000e+02 2.886678e-07
8.090000e+02 3.244204e-07
8.100000e+02 3.416195e-07
8.110000e+02 3.973366e-07
8.120000e+02 1.774976e-08
8.130000e+02 3.122595e-07
8.140000e+02 2.302526e-07
8.150000e+02 2.523860e-07
8.160000e+02 2.262910e-07
8.170000e+02 2.165330e-07
8.180000e+02 1.203619e-07
8.190000e+02 2.490660e-07
8.200000e+02 2.129504e-07
8.210000e+02 1.947200e-07
8.220000e+02 1.715199e-07
8.230000e+02 2.793292e-07
8.240000e+02 2.975751e-07
8.250000e+02 1.343153e-07
8.260000e+02 2.529489e-07
8.270000e+02 8.431837e-08
8.280000e+02 1.687323e-07
8.290000e+02 1.612009e-07
8.300000e+02 1.337347e-07
8.310000e+02 2.464962e-07
8.320000e+02 2.405610e-07
8.330000e+02 2.245897e-07
8.340000e+02 2.112987e-07
8.350000e+02 2.139641e-07
8.360000e+02 1.958266e-07
8.370000e+02 1.694498e-07
8.380000e+02 1.267136e-07
8.390000e+02 9.582901e-08
8.400000e+02 7.988951e-08
8.410000e+02 2.243616e-07
8.420000e+02 2.220001e-07
8.430000e+02 4.541650e-08
8.440000e+02 1.665611e-07
8.450000e+02 1.581961e-07
8.460000e+02 1.343765e-07
8.470000e+02 1.210575e-07
8.480000e+02 1.040390e-07
8.490000e+02 8.493140e-08
8.500000e+02 7.305887e-08
8.510000e+02 3.166101e-07
8.520000e+02 5.662245e-08
8.530000e+02 5.312252e-08
8.540000e+02 1.769108e-07
8.550000e+02 4.226291e-08
8.560000e+02 1.167359e-07
8.570000e+02 1.322814e-07
8.580000e+02 1.238304e-07
8.590000e+02 8.992184e-08
8.600000e+02 8.608610e-08
8.610000e+02 4.357871e-08
8.620000e+02 6.727321e-08
8.630000e+02 6.635710e-08
8.640000e+02 5.678655e-08
8.650000e+02 1.691539e-07
8.660000e+02 5.069938e-08
8.670000e+02 1.180311e-07
8.680000e+02 1.181170e-07
8.690000e+02 1.071810e-07
8.700000e+02 9.246597e-08
8.710000e+02 7.360905e-08
8.720000e+02 1.014177e-07
8.730000e+02 5.203922e-08
8.740000e+02 4.429829e-08
8.750000e+02 1.854550e-07
8.760000e+02 3.265537e-08
8.770000e+02 1.309231e-07
8.780000e+02 1.319227e-07
8.790000e+02 1.155937e-07
8.800000e+02 9.589893e-08
8.810000e+02 8.144248e-08
8.820000e+02 6.846461e-08
8.830000e+02 5.543017e-08
8.840000e+02 2.969856e-07
8.850000e+02 7.340516e-08
8.860000e+02 5.876663e-08
8.870000e+02 1.765257e-07
8.880000e+02 4.558775e-08
8.890000e+02 1.138786e-07
8.900000e+02 1.212865e-07
8.910000e+02 1.051244e-07
8.920000e+02 8.733448e-08
8.930000e+02 7.702485e-08
8.940000e+02 6.335578e-08
8.950000e+02 5.284915e-08
8.960000e+02 4.324562e-08
8.970000e+02 3.809429e-08
8.980000e+02 3.172913e-08
8.990000e+02 2.279396e-07
9.000000e+02 9.728811e-08
9.010000e+02 7.100584e-08
9.020000e+02 6.756230e-08
9.030000e+02 1.402835e-07
9.040000e+02 5.790099e-08
9.050000e+02 9.895380e-08
9.060000e+02 9.696512e-08
9.070000e+02 8.203663e-08
9.080000e+02 6.891519e-08
9.090000e+02 5.837762e-08
9.100000e+02 4.603452e-08
9.110000e+02 3.751405e-08
9.120000e+02 3.152207e-08
9.130000e+02 2.612444e-08
9.140000e+02 2.264815e-08
9.150000e+02 1.890537e-08
9.160000e+02 1.598458e-08
9.170000e+02 1.575887e-08
9.180000e+02 1.417081e-08
9.190000e+02 1.230985e-08
9.200000e+02 1.048526e-08
9.210000e+02 1.026881e-08
9.220000e+02 9.593007e-09
9.230000e+02 9.447395e-09
9.240000e+02 8.549027e-09
9.250000e+02 8.658777e-09
9.260000e+02 7.579140e-09
9.270000e+02 7.429335e-09
9.280000e+02 7.228169e-09
9.290000e+02 2.226113e-07
9.300000e+02 5.068667e-08
9.310000e+02 3.998164e-08
9.320000e+02 1.301401e-07
9.330000e+02 2.767731e-08
9.340000e+02 8.655727e-08
9.350000e+02 1.006259e-07
9.360000e+02 8.054065e-08
9.370000e+02 6.662361e-08
9.380000e+02 5.430639e-08
9.390000e+02 4.335467e-08
9.400000e+02 3.532530e-08
9.410000e+02 2.970892e-08
9.420000e+02 2.485665e-08
9.430000e+02 1.899346e-08
9.440000e+02 1.581646e-08
9.450000e+02 1.333954e-08
9.460000e+02 1.111779e-08
9.470000e+02 1.022469e-08
9.480000e+02 8.464744e-09
9.490000e+02 7.056790e-09
9.500000e+02 7.038463e-09
9.510000e+02 5.675736e-09
9.520000e+02 5.158087e-09
9.530000e+02 5.717237e-09
9.540000e+02 5.388515e-09
9.550000e+02 4.055725e-09
9.560000e+02 3.842073e-09
9.570000e+02 4.441781e-09
9.580000e+02 4.012730e-09
9.590000e+02 4.065375e-09
9.600000e+02 3.405658e-09
9.610000e+02 4.174739e-09
9.620000e+02 3.551267e-09
9.630000e+02 3.496027e-09
9.640000e+02 3.373088e-09
9.650000e+02 4.764391e-09
9.660000e+02 3.997115e-09
9.670000e+02 3.021116e-09
9.680000e+02 3.121039e-09
9.690000e+02 3.361457e-09
9.700000e+02 3.497711e-09
9.710000e+02 4.197401e-09
9.720000e+02 3.043439e-09
9.730000e+02 2.711595e-09
9.740000e+02 3.262739e-09
9.750000e+02 3.285815e-09
9.760000e+02 2.841323e-09
9.770000e+02 3.982194e-09
9.780000e+02 5.247763e-09
9.790000e+02 2.552450e-09
9.800000e+02 2.729453e-09
9.810000e+02 3.695321e-09
9.820000e+02 2.992925e-09
9.830000e+02 3.103223e-09
9.840000e+02 2.940200e-09
9.850000e+02 2.887167e-09
9.860000e+02 2.776059e-09
9.870000e+02 2.722054e-09
9.880000e+02 3.352259e-09
9.890000e+02 3.963494e-09
9.900000e+02 3.302008e-09
9.910000e+02 3.245611e-09
9.920000e+02 3.256952e-09
9.930000e+02 2.480026e-09
9.940000e+02 2.946541e-09
9.950000e+02 3.519123e-09
9.960000e+02 3.204537e-09
9.970000e+02 3.092772e-09
9.980000e+02 4.448533e-09
9.990000e+02 2.579424e-09
1.000000e+03 2.295377e-09
1.001000e+03 4.010742e-09
1.002000e+03 3.623958e-09
1.003000e+03 2.452922e-09
1.004000e+03 2.038147e-09
1.005000e+03 2.349137e-09
1.006000e+03 2.226027e-09
1.007000e+03 3.013229e-09
1.008000e+03 2.322563e-09
1.009000e+03 2.825328e-09
1.010000e+03 2.438973e-09
1.011000e+03 1.928020e-09
1.012000e+03 1.876393e-09
1.013000e+03 3.077495e-09
1.014000e+03 3.132333e-09
1.015000e+03 2.390804e-09
1.016000e+03 2.137429e-09
1.017000e+03 2.617905e-09
1.018000e+03 3.550505e-09
1.019000e+03 2.797062e-09
1.020000e+03 2.149973e-09
1.021000e+03 2.979461e-09
1.022000e+03 3.272947e-09
1.023000e+03 2.847947e-09
1.024000e+03 1.823233e-09
1.025000e+03 3.704110e-09
1.026000e+03 3.419103e-09
1.027000e+03 2.525715e-09
1.028000e+03 1.661751e-09
1.029000e+03 2.324515e-09
1.030000e+03 2.569186e-09
1.031000e+03 2.358302e-09
1.032000e+03 1.944921e-09
1.033000e+03 2.468124e-09
1.034000e+03 2.105134e-09
1.035000e+03 1.950323e-09
1.036000e+03 2.449544e-09
1.037000e+03 3.012357e-09
1.038000e+03 2.469059e-09
1.039000e+03 2.344313e-09
1.040000e+03 1.773004e-09
1.041000e+03 2.526510e-09
1.042000e+03 3.134720e-09
1.043000e+03 2.223632e-09
1.044000e+03 1.791668e-09
1.045000e+03 3.526979e-09
1.046000e+03 2.102130e-09
1.047000e+03 2.110942e-09
1.048000e+03 1.634827e-09
1.049000e+03 3.443188e-09
1.050000e+03 3.562859e-09
1.051000e+03 1.928933e-09
1.052000e+03 1.537598e-09
1.053000e+03 1.983629e-09
1.054000e+03 2.039525e-09
1.055000e+03 2.021464e-09
1.056000e+03 1.958044e-09
1.057000e+03 1.799370e-09
1.058000e+03 1.943415e-09
1.059000e+03 2.103998e-09
1.060000e+03 1.747697e-09
1.061000e+03 2.556111e-09
1.062000e+03 2.508336e-09
1.063000e+03 1.880241e-09
1.064000e+03 1.845092e-09
1.065000e+03 2.234433e-09
1.066000e+03 1.728127e-09
1.067000e+03 2.148283e-09
1.068000e+03 1.513600e-09
1.069000e+03 1.838812e-09
1.070000e+03 2.304937e-09
1.071000e+03 1.370832e-09
1.072000e+03 1.334996e-09
1.073000e+03 1.880470e-09
1.074000e+03 2.664745e-09
1.075000e+03 1.372940e-09
1.076000e+03 1.481258e-09
1.077000e+03 1.628731e-09
1.078000e+03 2.267103e-09
1.079000e+03 1.406315e-09
1.080000e+03 1.820677e-09
1.081000e+03 2.682420e-09
1.082000e+03 2.964966e-09
1.083000e+03 2.553497e-09
1.084000e+03 2.104954e-09
1.085000e+03 2.410491e-09
1.086000e+03 1.536567e-09
1.087000e+03 2.441487e-09
1.088000e+03 1.951572e-09
1.089000e+03 1.515289e-09
1.090000e+03 2.996106e-09
1.091000e+03 2.112372e-09
1.092000e+03 1.464063e-09
1.093000e+03 1.715859e-09
1.094000e+03 2.333784e-09
1.095000e+03 1.448755e-09
1.096000e+03 1.265214e-09
1.097000e+03 2.361103e-09
1.098000e+03 2.810101e-09
1.099000e+03 1.485955e-09
1.100000e+03 1.069052e-09
1.101000e+03 1.849564e-09
1.102000e+03 1.342257e-09
1.103000e+03 1.315281e-09
1.104000e+03 1.462965e-09
1.105000e+03 1.731428e-09
1.106000e+03 2.050764e-09
1.107000e+03 1.409615e-09
1.108000e+03 1.877320e-09
1.109000e+03 2.670289e-09
1.110000e+03 2.376971e-09
1.111000e+03 1.971560e-09
1.112000e+03 9.956356e-10
1.113000e+03 1.244710e-09
1.114000e+03 1.422721e-09
1.115000e+03 1.671187e-09
1.116000e+03 1.520630e-09
1.117000e+03 1.144638e-09
1.118000e+03 2.171485e-09
1.119000e+03 1.062761e-09
1.120000e+03 1.349743e-09
1.121000e+03 2.572120e-09
1.122000e+03 2.561442e-09
1.123000e+03 9.180941e-10
1.124000e+03 1.530940e-09
1.125000e+03 1.244649e-09
1.126000e+03 1.807573e-09
1.127000e+03 1.581490e-09
1.128000e+03 1.155184e-09
1.129000e+03 2.476932e-09
1.130000e+03 1.455222e-09
1.131000e+03 1.572950e-09
1.132000e+03 2.680933e-09
1.133000e+03 1.886006e-09
1.134000e+03 1.400457e-09
1.135000e+03 1.999381e-09
1.136000e+03 1.607961e-09
1.137000e+03 1.800385e-09
1.138000e+03 3.305777e-09
1.139000e+03 1.912146e-09
1.140000e+03 1.339942e-09
1.141000e+03 1.254522e-09
1.142000e+03 2.490211e-09
1.143000e+03 1.011908e-09
1.144000e+03 1.639564e-09
1.145000e+03 2.853352e-09
1.146000e+03 3.126981e-09
1.147000e+03 1.405078e-09
1.148000e+03 1.364418e-09
1.149000e+03 1.582965e-09
1.150000e+03 1.604691e-09
1.151000e+03 1.925283e-09
1.152000e+03 1.323143e-09
1.153000e+03 1.558100e-09
1.154000e+03 9.982268e-10
1.155000e+03 1.213578e-09
1.156000e+03 1.292977e-09
1.157000e+03 1.928006e-09
1.158000e+03 2.604538e-09
1.159000e+03 1.510086e-09
1.160000e+03 1.067651e-09
1.161000e+03 1.852930e-09
1.162000e+03 2.133172e-09
1.163000e+03 1.697075e-09
1.164000e+03 1.368155e-09
1.165000e+03 2.935057e-09
1.166000e+03 3.483618e-09
1.167000e+03 1.662284e-09
1.168000e+03 1.363781e-09
1.169000e+03 2.416796e-09
1.170000e+03 2.361137e-09
1.171000e+03 1.637891e-09
1.172000e+03 1.254920e-09
1.173000e+03 1.222316e-09
1.174000e+03 1.574374e-09
1.175000e+03 1.727732e-09
1.176000e+03 1.421211e-09
1.177000e+03 1.250604e-09
1.178000e+03 9.671378e-10
1.179000e+03 1.834966e-09
1.180000e+03 1.124209e-09
1.181000e+03 1.933678e-09
1.182000e+03 2.369119e-09
1.183000e+03 1.101725e-09
1.184000e+03 1.276920e-09
1.185000e+03 1.320212e-09
1.186000e+03 1.896248e-09
1.187000e+03 1.444657e-09
1.188000e+03 9.376916e-10
1.189000e+03 1.743392e-09
1.190000e+03 2.394928e-09
1.191000e+03 1.136815e-09
1.192000e+03 9.814775e-10
1.193000e+03 2.464738e-09
1.194000e+03 2.595633e-09
1.195000e+03 1.405655e-09
1.196000e+03 1.485414e-09
1.197000e+03 1.272508e-09
1.198000e+03 2.116094e-09
1.199000e+03 1.508728e-09
1.200000e+03 1.310025e-09
1.201000e+03 1.465464e-09
1.202000e+03 1.806369e-09
1.203000e+03 1.355896e-09
1.204000e+03 1.063955e-09
1.205000e+03 2.391031e-09
1.206000e+03 2.049056e-09
1.207000e+03 1.478801e-09
1.208000e+03 1.049713e-09
1.209000e+03 1.683836e-09
1.210000e+03 1.638271e-09
1.211000e+03 2.206042e-09
1.212000e+03 1.241607e-09
1.213000e+03 1.764055e-09
1.214000e+03 3.154451e-09
1.215000e+03 1.255534e-09
1.216000e+03 1.328824e-09
1.217000e+03 2.669167e-09
1.218000e+03 2.291310e-09
1.219000e+03 1.079264e-09
1.220000e+03 1.825866e-09
1.221000e+03 2.392991e-09
1.222000e+03 2.074747e-09
1.223000e+03 2.355126e-09
1.224000e+03 1.505744e-09
1.225000e+03 1.785844e-09
1.226000e+03 1.434752e-09
1.227000e+03 1.658196e-09
1.228000e+03 1.318270e-09
1.229000e+03 1.836322e-09
1.230000e+03 2.642338e-09
1.231000e+03 1.773803e-09
1.232000e+03 1.290326e-09
1.233000e+03 1.308108e-09
1.234000e+03 1.429482e-09
1.235000e+03 2.226514e-09
1.236000e+03 1.624006e-09
1.237000e+03 1.192778e-09
1.238000e+03 1.492432e-09
1.239000e+03 1.311149e-09
1.240000e+03 1.350728e-09
1.241000e+03 3.129883e-09
1.242000e+03 2.788632e-09
1.243000e+03 1.828387e-09
1.244000e+03 1.333183e-09
1.245000e+03 1.451435e-09
1.246000e+03 1.667458e-09
1.247000e+03 1.673279e-09
1.248000e+03 1.138366e-09
1.249000e+03 1.888631e-09
1.250000e+03 1.234918e-09
1.251000e+03 1.447569e-09
1.252000e+03 1.170353e-09
1.253000e+03 2.277753e-09
1.254000e+03 3.285011e-09
1.255000e+03 1.379937e-09
1.256000e+03 1.202497e-09
1.257000e+03 1.383787e-09
1.258000e+03 1.853057e-09
1.259000e+03 2.475718e-09
1.260000e+03 1.560789e-09
1.261000e+03 1.049421e-09
1.262000e+03 2.739775e-09
1.263000e+03 1.009949e-09
1.264000e+03 1.198448e-09
1.265000e+03 2.901794e-09
1.266000e+03 3.032249e-09
1.267000e+03 1.104422e-09
1.268000e+03 1.035221e-09
1.269000e+03 1.518041e-09
1.270000e+03 1.623899e-09
1.271000e+03 1.644585e-09
1.272000e+03 1.563452e-09
1.273000e+03 1.754212e-09
1.274000e+03 1.463832e-09
1.275000e+03 1.197788e-09
1.276000e+03 1.109431e-09
1.277000e+03 2.468689e-09
1.278000e+03 2.063639e-09
1.279000e+03 1.353705e-09
1.280000e+03 1.216484e-09
1.281000e+03 2.221985e-09
1.282000e+03 2.784071e-09
1.283000e+03 1.478930e-09
1.284000e+03 1.836633e-09
1.285000e+03 3.070606e-09
1.286000e+03 3.776618e-09
1.287000e+03 1.332455e-09
1.288000e+03 1.061683e-09
1.289000e+03 2.597042e-09
1.290000e+03 2.140230e-09
1.291000e+03 2.150493e-09
1.292000e+03 1.189924e-09
1.293000e+03 1.305695e-09
1.294000e+03 1.398612e-09
1.295000e+03 2.097492e-09
1.296000e+03 1.245281e-09
1.297000e+03 1.353847e-09
1.298000e+03 1.283299e-09
1.299000e+03 1.192559e-09
1.300000e+03 1.355330e-09
1.301000e+03 2.112704e-09
1.302000e+03 1.710423e-09
1.303000e+03 1.273579e-09
1.304000e+03 1.342585e-09
1.305000e+03 1.431715e-09
1.306000e+03 1.958132e-09
1.307000e+03 1.667139e-09
1.308000e+03 1.406530e-09
1.309000e+03 2.290766e-09
1.310000e+03 1.882883e-09
1.311000e+03 1.745571e-09
1.312000e+03 1.245899e-09
1.313000e+03 1.798152e-09
1.314000e+03 2.943721e-09
1.315000e+03 1.151590e-09
1.316000e+03 1.413696e-09
1.317000e+03 1.411436e-09
1.318000e+03 2.125951e-09
1.319000e+03 1.608013e-09
1.320000e+03 1.526456e-09
1.321000e+03 2.235787e-09
1.322000e+03 1.687343e-09
1.323000e+03 1.018458e-09
1.324000e+03 1.021276e-09
1.325000e+03 1.853325e-09
1.326000e+03 1.754824e-09
1.327000e+03 1.378752e-09
1.328000e+03 9.621843e-10
1.329000e+03 1.200974e-09
1.330000e+03 1.956386e-09
1.331000e+03 2.066020e-09
1.332000e+03 1.467620e-09
1.333000e+03 1.575010e-09
1.334000e+03 2.961355e-09
1.335000e+03 1.124185e-09
1.336000e+03 1.343168e-09
1.337000e+03 2.856471e-09
1.338000e+03 2.462322e-09
1.339000e+03 1.229120e-09
1.340000e+03 1.649401e-09
1.341000e+03 1.111324e-09
1.342000e+03 1.915756e-09
1.343000e+03 1.399373e-09
1.344000e+03 1.494271e-09
1.345000e+03 2.730369e-09
1.346000e+03 1.183678e-09
1.347000e+03 1.476686e-09
1.348000e+03 1.770972e-09
1.349000e+03 2.558506e-09
1.350000e+03 2.912390e-09
1.351000e+03 1.399467e-09
1.352000e+03 1.170307e-09
1.353000e+03 1.388319e-09
1.354000e+03 1.342830e-09
1.355000e+03 1.884625e-09
1.356000e+03 1.336564e-09
1.357000e+03 1.245998e-09
1.358000e+03 2.336216e-09
1.359000e+03 1.447422e-09
1.360000e+03 1.301489e-09
1.361000e+03 2.432675e-09
1.362000e+03 2.496702e-09
1.363000e+03 1.614744e-09
1.364000e+03 1.433640e-09
1.365000e+03 2.408910e-09
1.366000e+03 1.861583e-09
1.367000e+03 1.550560e-09
1.368000e+03 9.696396e-10
1.369000e+03 1.337395e-09
1.370000e+03 1.282678e-09
1.371000e+03 9.287293e-10
1.372000e+03 1.696209e-09
1.373000e+03 2.225498e-09
1.374000e+03 1.586079e-09
1.375000e+03 1.820746e-09
1.376000e+03 1.179483e-09
1.377000e+03 1.491061e-09
1.378000e+03 2.464111e-09
1.379000e+03 2.657656e-09
1.380000e+03 1.660395e-09
1.381000e+03 1.424772e-09
1.382000e+03 3.852049e-09
1.383000e+03 2.027832e-09
1.384000e+03 1.300196e-09
1.385000e+03 3.618725e-09
1.386000e+03 1.701281e-09
1.387000e+03 1.552031e-09
1.388000e+03 1.088327e-09
1.389000e+03 1.211569e-09
1.390000e+03 1.774524e-09
1.391000e+03 2.586673e-09
1.392000e+03 1.779393e-09
1.393000e+03 1.541221e-09
1.394000e+03 1.130758e-09
1.395000e+03 1.191917e-09
1.396000e+03 1.216290e-09
1.397000e+03 2.115707e-09
1.398000e+03 3.436872e-09
1.399000e+03 1.358984e-09
1.400000e+03 1.177160e-09
1.401000e+03 1.620117e-09
1.402000e+03 3.182591e-09
1.403000e+03 1.811813e-09
1.404000e+03 1.389210e-09
1.405000e+03 2.297357e-09
1.406000e+03 2.340990e-09
1.407000e+03 1.306194e-09
1.408000e+03 1.236301e-09
1.409000e+03 2.280111e-09
1.410000e+03 2.256260e-09
1.411000e+03 1.688891e-09
1.412000e+03 1.138079e-09
1.413000e+03 1.220044e-09
1.414000e+03 2.231325e-09
1.415000e+03 2.229920e-09
1.416000e+03 1.703585e-09
1.417000e+03 9.964198e-10
1.418000e+03 1.411568e-09
1.419000e+03 1.369413e-09
1.420000e+03 1.804916e-09
1.421000e+03 2.735543e-09
1.422000e+03 2.591278e-09
1.423000e+03 1.423052e-09
1.424000e+03 1.143764e-09
1.425000e+03 1.320362e-09
1.426000e+03 2.006950e-09
1.427000e+03 1.650969e-09
1.428000e+03 1.431366e-09
1.429000e+03 2.144857e-09
1.430000e+03 2.019527e-09
1.431000e+03 1.136519e-09
1.432000e+03 2.120156e-09
1.433000e+03 2.903461e-09
1.434000e+03 2.111606e-09
1.435000e+03 1.601206e-09
1.436000e+03 1.248699e-09
1.437000e+03 9.892225e-10
1.438000e+03 1.811899e-09
1.439000e+03 1.627337e-09
1.440000e+03 1.673111e-09
1.441000e+03 1.579152e-09
1.442000e+03 1.639619e-09
1.443000e+03 1.048344e-09
1.444000e+03 1.202610e-09
1.445000e+03 2.131546e-09
1.446000e+03 2.452505e-09
1.447000e+03 1.383394e-09
1.448000e+03 1.188131e-09
1.449000e+03 2.161340e-09
1.450000e+03 2.475480e-09
1.451000e+03 2.304214e-09
1.452000e+03 2.036857e-09
1.453000e+03 1.299897e-09
1.454000e+03 1.614906e-09
1.455000e+03 1.588996e-09
1.456000e+03 1.045498e-09
1.457000e+03 2.089206e-09
1.458000e+03 2.391711e-09
1.459000e+03 1.384195e-09
1.460000e+03 1.639778e-09
1.461000e+03 2.297004e-09
1.462000e+03 2.166358e-09
1.463000e+03 1.511278e-09
1.464000e+03 1.499833e-09
1.465000e+03 2.064057e-09
1.466000e+03 1.321932e-09
1.467000e+03 1.262574e-09
1.468000e+03 2.016462e-09
1.469000e+03 2.629973e-09
1.470000e+03 2.904036e-09
1.471000e+03 1.945662e-09
1.472000e+03 1.012004e-09
1.473000e+03 1.130828e-09
1.474000e+03 1.558420e-09
1.475000e+03 1.692507e-09
1.476000e+03 1.349932e-09
1.477000e+03 1.722150e-09
1.478000e+03 1.848081e-09
1.479000e+03 1.345403e-09
1.480000e+03 1.679308e-09
1.481000e+03 2.496508e-09
1.482000e+03 2.955761e-09
1.483000e+03 1.659268e-09
1.484000e+03 1.365315e-09
1.485000e+03 2.281750e-09
1.486000e+03 1.544843e-09
1.487000e+03 1.687120e-09
1.488000e+03 1.076736e-09
1.489000e+03 9.686710e-10
1.490000e+03 1.700458e-09
1.491000e+03 1.181356e-09
1.492000e+03 1.746476e-09
1.493000e+03 2.179499e-09
1.494000e+03 1.639006e-09
1.495000e+03 1.983676e-09
1.496000e+03 1.457643e-09
1.497000e+03 1.210752e-09
1.498000e+03 1.717550e-09
1.499000e+03 1.957787e-09
1.500000e+03 1.413521e-09
