Title ="THE FLUX ERR"
Variables=
iter
residual
1.000000e+00 1.990020e-04
2.000000e+00 2.251956e-03
3.000000e+00 1.473702e-03
4.000000e+00 1.399172e-03
5.000000e+00 9.181844e-05
6.000000e+00 1.295438e-03
7.000000e+00 8.306086e-04
8.000000e+00 5.600179e-04
9.000000e+00 3.659430e-04
1.000000e+01 3.732943e-05
1.100000e+01 1.566650e-04
1.200000e+01 2.527212e-04
1.300000e+01 2.373212e-04
1.400000e+01 1.002404e-04
1.500000e+01 6.561162e-05
1.600000e+01 8.762537e-05
1.700000e+01 8.876217e-05
1.800000e+01 1.565606e-04
1.900000e+01 1.330867e-04
2.000000e+01 1.215834e-04
2.100000e+01 9.727122e-05
2.200000e+01 1.326315e-05
2.300000e+01 1.083524e-05
2.400000e+01 1.322918e-05
2.500000e+01 1.067771e-05
2.600000e+01 7.693830e-06
2.700000e+01 6.120252e-06
2.800000e+01 8.429911e-06
2.900000e+01 5.102836e-06
3.000000e+01 5.110289e-06
3.100000e+01 7.855803e-06
3.200000e+01 8.036345e-06
3.300000e+01 5.636834e-06
3.400000e+01 1.020952e-05
3.500000e+01 1.560457e-06
3.600000e+01 1.595992e-06
3.700000e+01 8.544172e-06
3.800000e+01 1.027754e-06
3.900000e+01 1.456955e-06
4.000000e+01 7.466544e-06
4.100000e+01 1.474857e-06
4.200000e+01 1.456403e-06
4.300000e+01 2.076294e-06
4.400000e+01 1.836401e-06
4.500000e+01 2.517346e-06
4.600000e+01 4.379044e-06
4.700000e+01 3.633049e-06
4.800000e+01 8.956563e-06
4.900000e+01 9.702111e-06
5.000000e+01 1.832779e-06
5.100000e+01 5.125224e-06
5.200000e+01 8.253552e-06
5.300000e+01 5.830177e-06
5.400000e+01 8.264411e-06
5.500000e+01 1.333752e-05
5.600000e+01 1.186589e-05
5.700000e+01 3.077778e-06
5.800000e+01 3.491900e-06
5.900000e+01 1.273172e-05
6.000000e+01 1.238139e-05
6.100000e+01 8.615483e-06
6.200000e+01 1.083362e-05
6.300000e+01 1.533004e-05
6.400000e+01 8.338395e-06
6.500000e+01 3.052351e-06
6.600000e+01 1.055611e-05
6.700000e+01 7.999968e-06
6.800000e+01 1.164464e-05
6.900000e+01 1.159994e-05
7.000000e+01 1.013130e-05
7.100000e+01 9.574806e-06
7.200000e+01 9.382498e-06
7.300000e+01 1.108364e-05
7.400000e+01 9.557059e-06
7.500000e+01 8.933360e-06
7.600000e+01 6.407070e-06
7.700000e+01 8.584784e-06
7.800000e+01 5.013698e-06
7.900000e+01 6.098063e-06
8.000000e+01 5.137745e-06
8.100000e+01 7.606387e-06
8.200000e+01 7.665758e-06
8.300000e+01 5.354462e-06
8.400000e+01 1.655948e-05
8.500000e+01 6.075850e-06
8.600000e+01 6.173814e-06
8.700000e+01 7.155449e-06
8.800000e+01 1.363612e-05
8.900000e+01 6.674207e-06
9.000000e+01 5.730225e-06
9.100000e+01 6.445898e-06
9.200000e+01 4.667040e-06
9.300000e+01 5.869855e-06
9.400000e+01 9.741448e-06
9.500000e+01 5.824422e-06
9.600000e+01 5.554461e-06
9.700000e+01 7.865281e-06
9.800000e+01 3.539712e-06
9.900000e+01 4.306306e-06
1.000000e+02 4.616069e-06
1.010000e+02 5.263239e-06
1.020000e+02 3.524287e-06
1.030000e+02 2.937253e-06
1.040000e+02 4.463464e-06
1.050000e+02 5.744053e-06
1.060000e+02 2.500446e-05
1.070000e+02 5.507988e-06
1.080000e+02 2.912257e-05
1.090000e+02 3.152254e-05
1.100000e+02 3.364398e-05
1.110000e+02 3.474596e-05
1.120000e+02 3.323348e-05
1.130000e+02 3.712244e-05
1.140000e+02 5.321072e-06
1.150000e+02 3.216454e-05
1.160000e+02 3.823876e-05
1.170000e+02 3.760168e-05
1.180000e+02 3.460484e-05
1.190000e+02 3.501761e-05
1.200000e+02 4.098137e-05
1.210000e+02 4.343936e-05
1.220000e+02 4.340899e-05
1.230000e+02 4.456184e-05
1.240000e+02 4.796344e-05
1.250000e+02 4.349157e-05
1.260000e+02 3.916672e-05
1.270000e+02 4.988548e-05
1.280000e+02 6.697658e-05
1.290000e+02 4.817729e-05
1.300000e+02 5.529182e-05
1.310000e+02 5.276865e-05
1.320000e+02 6.033506e-05
1.330000e+02 5.360713e-05
1.340000e+02 4.752271e-05
1.350000e+02 4.148667e-05
1.360000e+02 4.948761e-05
1.370000e+02 4.901883e-05
1.380000e+02 4.398428e-05
1.390000e+02 5.255185e-05
1.400000e+02 4.967272e-05
1.410000e+02 4.897951e-05
1.420000e+02 4.184561e-05
1.430000e+02 4.438346e-05
1.440000e+02 4.204613e-05
1.450000e+02 4.574449e-05
1.460000e+02 4.290707e-05
1.470000e+02 4.242489e-05
1.480000e+02 3.833356e-05
1.490000e+02 3.561439e-05
1.500000e+02 3.312383e-05
1.510000e+02 3.125535e-05
1.520000e+02 2.728729e-05
1.530000e+02 3.367481e-05
1.540000e+02 3.027382e-05
1.550000e+02 2.654003e-05
1.560000e+02 2.760815e-05
1.570000e+02 2.687359e-05
1.580000e+02 2.607937e-05
1.590000e+02 2.694966e-05
1.600000e+02 2.513511e-05
1.610000e+02 2.933594e-05
1.620000e+02 3.331671e-05
1.630000e+02 3.503333e-05
1.640000e+02 3.348202e-05
1.650000e+02 3.964069e-05
1.660000e+02 3.244000e-05
1.670000e+02 3.483713e-05
1.680000e+02 4.851706e-05
1.690000e+02 4.932994e-05
1.700000e+02 5.790929e-05
1.710000e+02 6.479741e-05
1.720000e+02 5.783710e-05
1.730000e+02 5.886955e-05
1.740000e+02 5.480100e-05
1.750000e+02 5.655996e-05
1.760000e+02 6.502933e-05
1.770000e+02 5.321915e-05
1.780000e+02 5.399536e-05
1.790000e+02 6.547667e-05
1.800000e+02 6.924922e-06
1.810000e+02 4.693910e-05
1.820000e+02 6.354171e-05
1.830000e+02 6.984049e-06
1.840000e+02 6.026391e-05
1.850000e+02 5.762569e-05
1.860000e+02 8.129828e-06
1.870000e+02 4.493167e-05
1.880000e+02 4.664409e-05
1.890000e+02 8.297404e-06
1.900000e+02 5.730698e-06
1.910000e+02 7.563628e-06
1.920000e+02 5.085864e-06
1.930000e+02 9.784296e-06
1.940000e+02 7.957302e-06
1.950000e+02 8.799594e-06
1.960000e+02 9.741949e-06
1.970000e+02 9.489327e-06
1.980000e+02 1.111991e-05
1.990000e+02 1.044231e-05
2.000000e+02 1.020808e-05
2.010000e+02 8.485331e-06
2.020000e+02 7.254005e-06
2.030000e+02 9.271236e-06
2.040000e+02 3.046771e-05
2.050000e+02 3.392336e-05
2.060000e+02 3.082301e-05
2.070000e+02 7.195480e-06
2.080000e+02 4.604125e-06
2.090000e+02 2.179727e-05
2.100000e+02 1.696388e-05
2.110000e+02 1.696988e-05
2.120000e+02 1.814794e-05
2.130000e+02 1.780544e-05
2.140000e+02 1.323290e-05
2.150000e+02 1.390873e-05
2.160000e+02 1.499129e-05
2.170000e+02 1.756407e-05
2.180000e+02 2.607892e-05
2.190000e+02 2.546269e-05
2.200000e+02 2.935450e-05
2.210000e+02 3.486926e-05
2.220000e+02 4.102106e-05
2.230000e+02 3.504870e-06
2.240000e+02 3.872882e-05
2.250000e+02 4.234835e-06
2.260000e+02 3.340694e-05
2.270000e+02 3.578616e-06
2.280000e+02 3.966951e-06
2.290000e+02 3.311910e-06
2.300000e+02 3.457613e-05
2.310000e+02 4.189911e-05
2.320000e+02 1.415551e-05
2.330000e+02 6.177891e-06
2.340000e+02 6.483523e-06
2.350000e+02 7.640063e-06
2.360000e+02 7.540983e-06
2.370000e+02 5.936919e-06
2.380000e+02 6.110070e-06
2.390000e+02 5.284093e-06
2.400000e+02 1.315025e-05
2.410000e+02 1.010607e-05
2.420000e+02 9.517774e-06
2.430000e+02 9.846756e-06
2.440000e+02 7.011261e-06
2.450000e+02 6.397004e-06
2.460000e+02 6.189881e-06
2.470000e+02 6.441030e-06
2.480000e+02 6.877567e-06
2.490000e+02 5.944379e-06
2.500000e+02 5.151828e-06
2.510000e+02 5.579534e-06
2.520000e+02 8.759545e-06
2.530000e+02 1.021537e-05
2.540000e+02 1.051103e-05
2.550000e+02 7.090781e-06
2.560000e+02 7.898369e-06
2.570000e+02 8.906700e-06
2.580000e+02 6.773060e-06
2.590000e+02 8.660920e-06
2.600000e+02 6.823549e-06
2.610000e+02 8.233916e-06
2.620000e+02 8.756294e-06
2.630000e+02 6.553831e-06
2.640000e+02 9.713766e-06
2.650000e+02 6.631725e-06
2.660000e+02 4.432401e-06
2.670000e+02 4.640061e-06
2.680000e+02 3.295030e-06
2.690000e+02 2.656916e-06
2.700000e+02 3.172720e-06
2.710000e+02 2.981609e-06
2.720000e+02 1.127161e-05
2.730000e+02 1.435420e-05
2.740000e+02 1.586317e-05
2.750000e+02 1.430608e-05
2.760000e+02 1.490008e-05
2.770000e+02 1.444085e-05
2.780000e+02 1.272754e-05
2.790000e+02 1.225857e-05
2.800000e+02 1.258329e-05
2.810000e+02 1.303797e-05
2.820000e+02 9.244382e-06
2.830000e+02 8.216688e-06
2.840000e+02 7.305632e-06
2.850000e+02 7.122056e-06
2.860000e+02 7.312827e-06
2.870000e+02 6.003940e-06
2.880000e+02 4.896117e-06
2.890000e+02 5.249837e-06
2.900000e+02 6.576641e-06
2.910000e+02 5.292551e-06
2.920000e+02 5.061550e-06
2.930000e+02 4.656538e-06
2.940000e+02 4.640029e-06
2.950000e+02 5.256417e-06
2.960000e+02 5.703582e-06
2.970000e+02 5.447374e-06
2.980000e+02 4.925385e-06
2.990000e+02 6.213667e-06
3.000000e+02 5.638549e-06
3.010000e+02 6.231987e-06
3.020000e+02 7.144804e-06
3.030000e+02 8.025290e-06
3.040000e+02 7.438812e-06
3.050000e+02 9.056494e-06
3.060000e+02 8.224884e-06
3.070000e+02 9.422353e-06
3.080000e+02 8.338414e-06
3.090000e+02 8.443993e-06
3.100000e+02 1.048659e-05
3.110000e+02 1.012951e-05
3.120000e+02 1.016430e-05
3.130000e+02 1.077204e-05
3.140000e+02 1.254942e-05
3.150000e+02 1.069259e-05
3.160000e+02 1.232231e-05
3.170000e+02 1.012962e-05
3.180000e+02 1.260287e-05
3.190000e+02 1.034893e-05
3.200000e+02 1.107008e-05
3.210000e+02 1.071204e-05
3.220000e+02 1.325183e-05
3.230000e+02 1.208560e-05
3.240000e+02 1.230297e-05
3.250000e+02 1.418495e-05
3.260000e+02 1.530096e-05
3.270000e+02 1.556867e-05
3.280000e+02 1.627811e-05
3.290000e+02 1.446754e-05
3.300000e+02 1.593205e-05
3.310000e+02 1.642220e-05
3.320000e+02 1.631553e-06
3.330000e+02 1.709745e-05
3.340000e+02 1.814126e-06
3.350000e+02 1.768222e-06
3.360000e+02 1.890335e-06
3.370000e+02 1.997586e-06
3.380000e+02 1.789921e-05
3.390000e+02 2.462324e-06
3.400000e+02 1.657336e-05
3.410000e+02 2.430923e-06
3.420000e+02 1.709012e-05
3.430000e+02 1.356576e-05
3.440000e+02 1.427482e-05
3.450000e+02 1.341081e-05
3.460000e+02 1.230258e-05
3.470000e+02 1.276280e-05
3.480000e+02 1.182565e-05
3.490000e+02 1.206667e-05
3.500000e+02 1.017389e-05
3.510000e+02 1.010119e-05
3.520000e+02 1.023190e-05
3.530000e+02 9.801950e-06
3.540000e+02 1.006782e-05
3.550000e+02 1.167484e-05
3.560000e+02 1.055124e-05
3.570000e+02 1.074087e-05
3.580000e+02 1.184894e-05
3.590000e+02 8.765705e-06
3.600000e+02 1.002174e-05
3.610000e+02 1.280992e-05
3.620000e+02 1.338060e-05
3.630000e+02 1.130275e-05
3.640000e+02 7.595769e-06
3.650000e+02 1.186319e-05
3.660000e+02 1.149045e-05
3.670000e+02 1.185447e-05
3.680000e+02 1.177934e-05
3.690000e+02 1.172926e-05
3.700000e+02 1.010897e-05
3.710000e+02 1.092602e-05
3.720000e+02 9.329352e-06
3.730000e+02 7.573825e-06
3.740000e+02 7.135936e-06
3.750000e+02 7.817934e-06
3.760000e+02 7.650632e-06
3.770000e+02 7.821254e-06
3.780000e+02 7.710464e-06
3.790000e+02 4.867944e-06
3.800000e+02 4.919713e-06
3.810000e+02 4.292879e-06
3.820000e+02 4.002796e-06
3.830000e+02 3.924538e-06
3.840000e+02 3.939542e-06
3.850000e+02 4.174754e-06
3.860000e+02 3.606319e-06
3.870000e+02 3.423018e-06
3.880000e+02 3.410527e-06
3.890000e+02 3.545109e-06
3.900000e+02 3.476260e-06
3.910000e+02 3.383841e-06
3.920000e+02 3.166234e-06
3.930000e+02 3.210927e-06
3.940000e+02 3.481463e-06
3.950000e+02 3.228864e-06
3.960000e+02 2.908303e-06
3.970000e+02 2.512127e-06
3.980000e+02 2.816571e-06
3.990000e+02 2.923455e-06
4.000000e+02 2.548184e-06
4.010000e+02 2.533632e-06
4.020000e+02 2.669151e-06
4.030000e+02 2.118763e-06
4.040000e+02 2.254275e-06
4.050000e+02 2.198439e-06
4.060000e+02 2.265194e-06
4.070000e+02 2.229295e-06
4.080000e+02 2.286975e-06
4.090000e+02 2.180275e-06
4.100000e+02 2.450224e-06
4.110000e+02 2.605271e-06
4.120000e+02 2.585394e-06
4.130000e+02 2.840031e-06
4.140000e+02 2.607994e-06
4.150000e+02 2.593436e-06
4.160000e+02 2.866748e-06
4.170000e+02 2.980234e-06
4.180000e+02 3.333342e-06
4.190000e+02 3.325592e-06
4.200000e+02 3.449530e-06
4.210000e+02 3.072669e-06
4.220000e+02 3.713126e-06
4.230000e+02 3.598215e-06
4.240000e+02 3.665842e-06
4.250000e+02 3.698925e-06
4.260000e+02 3.929478e-06
4.270000e+02 3.037597e-06
4.280000e+02 2.834257e-06
4.290000e+02 3.343621e-06
4.300000e+02 3.806892e-06
4.310000e+02 3.734610e-06
4.320000e+02 3.650066e-06
4.330000e+02 3.732127e-06
4.340000e+02 5.070977e-07
4.350000e+02 3.896147e-06
4.360000e+02 4.348807e-06
4.370000e+02 4.497667e-06
4.380000e+02 4.373501e-07
4.390000e+02 3.605764e-06
4.400000e+02 4.185237e-06
4.410000e+02 4.426394e-07
4.420000e+02 3.819491e-06
4.430000e+02 4.187024e-06
4.440000e+02 3.850769e-06
4.450000e+02 4.450494e-06
4.460000e+02 5.034586e-07
4.470000e+02 3.473816e-06
4.480000e+02 2.617097e-06
4.490000e+02 2.405277e-06
4.500000e+02 2.425085e-06
4.510000e+02 2.386581e-06
4.520000e+02 2.136789e-06
4.530000e+02 2.268431e-06
4.540000e+02 2.225878e-06
4.550000e+02 2.582885e-06
4.560000e+02 2.578163e-06
4.570000e+02 2.512073e-06
4.580000e+02 2.831292e-06
4.590000e+02 2.539442e-06
4.600000e+02 2.530543e-06
4.610000e+02 2.978646e-06
4.620000e+02 2.480360e-06
4.630000e+02 2.525067e-06
4.640000e+02 2.406313e-06
4.650000e+02 2.258023e-06
4.660000e+02 2.102968e-06
4.670000e+02 2.489428e-06
4.680000e+02 2.760030e-06
4.690000e+02 2.167690e-06
4.700000e+02 2.564031e-06
4.710000e+02 2.437811e-06
4.720000e+02 2.227618e-06
4.730000e+02 2.132034e-06
4.740000e+02 2.815473e-06
4.750000e+02 2.699190e-06
4.760000e+02 1.797732e-06
4.770000e+02 1.784072e-06
4.780000e+02 2.510847e-06
4.790000e+02 2.815064e-06
4.800000e+02 2.690701e-06
4.810000e+02 2.353079e-06
4.820000e+02 1.921448e-06
4.830000e+02 2.210112e-06
4.840000e+02 2.175752e-06
4.850000e+02 1.984836e-06
4.860000e+02 2.049150e-06
4.870000e+02 1.440203e-06
4.880000e+02 1.548288e-06
4.890000e+02 1.513821e-06
4.900000e+02 1.767491e-06
4.910000e+02 1.787414e-06
4.920000e+02 1.309192e-06
4.930000e+02 1.700315e-06
4.940000e+02 1.595792e-06
4.950000e+02 1.578896e-06
4.960000e+02 1.546715e-06
4.970000e+02 1.447060e-06
4.980000e+02 1.428617e-06
4.990000e+02 1.511462e-06
5.000000e+02 1.345040e-06
5.010000e+02 1.256301e-06
5.020000e+02 1.267572e-06
5.030000e+02 1.166733e-06
5.040000e+02 1.253617e-06
5.050000e+02 1.073622e-06
5.060000e+02 1.008481e-06
5.070000e+02 9.388676e-07
5.080000e+02 1.090508e-06
5.090000e+02 1.068138e-06
5.100000e+02 9.995709e-07
5.110000e+02 1.021425e-06
5.120000e+02 9.833969e-07
5.130000e+02 9.849137e-07
5.140000e+02 2.518767e-06
5.150000e+02 1.006117e-06
5.160000e+02 9.300076e-07
5.170000e+02 1.949846e-06
5.180000e+02 9.490258e-07
5.190000e+02 1.023803e-06
5.200000e+02 1.815561e-06
5.210000e+02 1.030618e-06
5.220000e+02 1.094793e-06
5.230000e+02 1.649432e-06
5.240000e+02 1.085751e-06
5.250000e+02 1.405848e-06
5.260000e+02 1.091464e-06
5.270000e+02 1.059252e-06
5.280000e+02 1.433385e-06
5.290000e+02 9.322691e-07
5.300000e+02 1.299167e-06
5.310000e+02 1.041888e-06
5.320000e+02 9.655139e-07
5.330000e+02 1.289896e-06
5.340000e+02 8.944164e-07
5.350000e+02 1.197139e-06
5.360000e+02 1.045305e-06
5.370000e+02 9.114464e-07
5.380000e+02 1.251870e-06
5.390000e+02 8.500945e-07
5.400000e+02 1.142230e-06
5.410000e+02 9.544081e-07
5.420000e+02 1.058957e-06
5.430000e+02 8.305112e-07
5.440000e+02 1.314952e-06
5.450000e+02 9.104014e-07
5.460000e+02 1.252307e-06
5.470000e+02 9.218888e-07
5.480000e+02 1.200315e-06
5.490000e+02 9.981717e-07
5.500000e+02 1.184432e-06
5.510000e+02 9.347701e-07
5.520000e+02 1.101515e-06
5.530000e+02 9.128582e-07
5.540000e+02 1.040992e-06
5.550000e+02 8.294180e-07
5.560000e+02 1.020922e-06
5.570000e+02 8.427137e-07
5.580000e+02 1.017978e-06
5.590000e+02 8.429720e-07
5.600000e+02 9.533054e-07
5.610000e+02 1.036793e-06
5.620000e+02 8.777416e-07
5.630000e+02 9.270733e-07
5.640000e+02 8.228658e-07
5.650000e+02 8.843981e-07
5.660000e+02 9.522979e-07
5.670000e+02 9.042952e-07
5.680000e+02 7.661825e-07
5.690000e+02 8.034969e-07
5.700000e+02 8.509592e-07
5.710000e+02 8.658650e-07
5.720000e+02 7.840356e-07
5.730000e+02 9.010214e-07
5.740000e+02 9.364374e-07
5.750000e+02 8.542706e-07
5.760000e+02 8.729223e-07
5.770000e+02 7.373769e-07
5.780000e+02 8.868173e-07
5.790000e+02 8.993904e-07
5.800000e+02 7.213198e-07
5.810000e+02 6.924307e-07
5.820000e+02 7.593807e-07
5.830000e+02 7.044339e-07
5.840000e+02 5.845748e-07
5.850000e+02 6.037201e-07
5.860000e+02 5.613636e-07
5.870000e+02 7.765535e-07
5.880000e+02 4.895569e-07
5.890000e+02 5.015118e-07
5.900000e+02 6.957518e-07
5.910000e+02 5.117988e-07
5.920000e+02 5.028685e-07
5.930000e+02 7.688742e-07
5.940000e+02 4.887721e-07
5.950000e+02 4.938593e-07
5.960000e+02 4.613100e-07
5.970000e+02 7.994696e-07
5.980000e+02 4.247343e-07
5.990000e+02 4.090460e-07
6.000000e+02 4.378549e-07
6.010000e+02 7.738142e-07
6.020000e+02 3.732609e-07
6.030000e+02 3.621353e-07
6.040000e+02 3.271218e-07
6.050000e+02 7.572530e-07
6.060000e+02 3.480070e-07
6.070000e+02 3.371893e-07
6.080000e+02 3.244996e-07
6.090000e+02 1.138420e-07
6.100000e+02 4.300878e-07
6.110000e+02 3.418715e-07
6.120000e+02 2.964453e-07
6.130000e+02 1.039418e-07
6.140000e+02 3.889232e-07
6.150000e+02 3.034326e-07
6.160000e+02 2.659103e-07
6.170000e+02 6.120524e-08
6.180000e+02 3.013215e-07
6.190000e+02 2.546244e-07
6.200000e+02 2.435154e-07
6.210000e+02 7.828438e-08
6.220000e+02 3.414637e-07
6.230000e+02 2.912853e-07
6.240000e+02 6.438033e-08
6.250000e+02 3.794632e-07
6.260000e+02 2.810621e-07
6.270000e+02 2.432029e-07
6.280000e+02 7.158937e-08
6.290000e+02 3.461213e-07
6.300000e+02 3.252254e-07
6.310000e+02 2.880145e-07
6.320000e+02 6.725158e-08
6.330000e+02 3.731372e-07
6.340000e+02 3.197875e-07
6.350000e+02 7.028529e-08
6.360000e+02 3.878085e-07
6.370000e+02 3.367549e-07
6.380000e+02 2.815114e-07
6.390000e+02 6.799014e-08
6.400000e+02 3.571205e-07
6.410000e+02 3.084229e-07
6.420000e+02 5.699072e-08
6.430000e+02 3.801858e-07
6.440000e+02 3.291196e-07
6.450000e+02 5.444850e-08
6.460000e+02 2.908591e-08
6.470000e+02 3.507586e-07
6.480000e+02 7.030936e-08
6.490000e+02 2.966621e-08
6.500000e+02 2.636615e-08
6.510000e+02 7.772886e-08
6.520000e+02 4.388181e-08
6.530000e+02 3.534940e-07
6.540000e+02 5.997913e-08
6.550000e+02 3.133256e-08
6.560000e+02 6.464574e-08
6.570000e+02 2.955038e-08
6.580000e+02 2.488204e-08
6.590000e+02 8.057389e-08
6.600000e+02 3.249490e-07
6.610000e+02 2.783245e-07
6.620000e+02 4.474644e-08
6.630000e+02 3.556161e-07
6.640000e+02 3.944480e-08
6.650000e+02 3.611198e-07
6.660000e+02 3.054059e-07
6.670000e+02 4.177802e-08
6.680000e+02 3.333845e-07
6.690000e+02 2.943688e-07
6.700000e+02 4.739152e-08
6.710000e+02 2.768519e-08
6.720000e+02 6.401013e-08
6.730000e+02 3.565617e-08
6.740000e+02 2.478118e-08
6.750000e+02 8.512706e-08
6.760000e+02 2.935375e-08
6.770000e+02 2.289217e-08
6.780000e+02 9.059901e-08
6.790000e+02 3.268179e-08
6.800000e+02 7.564934e-08
6.810000e+02 4.018095e-08
6.820000e+02 2.303943e-08
6.830000e+02 8.534962e-08
6.840000e+02 2.819538e-08
6.850000e+02 2.195075e-08
6.860000e+02 8.803476e-08
6.870000e+02 2.602047e-08
6.880000e+02 8.003354e-08
6.890000e+02 3.235243e-08
6.900000e+02 2.480289e-08
6.910000e+02 8.568513e-08
6.920000e+02 2.796073e-08
6.930000e+02 2.156760e-08
6.940000e+02 9.503478e-08
6.950000e+02 3.151110e-08
6.960000e+02 2.746698e-08
6.970000e+02 9.398274e-08
6.980000e+02 2.102337e-08
6.990000e+02 2.506151e-07
7.000000e+02 5.533954e-08
7.010000e+02 2.766620e-07
7.020000e+02 2.533279e-07
7.030000e+02 5.602251e-08
7.040000e+02 2.806584e-07
7.050000e+02 2.517016e-07
7.060000e+02 5.826203e-08
7.070000e+02 3.397579e-08
7.080000e+02 2.604402e-08
7.090000e+02 9.206863e-08
7.100000e+02 3.054862e-08
7.110000e+02 2.232472e-08
7.120000e+02 2.563845e-07
7.130000e+02 1.060804e-07
7.140000e+02 2.397419e-08
7.150000e+02 2.057251e-08
7.160000e+02 1.048329e-07
7.170000e+02 2.897188e-08
7.180000e+02 2.354806e-08
7.190000e+02 1.028660e-07
7.200000e+02 2.922171e-08
7.210000e+02 2.279832e-08
7.220000e+02 1.001069e-07
7.230000e+02 2.980518e-08
7.240000e+02 2.323249e-08
7.250000e+02 1.891120e-08
7.260000e+02 1.060707e-07
7.270000e+02 2.614898e-08
7.280000e+02 1.971073e-08
7.290000e+02 9.743292e-08
7.300000e+02 2.505923e-08
7.310000e+02 1.998454e-08
7.320000e+02 1.670614e-08
7.330000e+02 9.177608e-08
7.340000e+02 2.217606e-08
7.350000e+02 1.812393e-08
7.360000e+02 8.763728e-08
7.370000e+02 2.539307e-08
7.380000e+02 1.772689e-08
7.390000e+02 2.027877e-07
7.400000e+02 8.675735e-08
7.410000e+02 1.953089e-08
7.420000e+02 1.512609e-08
7.430000e+02 7.519388e-08
7.440000e+02 2.124873e-08
7.450000e+02 1.645809e-08
7.460000e+02 1.770832e-07
7.470000e+02 5.324760e-08
7.480000e+02 2.311844e-08
7.490000e+02 1.938812e-07
7.500000e+02 1.765254e-07
7.510000e+02 5.133713e-08
7.520000e+02 2.073570e-08
7.530000e+02 1.975366e-07
7.540000e+02 6.047113e-08
7.550000e+02 2.323020e-07
7.560000e+02 2.071914e-07
7.570000e+02 1.803834e-07
7.580000e+02 5.500082e-08
7.590000e+02 2.186310e-07
7.600000e+02 1.918356e-07
7.610000e+02 1.697608e-07
7.620000e+02 6.267467e-08
7.630000e+02 2.044282e-07
7.640000e+02 2.073416e-07
7.650000e+02 7.636465e-08
7.660000e+02 2.393216e-07
7.670000e+02 2.173235e-07
7.680000e+02 1.938604e-07
7.690000e+02 6.579059e-08
7.700000e+02 1.977604e-07
7.710000e+02 1.829843e-07
7.720000e+02 1.593389e-07
7.730000e+02 6.484140e-08
7.740000e+02 1.969957e-07
7.750000e+02 1.747469e-07
7.760000e+02 1.523597e-07
7.770000e+02 6.700081e-08
7.780000e+02 1.935851e-07
7.790000e+02 1.743388e-07
7.800000e+02 1.515279e-07
7.810000e+02 6.184934e-08
7.820000e+02 1.776882e-07
7.830000e+02 1.899685e-07
7.840000e+02 1.650994e-07
7.850000e+02 4.355217e-08
7.860000e+02 2.108232e-07
7.870000e+02 1.869223e-07
7.880000e+02 1.613066e-07
7.890000e+02 4.842791e-08
7.900000e+02 2.069956e-07
7.910000e+02 1.762264e-07
7.920000e+02 1.539219e-07
7.930000e+02 6.471745e-08
7.940000e+02 1.907279e-07
7.950000e+02 1.725829e-07
7.960000e+02 1.547330e-07
7.970000e+02 6.389562e-08
7.980000e+02 1.923779e-07
7.990000e+02 1.739368e-07
8.000000e+02 1.517028e-07
8.010000e+02 6.429782e-08
8.020000e+02 1.846700e-07
8.030000e+02 1.885729e-07
8.040000e+02 1.643037e-07
8.050000e+02 4.827708e-08
8.060000e+02 2.100586e-07
8.070000e+02 1.877259e-07
8.080000e+02 1.621911e-07
8.090000e+02 1.376903e-07
8.100000e+02 5.786157e-08
8.110000e+02 2.002523e-07
8.120000e+02 1.800235e-07
8.130000e+02 1.561576e-07
8.140000e+02 6.519245e-08
8.150000e+02 2.038446e-07
8.160000e+02 1.842582e-07
8.170000e+02 1.578753e-07
8.180000e+02 1.377328e-07
8.190000e+02 6.344620e-08
8.200000e+02 1.422973e-07
8.210000e+02 1.287295e-07
8.220000e+02 1.127099e-07
8.230000e+02 9.993652e-08
8.240000e+02 3.739618e-07
8.250000e+02 1.228383e-07
8.260000e+02 1.233483e-07
8.270000e+02 1.090663e-07
8.280000e+02 9.694884e-08
8.290000e+02 3.688286e-07
8.300000e+02 1.205442e-07
8.310000e+02 1.223176e-07
8.320000e+02 1.054880e-07
8.330000e+02 9.313143e-08
8.340000e+02 3.456774e-07
8.350000e+02 1.279965e-07
8.360000e+02 1.269177e-07
8.370000e+02 1.023452e-07
8.380000e+02 9.079925e-08
8.390000e+02 3.362492e-07
8.400000e+02 1.166787e-07
8.410000e+02 1.186129e-07
8.420000e+02 1.054705e-07
8.430000e+02 9.370487e-08
8.440000e+02 8.448228e-08
8.450000e+02 5.232260e-08
8.460000e+02 1.268117e-07
8.470000e+02 1.167928e-07
8.480000e+02 1.023194e-07
8.490000e+02 9.069861e-08
8.500000e+02 8.177808e-08
8.510000e+02 5.267788e-08
8.520000e+02 1.221186e-07
8.530000e+02 1.127537e-07
8.540000e+02 9.879424e-08
8.550000e+02 8.760447e-08
8.560000e+02 7.892173e-08
8.570000e+02 5.278770e-08
8.580000e+02 1.150804e-07
8.590000e+02 1.079448e-07
8.600000e+02 9.416072e-08
8.610000e+02 8.746175e-08
8.620000e+02 7.909867e-08
8.630000e+02 7.258139e-08
8.640000e+02 7.939468e-08
8.650000e+02 1.347904e-07
8.660000e+02 1.237752e-07
8.670000e+02 1.077127e-07
8.680000e+02 9.502355e-08
8.690000e+02 7.411971e-08
8.700000e+02 7.122583e-08
8.710000e+02 5.291025e-08
8.720000e+02 9.954903e-08
8.730000e+02 9.154145e-08
8.740000e+02 8.096068e-08
8.750000e+02 7.565096e-08
8.760000e+02 6.954867e-08
8.770000e+02 6.341891e-08
8.780000e+02 5.840897e-08
8.790000e+02 5.896552e-08
8.800000e+02 1.006567e-07
8.810000e+02 8.909334e-08
8.820000e+02 7.853049e-08
8.830000e+02 7.058822e-08
8.840000e+02 6.292361e-08
8.850000e+02 5.435458e-08
8.860000e+02 4.998822e-08
8.870000e+02 4.884861e-08
8.880000e+02 8.617914e-08
8.890000e+02 8.065546e-08
8.900000e+02 7.150067e-08
8.910000e+02 6.364681e-08
8.920000e+02 5.821159e-08
8.930000e+02 5.441020e-08
8.940000e+02 5.470147e-08
8.950000e+02 5.153452e-08
8.960000e+02 5.230724e-08
8.970000e+02 9.013712e-08
8.980000e+02 8.477364e-08
8.990000e+02 7.685093e-08
9.000000e+02 6.883290e-08
9.010000e+02 6.450634e-08
9.020000e+02 5.940270e-08
9.030000e+02 5.502096e-08
9.040000e+02 4.565605e-08
9.050000e+02 4.321002e-08
9.060000e+02 5.424489e-08
9.070000e+02 8.165758e-08
9.080000e+02 7.470225e-08
9.090000e+02 6.504482e-08
9.100000e+02 5.756165e-08
9.110000e+02 5.364985e-08
9.120000e+02 4.940272e-08
9.130000e+02 4.573045e-08
9.140000e+02 4.325241e-08
9.150000e+02 4.085803e-08
9.160000e+02 5.427464e-08
9.170000e+02 7.762791e-08
9.180000e+02 7.441790e-08
9.190000e+02 6.294662e-08
9.200000e+02 5.707546e-08
9.210000e+02 5.175289e-08
9.220000e+02 4.732083e-08
9.230000e+02 4.366901e-08
9.240000e+02 4.085825e-08
9.250000e+02 3.832588e-08
9.260000e+02 3.633393e-08
9.270000e+02 5.553538e-08
9.280000e+02 7.407747e-08
9.290000e+02 7.310595e-08
9.300000e+02 6.456721e-08
9.310000e+02 5.675172e-08
9.320000e+02 5.069271e-08
9.330000e+02 4.599139e-08
9.340000e+02 4.236085e-08
9.350000e+02 3.936974e-08
9.360000e+02 3.687721e-08
9.370000e+02 3.495408e-08
9.380000e+02 3.328743e-08
9.390000e+02 3.186313e-08
9.400000e+02 3.198493e-08
9.410000e+02 6.196627e-08
9.420000e+02 6.975755e-08
9.430000e+02 6.961248e-08
9.440000e+02 6.184036e-08
9.450000e+02 5.338070e-08
9.460000e+02 4.532263e-08
9.470000e+02 4.113222e-08
9.480000e+02 3.780458e-08
9.490000e+02 3.553591e-08
9.500000e+02 3.335381e-08
9.510000e+02 3.164442e-08
9.520000e+02 3.024884e-08
9.530000e+02 2.770140e-08
9.540000e+02 2.682873e-08
9.550000e+02 2.604947e-08
9.560000e+02 5.388587e-08
9.570000e+02 6.834486e-08
9.580000e+02 6.711376e-08
9.590000e+02 5.577058e-08
9.600000e+02 4.824355e-08
9.610000e+02 4.252889e-08
9.620000e+02 3.787392e-08
9.630000e+02 3.456261e-08
9.640000e+02 3.332210e-08
9.650000e+02 3.043590e-08
9.660000e+02 2.861558e-08
9.670000e+02 2.721328e-08
9.680000e+02 2.617108e-08
9.690000e+02 2.569883e-08
9.700000e+02 2.492483e-08
9.710000e+02 2.423439e-08
9.720000e+02 2.374622e-08
9.730000e+02 5.466249e-08
9.740000e+02 6.140925e-08
9.750000e+02 5.886484e-08
9.760000e+02 5.165875e-08
9.770000e+02 4.522245e-08
9.780000e+02 4.031404e-08
9.790000e+02 3.494365e-08
9.800000e+02 3.248997e-08
9.810000e+02 2.969449e-08
9.820000e+02 2.796309e-08
9.830000e+02 2.620074e-08
9.840000e+02 2.459156e-08
9.850000e+02 2.471971e-08
9.860000e+02 2.391046e-08
9.870000e+02 2.297726e-08
9.880000e+02 2.237816e-08
9.890000e+02 2.173927e-08
9.900000e+02 2.144329e-08
9.910000e+02 2.100903e-08
9.920000e+02 2.103776e-08
9.930000e+02 5.597639e-08
9.940000e+02 5.881189e-08
9.950000e+02 5.754758e-08
9.960000e+02 5.053894e-08
9.970000e+02 4.364971e-08
9.980000e+02 3.789352e-08
9.990000e+02 3.413632e-08
1.000000e+03 3.118877e-08
1.001000e+03 2.872592e-08
1.002000e+03 2.842392e-08
1.003000e+03 2.629808e-08
1.004000e+03 2.526442e-08
1.005000e+03 2.390636e-08
1.006000e+03 2.272457e-08
1.007000e+03 2.193628e-08
1.008000e+03 2.122509e-08
1.009000e+03 2.036392e-08
1.010000e+03 2.009753e-08
1.011000e+03 1.968383e-08
1.012000e+03 1.950832e-08
1.013000e+03 1.935211e-08
1.014000e+03 1.881937e-08
1.015000e+03 1.857811e-08
1.016000e+03 5.496502e-08
1.017000e+03 5.383059e-08
1.018000e+03 5.422889e-08
1.019000e+03 5.042477e-08
1.020000e+03 4.336988e-08
1.021000e+03 3.779476e-08
1.022000e+03 3.359501e-08
1.023000e+03 3.014396e-08
1.024000e+03 2.726310e-08
1.025000e+03 2.522585e-08
1.026000e+03 2.349608e-08
1.027000e+03 2.202495e-08
1.028000e+03 2.079302e-08
1.029000e+03 1.942826e-08
1.030000e+03 1.889134e-08
1.031000e+03 1.826171e-08
1.032000e+03 1.778893e-08
1.033000e+03 1.745444e-08
1.034000e+03 1.773041e-08
1.035000e+03 1.731689e-08
1.036000e+03 1.710775e-08
1.037000e+03 1.695409e-08
1.038000e+03 1.676507e-08
1.039000e+03 1.627558e-08
1.040000e+03 1.611913e-08
1.041000e+03 1.586253e-08
1.042000e+03 1.576953e-08
1.043000e+03 1.565028e-08
1.044000e+03 5.473355e-08
1.045000e+03 5.287575e-08
1.046000e+03 9.015428e-09
1.047000e+03 4.119855e-08
1.048000e+03 3.922397e-08
1.049000e+03 3.472763e-08
1.050000e+03 3.065471e-08
1.051000e+03 2.786641e-08
1.052000e+03 2.539379e-08
1.053000e+03 2.329562e-08
1.054000e+03 2.162633e-08
1.055000e+03 2.067080e-08
1.056000e+03 1.981043e-08
1.057000e+03 1.874498e-08
1.058000e+03 1.804959e-08
1.059000e+03 1.728778e-08
1.060000e+03 1.684229e-08
1.061000e+03 1.681468e-08
1.062000e+03 1.594379e-08
1.063000e+03 9.932202e-10
1.064000e+03 1.563573e-08
1.065000e+03 1.551373e-08
1.066000e+03 1.551451e-08
1.067000e+03 1.534682e-08
1.068000e+03 1.509383e-08
1.069000e+03 1.503308e-08
1.070000e+03 1.496145e-08
1.071000e+03 1.357993e-08
1.072000e+03 1.343913e-08
1.073000e+03 1.334750e-08
1.074000e+03 1.309981e-08
1.075000e+03 1.299748e-08
1.076000e+03 1.306405e-08
1.077000e+03 1.311413e-08
1.078000e+03 1.297224e-08
1.079000e+03 1.274620e-08
1.080000e+03 1.274510e-08
1.081000e+03 5.441158e-08
1.082000e+03 1.195900e-08
1.083000e+03 9.876580e-09
1.084000e+03 3.956245e-08
1.085000e+03 3.602957e-08
1.086000e+03 3.177044e-08
1.087000e+03 2.826656e-08
1.088000e+03 2.539618e-08
1.089000e+03 2.249529e-08
1.090000e+03 2.085890e-08
1.091000e+03 1.872013e-08
1.092000e+03 1.730150e-08
1.093000e+03 1.625077e-08
1.094000e+03 1.516786e-08
1.095000e+03 1.439183e-08
1.096000e+03 1.377001e-08
1.097000e+03 1.337850e-08
1.098000e+03 1.304870e-08
1.099000e+03 1.256206e-08
1.100000e+03 1.229867e-08
1.101000e+03 1.188495e-08
1.102000e+03 1.175619e-08
1.103000e+03 1.165844e-08
1.104000e+03 1.134712e-08
1.105000e+03 1.201336e-08
1.106000e+03 1.184340e-08
1.107000e+03 1.171074e-08
1.108000e+03 1.059161e-08
1.109000e+03 1.127000e-08
1.110000e+03 1.108576e-08
1.111000e+03 1.084258e-08
1.112000e+03 1.089548e-08
1.113000e+03 1.088434e-08
1.114000e+03 1.066023e-08
1.115000e+03 1.041073e-08
1.116000e+03 1.032260e-08
1.117000e+03 1.037399e-08
1.118000e+03 1.032665e-08
1.119000e+03 1.013429e-08
1.120000e+03 1.017437e-08
1.121000e+03 9.964736e-09
1.122000e+03 1.003506e-08
1.123000e+03 1.002485e-08
1.124000e+03 9.844228e-09
1.125000e+03 9.816560e-09
1.126000e+03 9.688473e-09
1.127000e+03 9.611832e-09
1.128000e+03 9.576763e-09
1.129000e+03 4.848938e-08
1.130000e+03 1.104302e-08
1.131000e+03 8.337521e-09
1.132000e+03 3.722856e-08
1.133000e+03 3.393154e-08
1.134000e+03 2.972426e-08
1.135000e+03 2.613807e-08
1.136000e+03 2.309248e-08
1.137000e+03 2.037253e-08
1.138000e+03 1.815455e-08
1.139000e+03 1.650091e-08
1.140000e+03 1.516457e-08
1.141000e+03 1.414949e-08
1.142000e+03 1.313918e-08
1.143000e+03 1.237971e-08
1.144000e+03 1.167640e-08
1.145000e+03 1.120654e-08
1.146000e+03 1.083165e-08
1.147000e+03 1.047555e-08
1.148000e+03 1.020296e-08
1.149000e+03 1.008013e-08
1.150000e+03 9.813776e-09
1.151000e+03 9.557945e-09
1.152000e+03 9.578126e-09
1.153000e+03 9.388625e-09
1.154000e+03 9.062127e-09
1.155000e+03 4.592736e-10
1.156000e+03 4.102535e-10
1.157000e+03 4.079873e-10
1.158000e+03 4.081996e-10
1.159000e+03 3.390399e-10
1.160000e+03 3.412686e-10
1.161000e+03 3.034173e-10
1.162000e+03 3.174303e-10
1.163000e+03 3.105521e-10
1.164000e+03 2.720171e-10
1.165000e+03 2.579718e-10
1.166000e+03 2.494711e-10
1.167000e+03 2.608573e-10
1.168000e+03 2.363321e-10
1.169000e+03 2.412435e-10
1.170000e+03 2.515782e-10
1.171000e+03 2.525870e-10
1.172000e+03 2.677248e-10
1.173000e+03 2.950255e-10
1.174000e+03 7.855873e-09
1.175000e+03 7.770426e-09
1.176000e+03 7.648479e-09
1.177000e+03 7.723017e-09
1.178000e+03 7.769134e-09
1.179000e+03 7.665961e-09
1.180000e+03 7.702906e-09
1.181000e+03 7.387103e-09
1.182000e+03 7.489117e-09
1.183000e+03 7.674251e-09
1.184000e+03 7.385110e-09
1.185000e+03 7.297011e-09
1.186000e+03 7.174840e-09
1.187000e+03 7.240133e-09
1.188000e+03 7.151267e-09
1.189000e+03 7.297879e-09
1.190000e+03 7.200737e-09
1.191000e+03 7.047951e-09
1.192000e+03 7.156254e-09
1.193000e+03 7.210564e-09
1.194000e+03 7.095258e-09
1.195000e+03 6.925186e-09
1.196000e+03 6.935276e-09
1.197000e+03 4.524778e-08
1.198000e+03 9.943623e-09
1.199000e+03 4.147327e-08
1.200000e+03 3.686237e-08
1.201000e+03 3.109084e-08
1.202000e+03 2.642109e-08
1.203000e+03 2.274953e-08
1.204000e+03 2.010335e-08
1.205000e+03 1.768179e-08
1.206000e+03 1.551179e-08
1.207000e+03 1.381771e-08
1.208000e+03 1.236225e-08
1.209000e+03 1.136070e-08
1.210000e+03 1.044895e-08
1.211000e+03 9.713010e-09
1.212000e+03 9.198226e-09
1.213000e+03 8.842932e-09
1.214000e+03 8.350671e-09
1.215000e+03 8.086707e-09
1.216000e+03 7.758764e-09
1.217000e+03 7.787440e-09
1.218000e+03 6.457113e-10
1.219000e+03 5.213437e-10
1.220000e+03 6.996600e-09
1.221000e+03 6.961698e-09
1.222000e+03 6.738938e-09
1.223000e+03 6.592067e-09
1.224000e+03 6.493134e-09
1.225000e+03 6.628235e-09
1.226000e+03 6.453490e-09
1.227000e+03 6.530787e-09
1.228000e+03 6.529183e-09
1.229000e+03 6.282436e-09
1.230000e+03 6.180634e-09
1.231000e+03 5.992081e-09
1.232000e+03 6.199036e-09
1.233000e+03 5.940803e-09
1.234000e+03 5.862120e-09
1.235000e+03 6.116904e-09
1.236000e+03 1.724132e-10
1.237000e+03 6.196671e-09
1.238000e+03 1.969197e-10
1.239000e+03 1.767206e-10
1.240000e+03 1.902906e-10
1.241000e+03 1.748160e-10
1.242000e+03 1.735409e-10
1.243000e+03 1.746938e-10
1.244000e+03 1.720424e-10
1.245000e+03 1.561072e-10
1.246000e+03 1.561048e-10
1.247000e+03 1.919924e-10
1.248000e+03 1.790962e-10
1.249000e+03 1.571457e-10
1.250000e+03 1.764480e-10
1.251000e+03 1.548804e-10
1.252000e+03 1.479762e-10
1.253000e+03 1.895803e-10
1.254000e+03 1.590820e-10
1.255000e+03 1.548214e-10
1.256000e+03 1.625404e-10
1.257000e+03 1.514500e-10
1.258000e+03 1.673433e-10
1.259000e+03 1.491320e-10
1.260000e+03 2.162848e-10
1.261000e+03 2.019147e-10
1.262000e+03 1.727905e-10
1.263000e+03 1.737920e-10
1.264000e+03 1.834447e-10
1.265000e+03 1.928843e-10
1.266000e+03 1.708359e-10
1.267000e+03 1.601485e-10
1.268000e+03 1.598624e-10
1.269000e+03 2.190044e-10
1.270000e+03 1.748006e-10
1.271000e+03 1.754869e-10
1.272000e+03 1.916811e-10
1.273000e+03 2.145693e-10
1.274000e+03 1.983382e-10
1.275000e+03 1.680674e-10
1.276000e+03 1.715876e-10
1.277000e+03 1.525371e-10
1.278000e+03 1.454170e-10
1.279000e+03 1.485691e-10
1.280000e+03 2.104486e-10
1.281000e+03 1.678595e-10
1.282000e+03 1.648383e-10
1.283000e+03 1.427213e-10
1.284000e+03 1.480424e-10
1.285000e+03 1.782145e-10
1.286000e+03 1.582326e-10
1.287000e+03 1.430094e-10
1.288000e+03 1.361757e-10
1.289000e+03 1.447776e-10
1.290000e+03 1.291860e-10
1.291000e+03 1.512492e-10
1.292000e+03 1.613452e-10
1.293000e+03 1.391161e-10
1.294000e+03 1.275388e-10
1.295000e+03 1.684124e-10
1.296000e+03 1.473892e-10
1.297000e+03 1.242743e-10
1.298000e+03 1.272031e-10
1.299000e+03 1.226754e-10
1.300000e+03 1.368431e-10
1.301000e+03 4.635418e-08
1.302000e+03 1.095874e-08
1.303000e+03 9.347888e-09
1.304000e+03 3.475600e-08
1.305000e+03 3.099118e-08
1.306000e+03 2.648465e-08
1.307000e+03 2.235027e-08
1.308000e+03 3.726961e-09
1.309000e+03 1.639038e-08
1.310000e+03 1.518668e-08
1.311000e+03 1.332402e-08
1.312000e+03 1.178085e-08
1.313000e+03 1.050733e-08
1.314000e+03 9.451808e-09
1.315000e+03 8.640273e-09
1.316000e+03 7.962542e-09
1.317000e+03 7.783905e-09
1.318000e+03 9.387198e-10
1.319000e+03 7.202899e-10
1.320000e+03 6.498330e-09
1.321000e+03 6.461241e-09
1.322000e+03 5.628447e-10
1.323000e+03 4.565607e-10
1.324000e+03 5.829686e-09
1.325000e+03 6.031781e-09
1.326000e+03 3.584427e-10
1.327000e+03 3.326308e-10
1.328000e+03 3.207751e-10
1.329000e+03 2.585313e-10
1.330000e+03 2.323297e-10
1.331000e+03 1.939403e-10
1.332000e+03 1.738854e-10
1.333000e+03 2.381090e-10
1.334000e+03 1.628183e-10
1.335000e+03 1.541846e-10
1.336000e+03 1.366741e-10
1.337000e+03 5.451157e-09
1.338000e+03 1.727627e-10
1.339000e+03 1.525093e-10
1.340000e+03 5.284962e-09
1.341000e+03 4.992912e-09
1.342000e+03 5.153230e-09
1.343000e+03 4.996869e-09
1.344000e+03 4.936506e-09
1.345000e+03 5.176512e-09
1.346000e+03 4.912909e-09
1.347000e+03 5.191347e-09
1.348000e+03 1.417478e-10
1.349000e+03 5.062634e-09
1.350000e+03 4.902150e-09
1.351000e+03 4.783141e-09
1.352000e+03 4.861249e-09
1.353000e+03 4.928883e-09
1.354000e+03 5.048084e-09
1.355000e+03 4.965299e-09
1.356000e+03 4.867900e-09
1.357000e+03 5.137388e-09
1.358000e+03 1.358146e-10
1.359000e+03 1.363362e-10
1.360000e+03 4.972945e-09
1.361000e+03 4.781623e-09
1.362000e+03 1.373725e-10
1.363000e+03 1.496222e-10
1.364000e+03 4.706333e-09
1.365000e+03 1.541616e-10
1.366000e+03 1.514887e-10
1.367000e+03 4.988532e-09
1.368000e+03 1.326637e-10
1.369000e+03 1.652187e-10
1.370000e+03 4.756157e-09
1.371000e+03 1.618813e-10
1.372000e+03 4.708135e-09
1.373000e+03 1.373772e-10
1.374000e+03 4.429427e-09
1.375000e+03 4.572369e-09
1.376000e+03 4.513340e-09
1.377000e+03 4.624158e-09
1.378000e+03 1.038718e-10
1.379000e+03 1.216671e-10
1.380000e+03 4.435844e-09
1.381000e+03 4.488114e-09
1.382000e+03 4.368244e-09
1.383000e+03 1.402761e-10
1.384000e+03 1.539040e-10
1.385000e+03 4.416160e-09
1.386000e+03 1.526700e-10
1.387000e+03 4.421184e-09
1.388000e+03 4.422570e-09
1.389000e+03 4.241425e-09
1.390000e+03 4.322462e-09
1.391000e+03 4.198978e-09
1.392000e+03 1.283116e-10
1.393000e+03 1.323547e-10
1.394000e+03 4.082623e-09
1.395000e+03 4.179057e-09
1.396000e+03 1.167774e-10
1.397000e+03 4.353776e-09
1.398000e+03 1.132849e-10
1.399000e+03 1.083607e-10
1.400000e+03 4.213692e-09
1.401000e+03 4.157024e-09
1.402000e+03 4.196592e-09
1.403000e+03 4.108889e-09
1.404000e+03 4.057709e-09
1.405000e+03 4.091732e-09
1.406000e+03 4.068669e-09
1.407000e+03 4.281978e-09
1.408000e+03 1.264987e-10
1.409000e+03 4.033487e-09
1.410000e+03 4.116275e-09
1.411000e+03 3.948078e-09
1.412000e+03 4.110199e-09
1.413000e+03 4.122157e-09
1.414000e+03 3.983614e-09
1.415000e+03 4.127905e-09
1.416000e+03 9.811900e-11
1.417000e+03 4.305405e-09
1.418000e+03 4.233680e-09
1.419000e+03 4.034268e-09
1.420000e+03 4.157084e-09
1.421000e+03 3.962568e-09
1.422000e+03 4.063691e-09
1.423000e+03 3.893764e-09
1.424000e+03 3.958117e-09
1.425000e+03 4.128567e-09
1.426000e+03 3.831709e-09
1.427000e+03 4.197723e-09
1.428000e+03 4.037802e-09
1.429000e+03 4.089535e-09
1.430000e+03 3.963911e-09
1.431000e+03 3.762261e-09
1.432000e+03 3.834994e-09
1.433000e+03 4.049805e-09
1.434000e+03 3.926623e-09
1.435000e+03 3.917330e-09
1.436000e+03 3.929868e-09
1.437000e+03 4.476614e-08
1.438000e+03 8.028700e-09
1.439000e+03 3.872655e-08
1.440000e+03 3.415240e-08
1.441000e+03 2.846327e-08
1.442000e+03 2.361969e-08
1.443000e+03 1.981099e-08
1.444000e+03 1.672185e-08
1.445000e+03 1.398817e-08
1.446000e+03 1.171953e-08
1.447000e+03 9.953014e-09
1.448000e+03 8.726375e-09
1.449000e+03 7.898942e-09
1.450000e+03 7.095476e-09
1.451000e+03 6.437729e-09
1.452000e+03 6.151905e-09
1.453000e+03 5.765138e-09
1.454000e+03 5.326511e-09
1.455000e+03 5.102801e-09
1.456000e+03 4.756754e-09
1.457000e+03 4.834248e-09
1.458000e+03 4.658674e-09
1.459000e+03 4.343607e-09
1.460000e+03 4.336697e-09
1.461000e+03 4.366837e-09
1.462000e+03 4.282646e-09
1.463000e+03 3.981830e-09
1.464000e+03 3.865539e-09
1.465000e+03 4.081413e-09
1.466000e+03 3.912897e-09
1.467000e+03 4.027562e-09
1.468000e+03 3.940970e-09
1.469000e+03 3.732031e-09
1.470000e+03 3.713942e-09
1.471000e+03 3.550969e-09
1.472000e+03 3.636511e-09
1.473000e+03 3.506620e-09
1.474000e+03 3.594908e-09
1.475000e+03 3.680227e-09
1.476000e+03 3.670874e-09
1.477000e+03 3.794281e-09
1.478000e+03 3.550083e-09
1.479000e+03 3.344326e-09
1.480000e+03 3.473094e-09
1.481000e+03 3.561458e-09
1.482000e+03 3.745916e-09
1.483000e+03 3.825720e-09
1.484000e+03 3.592811e-09
1.485000e+03 3.499104e-09
1.486000e+03 3.429211e-09
1.487000e+03 3.667709e-09
1.488000e+03 3.482182e-09
1.489000e+03 3.458551e-09
1.490000e+03 3.738147e-09
1.491000e+03 3.664659e-09
1.492000e+03 3.683442e-09
1.493000e+03 3.635464e-09
1.494000e+03 3.454235e-09
1.495000e+03 3.490565e-09
1.496000e+03 3.464386e-09
1.497000e+03 3.730680e-09
1.498000e+03 3.663283e-09
1.499000e+03 3.532562e-09
1.500000e+03 3.705792e-09
1.501000e+03 3.558312e-09
1.502000e+03 3.591383e-09
1.503000e+03 3.441519e-09
1.504000e+03 3.471917e-09
1.505000e+03 3.684530e-09
1.506000e+03 3.583061e-09
1.507000e+03 3.487174e-09
1.508000e+03 3.392459e-09
1.509000e+03 3.577862e-09
1.510000e+03 3.500329e-09
1.511000e+03 3.330395e-09
1.512000e+03 3.532221e-09
1.513000e+03 3.522482e-09
1.514000e+03 3.418459e-09
1.515000e+03 3.416141e-09
1.516000e+03 3.377438e-09
1.517000e+03 3.397613e-09
1.518000e+03 3.342866e-09
1.519000e+03 3.260785e-09
1.520000e+03 3.505607e-09
1.521000e+03 3.424313e-09
1.522000e+03 3.275546e-09
1.523000e+03 3.162359e-09
1.524000e+03 3.213009e-09
1.525000e+03 3.330445e-09
1.526000e+03 3.199762e-09
1.527000e+03 3.343016e-09
1.528000e+03 3.187995e-09
1.529000e+03 3.263374e-09
1.530000e+03 3.318401e-09
1.531000e+03 3.122794e-09
1.532000e+03 3.292529e-09
1.533000e+03 3.141480e-09
1.534000e+03 3.181529e-09
1.535000e+03 3.452475e-09
1.536000e+03 3.367831e-09
1.537000e+03 3.359443e-09
1.538000e+03 3.123335e-09
1.539000e+03 3.012069e-09
1.540000e+03 3.148345e-09
1.541000e+03 3.252384e-09
1.542000e+03 3.277116e-09
1.543000e+03 3.162810e-09
1.544000e+03 3.118062e-09
1.545000e+03 3.209881e-09
1.546000e+03 3.180371e-09
1.547000e+03 3.169327e-09
1.548000e+03 3.125424e-09
1.549000e+03 3.263135e-09
1.550000e+03 3.465350e-09
1.551000e+03 3.409531e-09
1.552000e+03 3.389634e-09
1.553000e+03 3.166795e-09
1.554000e+03 3.030206e-09
1.555000e+03 3.106391e-09
1.556000e+03 3.030467e-09
1.557000e+03 3.384226e-09
1.558000e+03 3.196162e-09
1.559000e+03 3.068301e-09
1.560000e+03 3.228678e-09
1.561000e+03 3.236133e-09
1.562000e+03 3.311195e-09
1.563000e+03 3.181050e-09
1.564000e+03 3.141615e-09
1.565000e+03 3.319195e-09
1.566000e+03 3.361290e-09
1.567000e+03 3.325925e-09
1.568000e+03 3.235277e-09
1.569000e+03 3.103731e-09
1.570000e+03 3.196102e-09
1.571000e+03 3.010562e-09
1.572000e+03 3.312606e-09
1.573000e+03 3.363102e-09
1.574000e+03 3.116972e-09
1.575000e+03 3.125629e-09
1.576000e+03 2.998306e-09
1.577000e+03 3.308473e-09
1.578000e+03 3.175833e-09
1.579000e+03 3.133476e-09
1.580000e+03 3.431890e-09
1.581000e+03 3.272932e-09
1.582000e+03 3.256754e-09
1.583000e+03 3.115022e-09
1.584000e+03 3.041886e-09
1.585000e+03 3.138454e-09
1.586000e+03 2.992017e-09
1.587000e+03 3.205346e-09
1.588000e+03 3.076415e-09
1.589000e+03 3.209163e-09
1.590000e+03 3.071606e-09
1.591000e+03 2.944784e-09
1.592000e+03 3.125382e-09
1.593000e+03 3.142037e-09
1.594000e+03 3.110939e-09
1.595000e+03 3.157230e-09
1.596000e+03 3.265745e-09
1.597000e+03 3.183855e-09
1.598000e+03 2.988589e-09
1.599000e+03 2.857025e-09
1.600000e+03 3.075430e-09
1.601000e+03 2.896478e-09
1.602000e+03 3.095874e-09
1.603000e+03 2.959621e-09
1.604000e+03 2.867258e-09
1.605000e+03 2.986702e-09
1.606000e+03 2.854200e-09
1.607000e+03 2.882430e-09
1.608000e+03 2.828131e-09
1.609000e+03 3.114342e-09
1.610000e+03 3.137259e-09
1.611000e+03 2.982246e-09
1.612000e+03 2.953920e-09
1.613000e+03 2.902516e-09
1.614000e+03 2.859573e-09
1.615000e+03 4.247526e-08
1.616000e+03 7.186684e-09
1.617000e+03 7.155165e-09
1.618000e+03 5.708753e-09
1.619000e+03 4.531545e-09
1.620000e+03 2.353898e-08
1.621000e+03 2.091657e-08
1.622000e+03 1.731675e-08
1.623000e+03 1.456092e-08
1.624000e+03 1.226810e-08
1.625000e+03 1.015034e-08
1.626000e+03 8.475469e-09
1.627000e+03 7.217043e-09
1.628000e+03 6.412614e-09
1.629000e+03 5.777008e-09
1.630000e+03 5.324665e-09
1.631000e+03 4.869225e-09
1.632000e+03 4.685370e-09
1.633000e+03 4.315389e-09
1.634000e+03 3.979073e-09
1.635000e+03 3.816715e-09
1.636000e+03 3.613158e-09
1.637000e+03 3.659041e-09
1.638000e+03 3.553542e-09
1.639000e+03 3.251162e-09
1.640000e+03 3.320586e-09
1.641000e+03 3.361956e-09
1.642000e+03 3.407897e-09
1.643000e+03 3.070757e-09
1.644000e+03 2.966609e-09
1.645000e+03 3.132602e-09
1.646000e+03 2.939982e-09
1.647000e+03 3.241314e-09
1.648000e+03 3.045933e-09
1.649000e+03 2.926519e-09
1.650000e+03 2.861459e-09
1.651000e+03 2.692262e-09
1.652000e+03 2.937889e-09
1.653000e+03 2.904743e-09
1.654000e+03 2.708541e-09
1.655000e+03 2.946737e-09
1.656000e+03 3.047965e-09
1.657000e+03 3.144468e-09
1.658000e+03 2.900647e-09
1.659000e+03 2.799743e-09
1.660000e+03 2.927132e-09
1.661000e+03 2.759873e-09
1.662000e+03 2.977695e-09
1.663000e+03 2.893798e-09
1.664000e+03 2.860479e-09
1.665000e+03 2.884813e-09
1.666000e+03 2.724042e-09
1.667000e+03 2.879418e-09
1.668000e+03 2.728571e-09
1.669000e+03 2.852618e-09
1.670000e+03 2.883060e-09
1.671000e+03 2.939342e-09
1.672000e+03 2.907334e-09
1.673000e+03 2.853039e-09
1.674000e+03 2.912558e-09
1.675000e+03 2.833829e-09
1.676000e+03 2.768060e-09
1.677000e+03 2.919972e-09
1.678000e+03 2.924533e-09
1.679000e+03 2.847722e-09
1.680000e+03 2.937713e-09
1.681000e+03 2.796449e-09
1.682000e+03 2.933704e-09
1.683000e+03 2.745397e-09
1.684000e+03 2.740678e-09
1.685000e+03 2.956531e-09
1.686000e+03 2.943501e-09
1.687000e+03 2.877961e-09
1.688000e+03 2.814514e-09
1.689000e+03 2.937470e-09
1.690000e+03 2.878776e-09
1.691000e+03 2.792423e-09
1.692000e+03 2.995728e-09
1.693000e+03 2.894362e-09
1.694000e+03 2.784888e-09
1.695000e+03 2.895023e-09
1.696000e+03 2.721128e-09
1.697000e+03 2.890868e-09
1.698000e+03 2.679052e-09
1.699000e+03 2.618342e-09
1.700000e+03 2.802406e-09
1.701000e+03 2.808099e-09
1.702000e+03 2.757456e-09
1.703000e+03 2.529212e-09
1.704000e+03 2.654006e-09
1.705000e+03 2.843638e-09
1.706000e+03 2.857850e-09
1.707000e+03 2.759815e-09
1.708000e+03 2.641602e-09
1.709000e+03 2.616734e-09
1.710000e+03 2.709245e-09
1.711000e+03 2.628705e-09
1.712000e+03 2.743789e-09
1.713000e+03 2.649147e-09
1.714000e+03 2.631550e-09
1.715000e+03 2.769146e-09
1.716000e+03 2.677162e-09
1.717000e+03 2.767906e-09
1.718000e+03 2.617720e-09
1.719000e+03 2.440903e-09
1.720000e+03 2.600259e-09
1.721000e+03 2.669726e-09
1.722000e+03 2.710685e-09
1.723000e+03 2.665854e-09
1.724000e+03 2.623950e-09
1.725000e+03 2.567693e-09
1.726000e+03 2.511011e-09
1.727000e+03 2.684487e-09
1.728000e+03 2.552788e-09
1.729000e+03 2.529072e-09
1.730000e+03 2.771269e-09
1.731000e+03 2.641933e-09
1.732000e+03 2.627416e-09
1.733000e+03 2.672893e-09
1.734000e+03 2.489063e-09
1.735000e+03 2.504917e-09
1.736000e+03 2.459556e-09
1.737000e+03 2.752846e-09
1.738000e+03 2.714361e-09
1.739000e+03 2.608815e-09
1.740000e+03 2.724661e-09
1.741000e+03 2.577464e-09
1.742000e+03 2.594949e-09
1.743000e+03 2.505922e-09
1.744000e+03 2.528589e-09
1.745000e+03 2.789480e-09
1.746000e+03 2.711809e-09
1.747000e+03 2.616592e-09
1.748000e+03 2.566537e-09
1.749000e+03 2.732149e-09
1.750000e+03 2.614391e-09
1.751000e+03 2.488237e-09
1.752000e+03 2.720872e-09
1.753000e+03 2.712122e-09
1.754000e+03 2.643432e-09
1.755000e+03 2.620233e-09
1.756000e+03 2.570876e-09
1.757000e+03 2.586759e-09
1.758000e+03 2.547661e-09
1.759000e+03 2.536044e-09
1.760000e+03 2.720830e-09
1.761000e+03 2.612813e-09
1.762000e+03 2.443969e-09
1.763000e+03 2.372578e-09
1.764000e+03 2.409916e-09
1.765000e+03 2.514107e-09
1.766000e+03 2.409294e-09
1.767000e+03 2.483533e-09
1.768000e+03 2.321324e-09
1.769000e+03 2.432629e-09
1.770000e+03 2.463187e-09
1.771000e+03 2.320250e-09
1.772000e+03 2.385281e-09
1.773000e+03 2.301995e-09
1.774000e+03 2.350631e-09
1.775000e+03 2.543904e-09
1.776000e+03 2.424904e-09
1.777000e+03 2.438244e-09
1.778000e+03 2.266235e-09
1.779000e+03 2.158565e-09
1.780000e+03 2.265814e-09
1.781000e+03 2.373965e-09
1.782000e+03 2.359021e-09
1.783000e+03 2.251458e-09
1.784000e+03 2.231967e-09
1.785000e+03 2.290627e-09
1.786000e+03 2.279442e-09
1.787000e+03 2.244573e-09
1.788000e+03 2.201935e-09
1.789000e+03 2.330090e-09
1.790000e+03 2.399162e-09
1.791000e+03 2.310770e-09
1.792000e+03 2.369389e-09
1.793000e+03 2.239408e-09
1.794000e+03 2.151964e-09
1.795000e+03 2.219282e-09
1.796000e+03 2.149727e-09
1.797000e+03 2.451882e-09
1.798000e+03 2.283953e-09
1.799000e+03 2.184752e-09
1.800000e+03 2.337509e-09
