Title ="THE FLUX ERR"
Variables=
iter
residual
1.000000e+00 1.345354e-03
2.000000e+00 4.230037e-04
3.000000e+00 7.471162e-04
4.000000e+00 5.728276e-04
5.000000e+00 7.285584e-04
6.000000e+00 1.396294e-04
7.000000e+00 1.686244e-04
8.000000e+00 1.747437e-05
9.000000e+00 1.194466e-04
1.000000e+01 1.112534e-04
1.100000e+01 8.880840e-05
1.200000e+01 6.389131e-05
1.300000e+01 2.613557e-04
1.400000e+01 4.025697e-05
1.500000e+01 6.127752e-05
1.600000e+01 2.307711e-04
1.700000e+01 1.203345e-04
1.800000e+01 3.682335e-04
1.900000e+01 1.150796e-04
2.000000e+01 5.038578e-05
2.100000e+01 3.591240e-05
2.200000e+01 3.296285e-05
2.300000e+01 1.953295e-05
2.400000e+01 2.225152e-05
2.500000e+01 2.050586e-05
2.600000e+01 2.372901e-05
2.700000e+01 2.135865e-05
2.800000e+01 1.730686e-05
2.900000e+01 1.086326e-05
3.000000e+01 1.869820e-05
3.100000e+01 2.182814e-05
3.200000e+01 5.562612e-06
3.300000e+01 3.636626e-05
3.400000e+01 4.121118e-05
3.500000e+01 1.978510e-06
3.600000e+01 3.252470e-06
3.700000e+01 3.869523e-06
3.800000e+01 7.961672e-06
3.900000e+01 2.518011e-06
4.000000e+01 4.296909e-06
4.100000e+01 4.258342e-06
4.200000e+01 2.907126e-06
4.300000e+01 2.871241e-05
4.400000e+01 3.630026e-06
4.500000e+01 3.982366e-06
4.600000e+01 3.701652e-06
4.700000e+01 2.480512e-05
4.800000e+01 8.381976e-06
4.900000e+01 1.851416e-05
5.000000e+01 2.360963e-05
5.100000e+01 1.999555e-05
5.200000e+01 2.252099e-05
5.300000e+01 8.094628e-06
5.400000e+01 2.494878e-05
5.500000e+01 2.399621e-05
5.600000e+01 2.270199e-05
5.700000e+01 2.630430e-05
5.800000e+01 2.090324e-05
5.900000e+01 1.913742e-05
6.000000e+01 1.919266e-05
6.100000e+01 3.329071e-05
6.200000e+01 2.394602e-05
6.300000e+01 3.004934e-05
6.400000e+01 2.218785e-05
6.500000e+01 2.906145e-05
6.600000e+01 2.744813e-05
6.700000e+01 1.818677e-05
6.800000e+01 2.686154e-05
6.900000e+01 3.701575e-05
7.000000e+01 2.378577e-05
7.100000e+01 2.729454e-05
7.200000e+01 2.691382e-05
7.300000e+01 2.739168e-05
7.400000e+01 1.470420e-05
7.500000e+01 1.484784e-05
7.600000e+01 1.642327e-05
7.700000e+01 1.721316e-05
7.800000e+01 1.645729e-05
7.900000e+01 3.202068e-05
8.000000e+01 3.191438e-05
8.100000e+01 1.557071e-05
8.200000e+01 1.308140e-05
8.300000e+01 1.727830e-05
8.400000e+01 2.408163e-05
8.500000e+01 2.112402e-05
8.600000e+01 2.205940e-05
8.700000e+01 2.043320e-05
8.800000e+01 1.856162e-05
8.900000e+01 3.067958e-05
9.000000e+01 1.688934e-05
9.100000e+01 2.582221e-05
9.200000e+01 1.499688e-05
9.300000e+01 9.006046e-06
9.400000e+01 1.225139e-05
9.500000e+01 1.597103e-05
9.600000e+01 9.804150e-06
9.700000e+01 1.100803e-05
9.800000e+01 1.425469e-05
9.900000e+01 7.450095e-06
1.000000e+02 8.646825e-06
1.010000e+02 7.288263e-05
1.020000e+02 1.536134e-05
1.030000e+02 9.037226e-05
1.040000e+02 8.710476e-05
1.050000e+02 8.788882e-05
1.060000e+02 9.600753e-05
1.070000e+02 8.910840e-05
1.080000e+02 8.479467e-05
1.090000e+02 8.785061e-05
1.100000e+02 8.520446e-05
1.110000e+02 9.684984e-05
1.120000e+02 9.919925e-05
1.130000e+02 1.072049e-04
1.140000e+02 9.312191e-05
1.150000e+02 1.011914e-04
1.160000e+02 1.025856e-04
1.170000e+02 9.399789e-05
1.180000e+02 9.186836e-05
1.190000e+02 9.819262e-05
1.200000e+02 1.161599e-04
1.210000e+02 1.148769e-04
1.220000e+02 1.201407e-04
1.230000e+02 1.257390e-04
1.240000e+02 1.311053e-04
1.250000e+02 1.202126e-04
1.260000e+02 1.261851e-04
1.270000e+02 1.474911e-04
1.280000e+02 1.409215e-04
1.290000e+02 1.260862e-04
1.300000e+02 1.381502e-04
1.310000e+02 1.321828e-04
1.320000e+02 1.312244e-04
1.330000e+02 1.446705e-04
1.340000e+02 1.510740e-04
1.350000e+02 1.251355e-04
1.360000e+02 1.303407e-04
1.370000e+02 1.165958e-04
1.380000e+02 1.224547e-04
1.390000e+02 1.320406e-04
1.400000e+02 1.404003e-04
1.410000e+02 1.274347e-04
1.420000e+02 1.327117e-04
1.430000e+02 1.339955e-04
1.440000e+02 1.161959e-04
1.450000e+02 1.145911e-04
1.460000e+02 1.128571e-04
1.470000e+02 9.770495e-05
1.480000e+02 9.898844e-05
1.490000e+02 9.981540e-05
1.500000e+02 9.301314e-05
1.510000e+02 9.079990e-05
1.520000e+02 7.864197e-05
1.530000e+02 8.827091e-05
1.540000e+02 7.525891e-05
1.550000e+02 7.334995e-05
1.560000e+02 7.745589e-05
1.570000e+02 6.541201e-05
1.580000e+02 6.991086e-05
1.590000e+02 5.924794e-05
1.600000e+02 7.434000e-05
1.610000e+02 7.367624e-05
1.620000e+02 7.544954e-05
1.630000e+02 8.809815e-05
1.640000e+02 1.009951e-04
1.650000e+02 9.917814e-05
1.660000e+02 1.000077e-04
1.670000e+02 1.106516e-04
1.680000e+02 1.234525e-04
1.690000e+02 1.115420e-04
1.700000e+02 1.216407e-04
1.710000e+02 1.229234e-04
1.720000e+02 1.256726e-04
1.730000e+02 1.632995e-04
1.740000e+02 1.642813e-04
1.750000e+02 1.239793e-04
1.760000e+02 1.700821e-04
1.770000e+02 1.567610e-04
1.780000e+02 1.488794e-04
1.790000e+02 1.536792e-05
1.800000e+02 1.516408e-05
1.810000e+02 1.497448e-04
1.820000e+02 1.966774e-05
1.830000e+02 1.426873e-04
1.840000e+02 2.180800e-05
1.850000e+02 1.619417e-05
1.860000e+02 1.801461e-05
1.870000e+02 1.879569e-05
1.880000e+02 1.434087e-05
1.890000e+02 2.024234e-05
1.900000e+02 1.353437e-05
1.910000e+02 1.981704e-05
1.920000e+02 2.062835e-05
1.930000e+02 2.148757e-05
1.940000e+02 1.141762e-04
1.950000e+02 1.683741e-05
1.960000e+02 1.861438e-05
1.970000e+02 1.621747e-05
1.980000e+02 2.192719e-05
1.990000e+02 1.145398e-04
2.000000e+02 2.473781e-05
2.010000e+02 2.649949e-05
2.020000e+02 1.902820e-05
2.030000e+02 2.195235e-05
2.040000e+02 1.123069e-04
2.050000e+02 1.103519e-04
2.060000e+02 8.952982e-05
2.070000e+02 8.183637e-05
2.080000e+02 9.236433e-05
2.090000e+02 8.255042e-05
2.100000e+02 6.675693e-05
2.110000e+02 8.225427e-05
2.120000e+02 6.329472e-05
2.130000e+02 5.019395e-05
2.140000e+02 4.987050e-05
2.150000e+02 4.180012e-05
2.160000e+02 4.481918e-05
2.170000e+02 4.743855e-05
2.180000e+02 6.226460e-05
2.190000e+02 7.937279e-05
2.200000e+02 9.638005e-05
2.210000e+02 8.609056e-05
2.220000e+02 9.056117e-05
2.230000e+02 1.284587e-04
2.240000e+02 1.296261e-04
2.250000e+02 1.461587e-04
2.260000e+02 1.005072e-04
2.270000e+02 1.426870e-04
2.280000e+02 1.120139e-04
2.290000e+02 1.178638e-04
2.300000e+02 1.338271e-04
2.310000e+02 2.047164e-05
2.320000e+02 1.355640e-04
2.330000e+02 1.351505e-04
2.340000e+02 1.613929e-05
2.350000e+02 1.740496e-05
2.360000e+02 1.952538e-05
2.370000e+02 1.901302e-05
2.380000e+02 1.608607e-05
2.390000e+02 2.147459e-05
2.400000e+02 2.581220e-05
2.410000e+02 2.971394e-05
2.420000e+02 2.709502e-05
2.430000e+02 1.838669e-05
2.440000e+02 1.551131e-05
2.450000e+02 2.060226e-05
2.460000e+02 3.563995e-05
2.470000e+02 3.283177e-05
2.480000e+02 2.238092e-05
2.490000e+02 2.181704e-05
2.500000e+02 2.044917e-05
2.510000e+02 2.763460e-05
2.520000e+02 2.040335e-05
2.530000e+02 1.621260e-05
2.540000e+02 2.103050e-05
2.550000e+02 2.578180e-05
2.560000e+02 1.934546e-05
2.570000e+02 1.897164e-05
2.580000e+02 1.635647e-05
2.590000e+02 2.441194e-05
2.600000e+02 2.132541e-05
2.610000e+02 1.536562e-05
2.620000e+02 1.441497e-05
2.630000e+02 1.481563e-05
2.640000e+02 1.584223e-05
2.650000e+02 1.448240e-05
2.660000e+02 4.884819e-05
2.670000e+02 7.723227e-06
2.680000e+02 4.726544e-05
2.690000e+02 4.678797e-05
2.700000e+02 4.949870e-05
2.710000e+02 4.224341e-05
2.720000e+02 3.183749e-05
2.730000e+02 7.733186e-06
2.740000e+02 4.574493e-05
2.750000e+02 3.855270e-05
2.760000e+02 3.496968e-05
2.770000e+02 3.582048e-05
2.780000e+02 3.737230e-05
2.790000e+02 3.390060e-05
2.800000e+02 3.168279e-05
2.810000e+02 2.590560e-05
2.820000e+02 2.435051e-05
2.830000e+02 1.685617e-05
2.840000e+02 1.722452e-05
2.850000e+02 2.082777e-05
2.860000e+02 1.785812e-05
2.870000e+02 1.811445e-05
2.880000e+02 1.649287e-05
2.890000e+02 1.806530e-05
2.900000e+02 1.773439e-05
2.910000e+02 1.699087e-05
2.920000e+02 1.695376e-05
2.930000e+02 1.837017e-05
2.940000e+02 1.957606e-05
2.950000e+02 1.817485e-05
2.960000e+02 2.023221e-05
2.970000e+02 1.943550e-05
2.980000e+02 2.159523e-05
2.990000e+02 1.975273e-05
3.000000e+02 2.313860e-05
3.010000e+02 1.975633e-05
3.020000e+02 1.980734e-05
3.030000e+02 2.579171e-05
3.040000e+02 2.224979e-05
3.050000e+02 2.201171e-05
3.060000e+02 2.321783e-05
3.070000e+02 3.383250e-05
3.080000e+02 3.057176e-05
3.090000e+02 3.431118e-05
3.100000e+02 3.204103e-05
3.110000e+02 3.056751e-05
3.120000e+02 3.214551e-05
3.130000e+02 4.246550e-05
3.140000e+02 4.482057e-05
3.150000e+02 4.467771e-05
3.160000e+02 4.624474e-05
3.170000e+02 3.858217e-05
3.180000e+02 3.430093e-05
3.190000e+02 3.427443e-05
3.200000e+02 3.121385e-05
3.210000e+02 3.350355e-05
3.220000e+02 3.824408e-05
3.230000e+02 4.466532e-05
3.240000e+02 4.716562e-05
3.250000e+02 3.010270e-05
3.260000e+02 4.493274e-05
3.270000e+02 5.331563e-05
3.280000e+02 4.866793e-05
3.290000e+02 4.683652e-05
3.300000e+02 3.700988e-05
3.310000e+02 3.980015e-05
3.320000e+02 3.308031e-05
3.330000e+02 3.925799e-05
3.340000e+02 3.563355e-05
3.350000e+02 4.460513e-05
3.360000e+02 4.601010e-05
3.370000e+02 4.483187e-05
3.380000e+02 4.956614e-05
3.390000e+02 4.414839e-05
3.400000e+02 4.817934e-05
3.410000e+02 4.845769e-05
3.420000e+02 5.582320e-05
3.430000e+02 5.079693e-05
3.440000e+02 4.889016e-05
3.450000e+02 5.027878e-05
3.460000e+02 5.315890e-05
3.470000e+02 5.287385e-05
3.480000e+02 4.818760e-05
3.490000e+02 4.791992e-05
3.500000e+02 4.421051e-05
3.510000e+02 4.157563e-05
3.520000e+02 4.670415e-05
3.530000e+02 4.135617e-05
3.540000e+02 3.799396e-05
3.550000e+02 4.250954e-05
3.560000e+02 4.083455e-05
3.570000e+02 4.464145e-05
3.580000e+02 3.949412e-05
3.590000e+02 3.729117e-05
3.600000e+02 3.462735e-05
3.610000e+02 3.226928e-05
3.620000e+02 3.144424e-05
3.630000e+02 3.015227e-05
3.640000e+02 3.329216e-05
3.650000e+02 2.365042e-05
3.660000e+02 2.567075e-05
3.670000e+02 2.681375e-05
3.680000e+02 2.668357e-05
3.690000e+02 2.392442e-05
3.700000e+02 2.289571e-05
3.710000e+02 1.837807e-05
3.720000e+02 1.629001e-05
3.730000e+02 1.725450e-05
3.740000e+02 1.694462e-05
3.750000e+02 1.718681e-05
3.760000e+02 1.631524e-05
3.770000e+02 1.378027e-05
3.780000e+02 1.378026e-05
3.790000e+02 1.244910e-05
3.800000e+02 1.685036e-05
3.810000e+02 1.284051e-05
3.820000e+02 1.152127e-05
3.830000e+02 1.235989e-05
3.840000e+02 1.272197e-05
3.850000e+02 1.288362e-05
3.860000e+02 1.133007e-05
3.870000e+02 1.067955e-05
3.880000e+02 9.446600e-06
3.890000e+02 1.019213e-05
3.900000e+02 9.997027e-06
3.910000e+02 9.717893e-06
3.920000e+02 8.449115e-06
3.930000e+02 9.238469e-06
3.940000e+02 9.013247e-06
3.950000e+02 8.187274e-06
3.960000e+02 7.303463e-06
3.970000e+02 8.116340e-06
3.980000e+02 8.287272e-06
3.990000e+02 7.165561e-06
4.000000e+02 7.340222e-06
4.010000e+02 7.079701e-06
4.020000e+02 6.583036e-06
4.030000e+02 6.721625e-06
4.040000e+02 7.203238e-06
4.050000e+02 7.412304e-06
4.060000e+02 7.339681e-06
4.070000e+02 6.689464e-06
4.080000e+02 7.131064e-06
4.090000e+02 8.044482e-06
4.100000e+02 7.525800e-06
4.110000e+02 6.939558e-06
4.120000e+02 7.506101e-06
4.130000e+02 8.444667e-06
4.140000e+02 7.558680e-06
4.150000e+02 8.462821e-06
4.160000e+02 9.691705e-06
4.170000e+02 8.963007e-06
4.180000e+02 9.734286e-06
4.190000e+02 1.001895e-05
4.200000e+02 1.031166e-05
4.210000e+02 9.976645e-06
4.220000e+02 1.026650e-05
4.230000e+02 9.362299e-06
4.240000e+02 9.265348e-06
4.250000e+02 8.170401e-06
4.260000e+02 9.613585e-06
4.270000e+02 9.521313e-06
4.280000e+02 9.857912e-06
4.290000e+02 8.450372e-06
4.300000e+02 9.397264e-06
4.310000e+02 1.132612e-05
4.320000e+02 9.981529e-06
4.330000e+02 1.262282e-05
4.340000e+02 1.157920e-05
4.350000e+02 1.126437e-05
4.360000e+02 1.077791e-05
4.370000e+02 1.098967e-05
4.380000e+02 1.116412e-05
4.390000e+02 1.241200e-05
4.400000e+02 1.253571e-05
4.410000e+02 1.203042e-05
4.420000e+02 1.159658e-05
4.430000e+02 1.252522e-05
4.440000e+02 1.306430e-05
4.450000e+02 9.380855e-06
4.460000e+02 1.073384e-05
4.470000e+02 1.082298e-05
4.480000e+02 1.031407e-05
4.490000e+02 1.012639e-05
4.500000e+02 1.075223e-05
4.510000e+02 1.043421e-05
4.520000e+02 1.032756e-05
4.530000e+02 1.053628e-05
4.540000e+02 1.127368e-05
4.550000e+02 1.139617e-05
4.560000e+02 1.043812e-05
4.570000e+02 1.149344e-05
4.580000e+02 9.208983e-06
4.590000e+02 9.536393e-06
4.600000e+02 8.372499e-06
4.610000e+02 9.017997e-06
4.620000e+02 9.291730e-06
4.630000e+02 8.539656e-06
4.640000e+02 8.389223e-06
4.650000e+02 9.667350e-06
4.660000e+02 1.055791e-05
4.670000e+02 8.930291e-06
4.680000e+02 8.543054e-06
4.690000e+02 9.252725e-06
4.700000e+02 6.684669e-06
4.710000e+02 6.218983e-06
4.720000e+02 8.701193e-06
4.730000e+02 6.891628e-06
4.740000e+02 7.656975e-06
4.750000e+02 7.817759e-06
4.760000e+02 7.923083e-06
4.770000e+02 6.682903e-06
4.780000e+02 6.689040e-06
4.790000e+02 7.134512e-06
4.800000e+02 7.024354e-06
4.810000e+02 4.813503e-06
4.820000e+02 4.747690e-06
4.830000e+02 4.457003e-06
4.840000e+02 4.431253e-06
4.850000e+02 4.458551e-06
4.860000e+02 4.504582e-06
4.870000e+02 5.244578e-06
4.880000e+02 5.171048e-06
4.890000e+02 4.358585e-06
4.900000e+02 4.551257e-06
4.910000e+02 3.789226e-06
4.920000e+02 3.518017e-06
4.930000e+02 4.149533e-06
4.940000e+02 3.913095e-06
4.950000e+02 4.097925e-06
4.960000e+02 3.978200e-06
4.970000e+02 9.660819e-06
4.980000e+02 3.119085e-06
4.990000e+02 7.873897e-06
5.000000e+02 2.952888e-06
5.010000e+02 2.945076e-06
5.020000e+02 7.641901e-06
5.030000e+02 3.031073e-06
5.040000e+02 6.612729e-06
5.050000e+02 3.528966e-06
5.060000e+02 7.237703e-06
5.070000e+02 3.815278e-06
5.080000e+02 5.822402e-06
5.090000e+02 4.112064e-06
5.100000e+02 5.601908e-06
5.110000e+02 3.959682e-06
5.120000e+02 5.563220e-06
5.130000e+02 3.930739e-06
5.140000e+02 4.885455e-06
5.150000e+02 3.848006e-06
5.160000e+02 4.671037e-06
5.170000e+02 4.519093e-06
5.180000e+02 4.742517e-06
5.190000e+02 3.787449e-06
5.200000e+02 5.230203e-06
5.210000e+02 4.206946e-06
5.220000e+02 4.356951e-06
5.230000e+02 5.334700e-06
5.240000e+02 3.773746e-06
5.250000e+02 4.908728e-06
5.260000e+02 3.722857e-06
5.270000e+02 3.908806e-06
5.280000e+02 4.916756e-06
5.290000e+02 3.436929e-06
5.300000e+02 3.610314e-06
5.310000e+02 4.575490e-06
5.320000e+02 2.969718e-06
5.330000e+02 3.523030e-06
5.340000e+02 4.737889e-06
5.350000e+02 2.758504e-06
5.360000e+02 3.145220e-06
5.370000e+02 3.969521e-06
5.380000e+02 2.747321e-06
5.390000e+02 3.089251e-06
5.400000e+02 4.200191e-06
5.410000e+02 2.663829e-06
5.420000e+02 3.067019e-06
5.430000e+02 2.926053e-06
5.440000e+02 3.575088e-06
5.450000e+02 2.701665e-06
5.460000e+02 3.120278e-06
5.470000e+02 3.194712e-06
5.480000e+02 2.861803e-06
5.490000e+02 3.200730e-06
5.500000e+02 3.278873e-06
5.510000e+02 3.379245e-06
5.520000e+02 2.728328e-06
5.530000e+02 3.033729e-06
5.540000e+02 3.052854e-06
5.550000e+02 2.949498e-06
5.560000e+02 2.987979e-06
5.570000e+02 2.818869e-06
5.580000e+02 3.191679e-06
5.590000e+02 2.736453e-06
5.600000e+02 2.851053e-06
5.610000e+02 2.702299e-06
5.620000e+02 3.179391e-06
5.630000e+02 2.400066e-06
5.640000e+02 2.855559e-06
5.650000e+02 2.796015e-06
5.660000e+02 2.542816e-06
5.670000e+02 3.379072e-06
5.680000e+02 2.993046e-06
5.690000e+02 3.277698e-06
5.700000e+02 2.173162e-06
5.710000e+02 2.570403e-06
5.720000e+02 2.395356e-06
5.730000e+02 3.119403e-06
5.740000e+02 2.100802e-06
5.750000e+02 2.308685e-06
5.760000e+02 2.055150e-06
5.770000e+02 2.096435e-06
5.780000e+02 3.235924e-06
5.790000e+02 1.738166e-06
5.800000e+02 2.149749e-06
5.810000e+02 1.938295e-06
5.820000e+02 3.266934e-06
5.830000e+02 1.982096e-06
5.840000e+02 1.589868e-06
5.850000e+02 1.439642e-06
5.860000e+02 1.412201e-06
5.870000e+02 2.858110e-06
5.880000e+02 1.413846e-06
5.890000e+02 1.687740e-06
5.900000e+02 1.869727e-06
5.910000e+02 1.780362e-06
5.920000e+02 1.666286e-06
5.930000e+02 2.791190e-06
5.940000e+02 1.498234e-06
5.950000e+02 1.792647e-06
5.960000e+02 1.704593e-06
5.970000e+02 1.603770e-06
5.980000e+02 1.496805e-06
5.990000e+02 2.564181e-06
6.000000e+02 1.286081e-06
6.010000e+02 1.538835e-06
6.020000e+02 1.467992e-06
6.030000e+02 1.347412e-06
6.040000e+02 1.239368e-06
6.050000e+02 1.151122e-06
6.060000e+02 2.518449e-06
6.070000e+02 1.028199e-06
6.080000e+02 1.318153e-06
6.090000e+02 1.244559e-06
6.100000e+02 1.125233e-06
6.110000e+02 8.883047e-07
6.120000e+02 7.948148e-07
6.130000e+02 7.217227e-07
6.140000e+02 2.566227e-06
6.150000e+02 7.711848e-07
6.160000e+02 8.600982e-07
6.170000e+02 7.961101e-07
6.180000e+02 7.160726e-07
6.190000e+02 6.542849e-07
6.200000e+02 6.397628e-07
6.210000e+02 6.034376e-07
6.220000e+02 5.638427e-07
6.230000e+02 5.254373e-07
6.240000e+02 3.229532e-06
6.250000e+02 7.057823e-07
6.260000e+02 6.347486e-07
6.270000e+02 6.247594e-07
6.280000e+02 5.794721e-07
6.290000e+02 5.233898e-07
6.300000e+02 4.661782e-07
6.310000e+02 4.038433e-07
6.320000e+02 3.747619e-07
6.330000e+02 3.528205e-07
6.340000e+02 3.427364e-07
6.350000e+02 3.287558e-07
6.360000e+02 2.595888e-06
6.370000e+02 5.828009e-07
6.380000e+02 5.801182e-07
6.390000e+02 5.221095e-07
6.400000e+02 4.539272e-07
6.410000e+02 4.038038e-07
6.420000e+02 3.675396e-07
6.430000e+02 3.523149e-07
6.440000e+02 3.255685e-07
6.450000e+02 3.162447e-07
6.460000e+02 3.051721e-07
6.470000e+02 3.012531e-07
6.480000e+02 2.985072e-07
6.490000e+02 3.427190e-07
6.500000e+02 5.451056e-07
6.510000e+02 4.623797e-07
6.520000e+02 4.110942e-07
6.530000e+02 3.659695e-07
6.540000e+02 3.250728e-07
6.550000e+02 3.139312e-07
6.560000e+02 2.931608e-07
6.570000e+02 2.871668e-07
6.580000e+02 2.799968e-07
6.590000e+02 2.834769e-07
6.600000e+02 2.699131e-07
6.610000e+02 2.628819e-07
6.620000e+02 2.477623e-07
6.630000e+02 5.529751e-07
6.640000e+02 5.476577e-07
6.650000e+02 4.279044e-07
6.660000e+02 3.456867e-07
6.670000e+02 3.510297e-07
6.680000e+02 3.402808e-07
6.690000e+02 3.212422e-07
6.700000e+02 2.972313e-07
6.710000e+02 2.801799e-07
6.720000e+02 2.666322e-07
6.730000e+02 2.538263e-07
6.740000e+02 2.457894e-07
6.750000e+02 2.407980e-07
6.760000e+02 2.331531e-07
6.770000e+02 5.600272e-07
6.780000e+02 4.880127e-07
6.790000e+02 4.203038e-07
6.800000e+02 3.756838e-07
6.810000e+02 3.375287e-07
6.820000e+02 2.946295e-07
6.830000e+02 3.117328e-07
6.840000e+02 3.295742e-07
6.850000e+02 3.129345e-07
6.860000e+02 2.770923e-07
6.870000e+02 2.612422e-07
6.880000e+02 2.674675e-07
6.890000e+02 2.410821e-07
6.900000e+02 2.329341e-07
6.910000e+02 5.834019e-07
6.920000e+02 6.568739e-07
6.930000e+02 5.226841e-07
6.940000e+02 4.592751e-07
6.950000e+02 3.993162e-07
6.960000e+02 3.583798e-07
6.970000e+02 3.083769e-07
6.980000e+02 2.983619e-07
6.990000e+02 2.828605e-07
7.000000e+02 2.661498e-07
7.010000e+02 2.645717e-07
7.020000e+02 2.556817e-07
7.030000e+02 2.526061e-07
7.040000e+02 9.176573e-07
7.050000e+02 5.998136e-07
7.060000e+02 5.121463e-07
7.070000e+02 4.447811e-07
7.080000e+02 3.909361e-07
7.090000e+02 3.452152e-07
7.100000e+02 3.109767e-07
7.110000e+02 2.789514e-07
7.120000e+02 2.623967e-07
7.130000e+02 4.898911e-07
7.140000e+02 7.117769e-07
7.150000e+02 5.939150e-07
7.160000e+02 4.924400e-07
7.170000e+02 4.241348e-07
7.180000e+02 3.750916e-07
7.190000e+02 3.419866e-07
7.200000e+02 3.129227e-07
7.210000e+02 6.899020e-07
7.220000e+02 7.125706e-07
7.230000e+02 6.351947e-07
7.240000e+02 5.381696e-07
7.250000e+02 4.588844e-07
7.260000e+02 4.046287e-07
7.270000e+02 3.601903e-07
7.280000e+02 6.835939e-07
7.290000e+02 7.722518e-07
7.300000e+02 6.838660e-07
7.310000e+02 5.284142e-07
7.320000e+02 4.673185e-07
7.330000e+02 3.896664e-07
7.340000e+02 3.700727e-07
7.350000e+02 7.226852e-07
7.360000e+02 6.369354e-07
7.370000e+02 5.340781e-07
7.380000e+02 4.560173e-07
7.390000e+02 3.990363e-07
7.400000e+02 3.460305e-07
7.410000e+02 7.236254e-07
7.420000e+02 6.387086e-07
7.430000e+02 5.340744e-07
7.440000e+02 4.912375e-07
7.450000e+02 5.612258e-07
7.460000e+02 1.393839e-07
7.470000e+02 8.047358e-07
7.480000e+02 7.221767e-07
7.490000e+02 6.253029e-07
7.500000e+02 4.418011e-07
7.510000e+02 6.840727e-07
7.520000e+02 5.896535e-07
7.530000e+02 4.865226e-07
7.540000e+02 4.180908e-07
7.550000e+02 1.735487e-06
7.560000e+02 5.881273e-07
7.570000e+02 5.825239e-07
7.580000e+02 4.217312e-07
7.590000e+02 1.233394e-07
7.600000e+02 7.197799e-07
7.610000e+02 6.474820e-07
7.620000e+02 5.433515e-07
7.630000e+02 4.452221e-07
7.640000e+02 2.793537e-07
7.650000e+02 6.515814e-07
7.660000e+02 5.749863e-07
7.670000e+02 4.828911e-07
7.680000e+02 4.155245e-07
7.690000e+02 2.703189e-07
7.700000e+02 6.374547e-07
7.710000e+02 5.631475e-07
7.720000e+02 4.719366e-07
7.730000e+02 2.510380e-07
7.740000e+02 6.543844e-07
7.750000e+02 5.595481e-07
7.760000e+02 4.865982e-07
7.770000e+02 4.157999e-07
7.780000e+02 2.551299e-07
7.790000e+02 6.086311e-07
7.800000e+02 4.975563e-07
7.810000e+02 4.576553e-07
7.820000e+02 4.092268e-07
7.830000e+02 3.683115e-07
7.840000e+02 2.560763e-07
7.850000e+02 5.627882e-07
7.860000e+02 4.488308e-07
7.870000e+02 4.691325e-07
7.880000e+02 4.228479e-07
7.890000e+02 3.272303e-07
7.900000e+02 6.439977e-07
7.910000e+02 5.521892e-07
7.920000e+02 4.678851e-07
7.930000e+02 4.141174e-07
7.940000e+02 1.497750e-06
7.950000e+02 6.574620e-07
7.960000e+02 5.532622e-07
7.970000e+02 4.748798e-07
7.980000e+02 3.958733e-07
7.990000e+02 3.506468e-07
8.000000e+02 2.527315e-07
8.010000e+02 5.674005e-07
8.020000e+02 4.981962e-07
8.030000e+02 4.436770e-07
8.040000e+02 3.952814e-07
8.050000e+02 3.549182e-07
8.060000e+02 2.484188e-07
8.070000e+02 7.567860e-07
8.080000e+02 6.469363e-07
8.090000e+02 5.290582e-07
8.100000e+02 4.528856e-07
8.110000e+02 3.952398e-07
8.120000e+02 3.588945e-07
8.130000e+02 4.138950e-07
8.140000e+02 6.697408e-07
8.150000e+02 5.962737e-07
8.160000e+02 5.030257e-07
8.170000e+02 4.323378e-07
8.180000e+02 3.837418e-07
8.190000e+02 3.960146e-07
8.200000e+02 6.514540e-07
8.210000e+02 5.790848e-07
8.220000e+02 4.580021e-07
8.230000e+02 3.901997e-07
8.240000e+02 3.401154e-07
8.250000e+02 3.011159e-07
8.260000e+02 3.870863e-07
8.270000e+02 5.757499e-07
8.280000e+02 6.622313e-07
8.290000e+02 5.670965e-07
8.300000e+02 4.865209e-07
8.310000e+02 4.228934e-07
8.320000e+02 3.713282e-07
8.330000e+02 3.291687e-07
8.340000e+02 4.060905e-07
8.350000e+02 6.750030e-07
8.360000e+02 6.175503e-07
8.370000e+02 5.245188e-07
8.380000e+02 4.482908e-07
8.390000e+02 3.837190e-07
8.400000e+02 3.350811e-07
8.410000e+02 2.960489e-07
8.420000e+02 3.871920e-07
8.430000e+02 5.644477e-07
8.440000e+02 5.167199e-07
8.450000e+02 4.394702e-07
8.460000e+02 3.752655e-07
8.470000e+02 3.257878e-07
8.480000e+02 2.284355e-07
8.490000e+02 2.275202e-07
8.500000e+02 2.085972e-07
8.510000e+02 2.713273e-07
8.520000e+02 4.858081e-07
8.530000e+02 4.188347e-07
8.540000e+02 3.525973e-07
8.550000e+02 2.562038e-07
8.560000e+02 2.255188e-07
8.570000e+02 2.449001e-07
8.580000e+02 2.233104e-07
8.590000e+02 1.803320e-07
8.600000e+02 2.545243e-07
8.610000e+02 4.551368e-07
8.620000e+02 4.398052e-07
8.630000e+02 3.747406e-07
8.640000e+02 3.225500e-07
8.650000e+02 2.816860e-07
8.660000e+02 2.498560e-07
8.670000e+02 2.227928e-07
8.680000e+02 1.995681e-07
8.690000e+02 1.883501e-07
8.700000e+02 1.606942e-07
8.710000e+02 3.362454e-07
8.720000e+02 5.069571e-07
8.730000e+02 4.426725e-07
8.740000e+02 3.385812e-07
8.750000e+02 2.904434e-07
8.760000e+02 2.530916e-07
8.770000e+02 2.190481e-07
8.780000e+02 1.947578e-07
8.790000e+02 1.758449e-07
8.800000e+02 1.589911e-07
8.810000e+02 1.459263e-07
8.820000e+02 3.634483e-07
8.830000e+02 4.404407e-07
8.840000e+02 3.923020e-07
8.850000e+02 3.288172e-07
8.860000e+02 2.791032e-07
8.870000e+02 2.303824e-07
8.880000e+02 2.050889e-07
8.890000e+02 1.822415e-07
8.900000e+02 1.631871e-07
8.910000e+02 1.474269e-07
8.920000e+02 1.352250e-07
8.930000e+02 1.279396e-07
8.940000e+02 1.189039e-07
8.950000e+02 2.295381e-07
8.960000e+02 3.746673e-07
8.970000e+02 3.205568e-07
8.980000e+02 2.726814e-07
8.990000e+02 2.362630e-07
9.000000e+02 2.078802e-07
9.010000e+02 1.629449e-07
9.020000e+02 1.482290e-07
9.030000e+02 1.347689e-07
9.040000e+02 1.238449e-07
9.050000e+02 1.159124e-07
9.060000e+02 1.090309e-07
9.070000e+02 1.033172e-07
9.080000e+02 9.863598e-08
9.090000e+02 1.845553e-07
9.100000e+02 3.123205e-07
9.110000e+02 2.684536e-07
9.120000e+02 2.283271e-07
9.130000e+02 2.115928e-07
9.140000e+02 1.870134e-07
9.150000e+02 1.641178e-07
9.160000e+02 1.456569e-07
9.170000e+02 1.307187e-07
9.180000e+02 1.152505e-07
9.190000e+02 1.065242e-07
9.200000e+02 1.030862e-07
9.210000e+02 9.652667e-08
9.220000e+02 9.081858e-08
9.230000e+02 8.637447e-08
9.240000e+02 8.303233e-08
9.250000e+02 2.757685e-07
9.260000e+02 3.545153e-07
9.270000e+02 3.058976e-07
9.280000e+02 2.514477e-07
9.290000e+02 2.113984e-07
9.300000e+02 1.802674e-07
9.310000e+02 1.564225e-07
9.320000e+02 1.382217e-07
9.330000e+02 1.236092e-07
9.340000e+02 1.119862e-07
9.350000e+02 1.025747e-07
9.360000e+02 9.485704e-08
9.370000e+02 8.963331e-08
9.380000e+02 8.534105e-08
9.390000e+02 8.017430e-08
9.400000e+02 7.627355e-08
9.410000e+02 7.374246e-08
9.420000e+02 7.170615e-08
9.430000e+02 6.971946e-08
9.440000e+02 6.953233e-08
9.450000e+02 2.949493e-07
9.460000e+02 3.364496e-07
9.470000e+02 2.945269e-07
9.480000e+02 2.209754e-07
9.490000e+02 1.834647e-07
9.500000e+02 1.625876e-07
9.510000e+02 1.407555e-07
9.520000e+02 1.305520e-07
9.530000e+02 1.161008e-07
9.540000e+02 1.042709e-07
9.550000e+02 9.495606e-08
9.560000e+02 8.885851e-08
9.570000e+02 8.222657e-08
9.580000e+02 7.691413e-08
9.590000e+02 7.249652e-08
9.600000e+02 6.983057e-08
9.610000e+02 6.573009e-08
9.620000e+02 6.365157e-08
9.630000e+02 6.201957e-08
9.640000e+02 6.040066e-08
9.650000e+02 6.084951e-08
9.660000e+02 5.838440e-08
9.670000e+02 5.683418e-08
9.680000e+02 5.610151e-08
9.690000e+02 2.976676e-07
9.700000e+02 3.066442e-07
9.710000e+02 2.744563e-07
9.720000e+02 2.262383e-07
9.730000e+02 1.887024e-07
9.740000e+02 1.606722e-07
9.750000e+02 1.379953e-07
9.760000e+02 1.205963e-07
9.770000e+02 1.071900e-07
9.780000e+02 9.889601e-08
9.790000e+02 8.951027e-08
9.800000e+02 8.156286e-08
9.810000e+02 7.507084e-08
9.820000e+02 7.003012e-08
9.830000e+02 6.255001e-08
9.840000e+02 5.891251e-08
9.850000e+02 5.632122e-08
9.860000e+02 5.431511e-08
9.870000e+02 5.276693e-08
9.880000e+02 5.143997e-08
9.890000e+02 5.246261e-08
9.900000e+02 5.151122e-08
9.910000e+02 5.044302e-08
9.920000e+02 5.098387e-08
9.930000e+02 4.976861e-08
9.940000e+02 4.781368e-08
9.950000e+02 4.663822e-08
9.960000e+02 4.607463e-08
9.970000e+02 4.549549e-08
9.980000e+02 4.458069e-08
9.990000e+02 2.833798e-07
1.000000e+03 3.006181e-07
1.001000e+03 2.573399e-07
1.002000e+03 2.094293e-07
1.003000e+03 1.736478e-07
1.004000e+03 1.464405e-07
1.005000e+03 1.255260e-07
1.006000e+03 1.084983e-07
1.007000e+03 9.472020e-08
1.008000e+03 8.378962e-08
1.009000e+03 7.463651e-08
1.010000e+03 6.842037e-08
1.011000e+03 6.150880e-08
1.012000e+03 5.758085e-08
1.013000e+03 5.305118e-08
1.014000e+03 4.833217e-08
1.015000e+03 4.594871e-08
1.016000e+03 4.391391e-08
1.017000e+03 4.278690e-08
1.018000e+03 4.123658e-08
1.019000e+03 4.129699e-08
1.020000e+03 3.917900e-08
1.021000e+03 3.788829e-08
1.022000e+03 3.680058e-08
1.023000e+03 3.613079e-08
1.024000e+03 3.526747e-08
1.025000e+03 3.480093e-08
1.026000e+03 3.530516e-08
1.027000e+03 3.418444e-08
1.028000e+03 3.524702e-08
1.029000e+03 3.368098e-08
1.030000e+03 3.283854e-08
1.031000e+03 3.317990e-08
1.032000e+03 3.320935e-08
1.033000e+03 3.289264e-08
1.034000e+03 3.262022e-08
1.035000e+03 3.222136e-08
1.036000e+03 3.202109e-08
1.037000e+03 3.272892e-08
1.038000e+03 3.159592e-08
1.039000e+03 3.083261e-08
1.040000e+03 3.075440e-08
1.041000e+03 3.016510e-08
1.042000e+03 2.992758e-08
1.043000e+03 2.963640e-08
1.044000e+03 2.964807e-08
1.045000e+03 2.470558e-07
1.046000e+03 4.345139e-08
1.047000e+03 2.123163e-07
1.048000e+03 1.858020e-07
1.049000e+03 1.533367e-07
1.050000e+03 1.289986e-07
1.051000e+03 1.074434e-07
1.052000e+03 9.163650e-08
1.053000e+03 7.855217e-08
1.054000e+03 6.790197e-08
1.055000e+03 6.023433e-08
1.056000e+03 5.234086e-08
1.057000e+03 4.679976e-08
1.058000e+03 4.236399e-08
1.059000e+03 3.865241e-08
1.060000e+03 3.590485e-08
1.061000e+03 3.344576e-08
1.062000e+03 3.175220e-08
1.063000e+03 3.027827e-08
1.064000e+03 3.034100e-08
1.065000e+03 2.745887e-08
1.066000e+03 2.629836e-08
1.067000e+03 2.678599e-08
1.068000e+03 2.652534e-08
1.069000e+03 2.651980e-08
1.070000e+03 2.655339e-08
1.071000e+03 2.553998e-08
1.072000e+03 2.456371e-08
1.073000e+03 2.543138e-08
1.074000e+03 2.375026e-08
1.075000e+03 2.352850e-08
1.076000e+03 2.343788e-08
1.077000e+03 2.315874e-08
1.078000e+03 2.278811e-08
1.079000e+03 2.237151e-08
1.080000e+03 2.214508e-08
1.081000e+03 2.147880e-08
1.082000e+03 2.328654e-08
1.083000e+03 2.106106e-08
1.084000e+03 2.061638e-08
1.085000e+03 2.027921e-08
1.086000e+03 2.025479e-08
1.087000e+03 2.007241e-08
1.088000e+03 1.988113e-08
1.089000e+03 1.958538e-08
1.090000e+03 1.972450e-08
1.091000e+03 2.125705e-08
1.092000e+03 1.969255e-08
1.093000e+03 1.961734e-08
1.094000e+03 2.038483e-08
1.095000e+03 1.924170e-08
1.096000e+03 1.911543e-08
1.097000e+03 1.901620e-08
1.098000e+03 1.855248e-08
1.099000e+03 1.864206e-08
1.100000e+03 1.939148e-08
1.101000e+03 1.806999e-08
1.102000e+03 1.771897e-08
1.103000e+03 1.784418e-08
1.104000e+03 1.762923e-08
1.105000e+03 1.766179e-08
1.106000e+03 1.726724e-08
1.107000e+03 1.720481e-08
1.108000e+03 1.696236e-08
1.109000e+03 1.883923e-08
1.110000e+03 1.700421e-08
1.111000e+03 1.640909e-08
1.112000e+03 1.867050e-08
1.113000e+03 1.722737e-08
1.114000e+03 1.670311e-08
1.115000e+03 1.643268e-08
1.116000e+03 1.455588e-08
1.117000e+03 1.464392e-08
1.118000e+03 1.567120e-08
1.119000e+03 1.418384e-08
1.120000e+03 1.426223e-08
1.121000e+03 1.349072e-08
1.122000e+03 1.358662e-08
1.123000e+03 1.317808e-08
1.124000e+03 1.316690e-08
1.125000e+03 1.344208e-08
1.126000e+03 1.383659e-08
1.127000e+03 1.563388e-08
1.128000e+03 1.271822e-08
1.129000e+03 1.265937e-08
1.130000e+03 1.326717e-08
1.131000e+03 1.266453e-08
1.132000e+03 2.492043e-07
1.133000e+03 4.281087e-08
1.134000e+03 3.965551e-08
1.135000e+03 3.143061e-08
1.136000e+03 2.539857e-08
1.137000e+03 1.074580e-07
1.138000e+03 9.364503e-08
1.139000e+03 7.813566e-08
1.140000e+03 6.541213e-08
1.141000e+03 5.464670e-08
1.142000e+03 4.601675e-08
1.143000e+03 3.897959e-08
1.144000e+03 3.351994e-08
1.145000e+03 3.038034e-08
1.146000e+03 2.608000e-08
1.147000e+03 2.299867e-08
1.148000e+03 2.105438e-08
1.149000e+03 1.953963e-08
1.150000e+03 1.980774e-08
1.151000e+03 1.738831e-08
1.152000e+03 1.663435e-08
1.153000e+03 1.629199e-08
1.154000e+03 1.705637e-08
1.155000e+03 1.490351e-08
1.156000e+03 1.438833e-08
1.157000e+03 1.415062e-08
1.158000e+03 1.437427e-08
1.159000e+03 1.340711e-08
1.160000e+03 1.322671e-08
1.161000e+03 1.324151e-08
1.162000e+03 1.363226e-08
1.163000e+03 1.493605e-08
1.164000e+03 1.235750e-08
1.165000e+03 1.220996e-08
1.166000e+03 1.196592e-08
1.167000e+03 1.159580e-08
1.168000e+03 1.150608e-08
1.169000e+03 1.141337e-08
1.170000e+03 1.199780e-08
1.171000e+03 1.120898e-08
1.172000e+03 1.277291e-08
1.173000e+03 1.166527e-08
1.174000e+03 1.111334e-08
1.175000e+03 1.278480e-08
1.176000e+03 1.331572e-08
1.177000e+03 1.348576e-08
1.178000e+03 1.309559e-08
1.179000e+03 1.041827e-08
1.180000e+03 1.038134e-08
1.181000e+03 1.180453e-08
1.182000e+03 1.021866e-08
1.183000e+03 9.861352e-09
1.184000e+03 9.922844e-09
1.185000e+03 1.000534e-08
1.186000e+03 1.000562e-08
1.187000e+03 9.709905e-09
1.188000e+03 9.589859e-09
1.189000e+03 1.003892e-08
1.190000e+03 1.179316e-08
1.191000e+03 1.040666e-08
1.192000e+03 9.382137e-09
1.193000e+03 9.464505e-09
1.194000e+03 1.051389e-08
1.195000e+03 1.148872e-08
1.196000e+03 9.799232e-09
1.197000e+03 9.677796e-09
1.198000e+03 9.405322e-09
1.199000e+03 1.085157e-08
1.200000e+03 9.346426e-09
1.201000e+03 9.214310e-09
1.202000e+03 9.202838e-09
1.203000e+03 8.974864e-09
1.204000e+03 9.176024e-09
1.205000e+03 9.102564e-09
1.206000e+03 9.138447e-09
1.207000e+03 8.803238e-09
1.208000e+03 1.029147e-08
1.209000e+03 8.934377e-09
1.210000e+03 8.842838e-09
1.211000e+03 8.381708e-09
1.212000e+03 8.849286e-09
1.213000e+03 1.130431e-08
1.214000e+03 9.149922e-09
1.215000e+03 8.788447e-09
1.216000e+03 8.760494e-09
1.217000e+03 1.016750e-08
1.218000e+03 8.770321e-09
1.219000e+03 8.395588e-09
1.220000e+03 9.475679e-09
1.221000e+03 8.305835e-09
1.222000e+03 8.254404e-09
1.223000e+03 7.963349e-09
1.224000e+03 8.147078e-09
1.225000e+03 9.880059e-09
1.226000e+03 1.131244e-08
1.227000e+03 1.066744e-08
1.228000e+03 9.374224e-09
1.229000e+03 9.459821e-09
1.230000e+03 1.055054e-08
1.231000e+03 9.358231e-09
1.232000e+03 9.394577e-09
1.233000e+03 9.373819e-09
1.234000e+03 9.811334e-09
1.235000e+03 1.143005e-08
1.236000e+03 8.774523e-09
1.237000e+03 1.053218e-08
1.238000e+03 9.299969e-09
1.239000e+03 9.153775e-09
1.240000e+03 9.333747e-09
1.241000e+03 9.232416e-09
1.242000e+03 9.117324e-09
1.243000e+03 9.100801e-09
1.244000e+03 1.063096e-08
1.245000e+03 9.619235e-09
1.246000e+03 9.007544e-09
1.247000e+03 8.755182e-09
1.248000e+03 9.140200e-09
1.249000e+03 8.719711e-09
1.250000e+03 1.054596e-08
1.251000e+03 8.998771e-09
1.252000e+03 9.019244e-09
1.253000e+03 1.068317e-08
1.254000e+03 9.004642e-09
1.255000e+03 9.336757e-09
1.256000e+03 8.810049e-09
1.257000e+03 8.593569e-09
1.258000e+03 8.785462e-09
1.259000e+03 8.338403e-09
1.260000e+03 8.634660e-09
1.261000e+03 8.553822e-09
1.262000e+03 9.865868e-09
1.263000e+03 9.279354e-09
1.264000e+03 8.283233e-09
1.265000e+03 8.464616e-09
1.266000e+03 8.613751e-09
1.267000e+03 8.181801e-09
1.268000e+03 8.194506e-09
1.269000e+03 8.255740e-09
1.270000e+03 8.707897e-09
1.271000e+03 1.042131e-08
1.272000e+03 8.051943e-09
1.273000e+03 8.241348e-09
1.274000e+03 8.352472e-09
1.275000e+03 9.451713e-09
1.276000e+03 8.102559e-09
1.277000e+03 8.382507e-09
1.278000e+03 8.051504e-09
1.279000e+03 8.363965e-09
1.280000e+03 9.149621e-09
1.281000e+03 8.324959e-09
1.282000e+03 8.050741e-09
1.283000e+03 8.091341e-09
1.284000e+03 8.025185e-09
1.285000e+03 8.214062e-09
1.286000e+03 7.906706e-09
1.287000e+03 7.918806e-09
1.288000e+03 7.196502e-09
1.289000e+03 9.375741e-09
1.290000e+03 7.968328e-09
1.291000e+03 7.450356e-09
1.292000e+03 7.854783e-09
1.293000e+03 8.021027e-09
1.294000e+03 8.312118e-09
1.295000e+03 9.305868e-09
1.296000e+03 7.979438e-09
1.297000e+03 7.997928e-09
1.298000e+03 9.258390e-09
1.299000e+03 7.861365e-09
1.300000e+03 7.718151e-09
1.301000e+03 8.071529e-09
1.302000e+03 7.826604e-09
1.303000e+03 7.257657e-09
1.304000e+03 7.782692e-09
1.305000e+03 7.373867e-09
1.306000e+03 7.920297e-09
1.307000e+03 9.358899e-09
1.308000e+03 7.302280e-09
1.309000e+03 7.131328e-09
1.310000e+03 7.580982e-09
1.311000e+03 7.301036e-09
1.312000e+03 7.236520e-09
1.313000e+03 9.392115e-09
1.314000e+03 7.768918e-09
1.315000e+03 6.753836e-09
1.316000e+03 8.289050e-09
1.317000e+03 7.096714e-09
1.318000e+03 7.194967e-09
1.319000e+03 7.146379e-09
1.320000e+03 7.903130e-09
1.321000e+03 6.540139e-09
1.322000e+03 6.476971e-09
1.323000e+03 6.627504e-09
1.324000e+03 6.703034e-09
1.325000e+03 8.565569e-09
1.326000e+03 2.525273e-07
1.327000e+03 4.622847e-08
1.328000e+03 4.307444e-08
1.329000e+03 3.418054e-08
1.330000e+03 2.707033e-08
1.331000e+03 2.143757e-08
1.332000e+03 1.713825e-08
1.333000e+03 7.656099e-08
1.334000e+03 6.714340e-08
1.335000e+03 5.491255e-08
1.336000e+03 4.505980e-08
1.337000e+03 3.807821e-08
1.338000e+03 3.128799e-08
1.339000e+03 2.628693e-08
1.340000e+03 2.262773e-08
1.341000e+03 1.945282e-08
1.342000e+03 1.673017e-08
1.343000e+03 1.659128e-08
1.344000e+03 1.366692e-08
1.345000e+03 1.328374e-08
1.346000e+03 1.165460e-08
1.347000e+03 1.104314e-08
1.348000e+03 1.043169e-08
1.349000e+03 1.001379e-08
1.350000e+03 1.109423e-08
1.351000e+03 9.701992e-09
1.352000e+03 1.065839e-08
1.353000e+03 9.482848e-09
1.354000e+03 8.772994e-09
1.355000e+03 8.772997e-09
1.356000e+03 8.740165e-09
1.357000e+03 8.179055e-09
1.358000e+03 7.902476e-09
1.359000e+03 7.658980e-09
1.360000e+03 7.594954e-09
1.361000e+03 9.646906e-09
1.362000e+03 7.589002e-09
1.363000e+03 6.792081e-09
1.364000e+03 7.220104e-09
1.365000e+03 7.115003e-09
1.366000e+03 7.093511e-09
1.367000e+03 6.968374e-09
1.368000e+03 6.910859e-09
1.369000e+03 7.230376e-09
1.370000e+03 7.672317e-09
1.371000e+03 8.210221e-09
1.372000e+03 6.941299e-09
1.373000e+03 7.105451e-09
1.374000e+03 7.203920e-09
1.375000e+03 6.856914e-09
1.376000e+03 6.734781e-09
1.377000e+03 6.860210e-09
1.378000e+03 7.010985e-09
1.379000e+03 8.867284e-09
1.380000e+03 6.614228e-09
1.381000e+03 6.413214e-09
1.382000e+03 6.609850e-09
1.383000e+03 7.237613e-09
1.384000e+03 6.602833e-09
1.385000e+03 6.509004e-09
1.386000e+03 6.576084e-09
1.387000e+03 6.747423e-09
1.388000e+03 7.971398e-09
1.389000e+03 6.866771e-09
1.390000e+03 6.502220e-09
1.391000e+03 6.259874e-09
1.392000e+03 6.533907e-09
1.393000e+03 6.304242e-09
1.394000e+03 7.032705e-09
1.395000e+03 6.336677e-09
1.396000e+03 5.920093e-09
1.397000e+03 7.866526e-09
1.398000e+03 6.259546e-09
1.399000e+03 6.066882e-09
1.400000e+03 6.562066e-09
1.401000e+03 6.109701e-09
1.402000e+03 6.218218e-09
1.403000e+03 6.225873e-09
1.404000e+03 5.950566e-09
1.405000e+03 6.538517e-09
1.406000e+03 8.265675e-09
1.407000e+03 6.825235e-09
1.408000e+03 6.166385e-09
1.409000e+03 5.999341e-09
1.410000e+03 6.489844e-09
1.411000e+03 6.041096e-09
1.412000e+03 7.777442e-09
1.413000e+03 6.598004e-09
1.414000e+03 7.058233e-09
1.415000e+03 8.102642e-09
1.416000e+03 6.534789e-09
1.417000e+03 6.560649e-09
1.418000e+03 6.544272e-09
1.419000e+03 5.945923e-09
1.420000e+03 6.575351e-09
1.421000e+03 5.931700e-09
1.422000e+03 5.976754e-09
1.423000e+03 5.220463e-09
1.424000e+03 7.459543e-09
1.425000e+03 6.396141e-09
1.426000e+03 6.787518e-09
1.427000e+03 5.673490e-09
1.428000e+03 5.979796e-09
1.429000e+03 5.746853e-09
1.430000e+03 6.108313e-09
1.431000e+03 5.809986e-09
1.432000e+03 5.915279e-09
1.433000e+03 7.434388e-09
1.434000e+03 6.011435e-09
1.435000e+03 5.626024e-09
1.436000e+03 5.714864e-09
1.437000e+03 6.272393e-09
1.438000e+03 5.635707e-09
1.439000e+03 5.471593e-09
1.440000e+03 5.799842e-09
1.441000e+03 5.955546e-09
1.442000e+03 7.324728e-09
1.443000e+03 5.823138e-09
1.444000e+03 5.485733e-09
1.445000e+03 6.221180e-09
1.446000e+03 5.638842e-09
1.447000e+03 5.290090e-09
1.448000e+03 5.316716e-09
1.449000e+03 5.395217e-09
1.450000e+03 6.192883e-09
1.451000e+03 7.623227e-09
1.452000e+03 5.566785e-09
1.453000e+03 5.609613e-09
1.454000e+03 5.616580e-09
1.455000e+03 5.390782e-09
1.456000e+03 5.573709e-09
1.457000e+03 5.532099e-09
1.458000e+03 5.518389e-09
1.459000e+03 5.346844e-09
1.460000e+03 6.679857e-09
1.461000e+03 6.159256e-09
1.462000e+03 5.480455e-09
1.463000e+03 5.098559e-09
1.464000e+03 5.799701e-09
1.465000e+03 5.264267e-09
1.466000e+03 5.309775e-09
1.467000e+03 5.339349e-09
1.468000e+03 5.311653e-09
1.469000e+03 6.941759e-09
1.470000e+03 6.371033e-09
1.471000e+03 5.611021e-09
1.472000e+03 5.620770e-09
1.473000e+03 5.189663e-09
1.474000e+03 5.290225e-09
1.475000e+03 5.303599e-09
1.476000e+03 5.479251e-09
1.477000e+03 5.609139e-09
1.478000e+03 7.315630e-09
1.479000e+03 5.878837e-09
1.480000e+03 5.167637e-09
1.481000e+03 5.205552e-09
1.482000e+03 5.470178e-09
1.483000e+03 6.391099e-09
1.484000e+03 5.446398e-09
1.485000e+03 5.257473e-09
1.486000e+03 5.460285e-09
1.487000e+03 6.978184e-09
1.488000e+03 5.065713e-09
1.489000e+03 5.461638e-09
1.490000e+03 5.561477e-09
1.491000e+03 5.267563e-09
1.492000e+03 5.155301e-09
1.493000e+03 5.109939e-09
1.494000e+03 5.863297e-09
1.495000e+03 5.516280e-09
1.496000e+03 6.997056e-09
1.497000e+03 5.780193e-09
1.498000e+03 5.200349e-09
1.499000e+03 5.497828e-09
1.500000e+03 5.788114e-09
1.501000e+03 5.275289e-09
1.502000e+03 5.136364e-09
1.503000e+03 5.044566e-09
1.504000e+03 4.543705e-09
1.505000e+03 6.735426e-09
1.506000e+03 5.382275e-09
1.507000e+03 4.856265e-09
1.508000e+03 5.617547e-09
1.509000e+03 5.183188e-09
1.510000e+03 5.228999e-09
1.511000e+03 4.952744e-09
1.512000e+03 6.789566e-09
1.513000e+03 6.148939e-09
1.514000e+03 7.733510e-09
1.515000e+03 5.845872e-09
1.516000e+03 5.660066e-09
1.517000e+03 5.862558e-09
1.518000e+03 5.767174e-09
1.519000e+03 5.188839e-09
1.520000e+03 5.812998e-09
1.521000e+03 5.370039e-09
1.522000e+03 5.494459e-09
1.523000e+03 7.241597e-09
1.524000e+03 5.045610e-09
1.525000e+03 5.073483e-09
1.526000e+03 6.306398e-09
1.527000e+03 5.439478e-09
1.528000e+03 4.969261e-09
1.529000e+03 4.933151e-09
1.530000e+03 5.287575e-09
1.531000e+03 4.390608e-09
1.532000e+03 6.362338e-09
1.533000e+03 5.188431e-09
1.534000e+03 5.066405e-09
1.535000e+03 5.028869e-09
1.536000e+03 5.294366e-09
1.537000e+03 5.835633e-09
1.538000e+03 4.893331e-09
1.539000e+03 4.866850e-09
1.540000e+03 4.927507e-09
1.541000e+03 6.481976e-09
1.542000e+03 4.956862e-09
1.543000e+03 4.900694e-09
1.544000e+03 5.066203e-09
1.545000e+03 5.213840e-09
1.546000e+03 4.829658e-09
1.547000e+03 4.608824e-09
1.548000e+03 4.792979e-09
1.549000e+03 4.798117e-09
1.550000e+03 5.383714e-09
1.551000e+03 5.544076e-09
1.552000e+03 5.022686e-09
1.553000e+03 5.075229e-09
1.554000e+03 5.333313e-09
1.555000e+03 5.251410e-09
1.556000e+03 5.098890e-09
1.557000e+03 4.711651e-09
1.558000e+03 4.564173e-09
1.559000e+03 6.789021e-09
1.560000e+03 4.909373e-09
1.561000e+03 4.483693e-09
1.562000e+03 4.804151e-09
1.563000e+03 4.777774e-09
1.564000e+03 4.656025e-09
1.565000e+03 4.654304e-09
1.566000e+03 4.672517e-09
1.567000e+03 4.621203e-09
1.568000e+03 6.402242e-09
1.569000e+03 4.806338e-09
1.570000e+03 5.680151e-09
1.571000e+03 4.763413e-09
1.572000e+03 5.098073e-09
1.573000e+03 4.933632e-09
1.574000e+03 4.607837e-09
1.575000e+03 4.527275e-09
1.576000e+03 4.540377e-09
1.577000e+03 5.951182e-09
1.578000e+03 4.823824e-09
1.579000e+03 4.384364e-09
1.580000e+03 4.865367e-09
1.581000e+03 4.851172e-09
1.582000e+03 4.843137e-09
1.583000e+03 5.460920e-09
1.584000e+03 4.598527e-09
1.585000e+03 4.050662e-09
1.586000e+03 6.418840e-09
1.587000e+03 4.843550e-09
1.588000e+03 4.450532e-09
1.589000e+03 4.831177e-09
1.590000e+03 4.976289e-09
1.591000e+03 4.475110e-09
1.592000e+03 4.473902e-09
1.593000e+03 4.537881e-09
1.594000e+03 4.811653e-09
1.595000e+03 6.218905e-09
1.596000e+03 4.696665e-09
1.597000e+03 4.740192e-09
1.598000e+03 4.789275e-09
1.599000e+03 4.327920e-09
1.600000e+03 4.626175e-09
1.601000e+03 4.455152e-09
1.602000e+03 4.451330e-09
1.603000e+03 4.736714e-09
1.604000e+03 6.185827e-09
1.605000e+03 4.709953e-09
1.606000e+03 4.459315e-09
1.607000e+03 4.408991e-09
1.608000e+03 5.002592e-09
1.609000e+03 4.611172e-09
1.610000e+03 4.470373e-09
1.611000e+03 4.714249e-09
1.612000e+03 5.594889e-09
1.613000e+03 5.436630e-09
1.614000e+03 5.052630e-09
1.615000e+03 4.785530e-09
1.616000e+03 5.270096e-09
1.617000e+03 4.513393e-09
1.618000e+03 4.535921e-09
1.619000e+03 4.463189e-09
1.620000e+03 4.965011e-09
1.621000e+03 4.624296e-09
1.622000e+03 6.316062e-09
1.623000e+03 5.104984e-09
1.624000e+03 4.111944e-09
1.625000e+03 4.361182e-09
1.626000e+03 5.557383e-09
1.627000e+03 4.557507e-09
1.628000e+03 4.363627e-09
1.629000e+03 4.443292e-09
1.630000e+03 4.236468e-09
1.631000e+03 6.344350e-09
1.632000e+03 4.155817e-09
1.633000e+03 4.375214e-09
1.634000e+03 4.428861e-09
1.635000e+03 4.412555e-09
1.636000e+03 4.278162e-09
1.637000e+03 5.314469e-09
1.638000e+03 4.401456e-09
1.639000e+03 3.683644e-09
1.640000e+03 5.276873e-09
1.641000e+03 4.195594e-09
1.642000e+03 4.233325e-09
1.643000e+03 4.365056e-09
1.644000e+03 4.723153e-09
1.645000e+03 4.743365e-09
1.646000e+03 4.041085e-09
1.647000e+03 4.106652e-09
1.648000e+03 4.166007e-09
1.649000e+03 5.994279e-09
1.650000e+03 5.092356e-09
1.651000e+03 4.064477e-09
1.652000e+03 4.642479e-09
1.653000e+03 4.171036e-09
1.654000e+03 4.079986e-09
1.655000e+03 4.361562e-09
1.656000e+03 4.585801e-09
1.657000e+03 4.472014e-09
1.658000e+03 6.020716e-09
1.659000e+03 4.898834e-09
1.660000e+03 4.558102e-09
1.661000e+03 3.988304e-09
1.662000e+03 4.536544e-09
1.663000e+03 4.058033e-09
1.664000e+03 4.172397e-09
1.665000e+03 4.286198e-09
1.666000e+03 4.227502e-09
1.667000e+03 6.200594e-09
1.668000e+03 4.083458e-09
1.669000e+03 4.709733e-09
1.670000e+03 5.267971e-09
1.671000e+03 4.826427e-09
1.672000e+03 4.364400e-09
1.673000e+03 4.486201e-09
1.674000e+03 4.230998e-09
1.675000e+03 4.589801e-09
1.676000e+03 5.642736e-09
1.677000e+03 4.433708e-09
1.678000e+03 4.138331e-09
1.679000e+03 4.089865e-09
1.680000e+03 4.581605e-09
1.681000e+03 3.995811e-09
1.682000e+03 4.167404e-09
1.683000e+03 4.676941e-09
1.684000e+03 4.473729e-09
1.685000e+03 6.088972e-09
1.686000e+03 4.237189e-09
1.687000e+03 4.369522e-09
1.688000e+03 4.240023e-09
1.689000e+03 3.910603e-09
1.690000e+03 3.989944e-09
1.691000e+03 3.927156e-09
1.692000e+03 4.052433e-09
1.693000e+03 2.464175e-07
1.694000e+03 4.215975e-08
1.695000e+03 3.942693e-08
1.696000e+03 3.096916e-08
1.697000e+03 2.465348e-08
1.698000e+03 1.973279e-08
1.699000e+03 8.264372e-08
1.700000e+03 7.152703e-08
1.701000e+03 5.884523e-08
1.702000e+03 4.842239e-08
1.703000e+03 4.054797e-08
1.704000e+03 3.253864e-08
1.705000e+03 2.773895e-08
1.706000e+03 2.302071e-08
1.707000e+03 1.953447e-08
1.708000e+03 1.701310e-08
1.709000e+03 1.475352e-08
1.710000e+03 1.328805e-08
1.711000e+03 1.189844e-08
1.712000e+03 1.133052e-08
1.713000e+03 1.038867e-08
1.714000e+03 9.826988e-09
1.715000e+03 9.291116e-09
1.716000e+03 9.215205e-09
1.717000e+03 8.535967e-09
1.718000e+03 7.797731e-09
1.719000e+03 7.399851e-09
1.720000e+03 7.107990e-09
1.721000e+03 8.560939e-09
1.722000e+03 6.753321e-09
1.723000e+03 6.002023e-09
1.724000e+03 5.972853e-09
1.725000e+03 6.024118e-09
1.726000e+03 6.295724e-09
1.727000e+03 5.812720e-09
1.728000e+03 5.398787e-09
1.729000e+03 5.414574e-09
1.730000e+03 6.678152e-09
1.731000e+03 5.910481e-09
1.732000e+03 4.973881e-09
1.733000e+03 5.313740e-09
1.734000e+03 5.172408e-09
1.735000e+03 5.045450e-09
1.736000e+03 5.019212e-09
1.737000e+03 5.249048e-09
1.738000e+03 5.323927e-09
1.739000e+03 6.987790e-09
1.740000e+03 5.043257e-09
1.741000e+03 5.154861e-09
1.742000e+03 5.070035e-09
1.743000e+03 4.828784e-09
1.744000e+03 4.770279e-09
1.745000e+03 5.302936e-09
1.746000e+03 4.816240e-09
1.747000e+03 4.071853e-09
1.748000e+03 6.016041e-09
1.749000e+03 5.306797e-09
1.750000e+03 5.648779e-09
1.751000e+03 4.661235e-09
1.752000e+03 4.893246e-09
1.753000e+03 4.825221e-09
1.754000e+03 4.564418e-09
1.755000e+03 4.548968e-09
1.756000e+03 4.636171e-09
1.757000e+03 6.276643e-09
1.758000e+03 4.705540e-09
1.759000e+03 4.271792e-09
1.760000e+03 4.482185e-09
1.761000e+03 4.490579e-09
1.762000e+03 4.833117e-09
1.763000e+03 4.404614e-09
1.764000e+03 4.462859e-09
1.765000e+03 4.597336e-09
1.766000e+03 6.207120e-09
1.767000e+03 4.677036e-09
1.768000e+03 4.256430e-09
1.769000e+03 4.107987e-09
1.770000e+03 4.778485e-09
1.771000e+03 4.162627e-09
1.772000e+03 4.151105e-09
1.773000e+03 4.172436e-09
1.774000e+03 4.293042e-09
1.775000e+03 4.748263e-09
1.776000e+03 4.166038e-09
1.777000e+03 4.479820e-09
1.778000e+03 4.089987e-09
1.779000e+03 3.902231e-09
1.780000e+03 4.497016e-09
1.781000e+03 4.239042e-09
1.782000e+03 4.027754e-09
1.783000e+03 4.223285e-09
1.784000e+03 5.756802e-09
1.785000e+03 4.368805e-09
1.786000e+03 4.075368e-09
1.787000e+03 4.229274e-09
1.788000e+03 4.278238e-09
1.789000e+03 3.992160e-09
1.790000e+03 3.883686e-09
1.791000e+03 3.973067e-09
1.792000e+03 3.921027e-09
1.793000e+03 6.003802e-09
1.794000e+03 4.211452e-09
1.795000e+03 5.143781e-09
1.796000e+03 4.032333e-09
1.797000e+03 3.883441e-09
1.798000e+03 3.854659e-09
1.799000e+03 4.041880e-09
1.800000e+03 4.500257e-09
