Title ="THE FLUX ERR"
Variables=
iter
residual
1.000000e+00 1.198581e-03
2.000000e+00 7.582748e-04
3.000000e+00 5.527848e-04
4.000000e+00 4.768366e-04
5.000000e+00 6.857455e-05
6.000000e+00 1.573491e-03
7.000000e+00 1.129317e-03
8.000000e+00 3.439930e-05
9.000000e+00 5.830564e-05
1.000000e+01 1.850674e-04
1.100000e+01 6.344339e-04
1.200000e+01 8.713995e-05
1.300000e+01 1.817543e-04
1.400000e+01 4.136298e-04
1.500000e+01 2.614838e-04
1.600000e+01 4.324382e-04
1.700000e+01 1.617815e-04
1.800000e+01 1.285050e-04
1.900000e+01 3.824054e-04
2.000000e+01 3.455438e-04
2.100000e+01 4.529674e-05
2.200000e+01 2.892175e-04
2.300000e+01 3.716197e-05
2.400000e+01 3.015133e-05
2.500000e+01 3.034584e-05
2.600000e+01 2.845617e-05
2.700000e+01 2.864452e-05
2.800000e+01 1.732890e-05
2.900000e+01 2.201324e-05
3.000000e+01 2.444595e-05
3.100000e+01 2.516364e-05
3.200000e+01 5.240478e-06
3.300000e+01 2.433494e-05
3.400000e+01 3.799471e-05
3.500000e+01 3.825684e-05
3.600000e+01 5.787118e-06
3.700000e+01 4.132614e-06
3.800000e+01 7.554116e-06
3.900000e+01 7.498595e-06
4.000000e+01 5.848530e-06
4.100000e+01 5.809922e-06
4.200000e+01 4.488525e-06
4.300000e+01 2.919598e-05
4.400000e+01 7.201056e-06
4.500000e+01 5.370353e-06
4.600000e+01 3.344553e-05
4.700000e+01 3.279935e-05
4.800000e+01 6.009083e-06
4.900000e+01 3.673001e-05
5.000000e+01 3.256052e-05
5.100000e+01 3.558332e-05
5.200000e+01 2.037664e-05
5.300000e+01 3.652184e-05
5.400000e+01 6.911419e-06
5.500000e+01 3.228080e-05
5.600000e+01 1.837323e-05
5.700000e+01 3.231827e-05
5.800000e+01 2.605791e-05
5.900000e+01 3.566005e-05
6.000000e+01 2.931955e-05
6.100000e+01 2.731646e-05
6.200000e+01 3.591368e-05
6.300000e+01 3.997980e-05
6.400000e+01 3.087627e-05
6.500000e+01 3.592589e-05
6.600000e+01 3.433678e-05
6.700000e+01 3.084303e-05
6.800000e+01 1.947166e-05
6.900000e+01 3.624488e-05
7.000000e+01 4.474657e-05
7.100000e+01 3.667086e-05
7.200000e+01 3.071001e-05
7.300000e+01 4.535438e-05
7.400000e+01 3.135946e-05
7.500000e+01 1.153250e-05
7.600000e+01 1.215327e-05
7.700000e+01 3.640021e-05
7.800000e+01 2.483599e-05
7.900000e+01 4.391093e-05
8.000000e+01 2.664317e-05
8.100000e+01 3.729292e-05
8.200000e+01 2.372268e-05
8.300000e+01 2.327890e-05
8.400000e+01 1.988992e-05
8.500000e+01 2.489362e-05
8.600000e+01 3.267389e-05
8.700000e+01 3.859812e-05
8.800000e+01 2.933150e-05
8.900000e+01 2.093095e-05
9.000000e+01 1.259301e-05
9.100000e+01 1.483785e-05
9.200000e+01 1.716803e-05
9.300000e+01 1.163117e-05
9.400000e+01 9.691178e-06
9.500000e+01 1.787288e-05
9.600000e+01 1.156366e-05
9.700000e+01 1.172081e-05
9.800000e+01 1.230464e-05
9.900000e+01 1.327895e-05
1.000000e+02 1.258114e-05
1.010000e+02 1.428042e-05
1.020000e+02 1.204874e-05
1.030000e+02 1.029513e-04
1.040000e+02 1.126513e-04
1.050000e+02 1.092927e-04
1.060000e+02 1.247552e-04
1.070000e+02 1.165072e-04
1.080000e+02 1.288143e-04
1.090000e+02 1.083469e-04
1.100000e+02 1.099668e-04
1.110000e+02 1.094366e-04
1.120000e+02 1.338398e-04
1.130000e+02 1.269094e-04
1.140000e+02 1.215596e-04
1.150000e+02 1.335310e-04
1.160000e+02 1.374875e-04
1.170000e+02 1.213988e-04
1.180000e+02 1.127855e-04
1.190000e+02 1.067599e-04
1.200000e+02 1.346736e-04
1.210000e+02 1.365109e-04
1.220000e+02 1.189476e-04
1.230000e+02 1.458022e-04
1.240000e+02 1.565036e-04
1.250000e+02 1.581660e-04
1.260000e+02 1.455197e-04
1.270000e+02 1.591944e-04
1.280000e+02 1.576283e-04
1.290000e+02 1.501904e-04
1.300000e+02 1.477668e-04
1.310000e+02 1.785123e-04
1.320000e+02 1.646570e-04
1.330000e+02 1.350871e-04
1.340000e+02 1.676364e-04
1.350000e+02 1.673244e-04
1.360000e+02 1.649249e-04
1.370000e+02 1.549960e-04
1.380000e+02 1.622773e-04
1.390000e+02 1.477978e-04
1.400000e+02 1.686411e-04
1.410000e+02 1.627248e-04
1.420000e+02 1.491822e-04
1.430000e+02 1.631657e-04
1.440000e+02 1.429292e-04
1.450000e+02 1.700053e-04
1.460000e+02 1.673531e-04
1.470000e+02 1.714151e-04
1.480000e+02 1.355320e-04
1.490000e+02 1.353785e-04
1.500000e+02 1.130635e-04
1.510000e+02 1.048840e-04
1.520000e+02 1.149864e-04
1.530000e+02 1.053319e-04
1.540000e+02 8.793210e-05
1.550000e+02 9.369676e-05
1.560000e+02 1.011721e-04
1.570000e+02 8.407308e-05
1.580000e+02 9.617459e-05
1.590000e+02 8.250835e-05
1.600000e+02 7.917372e-05
1.610000e+02 9.208045e-05
1.620000e+02 9.288466e-05
1.630000e+02 1.000579e-04
1.640000e+02 1.193076e-04
1.650000e+02 1.228510e-04
1.660000e+02 1.476662e-04
1.670000e+02 1.387938e-04
1.680000e+02 1.259801e-04
1.690000e+02 1.334310e-04
1.700000e+02 1.579178e-04
1.710000e+02 1.573936e-04
1.720000e+02 1.546381e-04
1.730000e+02 1.852337e-04
1.740000e+02 1.930845e-04
1.750000e+02 1.382268e-04
1.760000e+02 1.753656e-04
1.770000e+02 2.112994e-05
1.780000e+02 1.995685e-04
1.790000e+02 2.748159e-05
1.800000e+02 1.805252e-04
1.810000e+02 1.720428e-04
1.820000e+02 1.868178e-04
1.830000e+02 1.628429e-04
1.840000e+02 1.846641e-05
1.850000e+02 1.564465e-04
1.860000e+02 2.964506e-05
1.870000e+02 1.569291e-04
1.880000e+02 1.539531e-04
1.890000e+02 3.736177e-05
1.900000e+02 2.520829e-05
1.910000e+02 2.155770e-05
1.920000e+02 1.329633e-04
1.930000e+02 2.631237e-05
1.940000e+02 2.944006e-05
1.950000e+02 3.149197e-05
1.960000e+02 1.808492e-05
1.970000e+02 1.145901e-04
1.980000e+02 2.474005e-05
1.990000e+02 1.311940e-04
2.000000e+02 2.967649e-05
2.010000e+02 2.642141e-05
2.020000e+02 2.756819e-05
2.030000e+02 1.193710e-04
2.040000e+02 3.199055e-05
2.050000e+02 2.366507e-05
2.060000e+02 1.223344e-04
2.070000e+02 8.306908e-05
2.080000e+02 9.143074e-05
2.090000e+02 9.981332e-05
2.100000e+02 8.847215e-05
2.110000e+02 8.848676e-05
2.120000e+02 7.870041e-05
2.130000e+02 5.479451e-05
2.140000e+02 5.017763e-05
2.150000e+02 5.957293e-05
2.160000e+02 5.678900e-05
2.170000e+02 6.468727e-05
2.180000e+02 7.572328e-05
2.190000e+02 9.659637e-05
2.200000e+02 7.655153e-05
2.210000e+02 1.255083e-04
2.220000e+02 1.108413e-04
2.230000e+02 1.150795e-04
2.240000e+02 1.419229e-04
2.250000e+02 1.691710e-04
2.260000e+02 1.916840e-04
2.270000e+02 1.876216e-04
2.280000e+02 1.738722e-04
2.290000e+02 1.650894e-04
2.300000e+02 1.521531e-04
2.310000e+02 2.019212e-04
2.320000e+02 1.739676e-04
2.330000e+02 1.761273e-04
2.340000e+02 1.577514e-04
2.350000e+02 2.368600e-05
2.360000e+02 2.738502e-05
2.370000e+02 2.821931e-05
2.380000e+02 1.362102e-04
2.390000e+02 3.241691e-05
2.400000e+02 3.394365e-05
2.410000e+02 3.660020e-05
2.420000e+02 3.024485e-05
2.430000e+02 2.170602e-05
2.440000e+02 2.129654e-05
2.450000e+02 2.156601e-05
2.460000e+02 1.558967e-05
2.470000e+02 3.106283e-05
2.480000e+02 4.920679e-05
2.490000e+02 2.748439e-05
2.500000e+02 2.535739e-05
2.510000e+02 3.042930e-05
2.520000e+02 2.948467e-05
2.530000e+02 1.933209e-05
2.540000e+02 2.718357e-05
2.550000e+02 2.818121e-05
2.560000e+02 3.074390e-05
2.570000e+02 2.244071e-05
2.580000e+02 1.658592e-05
2.590000e+02 1.162046e-05
2.600000e+02 1.815851e-05
2.610000e+02 1.878969e-05
2.620000e+02 1.876418e-05
2.630000e+02 1.782374e-05
2.640000e+02 1.794513e-05
2.650000e+02 1.382722e-05
2.660000e+02 7.697038e-06
2.670000e+02 5.985493e-06
2.680000e+02 5.176043e-05
2.690000e+02 5.624125e-05
2.700000e+02 4.999148e-05
2.710000e+02 6.461178e-05
2.720000e+02 1.121654e-05
2.730000e+02 5.878611e-05
2.740000e+02 4.966024e-05
2.750000e+02 4.587779e-05
2.760000e+02 4.187003e-05
2.770000e+02 3.525133e-05
2.780000e+02 4.281690e-05
2.790000e+02 4.039519e-05
2.800000e+02 3.886875e-05
2.810000e+02 3.612372e-05
2.820000e+02 3.349276e-05
2.830000e+02 3.578424e-05
2.840000e+02 3.462790e-05
2.850000e+02 3.062935e-05
2.860000e+02 2.753941e-05
2.870000e+02 2.906299e-05
2.880000e+02 2.434779e-05
2.890000e+02 2.137203e-05
2.900000e+02 2.081614e-05
2.910000e+02 2.232994e-05
2.920000e+02 2.169149e-05
2.930000e+02 2.117354e-05
2.940000e+02 2.335038e-05
2.950000e+02 2.381833e-05
2.960000e+02 2.775762e-05
2.970000e+02 2.702888e-05
2.980000e+02 2.908700e-05
2.990000e+02 2.461343e-05
3.000000e+02 2.702170e-05
3.010000e+02 2.667772e-05
3.020000e+02 2.896544e-05
3.030000e+02 2.943993e-05
3.040000e+02 2.834367e-05
3.050000e+02 3.451174e-05
3.060000e+02 2.960672e-05
3.070000e+02 2.879510e-05
3.080000e+02 3.006555e-05
3.090000e+02 3.408564e-05
3.100000e+02 4.367872e-05
3.110000e+02 2.830763e-05
3.120000e+02 3.600061e-05
3.130000e+02 5.213198e-05
3.140000e+02 5.109394e-05
3.150000e+02 4.144616e-05
3.160000e+02 4.298283e-05
3.170000e+02 4.441389e-05
3.180000e+02 4.978191e-05
3.190000e+02 4.708644e-05
3.200000e+02 4.898627e-05
3.210000e+02 4.911601e-05
3.220000e+02 4.986711e-05
3.230000e+02 5.011811e-05
3.240000e+02 4.821762e-05
3.250000e+02 4.950047e-05
3.260000e+02 4.734930e-05
3.270000e+02 4.580977e-05
3.280000e+02 5.162019e-05
3.290000e+02 4.992675e-05
3.300000e+02 5.911471e-05
3.310000e+02 3.672316e-05
3.320000e+02 4.359878e-05
3.330000e+02 3.772416e-05
3.340000e+02 6.063771e-05
3.350000e+02 4.360006e-05
3.360000e+02 5.107888e-05
3.370000e+02 5.347618e-05
3.380000e+02 5.448022e-05
3.390000e+02 3.446432e-05
3.400000e+02 5.224584e-05
3.410000e+02 6.066167e-05
3.420000e+02 6.222793e-05
3.430000e+02 5.699243e-05
3.440000e+02 5.320995e-05
3.450000e+02 5.452698e-05
3.460000e+02 6.143155e-05
3.470000e+02 6.604194e-05
3.480000e+02 6.006843e-05
3.490000e+02 5.774785e-05
3.500000e+02 5.534891e-05
3.510000e+02 5.642586e-05
3.520000e+02 5.363919e-05
3.530000e+02 6.070953e-05
3.540000e+02 5.654709e-05
3.550000e+02 5.265845e-05
3.560000e+02 5.456061e-05
3.570000e+02 5.045680e-05
3.580000e+02 5.034185e-05
3.590000e+02 5.419171e-05
3.600000e+02 4.788886e-05
3.610000e+02 4.503448e-05
3.620000e+02 4.483514e-05
3.630000e+02 4.610360e-05
3.640000e+02 2.768914e-05
3.650000e+02 3.268791e-05
3.660000e+02 3.679440e-05
3.670000e+02 3.445500e-05
3.680000e+02 2.853305e-05
3.690000e+02 3.195439e-05
3.700000e+02 3.303875e-05
3.710000e+02 2.913908e-05
3.720000e+02 2.599497e-05
3.730000e+02 2.992443e-05
3.740000e+02 3.080353e-05
3.750000e+02 2.818433e-05
3.760000e+02 2.156150e-05
3.770000e+02 2.170111e-05
3.780000e+02 2.355032e-05
3.790000e+02 2.090016e-05
3.800000e+02 1.682354e-05
3.810000e+02 1.643931e-05
3.820000e+02 1.792172e-05
3.830000e+02 1.801298e-05
3.840000e+02 1.950731e-05
3.850000e+02 1.611272e-05
3.860000e+02 1.566691e-05
3.870000e+02 1.100431e-05
3.880000e+02 1.010497e-05
3.890000e+02 1.268626e-05
3.900000e+02 1.176871e-05
3.910000e+02 1.094392e-05
3.920000e+02 9.773612e-06
3.930000e+02 1.181581e-05
3.940000e+02 9.293507e-06
3.950000e+02 8.426808e-06
3.960000e+02 9.183461e-06
3.970000e+02 9.636637e-06
3.980000e+02 1.049484e-05
3.990000e+02 1.180001e-05
4.000000e+02 1.183934e-05
4.010000e+02 8.434922e-06
4.020000e+02 7.676337e-06
4.030000e+02 7.585644e-06
4.040000e+02 8.430767e-06
4.050000e+02 9.492191e-06
4.060000e+02 7.220021e-06
4.070000e+02 7.138118e-06
4.080000e+02 6.346507e-06
4.090000e+02 7.542943e-06
4.100000e+02 7.327712e-06
4.110000e+02 8.158297e-06
4.120000e+02 9.224545e-06
4.130000e+02 8.900230e-06
4.140000e+02 9.639306e-06
4.150000e+02 9.221360e-06
4.160000e+02 1.078476e-05
4.170000e+02 9.903165e-06
4.180000e+02 9.776671e-06
4.190000e+02 9.006407e-06
4.200000e+02 9.260829e-06
4.210000e+02 9.502517e-06
4.220000e+02 1.287358e-05
4.230000e+02 1.295203e-05
4.240000e+02 1.281055e-05
4.250000e+02 1.121491e-05
4.260000e+02 1.225344e-05
4.270000e+02 1.277228e-05
4.280000e+02 1.247082e-05
4.290000e+02 1.255105e-05
4.300000e+02 1.167481e-05
4.310000e+02 1.187708e-05
4.320000e+02 1.289359e-05
4.330000e+02 1.149930e-05
4.340000e+02 1.135934e-05
4.350000e+02 1.457979e-05
4.360000e+02 1.309407e-05
4.370000e+02 1.265209e-05
4.380000e+02 1.317816e-05
4.390000e+02 1.276748e-05
4.400000e+02 1.284204e-05
4.410000e+02 1.289242e-05
4.420000e+02 1.177994e-05
4.430000e+02 1.284417e-05
4.440000e+02 1.226335e-05
4.450000e+02 1.491906e-05
4.460000e+02 1.434656e-05
4.470000e+02 1.348509e-05
4.480000e+02 1.378120e-05
4.490000e+02 1.325454e-05
4.500000e+02 1.262730e-05
4.510000e+02 1.244972e-05
4.520000e+02 1.184892e-05
4.530000e+02 1.226390e-05
4.540000e+02 1.289201e-05
4.550000e+02 1.261907e-05
4.560000e+02 1.327121e-05
4.570000e+02 1.138872e-05
4.580000e+02 1.111019e-05
4.590000e+02 1.076310e-05
4.600000e+02 1.120755e-05
4.610000e+02 1.163342e-05
4.620000e+02 1.033183e-05
4.630000e+02 1.018809e-05
4.640000e+02 9.562857e-06
4.650000e+02 8.885637e-06
4.660000e+02 8.585429e-06
4.670000e+02 9.153355e-06
4.680000e+02 9.728788e-06
4.690000e+02 1.017971e-05
4.700000e+02 1.089371e-05
4.710000e+02 1.057260e-05
4.720000e+02 9.875897e-06
4.730000e+02 8.518834e-06
4.740000e+02 7.471490e-06
4.750000e+02 9.157634e-06
4.760000e+02 9.604759e-06
4.770000e+02 9.711951e-06
4.780000e+02 1.008505e-05
4.790000e+02 9.392533e-06
4.800000e+02 8.574028e-06
4.810000e+02 7.755968e-06
4.820000e+02 7.442051e-06
4.830000e+02 6.904861e-06
4.840000e+02 7.764733e-06
4.850000e+02 7.020808e-06
4.860000e+02 5.989405e-06
4.870000e+02 5.465875e-06
4.880000e+02 5.559571e-06
4.890000e+02 6.510352e-06
4.900000e+02 5.366730e-06
4.910000e+02 5.276654e-06
4.920000e+02 5.071685e-06
4.930000e+02 4.821962e-06
4.940000e+02 5.144873e-06
4.950000e+02 4.933842e-06
4.960000e+02 4.971347e-06
4.970000e+02 1.267368e-05
4.980000e+02 3.854306e-06
4.990000e+02 3.903171e-06
5.000000e+02 1.249549e-05
5.010000e+02 3.626545e-06
5.020000e+02 9.227178e-06
5.030000e+02 5.076847e-06
5.040000e+02 7.485440e-06
5.050000e+02 4.506636e-06
5.060000e+02 6.679732e-06
5.070000e+02 4.888196e-06
5.080000e+02 6.384773e-06
5.090000e+02 4.763936e-06
5.100000e+02 6.217834e-06
5.110000e+02 4.688479e-06
5.120000e+02 5.107569e-06
5.130000e+02 4.932303e-06
5.140000e+02 5.769822e-06
5.150000e+02 4.922630e-06
5.160000e+02 5.464474e-06
5.170000e+02 4.214909e-06
5.180000e+02 5.316982e-06
5.190000e+02 4.772395e-06
5.200000e+02 4.668386e-06
5.210000e+02 4.547261e-06
5.220000e+02 4.669565e-06
5.230000e+02 5.514075e-06
5.240000e+02 3.781029e-06
5.250000e+02 4.707416e-06
5.260000e+02 4.149387e-06
5.270000e+02 4.169221e-06
5.280000e+02 4.934246e-06
5.290000e+02 3.781068e-06
5.300000e+02 4.257065e-06
5.310000e+02 5.411324e-06
5.320000e+02 4.054090e-06
5.330000e+02 3.866941e-06
5.340000e+02 4.817782e-06
5.350000e+02 3.810830e-06
5.360000e+02 4.399454e-06
5.370000e+02 5.299984e-06
5.380000e+02 3.850676e-06
5.390000e+02 4.463896e-06
5.400000e+02 5.217995e-06
5.410000e+02 3.889597e-06
5.420000e+02 4.319132e-06
5.430000e+02 4.871878e-06
5.440000e+02 3.701227e-06
5.450000e+02 4.080662e-06
5.460000e+02 3.897376e-06
5.470000e+02 5.012462e-06
5.480000e+02 3.646629e-06
5.490000e+02 4.239577e-06
5.500000e+02 3.932649e-06
5.510000e+02 3.242360e-06
5.520000e+02 3.551482e-06
5.530000e+02 3.937460e-06
5.540000e+02 3.388258e-06
5.550000e+02 3.784609e-06
5.560000e+02 3.812387e-06
5.570000e+02 4.037797e-06
5.580000e+02 3.201076e-06
5.590000e+02 3.628327e-06
5.600000e+02 3.733626e-06
5.610000e+02 3.123531e-06
5.620000e+02 3.368679e-06
5.630000e+02 3.215118e-06
5.640000e+02 3.854710e-06
5.650000e+02 2.767818e-06
5.660000e+02 3.657036e-06
5.670000e+02 3.529692e-06
5.680000e+02 3.920664e-06
5.690000e+02 2.869717e-06
5.700000e+02 3.295563e-06
5.710000e+02 3.325812e-06
5.720000e+02 2.854711e-06
5.730000e+02 3.052009e-06
5.740000e+02 2.987759e-06
5.750000e+02 3.070616e-06
5.760000e+02 2.675150e-06
5.770000e+02 2.621443e-06
5.780000e+02 2.440918e-06
5.790000e+02 2.798076e-06
5.800000e+02 2.352702e-06
5.810000e+02 2.478152e-06
5.820000e+02 2.292617e-06
5.830000e+02 2.327207e-06
5.840000e+02 3.002790e-06
5.850000e+02 2.102696e-06
5.860000e+02 2.377036e-06
5.870000e+02 2.139997e-06
5.880000e+02 1.961818e-06
5.890000e+02 3.198512e-06
5.900000e+02 1.660574e-06
5.910000e+02 1.917328e-06
5.920000e+02 1.892715e-06
5.930000e+02 1.774472e-06
5.940000e+02 3.136497e-06
5.950000e+02 1.597210e-06
5.960000e+02 1.820549e-06
5.970000e+02 1.653265e-06
5.980000e+02 1.565741e-06
5.990000e+02 1.368658e-06
6.000000e+02 2.914553e-06
6.010000e+02 1.123563e-06
6.020000e+02 1.297565e-06
6.030000e+02 1.261512e-06
6.040000e+02 1.328379e-06
6.050000e+02 1.227045e-06
6.060000e+02 1.130759e-06
6.070000e+02 2.692901e-06
6.080000e+02 1.061083e-06
6.090000e+02 1.216174e-06
6.100000e+02 1.122897e-06
6.110000e+02 9.935526e-07
6.120000e+02 9.260661e-07
6.130000e+02 8.632210e-07
6.140000e+02 8.182049e-07
6.150000e+02 2.448328e-06
6.160000e+02 8.512697e-07
6.170000e+02 1.019219e-06
6.180000e+02 9.275595e-07
6.190000e+02 8.346613e-07
6.200000e+02 7.609072e-07
6.210000e+02 7.228197e-07
6.220000e+02 6.574737e-07
6.230000e+02 6.083174e-07
6.240000e+02 5.712791e-07
6.250000e+02 2.402866e-06
6.260000e+02 6.892428e-07
6.270000e+02 8.083875e-07
6.280000e+02 6.738437e-07
6.290000e+02 6.304971e-07
6.300000e+02 5.712230e-07
6.310000e+02 5.298447e-07
6.320000e+02 4.909544e-07
6.330000e+02 4.658221e-07
6.340000e+02 4.434642e-07
6.350000e+02 2.514994e-06
6.360000e+02 6.475861e-07
6.370000e+02 6.433188e-07
6.380000e+02 5.619106e-07
6.390000e+02 5.120750e-07
6.400000e+02 4.897339e-07
6.410000e+02 4.523681e-07
6.420000e+02 4.372057e-07
6.430000e+02 4.199691e-07
6.440000e+02 4.044199e-07
6.450000e+02 3.921433e-07
6.460000e+02 2.653316e-06
6.470000e+02 5.832618e-07
6.480000e+02 5.330865e-07
6.490000e+02 4.812336e-07
6.500000e+02 4.433397e-07
6.510000e+02 4.189624e-07
6.520000e+02 4.229763e-07
6.530000e+02 3.861588e-07
6.540000e+02 3.725399e-07
6.550000e+02 3.682708e-07
6.560000e+02 3.219404e-07
6.570000e+02 6.273393e-07
6.580000e+02 5.410522e-07
6.590000e+02 4.707405e-07
6.600000e+02 4.384783e-07
6.610000e+02 4.080527e-07
6.620000e+02 3.879246e-07
6.630000e+02 3.814896e-07
6.640000e+02 3.416658e-07
6.650000e+02 3.449344e-07
6.660000e+02 1.895592e-07
6.670000e+02 6.755783e-07
6.680000e+02 5.726925e-07
6.690000e+02 5.145346e-07
6.700000e+02 4.565578e-07
6.710000e+02 4.044075e-07
6.720000e+02 3.780408e-07
6.730000e+02 3.393224e-07
6.740000e+02 3.152120e-07
6.750000e+02 3.063358e-07
6.760000e+02 2.913762e-07
6.770000e+02 5.605561e-07
6.780000e+02 5.041679e-07
6.790000e+02 4.463160e-07
6.800000e+02 4.079852e-07
6.810000e+02 3.807476e-07
6.820000e+02 3.876786e-07
6.830000e+02 3.672700e-07
6.840000e+02 4.231200e-07
6.850000e+02 6.446319e-07
6.860000e+02 5.795735e-07
6.870000e+02 5.004177e-07
6.880000e+02 4.410766e-07
6.890000e+02 4.092613e-07
6.900000e+02 3.764536e-07
6.910000e+02 2.036118e-06
6.920000e+02 5.410061e-07
6.930000e+02 5.678875e-07
6.940000e+02 4.915009e-07
6.950000e+02 4.296468e-07
6.960000e+02 3.936607e-07
6.970000e+02 3.585830e-07
6.980000e+02 1.880099e-06
6.990000e+02 5.438764e-07
7.000000e+02 5.560103e-07
7.010000e+02 4.913265e-07
7.020000e+02 4.060482e-07
7.030000e+02 1.766850e-06
7.040000e+02 6.042821e-07
7.050000e+02 5.851544e-07
7.060000e+02 5.130926e-07
7.070000e+02 4.575408e-07
7.080000e+02 1.704125e-06
7.090000e+02 6.391940e-07
7.100000e+02 5.934493e-07
7.110000e+02 4.924344e-07
7.120000e+02 4.322309e-07
7.130000e+02 1.705282e-06
7.140000e+02 6.118723e-07
7.150000e+02 6.613013e-07
7.160000e+02 4.927438e-07
7.170000e+02 1.702594e-06
7.180000e+02 7.800119e-07
7.190000e+02 7.311493e-07
7.200000e+02 5.812215e-07
7.210000e+02 1.782353e-06
7.220000e+02 8.190170e-07
7.230000e+02 7.497586e-07
7.240000e+02 6.354878e-07
7.250000e+02 1.801664e-06
7.260000e+02 7.686996e-07
7.270000e+02 7.143024e-07
7.280000e+02 6.377235e-07
7.290000e+02 1.769603e-06
7.300000e+02 7.541892e-07
7.310000e+02 6.987850e-07
7.320000e+02 6.014307e-07
7.330000e+02 1.740371e-06
7.340000e+02 7.446907e-07
7.350000e+02 6.991769e-07
7.360000e+02 6.046528e-07
7.370000e+02 5.297429e-07
7.380000e+02 1.785932e-06
7.390000e+02 6.262153e-07
7.400000e+02 5.790718e-07
7.410000e+02 5.121491e-07
7.420000e+02 1.469339e-06
7.430000e+02 6.844022e-07
7.440000e+02 5.707056e-07
7.450000e+02 5.756839e-07
7.460000e+02 1.556325e-06
7.470000e+02 7.154431e-07
7.480000e+02 6.604981e-07
7.490000e+02 5.488357e-07
7.500000e+02 1.511652e-06
7.510000e+02 6.842332e-07
7.520000e+02 6.096835e-07
7.530000e+02 5.792165e-07
7.540000e+02 5.110218e-07
7.550000e+02 1.577213e-06
7.560000e+02 6.281785e-07
7.570000e+02 5.937310e-07
7.580000e+02 5.185337e-07
7.590000e+02 4.532561e-07
7.600000e+02 1.526196e-06
7.610000e+02 6.078753e-07
7.620000e+02 5.582590e-07
7.630000e+02 4.875803e-07
7.640000e+02 4.211893e-07
7.650000e+02 1.542833e-06
7.660000e+02 5.899337e-07
7.670000e+02 5.391011e-07
7.680000e+02 5.059239e-07
7.690000e+02 4.482772e-07
7.700000e+02 1.525520e-06
7.710000e+02 5.382316e-07
7.720000e+02 4.899439e-07
7.730000e+02 4.300802e-07
7.740000e+02 3.848879e-07
7.750000e+02 1.710909e-06
7.760000e+02 5.707516e-07
7.770000e+02 5.516075e-07
7.780000e+02 4.793543e-07
7.790000e+02 4.027107e-07
7.800000e+02 1.551174e-06
7.810000e+02 5.518419e-07
7.820000e+02 5.071736e-07
7.830000e+02 4.410460e-07
7.840000e+02 3.768695e-07
7.850000e+02 3.385511e-07
7.860000e+02 1.452210e-06
7.870000e+02 4.916866e-07
7.880000e+02 4.656697e-07
7.890000e+02 4.035828e-07
7.900000e+02 3.536776e-07
7.910000e+02 3.154984e-07
7.920000e+02 1.442757e-06
7.930000e+02 5.256506e-07
7.940000e+02 4.955632e-07
7.950000e+02 4.292378e-07
7.960000e+02 3.736692e-07
7.970000e+02 3.293609e-07
7.980000e+02 1.341514e-06
7.990000e+02 4.821454e-07
8.000000e+02 4.812811e-07
8.010000e+02 4.146593e-07
8.020000e+02 3.450517e-07
8.030000e+02 3.094639e-07
8.040000e+02 1.301444e-06
8.050000e+02 4.807953e-07
8.060000e+02 4.581412e-07
8.070000e+02 3.978764e-07
8.080000e+02 3.503882e-07
8.090000e+02 3.104711e-07
8.100000e+02 2.780959e-07
8.110000e+02 1.303973e-06
8.120000e+02 5.052592e-07
8.130000e+02 4.837920e-07
8.140000e+02 4.158642e-07
8.150000e+02 3.569409e-07
8.160000e+02 3.129950e-07
8.170000e+02 2.752736e-07
8.180000e+02 2.517432e-07
8.190000e+02 1.319185e-06
8.200000e+02 4.057358e-07
8.210000e+02 3.908231e-07
8.220000e+02 3.394556e-07
8.230000e+02 2.971659e-07
8.240000e+02 2.645586e-07
8.250000e+02 2.394621e-07
8.260000e+02 2.200881e-07
8.270000e+02 1.324389e-06
8.280000e+02 3.964010e-07
8.290000e+02 3.947043e-07
8.300000e+02 3.437449e-07
8.310000e+02 2.916089e-07
8.320000e+02 2.593874e-07
8.330000e+02 2.326697e-07
8.340000e+02 2.127731e-07
8.350000e+02 1.503656e-07
8.360000e+02 4.230502e-07
8.370000e+02 3.807758e-07
8.380000e+02 3.259314e-07
8.390000e+02 2.825779e-07
8.400000e+02 2.519167e-07
8.410000e+02 2.256067e-07
8.420000e+02 2.053658e-07
8.430000e+02 1.892682e-07
8.440000e+02 1.754857e-07
8.450000e+02 1.524919e-07
8.460000e+02 4.032889e-07
8.470000e+02 3.639407e-07
8.480000e+02 3.113877e-07
8.490000e+02 2.685534e-07
8.500000e+02 2.353032e-07
8.510000e+02 2.092603e-07
8.520000e+02 1.893308e-07
8.530000e+02 1.749472e-07
8.540000e+02 1.623186e-07
8.550000e+02 1.525435e-07
8.560000e+02 1.606687e-07
8.570000e+02 3.753094e-07
8.580000e+02 3.365291e-07
8.590000e+02 2.884752e-07
8.600000e+02 2.464511e-07
8.610000e+02 2.075771e-07
8.620000e+02 1.840199e-07
8.630000e+02 1.702679e-07
8.640000e+02 1.561274e-07
8.650000e+02 1.443088e-07
8.660000e+02 1.356653e-07
8.670000e+02 1.289942e-07
8.680000e+02 1.622333e-07
8.690000e+02 3.489727e-07
8.700000e+02 3.129652e-07
8.710000e+02 2.644480e-07
8.720000e+02 2.302529e-07
8.730000e+02 2.009305e-07
8.740000e+02 1.777790e-07
8.750000e+02 1.600607e-07
8.760000e+02 1.459385e-07
8.770000e+02 1.350628e-07
8.780000e+02 1.261450e-07
8.790000e+02 1.200316e-07
8.800000e+02 1.205041e-07
8.810000e+02 2.011614e-07
8.820000e+02 3.355891e-07
8.830000e+02 3.039854e-07
8.840000e+02 2.583252e-07
8.850000e+02 2.218997e-07
8.860000e+02 1.943899e-07
8.870000e+02 1.726105e-07
8.880000e+02 1.565647e-07
8.890000e+02 1.415787e-07
8.900000e+02 1.317438e-07
8.910000e+02 1.230346e-07
8.920000e+02 1.155709e-07
8.930000e+02 1.097277e-07
8.940000e+02 1.047540e-07
8.950000e+02 1.007286e-07
8.960000e+02 9.779208e-08
8.970000e+02 1.683073e-07
8.980000e+02 3.383288e-07
8.990000e+02 3.058277e-07
9.000000e+02 2.616695e-07
9.010000e+02 2.192284e-07
9.020000e+02 1.885792e-07
9.030000e+02 1.649973e-07
9.040000e+02 1.465668e-07
9.050000e+02 1.322626e-07
9.060000e+02 1.212846e-07
9.070000e+02 1.154517e-07
9.080000e+02 1.090362e-07
9.090000e+02 1.015289e-07
9.100000e+02 9.625210e-08
9.110000e+02 9.188375e-08
9.120000e+02 8.877368e-08
9.130000e+02 8.636096e-08
9.140000e+02 8.439922e-08
9.150000e+02 8.320317e-08
9.160000e+02 8.167308e-08
9.170000e+02 1.768296e-07
9.180000e+02 3.298785e-07
9.190000e+02 3.001110e-07
9.200000e+02 2.548245e-07
9.210000e+02 2.167322e-07
9.220000e+02 1.859697e-07
9.230000e+02 1.618001e-07
9.240000e+02 1.426856e-07
9.250000e+02 1.279138e-07
9.260000e+02 1.142560e-07
9.270000e+02 1.067489e-07
9.280000e+02 1.000036e-07
9.290000e+02 9.362586e-08
9.300000e+02 8.822310e-08
9.310000e+02 8.429761e-08
9.320000e+02 8.122881e-08
9.330000e+02 7.851990e-08
9.340000e+02 7.569758e-08
9.350000e+02 7.400585e-08
9.360000e+02 7.284286e-08
9.370000e+02 7.175650e-08
9.380000e+02 7.002585e-08
9.390000e+02 6.976437e-08
9.400000e+02 6.844465e-08
9.410000e+02 1.820995e-07
9.420000e+02 3.113358e-07
9.430000e+02 2.800555e-07
9.440000e+02 2.349743e-07
9.450000e+02 1.983625e-07
9.460000e+02 1.701320e-07
9.470000e+02 1.475661e-07
9.480000e+02 1.353437e-07
9.490000e+02 1.206010e-07
9.500000e+02 1.086853e-07
9.510000e+02 9.939182e-08
9.520000e+02 9.195814e-08
9.530000e+02 8.484517e-08
9.540000e+02 7.931022e-08
9.550000e+02 7.511397e-08
9.560000e+02 7.193311e-08
9.570000e+02 6.923219e-08
9.580000e+02 6.697593e-08
9.590000e+02 6.408564e-08
9.600000e+02 6.755602e-08
9.610000e+02 6.316172e-08
9.620000e+02 6.152302e-08
9.630000e+02 5.979752e-08
9.640000e+02 5.890931e-08
9.650000e+02 5.887501e-08
9.660000e+02 5.849761e-08
9.670000e+02 5.693085e-08
9.680000e+02 5.647746e-08
9.690000e+02 5.673093e-08
9.700000e+02 5.522056e-08
9.710000e+02 5.485757e-08
9.720000e+02 5.467359e-08
9.730000e+02 5.291635e-08
9.740000e+02 5.198984e-08
9.750000e+02 1.762794e-07
9.760000e+02 2.817528e-07
9.770000e+02 2.484621e-07
9.780000e+02 2.080371e-07
9.790000e+02 1.756331e-07
9.800000e+02 1.499777e-07
9.810000e+02 1.298520e-07
9.820000e+02 1.131490e-07
9.830000e+02 9.935927e-08
9.840000e+02 8.925139e-08
9.850000e+02 8.316006e-08
9.860000e+02 7.654589e-08
9.870000e+02 7.095428e-08
9.880000e+02 6.615803e-08
9.890000e+02 6.314151e-08
9.900000e+02 5.927409e-08
9.910000e+02 5.771996e-08
9.920000e+02 5.159803e-08
9.930000e+02 5.009031e-08
9.940000e+02 4.847118e-08
9.950000e+02 4.705969e-08
9.960000e+02 4.659300e-08
9.970000e+02 4.550661e-08
9.980000e+02 4.471717e-08
9.990000e+02 4.512029e-08
1.000000e+03 4.406589e-08
1.001000e+03 4.298122e-08
1.002000e+03 4.267890e-08
1.003000e+03 4.255072e-08
1.004000e+03 4.305373e-08
1.005000e+03 4.158314e-08
1.006000e+03 4.126168e-08
1.007000e+03 4.022246e-08
1.008000e+03 3.971271e-08
1.009000e+03 3.940119e-08
1.010000e+03 3.909473e-08
1.011000e+03 3.860623e-08
1.012000e+03 4.138710e-08
1.013000e+03 4.238297e-08
1.014000e+03 4.037110e-08
1.015000e+03 3.965266e-08
1.016000e+03 3.918287e-08
1.017000e+03 3.856516e-08
1.018000e+03 3.791021e-08
1.019000e+03 3.757660e-08
1.020000e+03 4.215975e-08
1.021000e+03 3.903761e-08
1.022000e+03 3.755956e-08
1.023000e+03 3.652772e-08
1.024000e+03 3.667465e-08
1.025000e+03 3.560354e-08
1.026000e+03 3.535322e-08
1.027000e+03 3.447630e-08
1.028000e+03 3.423051e-08
1.029000e+03 3.430026e-08
1.030000e+03 3.380459e-08
1.031000e+03 3.352601e-08
1.032000e+03 3.398853e-08
1.033000e+03 1.987012e-07
1.034000e+03 2.531486e-07
1.035000e+03 2.345035e-07
1.036000e+03 1.945653e-07
1.037000e+03 1.608576e-07
1.038000e+03 1.341065e-07
1.039000e+03 1.107975e-07
1.040000e+03 9.919611e-08
1.041000e+03 8.633964e-08
1.042000e+03 7.430756e-08
1.043000e+03 6.474280e-08
1.044000e+03 5.704736e-08
1.045000e+03 5.011657e-08
1.046000e+03 4.486960e-08
1.047000e+03 4.198055e-08
1.048000e+03 3.934596e-08
1.049000e+03 3.649572e-08
1.050000e+03 3.372713e-08
1.051000e+03 3.249680e-08
1.052000e+03 3.103218e-08
1.053000e+03 3.004755e-08
1.054000e+03 2.911716e-08
1.055000e+03 2.831312e-08
1.056000e+03 2.815021e-08
1.057000e+03 2.709616e-08
1.058000e+03 2.650293e-08
1.059000e+03 2.750780e-08
1.060000e+03 2.642115e-08
1.061000e+03 2.626851e-08
1.062000e+03 2.545720e-08
1.063000e+03 2.400777e-08
1.064000e+03 2.341794e-08
1.065000e+03 2.541785e-08
1.066000e+03 2.545779e-08
1.067000e+03 2.459118e-08
1.068000e+03 2.407795e-08
1.069000e+03 2.369174e-08
1.070000e+03 2.363502e-08
1.071000e+03 2.341662e-08
1.072000e+03 2.362743e-08
1.073000e+03 2.304307e-08
1.074000e+03 2.245317e-08
1.075000e+03 2.177668e-08
1.076000e+03 2.139342e-08
1.077000e+03 2.121203e-08
1.078000e+03 2.109725e-08
1.079000e+03 2.095305e-08
1.080000e+03 2.531652e-08
1.081000e+03 2.261740e-08
1.082000e+03 2.099107e-08
1.083000e+03 2.067346e-08
1.084000e+03 2.070633e-08
1.085000e+03 2.020304e-08
1.086000e+03 2.027813e-08
1.087000e+03 1.962582e-08
1.088000e+03 1.942704e-08
1.089000e+03 1.931959e-08
1.090000e+03 2.040029e-08
1.091000e+03 1.844338e-08
1.092000e+03 1.847440e-08
1.093000e+03 1.827373e-08
1.094000e+03 1.806435e-08
1.095000e+03 1.861261e-08
1.096000e+03 1.868311e-08
1.097000e+03 1.808259e-08
1.098000e+03 1.779697e-08
1.099000e+03 1.760979e-08
1.100000e+03 1.751967e-08
1.101000e+03 1.871338e-08
1.102000e+03 1.792384e-08
1.103000e+03 1.709531e-08
1.104000e+03 1.749821e-08
1.105000e+03 1.710418e-08
1.106000e+03 1.731397e-08
1.107000e+03 1.706731e-08
1.108000e+03 1.686153e-08
1.109000e+03 1.780597e-08
1.110000e+03 1.775031e-08
1.111000e+03 1.644853e-08
1.112000e+03 1.713000e-08
1.113000e+03 1.626224e-08
1.114000e+03 1.590778e-08
1.115000e+03 1.583494e-08
1.116000e+03 1.584723e-08
1.117000e+03 1.575393e-08
1.118000e+03 1.519824e-08
1.119000e+03 1.668577e-08
1.120000e+03 1.590732e-08
1.121000e+03 1.550739e-08
1.122000e+03 1.509905e-08
1.123000e+03 1.513188e-08
1.124000e+03 1.505632e-08
1.125000e+03 1.465416e-08
1.126000e+03 1.552642e-08
1.127000e+03 1.484382e-08
1.128000e+03 1.583584e-08
1.129000e+03 1.482069e-08
1.130000e+03 1.447091e-08
1.131000e+03 1.527347e-08
1.132000e+03 1.406297e-08
1.133000e+03 1.370197e-08
1.134000e+03 1.412792e-08
1.135000e+03 1.360081e-08
1.136000e+03 1.344565e-08
1.137000e+03 1.374564e-08
1.138000e+03 1.467830e-08
1.139000e+03 1.319295e-08
1.140000e+03 1.937799e-08
1.141000e+03 1.477248e-08
1.142000e+03 1.391466e-08
1.143000e+03 1.318680e-08
1.144000e+03 1.278977e-08
1.145000e+03 1.261134e-08
1.146000e+03 1.336432e-08
1.147000e+03 1.245457e-08
1.148000e+03 1.262327e-08
1.149000e+03 1.445490e-08
1.150000e+03 1.319198e-08
1.151000e+03 1.188041e-08
1.152000e+03 1.156126e-08
1.153000e+03 1.188844e-08
1.154000e+03 1.151433e-08
1.155000e+03 1.294829e-08
1.156000e+03 1.281175e-08
1.157000e+03 1.198673e-08
1.158000e+03 1.238024e-08
1.159000e+03 1.159803e-08
1.160000e+03 1.150735e-08
1.161000e+03 1.131750e-08
1.162000e+03 1.110732e-08
1.163000e+03 1.073498e-08
1.164000e+03 1.088671e-08
1.165000e+03 1.081459e-08
1.166000e+03 1.066980e-08
1.167000e+03 1.061505e-08
1.168000e+03 1.034772e-08
1.169000e+03 1.154836e-08
1.170000e+03 1.041488e-08
1.171000e+03 1.074986e-08
1.172000e+03 1.059673e-08
1.173000e+03 9.965789e-09
1.174000e+03 1.015052e-08
1.175000e+03 9.868995e-09
1.176000e+03 1.078783e-08
1.177000e+03 9.810678e-09
1.178000e+03 9.677614e-09
1.179000e+03 1.217339e-08
1.180000e+03 1.005827e-08
1.181000e+03 9.905694e-09
1.182000e+03 9.421595e-09
1.183000e+03 9.661672e-09
1.184000e+03 9.929557e-09
1.185000e+03 1.010971e-08
1.186000e+03 1.101896e-08
1.187000e+03 9.434527e-09
1.188000e+03 9.794838e-09
1.189000e+03 1.768836e-07
1.190000e+03 8.300585e-08
1.191000e+03 5.201505e-08
1.192000e+03 2.781146e-08
1.193000e+03 1.775115e-08
1.194000e+03 1.242847e-07
1.195000e+03 1.124776e-07
1.196000e+03 9.421454e-08
1.197000e+03 8.037518e-08
1.198000e+03 6.572611e-08
1.199000e+03 5.434745e-08
1.200000e+03 4.944233e-08
1.201000e+03 4.001603e-08
1.202000e+03 3.371292e-08
1.203000e+03 2.943990e-08
1.204000e+03 2.605498e-08
1.205000e+03 2.305868e-08
1.206000e+03 2.161027e-08
1.207000e+03 1.989627e-08
1.208000e+03 1.881843e-08
1.209000e+03 1.710025e-08
1.210000e+03 1.655943e-08
1.211000e+03 1.489848e-08
1.212000e+03 1.441144e-08
1.213000e+03 1.432511e-08
1.214000e+03 1.353382e-08
1.215000e+03 1.339910e-08
1.216000e+03 1.320524e-08
1.217000e+03 1.338772e-08
1.218000e+03 1.245881e-08
1.219000e+03 1.221202e-08
1.220000e+03 1.208826e-08
1.221000e+03 1.251475e-08
1.222000e+03 1.162616e-08
1.223000e+03 1.145843e-08
1.224000e+03 1.191056e-08
1.225000e+03 1.101780e-08
1.226000e+03 1.122736e-08
1.227000e+03 1.104897e-08
1.228000e+03 1.062155e-08
1.229000e+03 1.186482e-08
1.230000e+03 1.031946e-08
1.231000e+03 1.035145e-08
1.232000e+03 1.049981e-08
1.233000e+03 1.016823e-08
1.234000e+03 1.068132e-08
1.235000e+03 9.500477e-09
1.236000e+03 1.017861e-08
1.237000e+03 9.319209e-09
1.238000e+03 9.027964e-09
1.239000e+03 1.041362e-08
1.240000e+03 9.553251e-09
1.241000e+03 9.180242e-09
1.242000e+03 9.016798e-09
1.243000e+03 8.980108e-09
1.244000e+03 9.383236e-09
1.245000e+03 1.172233e-08
1.246000e+03 1.019621e-08
1.247000e+03 8.840891e-09
1.248000e+03 8.942476e-09
1.249000e+03 9.302481e-09
1.250000e+03 8.596968e-09
1.251000e+03 9.800874e-09
1.252000e+03 8.832304e-09
1.253000e+03 8.662448e-09
1.254000e+03 9.309947e-09
1.255000e+03 9.099163e-09
1.256000e+03 9.102412e-09
1.257000e+03 9.213665e-09
1.258000e+03 8.929538e-09
1.259000e+03 8.416696e-09
1.260000e+03 1.385086e-08
1.261000e+03 1.039459e-08
1.262000e+03 9.597124e-09
1.263000e+03 8.947847e-09
1.264000e+03 8.832918e-09
1.265000e+03 8.709641e-09
1.266000e+03 8.735762e-09
1.267000e+03 8.501531e-09
1.268000e+03 8.734179e-09
1.269000e+03 8.582104e-09
1.270000e+03 7.958477e-09
1.271000e+03 8.462157e-09
1.272000e+03 9.035381e-09
1.273000e+03 8.232238e-09
1.274000e+03 8.137724e-09
1.275000e+03 9.113794e-09
1.276000e+03 8.521572e-09
1.277000e+03 8.385541e-09
1.278000e+03 8.043950e-09
1.279000e+03 8.043561e-09
1.280000e+03 8.065832e-09
1.281000e+03 8.133734e-09
1.282000e+03 8.342357e-09
1.283000e+03 7.541919e-09
1.284000e+03 8.342409e-09
1.285000e+03 7.665610e-09
1.286000e+03 7.814422e-09
1.287000e+03 7.696618e-09
1.288000e+03 7.554259e-09
1.289000e+03 9.105110e-09
1.290000e+03 7.940762e-09
1.291000e+03 7.457767e-09
1.292000e+03 9.069458e-09
1.293000e+03 7.511462e-09
1.294000e+03 7.956724e-09
1.295000e+03 7.418617e-09
1.296000e+03 8.124012e-09
1.297000e+03 7.881162e-09
1.298000e+03 7.100051e-09
1.299000e+03 9.052953e-09
1.300000e+03 7.922580e-09
1.301000e+03 8.910351e-09
1.302000e+03 7.682484e-09
1.303000e+03 6.986762e-09
1.304000e+03 7.135469e-09
1.305000e+03 7.371794e-09
1.306000e+03 8.119370e-09
1.307000e+03 7.288706e-09
1.308000e+03 7.176855e-09
1.309000e+03 7.094950e-09
1.310000e+03 7.584953e-09
1.311000e+03 7.028359e-09
1.312000e+03 7.811788e-09
1.313000e+03 6.937568e-09
1.314000e+03 7.109135e-09
1.315000e+03 6.925293e-09
1.316000e+03 6.848400e-09
1.317000e+03 6.843023e-09
1.318000e+03 6.616341e-09
1.319000e+03 6.890764e-09
1.320000e+03 1.100789e-08
1.321000e+03 8.801596e-09
1.322000e+03 8.312755e-09
1.323000e+03 7.652899e-09
1.324000e+03 7.640443e-09
1.325000e+03 7.209365e-09
1.326000e+03 7.505893e-09
1.327000e+03 6.913836e-09
1.328000e+03 7.143489e-09
1.329000e+03 7.388545e-09
1.330000e+03 6.869610e-09
1.331000e+03 6.706742e-09
1.332000e+03 6.921527e-09
1.333000e+03 6.839910e-09
1.334000e+03 7.110174e-09
1.335000e+03 7.054427e-09
1.336000e+03 6.778317e-09
1.337000e+03 7.458069e-09
1.338000e+03 6.877330e-09
1.339000e+03 6.704765e-09
1.340000e+03 6.852130e-09
1.341000e+03 7.522472e-09
1.342000e+03 6.817741e-09
1.343000e+03 6.596489e-09
1.344000e+03 6.987915e-09
1.345000e+03 6.562319e-09
1.346000e+03 7.117427e-09
1.347000e+03 6.890713e-09
1.348000e+03 6.851058e-09
1.349000e+03 6.906212e-09
1.350000e+03 8.346878e-09
1.351000e+03 6.927147e-09
1.352000e+03 6.872199e-09
1.353000e+03 6.999234e-09
1.354000e+03 7.156295e-09
1.355000e+03 7.035036e-09
1.356000e+03 6.785435e-09
1.357000e+03 7.081563e-09
1.358000e+03 6.416943e-09
1.359000e+03 7.314028e-09
1.360000e+03 7.244140e-09
1.361000e+03 7.213423e-09
1.362000e+03 7.219856e-09
1.363000e+03 6.165547e-09
1.364000e+03 6.178710e-09
1.365000e+03 6.230210e-09
1.366000e+03 6.724510e-09
1.367000e+03 6.436176e-09
1.368000e+03 7.217347e-09
1.369000e+03 6.369676e-09
1.370000e+03 6.206253e-09
1.371000e+03 6.878227e-09
1.372000e+03 6.514403e-09
1.373000e+03 6.198930e-09
1.374000e+03 6.430355e-09
1.375000e+03 6.260064e-09
1.376000e+03 6.107839e-09
1.377000e+03 6.981343e-09
1.378000e+03 6.552238e-09
1.379000e+03 6.193359e-09
1.380000e+03 1.200614e-08
1.381000e+03 7.341884e-09
1.382000e+03 6.951659e-09
1.383000e+03 6.518554e-09
1.384000e+03 6.661480e-09
1.385000e+03 6.466935e-09
1.386000e+03 6.664373e-09
1.387000e+03 6.748014e-09
1.388000e+03 7.735426e-09
1.389000e+03 6.673263e-09
1.390000e+03 6.121402e-09
1.391000e+03 5.892532e-09
1.392000e+03 6.119492e-09
1.393000e+03 6.215929e-09
1.394000e+03 6.131576e-09
1.395000e+03 6.706332e-09
1.396000e+03 6.800617e-09
1.397000e+03 8.704570e-09
1.398000e+03 6.661831e-09
1.399000e+03 6.039054e-09
1.400000e+03 6.048558e-09
1.401000e+03 6.766158e-09
1.402000e+03 6.022810e-09
1.403000e+03 6.177194e-09
1.404000e+03 5.954420e-09
1.405000e+03 6.348563e-09
1.406000e+03 5.566776e-09
1.407000e+03 5.623221e-09
1.408000e+03 6.716141e-09
1.409000e+03 7.049709e-09
1.410000e+03 5.769207e-09
1.411000e+03 5.766653e-09
1.412000e+03 5.855364e-09
1.413000e+03 5.684841e-09
1.414000e+03 6.096616e-09
1.415000e+03 5.669484e-09
1.416000e+03 5.761253e-09
1.417000e+03 6.016787e-09
1.418000e+03 5.468345e-09
1.419000e+03 6.474133e-09
1.420000e+03 5.891227e-09
1.421000e+03 6.342281e-09
1.422000e+03 5.777105e-09
1.423000e+03 5.602833e-09
1.424000e+03 5.759613e-09
1.425000e+03 5.357813e-09
1.426000e+03 6.258230e-09
1.427000e+03 5.689375e-09
1.428000e+03 5.685707e-09
1.429000e+03 5.546795e-09
1.430000e+03 6.019748e-09
1.431000e+03 5.697364e-09
1.432000e+03 6.823344e-09
1.433000e+03 5.891043e-09
1.434000e+03 6.072281e-09
1.435000e+03 5.618581e-09
1.436000e+03 5.542820e-09
1.437000e+03 5.371721e-09
1.438000e+03 5.509233e-09
1.439000e+03 5.189748e-09
1.440000e+03 1.093291e-08
1.441000e+03 6.618139e-09
1.442000e+03 6.429859e-09
1.443000e+03 5.979460e-09
1.444000e+03 5.888593e-09
1.445000e+03 6.300578e-09
1.446000e+03 7.204305e-09
1.447000e+03 6.148180e-09
1.448000e+03 5.581594e-09
1.449000e+03 6.605211e-09
1.450000e+03 5.284988e-09
1.451000e+03 5.553431e-09
1.452000e+03 5.703413e-09
1.453000e+03 5.722341e-09
1.454000e+03 5.391161e-09
1.455000e+03 5.459780e-09
1.456000e+03 5.359857e-09
1.457000e+03 6.624645e-09
1.458000e+03 6.122781e-09
1.459000e+03 5.147592e-09
1.460000e+03 5.220642e-09
1.461000e+03 6.308885e-09
1.462000e+03 5.416881e-09
1.463000e+03 5.497390e-09
1.464000e+03 5.649232e-09
1.465000e+03 5.300950e-09
1.466000e+03 5.375590e-09
1.467000e+03 5.316580e-09
1.468000e+03 5.253865e-09
1.469000e+03 6.780652e-09
1.470000e+03 5.153683e-09
1.471000e+03 5.828609e-09
1.472000e+03 5.653857e-09
1.473000e+03 5.755101e-09
1.474000e+03 5.451143e-09
1.475000e+03 5.480412e-09
1.476000e+03 5.763293e-09
1.477000e+03 5.194132e-09
1.478000e+03 5.042522e-09
1.479000e+03 6.342475e-09
1.480000e+03 5.761977e-09
1.481000e+03 5.121726e-09
1.482000e+03 5.273334e-09
1.483000e+03 5.483471e-09
1.484000e+03 6.495973e-09
1.485000e+03 5.452004e-09
1.486000e+03 5.894007e-09
1.487000e+03 5.053156e-09
1.488000e+03 5.105279e-09
1.489000e+03 5.440730e-09
1.490000e+03 5.318789e-09
1.491000e+03 5.510897e-09
1.492000e+03 5.479662e-09
1.493000e+03 6.954048e-09
1.494000e+03 5.228349e-09
1.495000e+03 5.084161e-09
1.496000e+03 5.825587e-09
1.497000e+03 5.216081e-09
1.498000e+03 5.273448e-09
1.499000e+03 5.282710e-09
1.500000e+03 1.004010e-08
1.501000e+03 7.130247e-09
1.502000e+03 6.128223e-09
1.503000e+03 5.438406e-09
1.504000e+03 5.830381e-09
1.505000e+03 5.373716e-09
1.506000e+03 5.591219e-09
1.507000e+03 5.028475e-09
1.508000e+03 4.905676e-09
1.509000e+03 5.403139e-09
1.510000e+03 5.047895e-09
1.511000e+03 4.878562e-09
1.512000e+03 5.638296e-09
1.513000e+03 5.415945e-09
1.514000e+03 4.921680e-09
1.515000e+03 5.053081e-09
1.516000e+03 5.754393e-09
1.517000e+03 5.444454e-09
1.518000e+03 5.137091e-09
1.519000e+03 1.692182e-07
1.520000e+03 4.168243e-08
1.521000e+03 1.873953e-07
1.522000e+03 1.601777e-07
1.523000e+03 1.318010e-07
1.524000e+03 1.087193e-07
1.525000e+03 8.973999e-08
1.526000e+03 7.442078e-08
1.527000e+03 6.234695e-08
1.528000e+03 5.231385e-08
1.529000e+03 4.350974e-08
1.530000e+03 3.583303e-08
1.531000e+03 3.073892e-08
1.532000e+03 2.600880e-08
1.533000e+03 2.256676e-08
1.534000e+03 1.984110e-08
1.535000e+03 1.753878e-08
1.536000e+03 1.617699e-08
1.537000e+03 1.460674e-08
1.538000e+03 1.335477e-08
1.539000e+03 1.393197e-08
1.540000e+03 1.265403e-08
1.541000e+03 1.225637e-08
1.542000e+03 1.223672e-08
1.543000e+03 1.042238e-08
1.544000e+03 9.732542e-09
1.545000e+03 9.418743e-09
1.546000e+03 1.015384e-08
1.547000e+03 8.980171e-09
1.548000e+03 8.423762e-09
1.549000e+03 8.039730e-09
1.550000e+03 8.018119e-09
1.551000e+03 7.526808e-09
1.552000e+03 7.656905e-09
1.553000e+03 7.886601e-09
1.554000e+03 7.313544e-09
1.555000e+03 6.609292e-09
1.556000e+03 6.438801e-09
1.557000e+03 6.164954e-09
1.558000e+03 5.981579e-09
1.559000e+03 6.078665e-09
1.560000e+03 9.769365e-09
1.561000e+03 7.522494e-09
1.562000e+03 6.889673e-09
1.563000e+03 6.813773e-09
1.564000e+03 6.483139e-09
1.565000e+03 5.959092e-09
1.566000e+03 6.322662e-09
1.567000e+03 5.656818e-09
1.568000e+03 5.820963e-09
1.569000e+03 6.009303e-09
1.570000e+03 5.941842e-09
1.571000e+03 5.989137e-09
1.572000e+03 5.704642e-09
1.573000e+03 5.482078e-09
1.574000e+03 5.398290e-09
1.575000e+03 5.636982e-09
1.576000e+03 5.873677e-09
1.577000e+03 5.812500e-09
1.578000e+03 5.757945e-09
1.579000e+03 5.694258e-09
1.580000e+03 6.412412e-09
1.581000e+03 5.725596e-09
1.582000e+03 5.238909e-09
1.583000e+03 5.245376e-09
1.584000e+03 5.594654e-09
1.585000e+03 5.139215e-09
1.586000e+03 5.107533e-09
1.587000e+03 5.285922e-09
1.588000e+03 5.463030e-09
1.589000e+03 5.646818e-09
1.590000e+03 5.848528e-09
1.591000e+03 5.214493e-09
1.592000e+03 5.584412e-09
1.593000e+03 5.335906e-09
1.594000e+03 5.496688e-09
1.595000e+03 5.528359e-09
1.596000e+03 5.739978e-09
1.597000e+03 5.786599e-09
1.598000e+03 5.165929e-09
1.599000e+03 6.092144e-09
1.600000e+03 6.572243e-09
1.601000e+03 4.979523e-09
1.602000e+03 4.949120e-09
1.603000e+03 4.821446e-09
1.604000e+03 4.815250e-09
1.605000e+03 4.926141e-09
1.606000e+03 5.637412e-09
1.607000e+03 5.149002e-09
1.608000e+03 5.246806e-09
1.609000e+03 4.852055e-09
1.610000e+03 4.859183e-09
1.611000e+03 4.812120e-09
1.612000e+03 4.892009e-09
1.613000e+03 4.866278e-09
1.614000e+03 5.143103e-09
1.615000e+03 4.796176e-09
1.616000e+03 4.654052e-09
1.617000e+03 4.568055e-09
1.618000e+03 4.394512e-09
1.619000e+03 4.659377e-09
1.620000e+03 1.013537e-08
1.621000e+03 6.505690e-09
1.622000e+03 6.123259e-09
1.623000e+03 5.644949e-09
1.624000e+03 5.777697e-09
1.625000e+03 5.322500e-09
1.626000e+03 5.747702e-09
1.627000e+03 4.787333e-09
1.628000e+03 4.578982e-09
1.629000e+03 5.157171e-09
1.630000e+03 5.076899e-09
1.631000e+03 4.547277e-09
1.632000e+03 4.814958e-09
1.633000e+03 4.659276e-09
1.634000e+03 4.727373e-09
1.635000e+03 5.364539e-09
1.636000e+03 5.006920e-09
1.637000e+03 6.237019e-09
1.638000e+03 6.169783e-09
1.639000e+03 5.009025e-09
1.640000e+03 5.069844e-09
1.641000e+03 6.029858e-09
1.642000e+03 4.799228e-09
1.643000e+03 5.007919e-09
1.644000e+03 4.751728e-09
1.645000e+03 4.870414e-09
1.646000e+03 5.000726e-09
1.647000e+03 4.858273e-09
1.648000e+03 5.025375e-09
1.649000e+03 4.978942e-09
1.650000e+03 5.590359e-09
1.651000e+03 4.642999e-09
1.652000e+03 4.784800e-09
1.653000e+03 4.766617e-09
1.654000e+03 4.636300e-09
1.655000e+03 4.717349e-09
1.656000e+03 4.902225e-09
1.657000e+03 4.624007e-09
1.658000e+03 4.322968e-09
1.659000e+03 5.447902e-09
1.660000e+03 4.784478e-09
1.661000e+03 4.625598e-09
1.662000e+03 4.356789e-09
1.663000e+03 4.401474e-09
1.664000e+03 4.386837e-09
1.665000e+03 5.131506e-09
1.666000e+03 4.694598e-09
1.667000e+03 4.411625e-09
1.668000e+03 4.546435e-09
1.669000e+03 4.832008e-09
1.670000e+03 4.409503e-09
1.671000e+03 5.109909e-09
1.672000e+03 4.850893e-09
1.673000e+03 4.448190e-09
1.674000e+03 4.336038e-09
1.675000e+03 4.694996e-09
1.676000e+03 5.208250e-09
1.677000e+03 4.576182e-09
1.678000e+03 4.309052e-09
1.679000e+03 4.046684e-09
1.680000e+03 9.840100e-09
1.681000e+03 4.975813e-09
1.682000e+03 5.410702e-09
1.683000e+03 4.981099e-09
1.684000e+03 4.844911e-09
1.685000e+03 5.875891e-09
1.686000e+03 4.951594e-09
1.687000e+03 4.487436e-09
1.688000e+03 4.300708e-09
1.689000e+03 5.058465e-09
1.690000e+03 3.969515e-09
1.691000e+03 4.391644e-09
1.692000e+03 4.597117e-09
1.693000e+03 4.869212e-09
1.694000e+03 4.291381e-09
1.695000e+03 4.330118e-09
1.696000e+03 5.139242e-09
1.697000e+03 4.855388e-09
1.698000e+03 4.264652e-09
1.699000e+03 4.198847e-09
1.700000e+03 4.264166e-09
1.701000e+03 4.609349e-09
1.702000e+03 4.208191e-09
1.703000e+03 4.125204e-09
1.704000e+03 4.045699e-09
1.705000e+03 4.326790e-09
1.706000e+03 3.999914e-09
1.707000e+03 4.279560e-09
1.708000e+03 4.037937e-09
1.709000e+03 5.262861e-09
1.710000e+03 3.923655e-09
1.711000e+03 3.910508e-09
1.712000e+03 4.528072e-09
1.713000e+03 4.050106e-09
1.714000e+03 3.913345e-09
1.715000e+03 4.134796e-09
1.716000e+03 4.535276e-09
1.717000e+03 3.976358e-09
1.718000e+03 4.029444e-09
1.719000e+03 7.531990e-09
1.720000e+03 5.663453e-09
1.721000e+03 4.844608e-09
1.722000e+03 4.125962e-09
1.723000e+03 3.924263e-09
1.724000e+03 3.736032e-09
1.725000e+03 3.748304e-09
1.726000e+03 4.324674e-09
1.727000e+03 3.729449e-09
1.728000e+03 3.817398e-09
1.729000e+03 3.971286e-09
1.730000e+03 3.974539e-09
1.731000e+03 4.271525e-09
1.732000e+03 4.368493e-09
1.733000e+03 4.802103e-09
1.734000e+03 4.680714e-09
1.735000e+03 4.152994e-09
1.736000e+03 4.246286e-09
1.737000e+03 4.048383e-09
1.738000e+03 3.768051e-09
1.739000e+03 3.969181e-09
1.740000e+03 9.035807e-09
1.741000e+03 5.333420e-09
1.742000e+03 4.912075e-09
1.743000e+03 4.326116e-09
1.744000e+03 4.275719e-09
1.745000e+03 4.335770e-09
1.746000e+03 4.968553e-09
1.747000e+03 3.941120e-09
1.748000e+03 3.692989e-09
1.749000e+03 4.490580e-09
1.750000e+03 3.840288e-09
1.751000e+03 3.520942e-09
1.752000e+03 4.601615e-09
1.753000e+03 3.868606e-09
1.754000e+03 3.604594e-09
1.755000e+03 4.077098e-09
1.756000e+03 4.444299e-09
1.757000e+03 4.008095e-09
1.758000e+03 3.680071e-09
1.759000e+03 3.768090e-09
1.760000e+03 3.681069e-09
1.761000e+03 3.528610e-09
1.762000e+03 3.424042e-09
1.763000e+03 3.787617e-09
1.764000e+03 4.187128e-09
1.765000e+03 3.517257e-09
1.766000e+03 3.699556e-09
1.767000e+03 3.235249e-09
1.768000e+03 3.563539e-09
1.769000e+03 5.076581e-09
1.770000e+03 3.795434e-09
1.771000e+03 4.308053e-09
1.772000e+03 4.951971e-09
1.773000e+03 3.722151e-09
1.774000e+03 3.830089e-09
1.775000e+03 3.438429e-09
1.776000e+03 3.969519e-09
1.777000e+03 3.403344e-09
1.778000e+03 3.356589e-09
1.779000e+03 4.931737e-09
1.780000e+03 4.305488e-09
1.781000e+03 6.013470e-09
1.782000e+03 3.958966e-09
1.783000e+03 3.507140e-09
1.784000e+03 3.535727e-09
1.785000e+03 3.419140e-09
1.786000e+03 3.839981e-09
1.787000e+03 3.721313e-09
1.788000e+03 3.562634e-09
1.789000e+03 3.578960e-09
1.790000e+03 3.764812e-09
1.791000e+03 3.385334e-09
1.792000e+03 4.483792e-09
1.793000e+03 3.318277e-09
1.794000e+03 3.223903e-09
1.795000e+03 3.218841e-09
1.796000e+03 3.982814e-09
1.797000e+03 3.409725e-09
1.798000e+03 3.339622e-09
1.799000e+03 3.251605e-09
1.800000e+03 7.995669e-09
