Title ="THE FLUX ERR"
Variables=
iter
residual
1.000000e+00 5.627515e-04
2.000000e+00 5.845443e-04
3.000000e+00 7.746085e-04
4.000000e+00 3.902465e-04
5.000000e+00 1.205434e-03
6.000000e+00 1.185092e-03
7.000000e+00 2.315167e-04
8.000000e+00 1.462729e-05
9.000000e+00 2.403499e-05
1.000000e+01 1.422427e-04
1.100000e+01 4.944573e-04
1.200000e+01 7.211797e-05
1.300000e+01 2.337784e-04
1.400000e+01 2.418035e-05
1.500000e+01 2.977023e-04
1.600000e+01 1.980460e-04
1.700000e+01 1.274838e-04
1.800000e+01 7.358220e-05
1.900000e+01 3.474988e-04
2.000000e+01 4.524606e-05
2.100000e+01 3.712564e-05
2.200000e+01 2.261190e-04
2.300000e+01 3.046652e-05
2.400000e+01 3.165464e-05
2.500000e+01 2.572187e-05
2.600000e+01 2.832440e-05
2.700000e+01 2.188951e-05
2.800000e+01 1.004804e-05
2.900000e+01 1.127887e-05
3.000000e+01 3.090425e-05
3.100000e+01 2.619201e-05
3.200000e+01 3.993059e-05
3.300000e+01 1.393484e-05
3.400000e+01 2.805894e-06
3.500000e+01 4.448722e-06
3.600000e+01 3.243264e-06
3.700000e+01 4.016069e-06
3.800000e+01 2.625454e-06
3.900000e+01 2.903461e-05
4.000000e+01 4.676577e-05
4.100000e+01 4.546703e-06
4.200000e+01 3.735262e-05
4.300000e+01 2.274484e-05
4.400000e+01 8.824037e-06
4.500000e+01 6.711889e-06
4.600000e+01 1.984419e-05
4.700000e+01 3.475724e-05
4.800000e+01 5.392830e-06
4.900000e+01 3.297987e-05
5.000000e+01 2.898470e-05
5.100000e+01 3.023135e-05
5.200000e+01 3.096121e-05
5.300000e+01 3.370871e-05
5.400000e+01 3.504883e-05
5.500000e+01 2.474865e-05
5.600000e+01 2.689509e-05
5.700000e+01 3.035766e-05
5.800000e+01 2.153258e-05
5.900000e+01 2.032143e-05
6.000000e+01 1.825919e-05
6.100000e+01 2.983440e-05
6.200000e+01 2.091311e-05
6.300000e+01 2.181841e-05
6.400000e+01 3.306757e-05
6.500000e+01 2.443271e-05
6.600000e+01 2.366015e-05
6.700000e+01 3.548381e-05
6.800000e+01 2.429896e-05
6.900000e+01 3.189142e-05
7.000000e+01 2.090919e-05
7.100000e+01 2.377782e-05
7.200000e+01 1.534749e-05
7.300000e+01 2.210989e-05
7.400000e+01 3.221654e-05
7.500000e+01 1.544044e-05
7.600000e+01 1.781048e-05
7.700000e+01 3.689052e-05
7.800000e+01 2.325847e-05
7.900000e+01 2.543663e-05
8.000000e+01 2.257153e-05
8.100000e+01 3.423364e-05
8.200000e+01 1.265349e-05
8.300000e+01 1.701335e-05
8.400000e+01 3.083527e-05
8.500000e+01 2.385769e-05
8.600000e+01 2.346138e-05
8.700000e+01 1.977758e-05
8.800000e+01 2.716625e-05
8.900000e+01 2.362020e-05
9.000000e+01 2.137706e-05
9.100000e+01 2.009094e-05
9.200000e+01 2.221271e-05
9.300000e+01 1.173073e-05
9.400000e+01 1.297276e-05
9.500000e+01 1.079144e-05
9.600000e+01 8.783349e-06
9.700000e+01 9.875314e-06
9.800000e+01 1.539950e-05
9.900000e+01 8.071606e-06
1.000000e+02 1.655805e-05
1.010000e+02 1.573134e-05
1.020000e+02 1.109480e-05
1.030000e+02 1.524559e-05
1.040000e+02 9.294748e-05
1.050000e+02 8.291572e-05
1.060000e+02 9.677101e-05
1.070000e+02 1.036089e-04
1.080000e+02 1.023644e-04
1.090000e+02 1.051178e-04
1.100000e+02 9.091314e-05
1.110000e+02 9.998628e-05
1.120000e+02 1.027472e-04
1.130000e+02 1.147571e-04
1.140000e+02 1.098211e-04
1.150000e+02 1.115306e-04
1.160000e+02 1.103807e-04
1.170000e+02 9.495961e-05
1.180000e+02 9.404717e-05
1.190000e+02 9.508286e-05
1.200000e+02 1.066067e-04
1.210000e+02 1.275611e-04
1.220000e+02 1.011247e-04
1.230000e+02 1.253675e-04
1.240000e+02 1.319450e-04
1.250000e+02 1.400282e-04
1.260000e+02 1.441163e-04
1.270000e+02 1.415239e-04
1.280000e+02 1.385210e-04
1.290000e+02 1.233099e-04
1.300000e+02 1.610761e-04
1.310000e+02 1.512106e-04
1.320000e+02 1.437882e-04
1.330000e+02 1.560874e-04
1.340000e+02 1.384929e-04
1.350000e+02 1.342689e-04
1.360000e+02 1.412686e-04
1.370000e+02 1.413944e-04
1.380000e+02 1.398389e-04
1.390000e+02 1.276164e-04
1.400000e+02 1.220585e-04
1.410000e+02 1.395147e-04
1.420000e+02 1.496462e-04
1.430000e+02 1.634249e-04
1.440000e+02 1.342682e-04
1.450000e+02 1.262315e-04
1.460000e+02 1.455296e-04
1.470000e+02 1.248076e-04
1.480000e+02 1.115339e-04
1.490000e+02 1.297065e-04
1.500000e+02 1.261219e-04
1.510000e+02 1.211144e-04
1.520000e+02 1.054970e-04
1.530000e+02 1.011380e-04
1.540000e+02 9.159226e-05
1.550000e+02 7.325073e-05
1.560000e+02 7.176163e-05
1.570000e+02 8.719681e-05
1.580000e+02 7.296914e-05
1.590000e+02 7.234639e-05
1.600000e+02 8.101837e-05
1.610000e+02 7.605799e-05
1.620000e+02 8.030162e-05
1.630000e+02 9.297747e-05
1.640000e+02 9.955409e-05
1.650000e+02 9.909801e-05
1.660000e+02 1.398925e-04
1.670000e+02 1.309563e-04
1.680000e+02 1.160969e-04
1.690000e+02 1.233037e-04
1.700000e+02 1.266115e-04
1.710000e+02 1.386805e-04
1.720000e+02 1.463345e-04
1.730000e+02 1.748401e-04
1.740000e+02 1.517582e-04
1.750000e+02 1.522994e-04
1.760000e+02 1.593571e-04
1.770000e+02 1.998471e-05
1.780000e+02 1.183386e-04
1.790000e+02 1.977448e-05
1.800000e+02 1.477728e-04
1.810000e+02 2.083513e-05
1.820000e+02 1.671731e-04
1.830000e+02 1.830545e-05
1.840000e+02 1.820047e-05
1.850000e+02 1.434732e-04
1.860000e+02 2.465763e-05
1.870000e+02 1.575196e-05
1.880000e+02 1.374330e-04
1.890000e+02 2.643138e-05
1.900000e+02 2.736769e-05
1.910000e+02 2.026120e-05
1.920000e+02 2.390330e-05
1.930000e+02 1.898354e-05
1.940000e+02 1.918193e-05
1.950000e+02 2.412477e-05
1.960000e+02 2.009514e-05
1.970000e+02 2.247866e-05
1.980000e+02 2.565717e-05
1.990000e+02 2.607396e-05
2.000000e+02 2.288598e-05
2.010000e+02 2.788336e-05
2.020000e+02 2.276150e-05
2.030000e+02 1.122435e-04
2.040000e+02 2.322826e-05
2.050000e+02 1.102470e-04
2.060000e+02 1.114778e-04
2.070000e+02 9.432514e-05
2.080000e+02 7.631731e-05
2.090000e+02 9.096114e-05
2.100000e+02 8.095148e-05
2.110000e+02 8.002480e-05
2.120000e+02 6.697953e-05
2.130000e+02 4.692455e-05
2.140000e+02 5.202539e-05
2.150000e+02 3.980858e-05
2.160000e+02 4.461652e-05
2.170000e+02 5.739316e-05
2.180000e+02 6.471635e-05
2.190000e+02 8.533174e-05
2.200000e+02 7.335258e-05
2.210000e+02 7.527778e-05
2.220000e+02 9.838959e-05
2.230000e+02 1.173953e-04
2.240000e+02 1.530470e-04
2.250000e+02 1.591232e-04
2.260000e+02 1.587170e-04
2.270000e+02 1.612989e-04
2.280000e+02 1.489843e-04
2.290000e+02 1.360328e-04
2.300000e+02 1.420605e-04
2.310000e+02 1.797338e-05
2.320000e+02 1.290080e-04
2.330000e+02 1.482421e-04
2.340000e+02 1.377617e-04
2.350000e+02 2.243968e-05
2.360000e+02 3.296506e-05
2.370000e+02 1.317446e-04
2.380000e+02 2.523773e-05
2.390000e+02 3.128607e-05
2.400000e+02 3.083727e-05
2.410000e+02 3.529990e-05
2.420000e+02 2.935179e-05
2.430000e+02 1.084522e-04
2.440000e+02 2.443984e-05
2.450000e+02 1.546698e-05
2.460000e+02 2.446521e-05
2.470000e+02 2.652028e-05
2.480000e+02 2.162065e-05
2.490000e+02 3.146626e-05
2.500000e+02 2.152497e-05
2.510000e+02 2.619168e-05
2.520000e+02 2.472026e-05
2.530000e+02 1.569183e-05
2.540000e+02 2.269468e-05
2.550000e+02 3.328033e-05
2.560000e+02 2.560003e-05
2.570000e+02 1.074077e-05
2.580000e+02 2.126912e-05
2.590000e+02 1.478949e-05
2.600000e+02 2.219387e-05
2.610000e+02 1.365369e-05
2.620000e+02 1.419371e-05
2.630000e+02 1.306553e-05
2.640000e+02 1.620382e-05
2.650000e+02 1.282866e-05
2.660000e+02 5.027563e-05
2.670000e+02 7.083026e-06
2.680000e+02 4.595470e-05
2.690000e+02 5.090520e-05
2.700000e+02 3.561663e-05
2.710000e+02 3.203074e-05
2.720000e+02 4.656008e-05
2.730000e+02 8.342390e-06
2.740000e+02 5.344582e-05
2.750000e+02 4.625048e-05
2.760000e+02 4.724647e-05
2.770000e+02 3.894889e-05
2.780000e+02 3.918701e-05
2.790000e+02 3.552041e-05
2.800000e+02 3.801294e-05
2.810000e+02 2.965444e-05
2.820000e+02 2.700183e-05
2.830000e+02 2.034507e-05
2.840000e+02 2.363799e-05
2.850000e+02 2.019542e-05
2.860000e+02 1.910285e-05
2.870000e+02 1.991907e-05
2.880000e+02 1.923386e-05
2.890000e+02 2.013519e-05
2.900000e+02 1.890423e-05
2.910000e+02 1.923533e-05
2.920000e+02 1.867870e-05
2.930000e+02 1.954486e-05
2.940000e+02 2.043458e-05
2.950000e+02 2.091107e-05
2.960000e+02 2.234014e-05
2.970000e+02 2.268274e-05
2.980000e+02 2.328153e-05
2.990000e+02 2.053473e-05
3.000000e+02 2.189718e-05
3.010000e+02 2.363613e-05
3.020000e+02 2.441208e-05
3.030000e+02 2.404232e-05
3.040000e+02 2.385420e-05
3.050000e+02 2.544259e-05
3.060000e+02 3.364518e-05
3.070000e+02 2.935594e-05
3.080000e+02 3.405878e-05
3.090000e+02 3.269062e-05
3.100000e+02 3.754733e-05
3.110000e+02 4.070773e-05
3.120000e+02 4.329540e-05
3.130000e+02 4.592552e-05
3.140000e+02 4.031050e-05
3.150000e+02 5.016667e-05
3.160000e+02 4.882021e-05
3.170000e+02 4.458994e-05
3.180000e+02 3.905125e-05
3.190000e+02 3.779213e-05
3.200000e+02 3.908061e-05
3.210000e+02 5.424352e-05
3.220000e+02 4.617654e-05
3.230000e+02 4.847642e-05
3.240000e+02 4.907512e-05
3.250000e+02 5.399934e-05
3.260000e+02 4.152263e-05
3.270000e+02 4.189192e-05
3.280000e+02 5.079494e-05
3.290000e+02 3.665175e-05
3.300000e+02 2.913093e-05
3.310000e+02 3.324393e-05
3.320000e+02 4.335328e-05
3.330000e+02 5.571401e-05
3.340000e+02 4.373006e-05
3.350000e+02 4.905514e-05
3.360000e+02 4.397094e-05
3.370000e+02 5.130215e-05
3.380000e+02 4.805700e-05
3.390000e+02 5.182164e-05
3.400000e+02 5.193583e-05
3.410000e+02 4.533504e-05
3.420000e+02 4.955439e-05
3.430000e+02 5.347614e-05
3.440000e+02 4.982057e-05
3.450000e+02 5.553173e-05
3.460000e+02 5.544687e-05
3.470000e+02 5.326385e-05
3.480000e+02 5.766492e-05
3.490000e+02 5.236009e-05
3.500000e+02 5.356820e-05
3.510000e+02 5.394865e-05
3.520000e+02 5.096160e-05
3.530000e+02 3.969874e-05
3.540000e+02 5.071673e-05
3.550000e+02 5.152637e-05
3.560000e+02 4.576206e-05
3.570000e+02 4.622314e-05
3.580000e+02 4.636431e-05
3.590000e+02 4.584357e-05
3.600000e+02 4.032190e-05
3.610000e+02 4.249841e-05
3.620000e+02 4.220412e-05
3.630000e+02 3.406308e-05
3.640000e+02 3.032364e-05
3.650000e+02 3.183378e-05
3.660000e+02 3.378978e-05
3.670000e+02 2.927300e-05
3.680000e+02 2.984438e-05
3.690000e+02 2.752986e-05
3.700000e+02 2.668057e-05
3.710000e+02 2.513937e-05
3.720000e+02 1.849085e-05
3.730000e+02 1.839830e-05
3.740000e+02 1.796742e-05
3.750000e+02 1.870287e-05
3.760000e+02 1.995131e-05
3.770000e+02 1.326004e-05
3.780000e+02 1.318137e-05
3.790000e+02 1.264349e-05
3.800000e+02 1.751166e-05
3.810000e+02 1.648293e-05
3.820000e+02 1.526248e-05
3.830000e+02 1.353149e-05
3.840000e+02 1.303774e-05
3.850000e+02 1.175129e-05
3.860000e+02 1.353278e-05
3.870000e+02 1.007920e-05
3.880000e+02 1.017952e-05
3.890000e+02 1.128315e-05
3.900000e+02 1.116308e-05
3.910000e+02 1.091596e-05
3.920000e+02 1.173199e-05
3.930000e+02 1.064903e-05
3.940000e+02 8.771061e-06
3.950000e+02 8.669200e-06
3.960000e+02 9.036877e-06
3.970000e+02 7.687566e-06
3.980000e+02 7.461200e-06
3.990000e+02 8.599175e-06
4.000000e+02 7.918270e-06
4.010000e+02 8.703568e-06
4.020000e+02 6.987140e-06
4.030000e+02 7.177368e-06
4.040000e+02 8.103649e-06
4.050000e+02 8.319024e-06
4.060000e+02 9.028054e-06
4.070000e+02 7.414767e-06
4.080000e+02 7.615301e-06
4.090000e+02 8.359260e-06
4.100000e+02 7.999337e-06
4.110000e+02 8.813630e-06
4.120000e+02 7.630366e-06
4.130000e+02 7.781935e-06
4.140000e+02 8.579055e-06
4.150000e+02 8.997170e-06
4.160000e+02 7.755271e-06
4.170000e+02 7.980917e-06
4.180000e+02 9.192416e-06
4.190000e+02 9.713867e-06
4.200000e+02 9.491954e-06
4.210000e+02 1.122837e-05
4.220000e+02 1.090422e-05
4.230000e+02 1.160688e-05
4.240000e+02 1.173470e-05
4.250000e+02 1.256037e-05
4.260000e+02 9.716239e-06
4.270000e+02 1.266624e-05
4.280000e+02 1.171941e-05
4.290000e+02 1.220412e-05
4.300000e+02 1.083959e-05
4.310000e+02 8.506493e-06
4.320000e+02 1.078793e-05
4.330000e+02 1.030511e-05
4.340000e+02 1.235442e-05
4.350000e+02 1.274829e-05
4.360000e+02 1.216852e-05
4.370000e+02 1.132850e-05
4.380000e+02 1.271876e-05
4.390000e+02 1.296290e-05
4.400000e+02 1.355879e-05
4.410000e+02 1.353760e-05
4.420000e+02 1.351168e-05
4.430000e+02 1.338557e-05
4.440000e+02 1.285821e-05
4.450000e+02 1.153951e-05
4.460000e+02 1.258589e-05
4.470000e+02 1.127900e-05
4.480000e+02 1.252707e-05
4.490000e+02 1.022057e-05
4.500000e+02 1.033579e-05
4.510000e+02 1.056833e-05
4.520000e+02 1.070964e-05
4.530000e+02 1.157721e-05
4.540000e+02 1.192070e-05
4.550000e+02 1.198517e-05
4.560000e+02 1.210070e-05
4.570000e+02 1.209687e-05
4.580000e+02 9.142637e-06
4.590000e+02 9.412768e-06
4.600000e+02 8.874206e-06
4.610000e+02 1.000796e-05
4.620000e+02 1.022826e-05
4.630000e+02 8.586245e-06
4.640000e+02 9.083716e-06
4.650000e+02 9.443081e-06
4.660000e+02 9.187909e-06
4.670000e+02 9.267995e-06
4.680000e+02 8.411618e-06
4.690000e+02 8.158519e-06
4.700000e+02 9.676610e-06
4.710000e+02 8.643561e-06
4.720000e+02 8.743345e-06
4.730000e+02 7.359219e-06
4.740000e+02 7.178902e-06
4.750000e+02 7.377029e-06
4.760000e+02 7.598784e-06
4.770000e+02 8.867050e-06
4.780000e+02 8.644569e-06
4.790000e+02 7.184380e-06
4.800000e+02 7.629496e-06
4.810000e+02 5.031629e-06
4.820000e+02 4.939383e-06
4.830000e+02 4.866250e-06
4.840000e+02 4.567829e-06
4.850000e+02 4.648548e-06
4.860000e+02 4.451640e-06
4.870000e+02 4.484049e-06
4.880000e+02 5.596161e-06
4.890000e+02 5.436443e-06
4.900000e+02 5.269337e-06
4.910000e+02 4.459028e-06
4.920000e+02 4.311284e-06
4.930000e+02 4.230823e-06
4.940000e+02 3.589484e-06
4.950000e+02 3.394901e-06
4.960000e+02 3.628752e-06
4.970000e+02 9.429260e-06
4.980000e+02 3.175321e-06
4.990000e+02 9.911422e-06
5.000000e+02 3.380508e-06
5.010000e+02 2.936867e-06
5.020000e+02 8.739625e-06
5.030000e+02 3.314297e-06
5.040000e+02 7.073696e-06
5.050000e+02 3.762814e-06
5.060000e+02 6.281501e-06
5.070000e+02 4.139124e-06
5.080000e+02 6.858289e-06
5.090000e+02 4.308466e-06
5.100000e+02 5.957760e-06
5.110000e+02 4.414742e-06
5.120000e+02 5.560332e-06
5.130000e+02 4.253940e-06
5.140000e+02 5.254169e-06
5.150000e+02 4.523024e-06
5.160000e+02 5.126710e-06
5.170000e+02 5.001326e-06
5.180000e+02 5.372468e-06
5.190000e+02 4.435852e-06
5.200000e+02 4.907276e-06
5.210000e+02 4.631457e-06
5.220000e+02 4.869727e-06
5.230000e+02 5.452838e-06
5.240000e+02 4.577557e-06
5.250000e+02 4.493060e-06
5.260000e+02 3.813608e-06
5.270000e+02 3.897818e-06
5.280000e+02 4.832121e-06
5.290000e+02 3.660215e-06
5.300000e+02 3.771902e-06
5.310000e+02 5.307412e-06
5.320000e+02 3.536573e-06
5.330000e+02 3.930364e-06
5.340000e+02 4.910603e-06
5.350000e+02 3.034801e-06
5.360000e+02 3.982699e-06
5.370000e+02 4.481111e-06
5.380000e+02 3.445614e-06
5.390000e+02 3.936953e-06
5.400000e+02 4.419106e-06
5.410000e+02 3.291143e-06
5.420000e+02 3.985117e-06
5.430000e+02 3.702830e-06
5.440000e+02 4.472550e-06
5.450000e+02 2.948685e-06
5.460000e+02 3.761288e-06
5.470000e+02 4.006048e-06
5.480000e+02 3.045259e-06
5.490000e+02 3.455427e-06
5.500000e+02 3.428461e-06
5.510000e+02 4.460167e-06
5.520000e+02 2.963951e-06
5.530000e+02 3.300153e-06
5.540000e+02 3.508297e-06
5.550000e+02 3.356012e-06
5.560000e+02 3.959858e-06
5.570000e+02 3.514907e-06
5.580000e+02 4.258957e-06
5.590000e+02 3.168607e-06
5.600000e+02 3.825179e-06
5.610000e+02 3.792741e-06
5.620000e+02 3.161265e-06
5.630000e+02 4.507467e-06
5.640000e+02 3.940775e-06
5.650000e+02 4.391695e-06
5.660000e+02 2.742854e-06
5.670000e+02 3.151013e-06
5.680000e+02 3.159070e-06
5.690000e+02 4.399369e-06
5.700000e+02 2.460320e-06
5.710000e+02 3.105443e-06
5.720000e+02 2.990387e-06
5.730000e+02 3.801027e-06
5.740000e+02 2.251292e-06
5.750000e+02 2.587706e-06
5.760000e+02 2.593126e-06
5.770000e+02 3.329117e-06
5.780000e+02 2.257270e-06
5.790000e+02 2.731676e-06
5.800000e+02 2.573277e-06
5.810000e+02 3.179251e-06
5.820000e+02 2.204879e-06
5.830000e+02 2.380008e-06
5.840000e+02 2.224811e-06
5.850000e+02 2.088949e-06
5.860000e+02 2.835979e-06
5.870000e+02 2.148518e-06
5.880000e+02 2.169654e-06
5.890000e+02 1.955492e-06
5.900000e+02 1.772897e-06
5.910000e+02 3.575776e-06
5.920000e+02 1.470592e-06
5.930000e+02 1.622228e-06
5.940000e+02 1.983264e-06
5.950000e+02 1.782921e-06
5.960000e+02 1.736614e-06
5.970000e+02 3.533309e-06
5.980000e+02 1.405212e-06
5.990000e+02 1.779011e-06
6.000000e+02 1.688740e-06
6.010000e+02 1.580019e-06
6.020000e+02 1.437894e-06
6.030000e+02 1.325653e-06
6.040000e+02 3.427913e-06
6.050000e+02 1.093257e-06
6.060000e+02 1.472394e-06
6.070000e+02 1.400993e-06
6.080000e+02 1.272718e-06
6.090000e+02 1.146712e-06
6.100000e+02 1.047341e-06
6.110000e+02 2.761584e-06
6.120000e+02 9.911695e-07
6.130000e+02 1.169179e-06
6.140000e+02 1.074402e-06
6.150000e+02 9.984728e-07
6.160000e+02 8.986949e-07
6.170000e+02 8.147654e-07
6.180000e+02 7.721856e-07
6.190000e+02 6.863298e-07
6.200000e+02 6.318638e-07
6.210000e+02 2.931895e-06
6.220000e+02 6.878220e-07
6.230000e+02 8.486378e-07
6.240000e+02 8.049503e-07
6.250000e+02 7.573311e-07
6.260000e+02 6.662734e-07
6.270000e+02 5.986582e-07
6.280000e+02 5.447377e-07
6.290000e+02 5.011814e-07
6.300000e+02 4.626876e-07
6.310000e+02 4.394659e-07
6.320000e+02 2.659155e-06
6.330000e+02 6.116930e-07
6.340000e+02 7.076532e-07
6.350000e+02 6.611334e-07
6.360000e+02 5.697008e-07
6.370000e+02 4.826463e-07
6.380000e+02 4.338884e-07
6.390000e+02 4.162300e-07
6.400000e+02 3.896341e-07
6.410000e+02 3.567173e-07
6.420000e+02 3.385288e-07
6.430000e+02 3.205918e-07
6.440000e+02 2.738213e-06
6.450000e+02 5.436454e-07
6.460000e+02 5.819051e-07
6.470000e+02 5.121576e-07
6.480000e+02 4.399789e-07
6.490000e+02 4.060950e-07
6.500000e+02 3.778488e-07
6.510000e+02 3.495818e-07
6.520000e+02 3.335530e-07
6.530000e+02 3.224065e-07
6.540000e+02 3.134793e-07
6.550000e+02 3.079425e-07
6.560000e+02 2.074386e-06
6.570000e+02 4.677764e-07
6.580000e+02 4.806872e-07
6.590000e+02 4.252771e-07
6.600000e+02 4.237427e-07
6.610000e+02 3.984846e-07
6.620000e+02 3.270437e-07
6.630000e+02 3.008212e-07
6.640000e+02 2.874444e-07
6.650000e+02 2.739595e-07
6.660000e+02 2.900476e-07
6.670000e+02 2.634617e-07
6.680000e+02 2.567716e-07
6.690000e+02 4.011334e-07
6.700000e+02 5.531200e-07
6.710000e+02 6.135141e-07
6.720000e+02 5.442230e-07
6.730000e+02 4.615861e-07
6.740000e+02 4.005396e-07
6.750000e+02 3.552120e-07
6.760000e+02 3.452955e-07
6.770000e+02 3.185499e-07
6.780000e+02 2.949748e-07
6.790000e+02 2.773534e-07
6.800000e+02 2.680796e-07
6.810000e+02 6.676239e-07
6.820000e+02 6.376905e-07
6.830000e+02 7.299220e-07
6.840000e+02 6.354705e-07
6.850000e+02 4.505818e-07
6.860000e+02 3.895245e-07
6.870000e+02 3.486943e-07
6.880000e+02 3.280068e-07
6.890000e+02 3.068310e-07
6.900000e+02 2.804500e-07
6.910000e+02 2.666252e-07
6.920000e+02 2.579583e-07
6.930000e+02 1.603418e-06
6.940000e+02 7.680828e-07
6.950000e+02 9.757896e-07
6.960000e+02 8.158602e-07
6.970000e+02 4.665112e-07
6.980000e+02 3.896553e-07
6.990000e+02 3.368237e-07
7.000000e+02 3.012026e-07
7.010000e+02 2.752399e-07
7.020000e+02 5.812641e-07
7.030000e+02 5.805966e-07
7.040000e+02 5.574353e-07
7.050000e+02 4.487622e-07
7.060000e+02 3.982819e-07
7.070000e+02 3.730246e-07
7.080000e+02 3.173072e-07
7.090000e+02 3.045004e-07
7.100000e+02 4.852677e-07
7.110000e+02 6.162116e-07
7.120000e+02 5.164779e-07
7.130000e+02 4.957170e-07
7.140000e+02 4.306888e-07
7.150000e+02 3.777758e-07
7.160000e+02 1.039524e-06
7.170000e+02 8.419923e-07
7.180000e+02 7.591148e-07
7.190000e+02 6.304191e-07
7.200000e+02 5.566986e-07
7.210000e+02 4.911265e-07
7.220000e+02 1.010968e-06
7.230000e+02 9.149416e-07
7.240000e+02 8.202907e-07
7.250000e+02 6.909212e-07
7.260000e+02 5.918166e-07
7.270000e+02 8.207842e-07
7.280000e+02 7.571253e-07
7.290000e+02 6.746954e-07
7.300000e+02 5.682284e-07
7.310000e+02 5.604057e-07
7.320000e+02 5.111441e-07
7.330000e+02 9.130456e-07
7.340000e+02 6.652769e-07
7.350000e+02 5.566920e-07
7.360000e+02 4.780670e-07
7.370000e+02 3.407974e-07
7.380000e+02 6.898758e-07
7.390000e+02 7.141429e-07
7.400000e+02 6.117361e-07
7.410000e+02 5.540847e-07
7.420000e+02 2.357371e-07
7.430000e+02 8.973913e-07
7.440000e+02 7.631856e-07
7.450000e+02 6.840595e-07
7.460000e+02 2.239098e-07
7.470000e+02 8.760407e-07
7.480000e+02 7.546644e-07
7.490000e+02 6.357983e-07
7.500000e+02 2.478678e-07
7.510000e+02 8.973804e-07
7.520000e+02 7.798845e-07
7.530000e+02 6.504356e-07
7.540000e+02 6.024492e-07
7.550000e+02 3.403753e-07
7.560000e+02 8.780343e-07
7.570000e+02 7.866312e-07
7.580000e+02 6.697792e-07
7.590000e+02 3.084137e-07
7.600000e+02 9.007980e-07
7.610000e+02 7.947939e-07
7.620000e+02 6.710104e-07
7.630000e+02 5.791956e-07
7.640000e+02 3.439299e-07
7.650000e+02 8.638961e-07
7.660000e+02 7.668243e-07
7.670000e+02 6.491320e-07
7.680000e+02 5.674086e-07
7.690000e+02 3.789202e-07
7.700000e+02 9.585899e-07
7.710000e+02 8.504852e-07
7.720000e+02 7.274247e-07
7.730000e+02 6.254316e-07
7.740000e+02 3.678194e-07
7.750000e+02 7.550683e-07
7.760000e+02 6.586627e-07
7.770000e+02 5.568647e-07
7.780000e+02 4.871369e-07
7.790000e+02 3.810688e-07
7.800000e+02 7.188915e-07
7.810000e+02 6.122349e-07
7.820000e+02 5.220692e-07
7.830000e+02 4.533732e-07
7.840000e+02 3.726939e-07
7.850000e+02 7.034679e-07
7.860000e+02 5.567027e-07
7.870000e+02 4.707570e-07
7.880000e+02 4.079763e-07
7.890000e+02 3.597761e-07
7.900000e+02 3.581258e-07
7.910000e+02 7.092673e-07
7.920000e+02 6.677724e-07
7.930000e+02 5.654243e-07
7.940000e+02 4.292414e-07
7.950000e+02 3.777858e-07
7.960000e+02 3.520201e-07
7.970000e+02 6.410135e-07
7.980000e+02 5.675463e-07
7.990000e+02 4.779129e-07
8.000000e+02 4.193080e-07
8.010000e+02 3.994543e-07
8.020000e+02 3.901672e-07
8.030000e+02 6.842834e-07
8.040000e+02 6.054732e-07
8.050000e+02 5.155164e-07
8.060000e+02 4.433865e-07
8.070000e+02 3.945984e-07
8.080000e+02 4.197359e-07
8.090000e+02 6.582129e-07
8.100000e+02 5.910541e-07
8.110000e+02 5.002727e-07
8.120000e+02 4.323324e-07
8.130000e+02 3.814371e-07
8.140000e+02 3.403910e-07
8.150000e+02 4.255701e-07
8.160000e+02 6.154838e-07
8.170000e+02 4.602431e-07
8.180000e+02 3.855277e-07
8.190000e+02 3.316471e-07
8.200000e+02 3.507565e-07
8.210000e+02 3.115601e-07
8.220000e+02 4.095343e-07
8.230000e+02 5.869243e-07
8.240000e+02 5.093480e-07
8.250000e+02 4.320703e-07
8.260000e+02 3.645628e-07
8.270000e+02 3.126601e-07
8.280000e+02 2.770915e-07
8.290000e+02 2.492297e-07
8.300000e+02 3.692441e-07
8.310000e+02 5.127826e-07
8.320000e+02 4.495483e-07
8.330000e+02 3.758209e-07
8.340000e+02 3.908871e-07
8.350000e+02 3.451060e-07
8.360000e+02 3.059566e-07
8.370000e+02 2.736075e-07
8.380000e+02 3.599464e-07
8.390000e+02 5.739001e-07
8.400000e+02 5.217117e-07
8.410000e+02 4.025025e-07
8.420000e+02 3.474209e-07
8.430000e+02 3.069227e-07
8.440000e+02 2.722054e-07
8.450000e+02 2.409095e-07
8.460000e+02 2.153541e-07
8.470000e+02 3.416891e-07
8.480000e+02 5.187609e-07
8.490000e+02 3.954946e-07
8.500000e+02 3.434269e-07
8.510000e+02 2.894220e-07
8.520000e+02 2.496766e-07
8.530000e+02 2.176663e-07
8.540000e+02 1.909125e-07
8.550000e+02 1.744869e-07
8.560000e+02 1.612900e-07
8.570000e+02 3.076111e-07
8.580000e+02 4.036005e-07
8.590000e+02 3.667082e-07
8.600000e+02 3.062797e-07
8.610000e+02 2.571135e-07
8.620000e+02 2.214715e-07
8.630000e+02 1.949429e-07
8.640000e+02 2.012064e-07
8.650000e+02 1.842125e-07
8.660000e+02 1.683019e-07
8.670000e+02 1.398060e-07
8.680000e+02 2.779690e-07
8.690000e+02 4.074122e-07
8.700000e+02 3.704911e-07
8.710000e+02 3.096079e-07
8.720000e+02 2.600000e-07
8.730000e+02 2.221906e-07
8.740000e+02 1.936777e-07
8.750000e+02 1.771113e-07
8.760000e+02 1.555872e-07
8.770000e+02 1.441081e-07
8.780000e+02 1.317636e-07
8.790000e+02 1.234965e-07
8.800000e+02 2.583631e-07
8.810000e+02 3.804543e-07
8.820000e+02 3.397084e-07
8.830000e+02 2.839760e-07
8.840000e+02 2.378326e-07
8.850000e+02 2.038640e-07
8.860000e+02 1.784975e-07
8.870000e+02 1.580854e-07
8.880000e+02 1.442281e-07
8.890000e+02 1.299421e-07
8.900000e+02 1.209502e-07
8.910000e+02 1.116399e-07
8.920000e+02 1.059768e-07
8.930000e+02 2.585926e-07
8.940000e+02 3.514857e-07
8.950000e+02 3.126338e-07
8.960000e+02 2.631445e-07
8.970000e+02 2.208765e-07
8.980000e+02 1.901447e-07
8.990000e+02 1.648064e-07
9.000000e+02 1.459401e-07
9.010000e+02 1.314960e-07
9.020000e+02 1.405066e-07
9.030000e+02 1.309626e-07
9.040000e+02 1.190626e-07
9.050000e+02 1.096662e-07
9.060000e+02 1.042424e-07
9.070000e+02 9.615600e-08
9.080000e+02 9.109310e-08
9.090000e+02 3.388652e-07
9.100000e+02 4.175092e-07
9.110000e+02 3.691604e-07
9.120000e+02 3.020481e-07
9.130000e+02 2.533948e-07
9.140000e+02 2.147808e-07
9.150000e+02 1.859135e-07
9.160000e+02 1.622129e-07
9.170000e+02 1.416854e-07
9.180000e+02 1.273068e-07
9.190000e+02 1.152818e-07
9.200000e+02 1.058831e-07
9.210000e+02 9.822302e-08
9.220000e+02 9.227676e-08
9.230000e+02 9.075555e-08
9.240000e+02 8.881156e-08
9.250000e+02 8.511562e-08
9.260000e+02 8.369222e-08
9.270000e+02 8.039650e-08
9.280000e+02 3.404748e-07
9.290000e+02 4.105562e-07
9.300000e+02 3.562499e-07
9.310000e+02 2.951338e-07
9.320000e+02 2.468380e-07
9.330000e+02 2.090954e-07
9.340000e+02 1.788678e-07
9.350000e+02 1.559799e-07
9.360000e+02 1.370003e-07
9.370000e+02 1.201907e-07
9.380000e+02 1.081065e-07
9.390000e+02 9.925666e-08
9.400000e+02 9.123575e-08
9.410000e+02 8.526429e-08
9.420000e+02 8.106354e-08
9.430000e+02 7.828096e-08
9.440000e+02 7.876437e-08
9.450000e+02 7.582400e-08
9.460000e+02 7.828602e-08
9.470000e+02 7.785627e-08
9.480000e+02 7.342014e-08
9.490000e+02 7.149978e-08
9.500000e+02 3.341629e-07
9.510000e+02 3.398507e-07
9.520000e+02 3.241785e-07
9.530000e+02 2.697914e-07
9.540000e+02 2.228364e-07
9.550000e+02 1.928345e-07
9.560000e+02 1.665178e-07
9.570000e+02 1.442739e-07
9.580000e+02 1.266085e-07
9.590000e+02 1.120449e-07
9.600000e+02 1.006665e-07
9.610000e+02 8.719016e-08
9.620000e+02 8.079306e-08
9.630000e+02 7.382572e-08
9.640000e+02 7.228969e-08
9.650000e+02 6.766947e-08
9.660000e+02 6.506044e-08
9.670000e+02 6.285276e-08
9.680000e+02 6.152181e-08
9.690000e+02 5.846430e-08
9.700000e+02 6.002522e-08
9.710000e+02 5.914222e-08
9.720000e+02 5.764615e-08
9.730000e+02 5.703874e-08
9.740000e+02 5.656625e-08
9.750000e+02 5.534316e-08
9.760000e+02 5.452108e-08
9.770000e+02 5.465349e-08
9.780000e+02 5.360016e-08
9.790000e+02 5.344483e-08
9.800000e+02 3.059964e-07
9.810000e+02 6.865094e-08
9.820000e+02 3.058488e-07
9.830000e+02 2.680372e-07
9.840000e+02 2.266908e-07
9.850000e+02 1.887147e-07
9.860000e+02 1.599727e-07
9.870000e+02 1.370454e-07
9.880000e+02 1.188381e-07
9.890000e+02 1.035303e-07
9.900000e+02 9.138891e-08
9.910000e+02 8.202816e-08
9.920000e+02 7.402605e-08
9.930000e+02 6.427979e-08
9.940000e+02 6.028657e-08
9.950000e+02 5.667540e-08
9.960000e+02 5.463844e-08
9.970000e+02 5.203340e-08
9.980000e+02 5.122635e-08
9.990000e+02 4.829899e-08
1.000000e+03 4.651587e-08
1.001000e+03 4.559064e-08
1.002000e+03 4.504576e-08
1.003000e+03 4.382404e-08
1.004000e+03 4.617604e-08
1.005000e+03 4.220602e-08
1.006000e+03 4.181809e-08
1.007000e+03 4.159040e-08
1.008000e+03 4.021615e-08
1.009000e+03 3.926465e-08
1.010000e+03 3.886496e-08
1.011000e+03 3.875681e-08
1.012000e+03 3.785500e-08
1.013000e+03 3.850681e-08
1.014000e+03 3.810530e-08
1.015000e+03 3.879859e-08
1.016000e+03 3.836902e-08
1.017000e+03 3.700086e-08
1.018000e+03 3.628066e-08
1.019000e+03 3.613357e-08
1.020000e+03 3.569922e-08
1.021000e+03 3.564797e-08
1.022000e+03 3.532842e-08
1.023000e+03 3.051882e-07
1.024000e+03 7.130152e-08
1.025000e+03 4.945336e-08
1.026000e+03 2.058232e-07
1.027000e+03 1.834156e-07
1.028000e+03 1.534947e-07
1.029000e+03 1.285694e-07
1.030000e+03 1.189225e-07
1.031000e+03 1.027249e-07
1.032000e+03 8.729838e-08
1.033000e+03 7.534198e-08
1.034000e+03 6.584775e-08
1.035000e+03 5.784828e-08
1.036000e+03 5.190662e-08
1.037000e+03 4.743088e-08
1.038000e+03 4.276416e-08
1.039000e+03 3.938076e-08
1.040000e+03 3.733600e-08
1.041000e+03 3.607970e-08
1.042000e+03 3.397677e-08
1.043000e+03 3.344488e-08
1.044000e+03 3.503343e-08
1.045000e+03 3.235551e-08
1.046000e+03 3.194952e-08
1.047000e+03 3.518630e-08
1.048000e+03 3.312042e-08
1.049000e+03 3.300735e-08
1.050000e+03 3.228877e-08
1.051000e+03 3.197842e-08
1.052000e+03 3.328268e-08
1.053000e+03 3.176138e-08
1.054000e+03 3.196995e-08
1.055000e+03 2.990294e-08
1.056000e+03 2.945342e-08
1.057000e+03 3.007428e-08
1.058000e+03 2.963067e-08
1.059000e+03 2.857022e-08
1.060000e+03 2.816886e-08
1.061000e+03 2.828893e-08
1.062000e+03 2.753252e-08
1.063000e+03 2.748177e-08
1.064000e+03 2.523779e-08
1.065000e+03 2.280444e-08
1.066000e+03 2.239220e-08
1.067000e+03 2.163874e-08
1.068000e+03 2.179416e-08
1.069000e+03 2.346473e-08
1.070000e+03 2.291897e-08
1.071000e+03 2.290149e-08
1.072000e+03 2.243159e-08
1.073000e+03 2.272019e-08
1.074000e+03 2.304111e-08
1.075000e+03 2.232396e-08
1.076000e+03 2.197129e-08
1.077000e+03 2.268437e-08
1.078000e+03 2.242620e-08
1.079000e+03 2.274085e-08
1.080000e+03 2.114028e-08
1.081000e+03 2.030457e-08
1.082000e+03 2.000314e-08
1.083000e+03 1.953211e-08
1.084000e+03 2.294661e-08
1.085000e+03 1.958514e-08
1.086000e+03 1.953985e-08
1.087000e+03 1.929496e-08
1.088000e+03 1.997527e-08
1.089000e+03 1.858515e-08
1.090000e+03 1.875130e-08
1.091000e+03 1.885023e-08
1.092000e+03 1.789225e-08
1.093000e+03 1.808748e-08
1.094000e+03 1.839783e-08
1.095000e+03 1.783276e-08
1.096000e+03 1.836681e-08
1.097000e+03 1.792608e-08
1.098000e+03 1.840059e-08
1.099000e+03 1.707532e-08
1.100000e+03 1.698491e-08
1.101000e+03 1.838421e-08
1.102000e+03 1.874590e-08
1.103000e+03 1.819362e-08
1.104000e+03 2.150014e-08
1.105000e+03 1.796065e-08
1.106000e+03 1.826305e-08
1.107000e+03 1.818029e-08
1.108000e+03 1.758922e-08
1.109000e+03 1.719208e-08
1.110000e+03 3.176044e-07
1.111000e+03 5.204904e-08
1.112000e+03 4.804631e-08
1.113000e+03 4.110867e-08
1.114000e+03 3.383448e-08
1.115000e+03 2.751785e-08
1.116000e+03 2.231392e-08
1.117000e+03 9.770926e-08
1.118000e+03 8.616354e-08
1.119000e+03 7.228571e-08
1.120000e+03 6.046096e-08
1.121000e+03 5.122480e-08
1.122000e+03 4.333896e-08
1.123000e+03 3.721069e-08
1.124000e+03 3.594126e-08
1.125000e+03 2.932739e-08
1.126000e+03 2.572905e-08
1.127000e+03 2.406822e-08
1.128000e+03 2.218296e-08
1.129000e+03 2.162959e-08
1.130000e+03 2.066923e-08
1.131000e+03 2.022731e-08
1.132000e+03 1.920332e-08
1.133000e+03 1.904368e-08
1.134000e+03 1.840305e-08
1.135000e+03 1.781809e-08
1.136000e+03 1.752860e-08
1.137000e+03 1.755601e-08
1.138000e+03 1.624651e-08
1.139000e+03 1.607887e-08
1.140000e+03 1.546750e-08
1.141000e+03 1.564809e-08
1.142000e+03 1.505554e-08
1.143000e+03 1.480956e-08
1.144000e+03 1.785418e-08
1.145000e+03 1.518250e-08
1.146000e+03 1.563722e-08
1.147000e+03 1.590407e-08
1.148000e+03 1.421542e-08
1.149000e+03 1.441860e-08
1.150000e+03 1.430059e-08
1.151000e+03 1.415634e-08
1.152000e+03 1.455010e-08
1.153000e+03 1.331737e-08
1.154000e+03 1.309286e-08
1.155000e+03 1.294615e-08
1.156000e+03 1.300069e-08
1.157000e+03 1.410207e-08
1.158000e+03 1.388776e-08
1.159000e+03 1.303785e-08
1.160000e+03 1.272166e-08
1.161000e+03 1.301537e-08
1.162000e+03 1.224338e-08
1.163000e+03 1.228564e-08
1.164000e+03 1.557481e-08
1.165000e+03 1.343929e-08
1.166000e+03 1.252507e-08
1.167000e+03 1.228960e-08
1.168000e+03 1.259491e-08
1.169000e+03 1.233108e-08
1.170000e+03 1.159047e-08
1.171000e+03 1.194992e-08
1.172000e+03 1.153767e-08
1.173000e+03 1.169969e-08
1.174000e+03 1.236588e-08
1.175000e+03 1.161855e-08
1.176000e+03 1.136605e-08
1.177000e+03 1.194584e-08
1.178000e+03 1.184071e-08
1.179000e+03 1.234580e-08
1.180000e+03 1.088375e-08
1.181000e+03 1.149238e-08
1.182000e+03 1.018429e-08
1.183000e+03 1.071418e-08
1.184000e+03 1.430685e-08
1.185000e+03 1.122212e-08
1.186000e+03 1.153847e-08
1.187000e+03 1.126733e-08
1.188000e+03 1.222367e-08
1.189000e+03 1.094222e-08
1.190000e+03 1.124697e-08
1.191000e+03 1.045562e-08
1.192000e+03 9.705192e-09
1.193000e+03 1.013977e-08
1.194000e+03 1.051048e-08
1.195000e+03 1.005077e-08
1.196000e+03 1.063247e-08
1.197000e+03 1.020916e-08
1.198000e+03 1.133543e-08
1.199000e+03 9.403573e-09
1.200000e+03 9.642452e-09
1.201000e+03 9.937416e-09
1.202000e+03 1.045194e-08
1.203000e+03 9.397691e-09
1.204000e+03 1.359910e-08
1.205000e+03 9.838158e-09
1.206000e+03 9.868484e-09
1.207000e+03 1.017763e-08
1.208000e+03 9.622943e-09
1.209000e+03 9.164994e-09
1.210000e+03 8.633228e-09
1.211000e+03 9.674843e-09
1.212000e+03 8.879641e-09
1.213000e+03 9.075446e-09
1.214000e+03 9.498964e-09
1.215000e+03 1.029497e-08
1.216000e+03 1.000743e-08
1.217000e+03 9.455929e-09
1.218000e+03 8.994039e-09
1.219000e+03 9.007719e-09
1.220000e+03 9.042295e-09
1.221000e+03 9.800271e-09
1.222000e+03 9.232912e-09
1.223000e+03 8.938320e-09
1.224000e+03 1.270471e-08
1.225000e+03 9.769977e-09
1.226000e+03 9.620182e-09
1.227000e+03 9.270161e-09
1.228000e+03 8.761455e-09
1.229000e+03 9.138712e-09
1.230000e+03 8.760867e-09
1.231000e+03 9.507722e-09
1.232000e+03 8.697445e-09
1.233000e+03 8.958656e-09
1.234000e+03 8.973022e-09
1.235000e+03 8.537368e-09
1.236000e+03 8.844477e-09
1.237000e+03 9.419290e-09
1.238000e+03 7.713112e-09
1.239000e+03 8.191238e-09
1.240000e+03 7.940083e-09
1.241000e+03 8.606247e-09
1.242000e+03 8.182135e-09
1.243000e+03 8.362590e-09
1.244000e+03 1.132848e-08
1.245000e+03 8.959222e-09
1.246000e+03 9.808534e-09
1.247000e+03 1.028821e-08
1.248000e+03 8.455779e-09
1.249000e+03 9.027518e-09
1.250000e+03 8.448964e-09
1.251000e+03 8.530277e-09
1.252000e+03 8.846289e-09
1.253000e+03 7.899417e-09
1.254000e+03 8.279319e-09
1.255000e+03 8.062758e-09
1.256000e+03 7.854882e-09
1.257000e+03 8.973433e-09
1.258000e+03 8.842170e-09
1.259000e+03 7.929944e-09
1.260000e+03 7.681059e-09
1.261000e+03 8.083851e-09
1.262000e+03 7.921407e-09
1.263000e+03 7.785525e-09
1.264000e+03 1.077719e-08
1.265000e+03 9.049250e-09
1.266000e+03 7.052989e-09
1.267000e+03 7.596903e-09
1.268000e+03 8.080400e-09
1.269000e+03 7.704494e-09
1.270000e+03 7.744707e-09
1.271000e+03 8.041109e-09
1.272000e+03 7.371498e-09
1.273000e+03 7.766894e-09
1.274000e+03 8.661757e-09
1.275000e+03 7.694563e-09
1.276000e+03 7.636561e-09
1.277000e+03 8.484459e-09
1.278000e+03 7.984003e-09
1.279000e+03 8.425660e-09
1.280000e+03 7.180910e-09
1.281000e+03 7.960844e-09
1.282000e+03 7.485278e-09
1.283000e+03 7.431895e-09
1.284000e+03 1.037088e-08
1.285000e+03 7.742296e-09
1.286000e+03 7.760449e-09
1.287000e+03 7.658991e-09
1.288000e+03 8.678205e-09
1.289000e+03 7.637845e-09
1.290000e+03 7.668416e-09
1.291000e+03 7.856399e-09
1.292000e+03 7.138989e-09
1.293000e+03 7.319512e-09
1.294000e+03 7.227784e-09
1.295000e+03 7.253516e-09
1.296000e+03 7.885544e-09
1.297000e+03 7.647968e-09
1.298000e+03 8.731034e-09
1.299000e+03 6.828939e-09
1.300000e+03 7.385039e-09
1.301000e+03 7.332130e-09
1.302000e+03 7.775618e-09
1.303000e+03 7.357408e-09
1.304000e+03 1.078889e-08
1.305000e+03 7.469443e-09
1.306000e+03 7.730749e-09
1.307000e+03 7.833308e-09
1.308000e+03 7.300499e-09
1.309000e+03 6.859379e-09
1.310000e+03 6.973609e-09
1.311000e+03 7.991538e-09
1.312000e+03 6.785934e-09
1.313000e+03 7.328211e-09
1.314000e+03 7.442935e-09
1.315000e+03 8.498387e-09
1.316000e+03 8.381702e-09
1.317000e+03 7.726157e-09
1.318000e+03 7.520534e-09
1.319000e+03 2.394249e-07
1.320000e+03 4.994199e-08
1.321000e+03 3.853761e-08
1.322000e+03 2.945925e-08
1.323000e+03 2.467439e-08
1.324000e+03 1.188290e-07
1.325000e+03 1.012004e-07
1.326000e+03 8.280431e-08
1.327000e+03 6.741048e-08
1.328000e+03 5.494563e-08
1.329000e+03 4.512701e-08
1.330000e+03 3.742384e-08
1.331000e+03 3.157448e-08
1.332000e+03 2.610205e-08
1.333000e+03 2.258882e-08
1.334000e+03 2.010821e-08
1.335000e+03 1.747333e-08
1.336000e+03 1.615205e-08
1.337000e+03 1.544147e-08
1.338000e+03 1.351387e-08
1.339000e+03 1.298217e-08
1.340000e+03 1.220165e-08
1.341000e+03 1.161597e-08
1.342000e+03 1.087920e-08
1.343000e+03 1.057874e-08
1.344000e+03 1.287423e-08
1.345000e+03 1.048885e-08
1.346000e+03 1.100539e-08
1.347000e+03 1.128659e-08
1.348000e+03 9.519519e-09
1.349000e+03 9.876141e-09
1.350000e+03 8.090332e-09
1.351000e+03 8.823066e-09
1.352000e+03 9.189451e-09
1.353000e+03 7.888249e-09
1.354000e+03 8.421959e-09
1.355000e+03 8.029797e-09
1.356000e+03 7.749428e-09
1.357000e+03 8.701834e-09
1.358000e+03 8.552734e-09
1.359000e+03 7.637442e-09
1.360000e+03 7.232859e-09
1.361000e+03 7.421187e-09
1.362000e+03 7.090792e-09
1.363000e+03 7.228278e-09
1.364000e+03 9.824246e-09
1.365000e+03 8.270050e-09
1.366000e+03 7.521069e-09
1.367000e+03 7.147513e-09
1.368000e+03 7.449864e-09
1.369000e+03 6.994481e-09
1.370000e+03 6.691191e-09
1.371000e+03 6.981218e-09
1.372000e+03 6.413184e-09
1.373000e+03 6.953595e-09
1.374000e+03 7.362496e-09
1.375000e+03 6.846090e-09
1.376000e+03 6.626480e-09
1.377000e+03 7.261523e-09
1.378000e+03 6.343044e-09
1.379000e+03 7.210737e-09
1.380000e+03 5.854981e-09
1.381000e+03 6.797623e-09
1.382000e+03 6.810553e-09
1.383000e+03 6.510803e-09
1.384000e+03 9.390045e-09
1.385000e+03 6.848768e-09
1.386000e+03 6.897025e-09
1.387000e+03 7.010135e-09
1.388000e+03 7.742200e-09
1.389000e+03 6.630527e-09
1.390000e+03 6.904266e-09
1.391000e+03 6.952707e-09
1.392000e+03 6.246790e-09
1.393000e+03 6.717000e-09
1.394000e+03 7.203120e-09
1.395000e+03 6.547360e-09
1.396000e+03 7.331298e-09
1.397000e+03 7.025991e-09
1.398000e+03 7.840271e-09
1.399000e+03 6.216957e-09
1.400000e+03 6.521216e-09
1.401000e+03 6.589252e-09
1.402000e+03 6.804713e-09
1.403000e+03 6.532064e-09
1.404000e+03 9.671563e-09
1.405000e+03 6.503370e-09
1.406000e+03 5.810372e-09
1.407000e+03 6.732830e-09
1.408000e+03 6.254885e-09
1.409000e+03 6.083004e-09
1.410000e+03 6.206310e-09
1.411000e+03 6.935431e-09
1.412000e+03 5.961554e-09
1.413000e+03 5.964467e-09
1.414000e+03 6.278967e-09
1.415000e+03 7.175407e-09
1.416000e+03 7.081393e-09
1.417000e+03 6.389443e-09
1.418000e+03 6.247387e-09
1.419000e+03 6.110652e-09
1.420000e+03 6.153120e-09
1.421000e+03 6.652429e-09
1.422000e+03 6.292578e-09
1.423000e+03 6.156819e-09
1.424000e+03 9.504180e-09
1.425000e+03 6.916242e-09
1.426000e+03 6.876449e-09
1.427000e+03 6.483567e-09
1.428000e+03 6.063744e-09
1.429000e+03 6.213415e-09
1.430000e+03 6.353002e-09
1.431000e+03 6.938458e-09
1.432000e+03 5.898866e-09
1.433000e+03 6.264277e-09
1.434000e+03 5.610366e-09
1.435000e+03 5.752532e-09
1.436000e+03 6.102310e-09
1.437000e+03 6.886442e-09
1.438000e+03 5.927738e-09
1.439000e+03 6.098109e-09
1.440000e+03 5.761888e-09
1.441000e+03 6.231716e-09
1.442000e+03 5.585467e-09
1.443000e+03 5.529849e-09
1.444000e+03 8.271830e-09
1.445000e+03 5.970734e-09
1.446000e+03 6.814824e-09
1.447000e+03 7.450784e-09
1.448000e+03 5.717888e-09
1.449000e+03 6.369661e-09
1.450000e+03 5.975492e-09
1.451000e+03 5.896134e-09
1.452000e+03 6.235090e-09
1.453000e+03 5.264270e-09
1.454000e+03 6.151099e-09
1.455000e+03 5.124671e-09
1.456000e+03 5.386486e-09
1.457000e+03 6.483204e-09
1.458000e+03 6.339505e-09
1.459000e+03 5.614064e-09
1.460000e+03 5.382707e-09
1.461000e+03 5.788150e-09
1.462000e+03 5.213579e-09
1.463000e+03 5.272834e-09
1.464000e+03 8.147758e-09
1.465000e+03 6.430503e-09
1.466000e+03 5.727432e-09
1.467000e+03 5.639134e-09
1.468000e+03 6.071540e-09
1.469000e+03 5.807467e-09
1.470000e+03 5.360193e-09
1.471000e+03 5.570862e-09
1.472000e+03 5.460715e-09
1.473000e+03 5.671958e-09
1.474000e+03 6.536362e-09
1.475000e+03 5.592272e-09
1.476000e+03 5.355592e-09
1.477000e+03 6.094322e-09
1.478000e+03 5.987967e-09
1.479000e+03 6.635462e-09
1.480000e+03 5.261254e-09
1.481000e+03 5.703581e-09
1.482000e+03 5.385476e-09
1.483000e+03 5.326987e-09
1.484000e+03 8.231054e-09
1.485000e+03 5.628269e-09
1.486000e+03 5.904944e-09
1.487000e+03 5.468426e-09
1.488000e+03 6.514998e-09
1.489000e+03 5.309029e-09
1.490000e+03 5.436131e-09
1.491000e+03 5.390930e-09
1.492000e+03 4.653567e-09
1.493000e+03 5.280212e-09
1.494000e+03 5.800973e-09
1.495000e+03 5.422347e-09
1.496000e+03 6.098186e-09
1.497000e+03 5.874934e-09
1.498000e+03 6.642460e-09
1.499000e+03 5.008902e-09
1.500000e+03 5.302759e-09
1.501000e+03 5.165537e-09
1.502000e+03 5.720699e-09
1.503000e+03 5.198934e-09
1.504000e+03 8.441314e-09
1.505000e+03 5.197865e-09
1.506000e+03 5.330697e-09
1.507000e+03 5.743259e-09
1.508000e+03 5.226548e-09
1.509000e+03 4.834012e-09
1.510000e+03 5.270678e-09
1.511000e+03 5.900812e-09
1.512000e+03 4.723683e-09
1.513000e+03 4.745924e-09
1.514000e+03 4.863144e-09
1.515000e+03 5.938890e-09
1.516000e+03 5.788034e-09
1.517000e+03 5.276846e-09
1.518000e+03 4.527999e-09
1.519000e+03 4.558751e-09
1.520000e+03 4.688646e-09
1.521000e+03 5.384804e-09
1.522000e+03 4.981351e-09
1.523000e+03 4.774087e-09
1.524000e+03 8.122811e-09
1.525000e+03 5.442598e-09
1.526000e+03 5.571535e-09
1.527000e+03 5.277492e-09
1.528000e+03 4.841447e-09
1.529000e+03 5.339281e-09
1.530000e+03 5.060297e-09
1.531000e+03 5.752549e-09
1.532000e+03 4.411886e-09
1.533000e+03 4.904208e-09
1.534000e+03 5.232592e-09
1.535000e+03 4.783478e-09
1.536000e+03 5.174985e-09
1.537000e+03 5.639495e-09
1.538000e+03 4.571684e-09
1.539000e+03 4.872489e-09
1.540000e+03 4.485139e-09
1.541000e+03 4.975451e-09
1.542000e+03 4.523230e-09
1.543000e+03 4.751956e-09
1.544000e+03 7.311799e-09
1.545000e+03 5.207263e-09
1.546000e+03 5.434847e-09
1.547000e+03 6.412610e-09
1.548000e+03 4.623484e-09
1.549000e+03 5.324085e-09
1.550000e+03 4.970847e-09
1.551000e+03 5.019849e-09
1.552000e+03 5.210101e-09
1.553000e+03 4.448651e-09
1.554000e+03 4.984692e-09
1.555000e+03 4.623911e-09
1.556000e+03 4.425370e-09
1.557000e+03 5.562121e-09
1.558000e+03 5.553497e-09
1.559000e+03 4.633959e-09
1.560000e+03 4.360209e-09
1.561000e+03 4.712010e-09
1.562000e+03 4.563385e-09
1.563000e+03 4.529651e-09
1.564000e+03 7.369294e-09
1.565000e+03 5.433254e-09
1.566000e+03 4.810289e-09
1.567000e+03 4.806207e-09
1.568000e+03 4.971880e-09
1.569000e+03 4.591519e-09
1.570000e+03 4.322668e-09
1.571000e+03 4.655634e-09
1.572000e+03 4.266471e-09
1.573000e+03 4.753342e-09
1.574000e+03 5.073714e-09
1.575000e+03 4.352164e-09
1.576000e+03 4.235654e-09
1.577000e+03 5.007716e-09
1.578000e+03 4.961722e-09
1.579000e+03 5.457865e-09
1.580000e+03 4.266714e-09
1.581000e+03 4.887890e-09
1.582000e+03 4.588774e-09
1.583000e+03 4.258825e-09
1.584000e+03 7.072786e-09
1.585000e+03 4.620345e-09
1.586000e+03 4.653433e-09
1.587000e+03 4.670615e-09
1.588000e+03 5.532294e-09
1.589000e+03 4.792806e-09
1.590000e+03 4.644442e-09
1.591000e+03 4.867619e-09
1.592000e+03 4.272994e-09
1.593000e+03 4.576634e-09
1.594000e+03 5.034255e-09
1.595000e+03 4.368877e-09
1.596000e+03 5.139353e-09
1.597000e+03 4.664383e-09
1.598000e+03 5.566269e-09
1.599000e+03 4.074283e-09
1.600000e+03 4.536891e-09
1.601000e+03 4.399711e-09
1.602000e+03 4.612739e-09
1.603000e+03 4.151943e-09
1.604000e+03 7.709588e-09
1.605000e+03 4.515111e-09
1.606000e+03 4.933263e-09
1.607000e+03 5.077677e-09
1.608000e+03 4.379297e-09
1.609000e+03 3.722322e-09
1.610000e+03 4.230292e-09
1.611000e+03 4.983317e-09
1.612000e+03 4.088327e-09
1.613000e+03 4.141934e-09
1.614000e+03 4.112471e-09
1.615000e+03 5.108772e-09
1.616000e+03 5.187706e-09
1.617000e+03 4.559415e-09
1.618000e+03 4.393379e-09
1.619000e+03 4.480117e-09
1.620000e+03 4.202451e-09
1.621000e+03 4.474819e-09
1.622000e+03 4.434466e-09
1.623000e+03 4.152940e-09
1.624000e+03 7.357895e-09
1.625000e+03 4.840213e-09
1.626000e+03 4.814627e-09
1.627000e+03 4.562346e-09
1.628000e+03 4.185431e-09
1.629000e+03 4.472284e-09
1.630000e+03 4.648704e-09
1.631000e+03 4.963029e-09
1.632000e+03 4.004688e-09
1.633000e+03 4.353360e-09
1.634000e+03 4.491825e-09
1.635000e+03 4.127559e-09
1.636000e+03 4.583383e-09
1.637000e+03 5.134987e-09
1.638000e+03 4.042097e-09
1.639000e+03 4.340643e-09
1.640000e+03 4.097393e-09
1.641000e+03 4.724785e-09
1.642000e+03 4.058834e-09
1.643000e+03 4.072273e-09
1.644000e+03 6.554813e-09
1.645000e+03 4.525680e-09
1.646000e+03 5.418118e-09
1.647000e+03 6.089173e-09
1.648000e+03 4.380893e-09
1.649000e+03 5.185347e-09
1.650000e+03 4.439923e-09
1.651000e+03 4.410792e-09
1.652000e+03 4.775905e-09
1.653000e+03 3.940612e-09
1.654000e+03 4.719931e-09
1.655000e+03 4.106292e-09
1.656000e+03 3.944691e-09
1.657000e+03 5.052889e-09
1.658000e+03 4.831303e-09
1.659000e+03 3.830976e-09
1.660000e+03 3.457436e-09
1.661000e+03 4.107118e-09
1.662000e+03 4.010839e-09
1.663000e+03 4.094703e-09
1.664000e+03 6.868431e-09
1.665000e+03 5.070198e-09
1.666000e+03 4.350497e-09
1.667000e+03 4.074759e-09
1.668000e+03 4.459072e-09
1.669000e+03 4.053986e-09
1.670000e+03 3.857266e-09
1.671000e+03 4.171588e-09
1.672000e+03 3.733275e-09
1.673000e+03 4.148344e-09
1.674000e+03 4.924135e-09
1.675000e+03 4.179857e-09
1.676000e+03 3.774151e-09
1.677000e+03 4.532169e-09
1.678000e+03 4.575959e-09
1.679000e+03 5.003458e-09
1.680000e+03 3.634159e-09
1.681000e+03 4.311725e-09
1.682000e+03 4.059348e-09
1.683000e+03 3.815488e-09
1.684000e+03 6.695188e-09
1.685000e+03 4.033981e-09
1.686000e+03 3.890741e-09
1.687000e+03 3.996738e-09
1.688000e+03 4.991817e-09
1.689000e+03 3.903485e-09
1.690000e+03 4.110642e-09
1.691000e+03 4.506751e-09
1.692000e+03 3.732320e-09
1.693000e+03 4.127115e-09
1.694000e+03 4.664792e-09
1.695000e+03 4.063467e-09
1.696000e+03 4.649004e-09
1.697000e+03 4.411466e-09
1.698000e+03 5.297634e-09
1.699000e+03 3.879236e-09
1.700000e+03 4.161245e-09
1.701000e+03 4.114419e-09
1.702000e+03 4.503677e-09
1.703000e+03 4.188843e-09
1.704000e+03 7.250149e-09
1.705000e+03 4.191919e-09
1.706000e+03 4.458950e-09
1.707000e+03 4.507552e-09
1.708000e+03 4.069935e-09
1.709000e+03 3.933576e-09
1.710000e+03 3.719516e-09
1.711000e+03 4.770213e-09
1.712000e+03 3.726332e-09
1.713000e+03 3.748371e-09
1.714000e+03 3.856700e-09
1.715000e+03 4.747754e-09
1.716000e+03 4.574474e-09
1.717000e+03 4.044892e-09
1.718000e+03 4.078191e-09
1.719000e+03 3.989465e-09
1.720000e+03 3.763850e-09
1.721000e+03 4.287658e-09
1.722000e+03 4.023933e-09
1.723000e+03 3.890960e-09
1.724000e+03 7.144047e-09
1.725000e+03 2.760945e-07
1.726000e+03 9.467481e-08
1.727000e+03 8.362237e-08
1.728000e+03 4.994678e-08
1.729000e+03 3.213855e-08
1.730000e+03 1.144360e-07
1.731000e+03 1.039352e-07
1.732000e+03 8.542068e-08
1.733000e+03 6.958151e-08
1.734000e+03 5.676805e-08
1.735000e+03 4.627402e-08
1.736000e+03 3.767381e-08
1.737000e+03 3.205074e-08
1.738000e+03 2.616019e-08
1.739000e+03 2.237435e-08
1.740000e+03 1.903220e-08
1.741000e+03 1.698649e-08
1.742000e+03 1.353746e-08
1.743000e+03 1.301643e-08
1.744000e+03 1.465146e-08
1.745000e+03 1.168913e-08
1.746000e+03 1.158734e-08
1.747000e+03 1.146655e-08
1.748000e+03 9.247409e-09
1.749000e+03 9.114022e-09
1.750000e+03 8.563728e-09
1.751000e+03 8.021044e-09
1.752000e+03 7.734877e-09
1.753000e+03 6.655142e-09
1.754000e+03 7.130892e-09
1.755000e+03 6.368797e-09
1.756000e+03 6.184282e-09
1.757000e+03 7.005358e-09
1.758000e+03 6.794904e-09
1.759000e+03 5.913251e-09
1.760000e+03 5.543371e-09
1.761000e+03 5.734350e-09
1.762000e+03 5.379575e-09
1.763000e+03 5.299428e-09
1.764000e+03 7.924349e-09
1.765000e+03 6.152630e-09
1.766000e+03 5.525271e-09
1.767000e+03 5.426725e-09
1.768000e+03 5.681631e-09
1.769000e+03 5.259628e-09
1.770000e+03 4.545052e-09
1.771000e+03 4.721340e-09
1.772000e+03 4.390753e-09
1.773000e+03 5.021378e-09
1.774000e+03 5.717301e-09
1.775000e+03 4.832659e-09
1.776000e+03 4.558663e-09
1.777000e+03 5.169020e-09
1.778000e+03 5.235997e-09
1.779000e+03 5.767324e-09
1.780000e+03 4.317992e-09
1.781000e+03 4.796935e-09
1.782000e+03 4.562127e-09
1.783000e+03 4.483905e-09
1.784000e+03 7.250478e-09
1.785000e+03 4.548650e-09
1.786000e+03 4.785664e-09
1.787000e+03 4.508012e-09
1.788000e+03 5.533265e-09
1.789000e+03 4.330606e-09
1.790000e+03 4.568513e-09
1.791000e+03 4.710538e-09
1.792000e+03 3.990834e-09
1.793000e+03 4.389600e-09
1.794000e+03 4.690922e-09
1.795000e+03 4.300717e-09
1.796000e+03 4.985868e-09
1.797000e+03 4.593913e-09
1.798000e+03 5.283787e-09
1.799000e+03 3.471032e-09
1.800000e+03 3.820079e-09
