Title ="THE FLUX ERR"
Variables=
iter
residual
1.000000e+00 1.615231e-03
2.000000e+00 7.708828e-04
3.000000e+00 5.527864e-04
4.000000e+00 4.875619e-04
5.000000e+00 1.051595e-03
6.000000e+00 1.622462e-03
7.000000e+00 7.026487e-04
8.000000e+00 1.583153e-05
9.000000e+00 4.409108e-05
1.000000e+01 2.682846e-04
1.100000e+01 6.420164e-04
1.200000e+01 9.128097e-05
1.300000e+01 2.366585e-04
1.400000e+01 4.671980e-06
1.500000e+01 2.714239e-04
1.600000e+01 3.898132e-04
1.700000e+01 2.186987e-04
1.800000e+01 1.240628e-04
1.900000e+01 3.976347e-04
2.000000e+01 6.258799e-05
2.100000e+01 4.448471e-05
2.200000e+01 2.793193e-04
2.300000e+01 3.548741e-05
2.400000e+01 4.163526e-05
2.500000e+01 3.226053e-05
2.600000e+01 3.335095e-05
2.700000e+01 2.330906e-05
2.800000e+01 1.994009e-05
2.900000e+01 1.914766e-05
3.000000e+01 2.035636e-05
3.100000e+01 2.946246e-05
3.200000e+01 5.410392e-05
3.300000e+01 2.549938e-05
3.400000e+01 4.933215e-05
3.500000e+01 5.316692e-05
3.600000e+01 2.696586e-06
3.700000e+01 5.129797e-05
3.800000e+01 2.901115e-06
3.900000e+01 4.630720e-06
4.000000e+01 4.447960e-06
4.100000e+01 4.186122e-06
4.200000e+01 2.272568e-05
4.300000e+01 1.907600e-05
4.400000e+01 1.024300e-05
4.500000e+01 5.310243e-05
4.600000e+01 4.332889e-05
4.700000e+01 3.084999e-05
4.800000e+01 7.314442e-06
4.900000e+01 3.097267e-05
5.000000e+01 2.040726e-05
5.100000e+01 2.736416e-05
5.200000e+01 3.366166e-05
5.300000e+01 3.537424e-05
5.400000e+01 6.945153e-06
5.500000e+01 3.712412e-05
5.600000e+01 3.102120e-05
5.700000e+01 3.397828e-05
5.800000e+01 3.643569e-05
5.900000e+01 3.107688e-05
6.000000e+01 3.936596e-05
6.100000e+01 2.914325e-05
6.200000e+01 3.952267e-05
6.300000e+01 3.104073e-05
6.400000e+01 3.634401e-05
6.500000e+01 3.188006e-05
6.600000e+01 3.792021e-05
6.700000e+01 2.875678e-05
6.800000e+01 1.894527e-05
6.900000e+01 3.456849e-05
7.000000e+01 4.417051e-05
7.100000e+01 4.734890e-05
7.200000e+01 4.374148e-05
7.300000e+01 4.891108e-05
7.400000e+01 3.091720e-05
7.500000e+01 1.733402e-05
7.600000e+01 3.153717e-05
7.700000e+01 3.771430e-05
7.800000e+01 2.694909e-05
7.900000e+01 2.612435e-05
8.000000e+01 2.237100e-05
8.100000e+01 2.884203e-05
8.200000e+01 2.471587e-05
8.300000e+01 2.738300e-05
8.400000e+01 3.427373e-05
8.500000e+01 3.466364e-05
8.600000e+01 2.580821e-05
8.700000e+01 3.282230e-05
8.800000e+01 2.233327e-05
8.900000e+01 2.320791e-05
9.000000e+01 1.336276e-05
9.100000e+01 2.734585e-05
9.200000e+01 1.469960e-05
9.300000e+01 1.718238e-05
9.400000e+01 1.299247e-05
9.500000e+01 1.662969e-05
9.600000e+01 1.141285e-05
9.700000e+01 1.210988e-05
9.800000e+01 1.415567e-05
9.900000e+01 1.689152e-05
1.000000e+02 1.158407e-05
1.010000e+02 1.121983e-05
1.020000e+02 1.412087e-05
1.030000e+02 1.399714e-05
1.040000e+02 1.007909e-04
1.050000e+02 1.040112e-04
1.060000e+02 2.371187e-05
1.070000e+02 9.066857e-05
1.080000e+02 1.319853e-04
1.090000e+02 1.415539e-04
1.100000e+02 1.136099e-04
1.110000e+02 1.212252e-04
1.120000e+02 1.059023e-04
1.130000e+02 1.137876e-04
1.140000e+02 1.160986e-04
1.150000e+02 1.219630e-04
1.160000e+02 1.340096e-04
1.170000e+02 1.246913e-04
1.180000e+02 1.117046e-04
1.190000e+02 1.244238e-04
1.200000e+02 1.439618e-04
1.210000e+02 1.353202e-04
1.220000e+02 1.208839e-04
1.230000e+02 1.389122e-04
1.240000e+02 1.848684e-04
1.250000e+02 1.575499e-04
1.260000e+02 1.509457e-04
1.270000e+02 1.681205e-04
1.280000e+02 1.693113e-04
1.290000e+02 1.693447e-04
1.300000e+02 1.603046e-04
1.310000e+02 1.641845e-04
1.320000e+02 1.681065e-04
1.330000e+02 1.462556e-04
1.340000e+02 1.670484e-04
1.350000e+02 1.813490e-04
1.360000e+02 1.678088e-04
1.370000e+02 1.432448e-04
1.380000e+02 1.980221e-04
1.390000e+02 1.542902e-04
1.400000e+02 1.624182e-04
1.410000e+02 1.543600e-04
1.420000e+02 1.516596e-04
1.430000e+02 1.545820e-04
1.440000e+02 1.437979e-04
1.450000e+02 1.702700e-04
1.460000e+02 1.684360e-04
1.470000e+02 1.563292e-04
1.480000e+02 1.350843e-04
1.490000e+02 1.383463e-04
1.500000e+02 1.155091e-04
1.510000e+02 1.165392e-04
1.520000e+02 1.256486e-04
1.530000e+02 9.544953e-05
1.540000e+02 9.358268e-05
1.550000e+02 9.088542e-05
1.560000e+02 8.533526e-05
1.570000e+02 9.618095e-05
1.580000e+02 9.301841e-05
1.590000e+02 9.416941e-05
1.600000e+02 8.144824e-05
1.610000e+02 1.003745e-04
1.620000e+02 8.102064e-05
1.630000e+02 1.049761e-04
1.640000e+02 1.163792e-04
1.650000e+02 1.150393e-04
1.660000e+02 1.333020e-04
1.670000e+02 1.337917e-04
1.680000e+02 1.627551e-04
1.690000e+02 1.419010e-04
1.700000e+02 1.725673e-04
1.710000e+02 1.685513e-04
1.720000e+02 1.560986e-04
1.730000e+02 1.800141e-04
1.740000e+02 1.860489e-04
1.750000e+02 1.348515e-04
1.760000e+02 1.520799e-04
1.770000e+02 2.040725e-04
1.780000e+02 2.790851e-05
1.790000e+02 1.947719e-05
1.800000e+02 1.735000e-04
1.810000e+02 1.771735e-04
1.820000e+02 1.884723e-04
1.830000e+02 1.703471e-04
1.840000e+02 2.151975e-05
1.850000e+02 1.658265e-04
1.860000e+02 3.301209e-05
1.870000e+02 2.631992e-05
1.880000e+02 1.350802e-04
1.890000e+02 3.344573e-05
1.900000e+02 2.251500e-05
1.910000e+02 1.422813e-04
1.920000e+02 1.332496e-04
1.930000e+02 3.279243e-05
1.940000e+02 3.345959e-05
1.950000e+02 2.685062e-05
1.960000e+02 2.461695e-05
1.970000e+02 1.303551e-04
1.980000e+02 2.292961e-05
1.990000e+02 2.478301e-05
2.000000e+02 2.498241e-05
2.010000e+02 2.823708e-05
2.020000e+02 2.426949e-05
2.030000e+02 2.273192e-05
2.040000e+02 2.934731e-05
2.050000e+02 1.476965e-04
2.060000e+02 9.654406e-05
2.070000e+02 1.314818e-04
2.080000e+02 9.620182e-05
2.090000e+02 1.130719e-04
2.100000e+02 9.425818e-05
2.110000e+02 8.638965e-05
2.120000e+02 8.019964e-05
2.130000e+02 6.465366e-05
2.140000e+02 5.426004e-05
2.150000e+02 5.858031e-05
2.160000e+02 5.856369e-05
2.170000e+02 6.242574e-05
2.180000e+02 8.234133e-05
2.190000e+02 1.020886e-04
2.200000e+02 1.277109e-04
2.210000e+02 1.455477e-04
2.220000e+02 1.123220e-04
2.230000e+02 1.545689e-04
2.240000e+02 1.523437e-04
2.250000e+02 1.670836e-04
2.260000e+02 1.758043e-04
2.270000e+02 1.799995e-04
2.280000e+02 1.606271e-04
2.290000e+02 1.773254e-04
2.300000e+02 1.680289e-04
2.310000e+02 1.728515e-04
2.320000e+02 1.579436e-04
2.330000e+02 1.783126e-04
2.340000e+02 1.738269e-04
2.350000e+02 2.465288e-05
2.360000e+02 2.458481e-05
2.370000e+02 2.519794e-05
2.380000e+02 3.691529e-05
2.390000e+02 1.454810e-04
2.400000e+02 3.350594e-05
2.410000e+02 4.523265e-05
2.420000e+02 2.919243e-05
2.430000e+02 2.530643e-05
2.440000e+02 2.456783e-05
2.450000e+02 1.454403e-05
2.460000e+02 1.891412e-05
2.470000e+02 2.904502e-05
2.480000e+02 2.931091e-05
2.490000e+02 2.862269e-05
2.500000e+02 2.934261e-05
2.510000e+02 2.923628e-05
2.520000e+02 2.761624e-05
2.530000e+02 1.989089e-05
2.540000e+02 2.643703e-05
2.550000e+02 3.191446e-05
2.560000e+02 3.049812e-05
2.570000e+02 2.109156e-05
2.580000e+02 1.539747e-05
2.590000e+02 1.913210e-05
2.600000e+02 2.209565e-05
2.610000e+02 2.118121e-05
2.620000e+02 1.964013e-05
2.630000e+02 1.573163e-05
2.640000e+02 1.770238e-05
2.650000e+02 1.441963e-05
2.660000e+02 5.257114e-05
2.670000e+02 5.399280e-05
2.680000e+02 1.073787e-05
2.690000e+02 5.215258e-05
2.700000e+02 4.322938e-05
2.710000e+02 5.280704e-05
2.720000e+02 6.185180e-05
2.730000e+02 1.017341e-05
2.740000e+02 5.348300e-05
2.750000e+02 5.075259e-05
2.760000e+02 4.548260e-05
2.770000e+02 4.811852e-05
2.780000e+02 4.708766e-05
2.790000e+02 4.100809e-05
2.800000e+02 4.139347e-05
2.810000e+02 3.275670e-05
2.820000e+02 3.142437e-05
2.830000e+02 2.363910e-05
2.840000e+02 2.927570e-05
2.850000e+02 2.266222e-05
2.860000e+02 2.325105e-05
2.870000e+02 2.272810e-05
2.880000e+02 2.264031e-05
2.890000e+02 2.278956e-05
2.900000e+02 2.200180e-05
2.910000e+02 2.090458e-05
2.920000e+02 2.007365e-05
2.930000e+02 2.038238e-05
2.940000e+02 2.166706e-05
2.950000e+02 2.382987e-05
2.960000e+02 2.676508e-05
2.970000e+02 2.712494e-05
2.980000e+02 2.907484e-05
2.990000e+02 2.373401e-05
3.000000e+02 2.610729e-05
3.010000e+02 2.654675e-05
3.020000e+02 3.018407e-05
3.030000e+02 3.300034e-05
3.040000e+02 2.993244e-05
3.050000e+02 3.499938e-05
3.060000e+02 3.455553e-05
3.070000e+02 3.156145e-05
3.080000e+02 2.812833e-05
3.090000e+02 3.099833e-05
3.100000e+02 4.175543e-05
3.110000e+02 3.915225e-05
3.120000e+02 3.953118e-05
3.130000e+02 3.117998e-05
3.140000e+02 4.360676e-05
3.150000e+02 4.346250e-05
3.160000e+02 4.358051e-05
3.170000e+02 4.149805e-05
3.180000e+02 4.204343e-05
3.190000e+02 5.109150e-05
3.200000e+02 5.729085e-05
3.210000e+02 5.640767e-05
3.220000e+02 5.067887e-05
3.230000e+02 5.388056e-05
3.240000e+02 3.031930e-05
3.250000e+02 4.915328e-05
3.260000e+02 4.790162e-05
3.270000e+02 4.673371e-05
3.280000e+02 5.517132e-05
3.290000e+02 5.652003e-05
3.300000e+02 5.930460e-05
3.310000e+02 4.257251e-05
3.320000e+02 4.332763e-05
3.330000e+02 5.264471e-05
3.340000e+02 6.240347e-05
3.350000e+02 4.938537e-05
3.360000e+02 6.218337e-05
3.370000e+02 5.418711e-05
3.380000e+02 5.184950e-05
3.390000e+02 4.205988e-05
3.400000e+02 5.420684e-05
3.410000e+02 6.121529e-05
3.420000e+02 6.231752e-05
3.430000e+02 6.584765e-05
3.440000e+02 6.294889e-05
3.450000e+02 6.765443e-05
3.460000e+02 6.305411e-05
3.470000e+02 5.939381e-05
3.480000e+02 5.661432e-05
3.490000e+02 6.064554e-05
3.500000e+02 6.279913e-05
3.510000e+02 4.934787e-05
3.520000e+02 6.158656e-05
3.530000e+02 6.185490e-05
3.540000e+02 5.766536e-05
3.550000e+02 5.072215e-05
3.560000e+02 5.316161e-05
3.570000e+02 5.394799e-05
3.580000e+02 4.647993e-05
3.590000e+02 5.333054e-05
3.600000e+02 4.863462e-05
3.610000e+02 4.722056e-05
3.620000e+02 4.900261e-05
3.630000e+02 2.906340e-05
3.640000e+02 2.595141e-05
3.650000e+02 3.329408e-05
3.660000e+02 3.870465e-05
3.670000e+02 3.585464e-05
3.680000e+02 3.406732e-05
3.690000e+02 3.357876e-05
3.700000e+02 3.015324e-05
3.710000e+02 3.130013e-05
3.720000e+02 2.574737e-05
3.730000e+02 2.939229e-05
3.740000e+02 3.082529e-05
3.750000e+02 2.620275e-05
3.760000e+02 2.517810e-05
3.770000e+02 2.132901e-05
3.780000e+02 1.967565e-05
3.790000e+02 1.728403e-05
3.800000e+02 1.796623e-05
3.810000e+02 1.987073e-05
3.820000e+02 2.134035e-05
3.830000e+02 1.888654e-05
3.840000e+02 1.450405e-05
3.850000e+02 1.208171e-05
3.860000e+02 1.514360e-05
3.870000e+02 1.729213e-05
3.880000e+02 1.130819e-05
3.890000e+02 1.022106e-05
3.900000e+02 1.212734e-05
3.910000e+02 1.081922e-05
3.920000e+02 1.052840e-05
3.930000e+02 1.148059e-05
3.940000e+02 1.054346e-05
3.950000e+02 8.879979e-06
3.960000e+02 1.037373e-05
3.970000e+02 8.591274e-06
3.980000e+02 7.761339e-06
3.990000e+02 8.553932e-06
4.000000e+02 7.732103e-06
4.010000e+02 8.043287e-06
4.020000e+02 7.266196e-06
4.030000e+02 7.760641e-06
4.040000e+02 7.303379e-06
4.050000e+02 6.878161e-06
4.060000e+02 6.892841e-06
4.070000e+02 7.317488e-06
4.080000e+02 7.778886e-06
4.090000e+02 7.184033e-06
4.100000e+02 8.524869e-06
4.110000e+02 8.859439e-06
4.120000e+02 8.858890e-06
4.130000e+02 9.053629e-06
4.140000e+02 9.389001e-06
4.150000e+02 1.037543e-05
4.160000e+02 1.076245e-05
4.170000e+02 1.055322e-05
4.180000e+02 1.061705e-05
4.190000e+02 9.568989e-06
4.200000e+02 9.706436e-06
4.210000e+02 9.976947e-06
4.220000e+02 1.169713e-05
4.230000e+02 1.028260e-05
4.240000e+02 1.186965e-05
4.250000e+02 1.088725e-05
4.260000e+02 1.148811e-05
4.270000e+02 1.148062e-05
4.280000e+02 1.208364e-05
4.290000e+02 1.176979e-05
4.300000e+02 1.296374e-05
4.310000e+02 1.234654e-05
4.320000e+02 1.129866e-05
4.330000e+02 1.219977e-05
4.340000e+02 1.265725e-05
4.350000e+02 1.352706e-05
4.360000e+02 1.408117e-05
4.370000e+02 1.256199e-05
4.380000e+02 1.302916e-05
4.390000e+02 1.350512e-05
4.400000e+02 1.313032e-05
4.410000e+02 1.035725e-05
4.420000e+02 1.413894e-05
4.430000e+02 1.305756e-05
4.440000e+02 1.342367e-05
4.450000e+02 1.258465e-05
4.460000e+02 1.474776e-05
4.470000e+02 1.512657e-05
4.480000e+02 1.427664e-05
4.490000e+02 1.329355e-05
4.500000e+02 1.340336e-05
4.510000e+02 1.474011e-05
4.520000e+02 1.414024e-05
4.530000e+02 1.293604e-05
4.540000e+02 1.387702e-05
4.550000e+02 1.336889e-05
4.560000e+02 1.357368e-05
4.570000e+02 1.188725e-05
4.580000e+02 1.068430e-05
4.590000e+02 1.051798e-05
4.600000e+02 1.134427e-05
4.610000e+02 1.023762e-05
4.620000e+02 1.134965e-05
4.630000e+02 1.231330e-05
4.640000e+02 9.833144e-06
4.650000e+02 9.219133e-06
4.660000e+02 1.004342e-05
4.670000e+02 1.016830e-05
4.680000e+02 8.875875e-06
4.690000e+02 8.291756e-06
4.700000e+02 9.607034e-06
4.710000e+02 9.804429e-06
4.720000e+02 1.038029e-05
4.730000e+02 1.003775e-05
4.740000e+02 8.617276e-06
4.750000e+02 8.589855e-06
4.760000e+02 9.386797e-06
4.770000e+02 9.610491e-06
4.780000e+02 9.763707e-06
4.790000e+02 9.786307e-06
4.800000e+02 9.318288e-06
4.810000e+02 8.196431e-06
4.820000e+02 7.884762e-06
4.830000e+02 7.175900e-06
4.840000e+02 7.355733e-06
4.850000e+02 7.052176e-06
4.860000e+02 6.111128e-06
4.870000e+02 6.688713e-06
4.880000e+02 6.356361e-06
4.890000e+02 5.870243e-06
4.900000e+02 5.849270e-06
4.910000e+02 5.744040e-06
4.920000e+02 5.507129e-06
4.930000e+02 4.775265e-06
4.940000e+02 4.813566e-06
4.950000e+02 4.442279e-06
4.960000e+02 4.301107e-06
4.970000e+02 1.183518e-05
4.980000e+02 3.548149e-06
4.990000e+02 3.300558e-06
5.000000e+02 7.763479e-06
5.010000e+02 3.162018e-06
5.020000e+02 7.543803e-06
5.030000e+02 3.869886e-06
5.040000e+02 7.330089e-06
5.050000e+02 4.275272e-06
5.060000e+02 6.804341e-06
5.070000e+02 4.675652e-06
5.080000e+02 6.071554e-06
5.090000e+02 5.597917e-06
5.100000e+02 6.099588e-06
5.110000e+02 5.235801e-06
5.120000e+02 5.830284e-06
5.130000e+02 4.646610e-06
5.140000e+02 5.076037e-06
5.150000e+02 4.866148e-06
5.160000e+02 5.628992e-06
5.170000e+02 5.386882e-06
5.180000e+02 5.548095e-06
5.190000e+02 4.653125e-06
5.200000e+02 5.284298e-06
5.210000e+02 4.023964e-06
5.220000e+02 4.368314e-06
5.230000e+02 5.342688e-06
5.240000e+02 3.926254e-06
5.250000e+02 4.891559e-06
5.260000e+02 4.260582e-06
5.270000e+02 4.288324e-06
5.280000e+02 5.619244e-06
5.290000e+02 3.802991e-06
5.300000e+02 4.582235e-06
5.310000e+02 5.366789e-06
5.320000e+02 3.959096e-06
5.330000e+02 3.735509e-06
5.340000e+02 4.582956e-06
5.350000e+02 3.211874e-06
5.360000e+02 3.512506e-06
5.370000e+02 4.709547e-06
5.380000e+02 3.613984e-06
5.390000e+02 4.179601e-06
5.400000e+02 4.570245e-06
5.410000e+02 4.028048e-06
5.420000e+02 4.248316e-06
5.430000e+02 4.879941e-06
5.440000e+02 3.975057e-06
5.450000e+02 4.335662e-06
5.460000e+02 3.979456e-06
5.470000e+02 4.676660e-06
5.480000e+02 3.724858e-06
5.490000e+02 4.191626e-06
5.500000e+02 4.745316e-06
5.510000e+02 3.596048e-06
5.520000e+02 4.303471e-06
5.530000e+02 4.287369e-06
5.540000e+02 3.389025e-06
5.550000e+02 3.885072e-06
5.560000e+02 3.411950e-06
5.570000e+02 3.918848e-06
5.580000e+02 3.148333e-06
5.590000e+02 3.656869e-06
5.600000e+02 3.458478e-06
5.610000e+02 3.310363e-06
5.620000e+02 3.685958e-06
5.630000e+02 3.414474e-06
5.640000e+02 4.018230e-06
5.650000e+02 2.918063e-06
5.660000e+02 3.440044e-06
5.670000e+02 3.642461e-06
5.680000e+02 2.931245e-06
5.690000e+02 3.667354e-06
5.700000e+02 2.985782e-06
5.710000e+02 3.131821e-06
5.720000e+02 2.813113e-06
5.730000e+02 3.030154e-06
5.740000e+02 2.816722e-06
5.750000e+02 3.010343e-06
5.760000e+02 3.026320e-06
5.770000e+02 3.034963e-06
5.780000e+02 2.787025e-06
5.790000e+02 3.091697e-06
5.800000e+02 2.596649e-06
5.810000e+02 2.494890e-06
5.820000e+02 2.468477e-06
5.830000e+02 2.276988e-06
5.840000e+02 3.201260e-06
5.850000e+02 2.212423e-06
5.860000e+02 2.412464e-06
5.870000e+02 2.231295e-06
5.880000e+02 2.994155e-06
5.890000e+02 2.096609e-06
5.900000e+02 2.131912e-06
5.910000e+02 1.832672e-06
5.920000e+02 1.563883e-06
5.930000e+02 1.660561e-06
5.940000e+02 3.268546e-06
5.950000e+02 1.696593e-06
5.960000e+02 1.936560e-06
5.970000e+02 1.693238e-06
5.980000e+02 1.560261e-06
5.990000e+02 1.352908e-06
6.000000e+02 2.852049e-06
6.010000e+02 1.477239e-06
6.020000e+02 1.439712e-06
6.030000e+02 1.372863e-06
6.040000e+02 1.228304e-06
6.050000e+02 1.130391e-06
6.060000e+02 2.954579e-06
6.070000e+02 1.208954e-06
6.080000e+02 1.320423e-06
6.090000e+02 1.197606e-06
6.100000e+02 1.085534e-06
6.110000e+02 9.942163e-07
6.120000e+02 9.175811e-07
6.130000e+02 8.561468e-07
6.140000e+02 2.597857e-06
6.150000e+02 1.013200e-06
6.160000e+02 1.067223e-06
6.170000e+02 9.650744e-07
6.180000e+02 8.470142e-07
6.190000e+02 7.677655e-07
6.200000e+02 7.049942e-07
6.210000e+02 6.792534e-07
6.220000e+02 6.355717e-07
6.230000e+02 5.833429e-07
6.240000e+02 2.803823e-06
6.250000e+02 7.170003e-07
6.260000e+02 8.555183e-07
6.270000e+02 7.764599e-07
6.280000e+02 6.606639e-07
6.290000e+02 5.832212e-07
6.300000e+02 5.416185e-07
6.310000e+02 5.170000e-07
6.320000e+02 4.840318e-07
6.330000e+02 4.691860e-07
6.340000e+02 2.514735e-06
6.350000e+02 6.341280e-07
6.360000e+02 6.512843e-07
6.370000e+02 5.936624e-07
6.380000e+02 5.390671e-07
6.390000e+02 4.815612e-07
6.400000e+02 4.532430e-07
6.410000e+02 4.339343e-07
6.420000e+02 4.184540e-07
6.430000e+02 4.032071e-07
6.440000e+02 2.584580e-07
6.450000e+02 6.747998e-07
6.460000e+02 5.804475e-07
6.470000e+02 5.202674e-07
6.480000e+02 4.619018e-07
6.490000e+02 4.327625e-07
6.500000e+02 4.307359e-07
6.510000e+02 4.033425e-07
6.520000e+02 3.966117e-07
6.530000e+02 3.915041e-07
6.540000e+02 2.808829e-07
6.550000e+02 6.443773e-07
6.560000e+02 5.430473e-07
6.570000e+02 4.819966e-07
6.580000e+02 4.420051e-07
6.590000e+02 4.202788e-07
6.600000e+02 4.024838e-07
6.610000e+02 3.842233e-07
6.620000e+02 3.669244e-07
6.630000e+02 3.635295e-07
6.640000e+02 2.485489e-07
6.650000e+02 6.007543e-07
6.660000e+02 5.054520e-07
6.670000e+02 4.479240e-07
6.680000e+02 4.738804e-07
6.690000e+02 4.413255e-07
6.700000e+02 4.129903e-07
6.710000e+02 3.476160e-07
6.720000e+02 3.346986e-07
6.730000e+02 1.908732e-07
6.740000e+02 6.910069e-07
6.750000e+02 5.801526e-07
6.760000e+02 4.572698e-07
6.770000e+02 4.082511e-07
6.780000e+02 4.624122e-07
6.790000e+02 4.066969e-07
6.800000e+02 3.574837e-07
6.810000e+02 2.180580e-06
6.820000e+02 6.247802e-07
6.830000e+02 6.404601e-07
6.840000e+02 4.553443e-07
6.850000e+02 4.184134e-07
6.860000e+02 3.954315e-07
6.870000e+02 3.773425e-07
6.880000e+02 2.081761e-06
6.890000e+02 5.791706e-07
6.900000e+02 6.119605e-07
6.910000e+02 5.419541e-07
6.920000e+02 4.810614e-07
6.930000e+02 4.255723e-07
6.940000e+02 2.090865e-06
6.950000e+02 6.158433e-07
6.960000e+02 5.767561e-07
6.970000e+02 5.205950e-07
6.980000e+02 4.516003e-07
6.990000e+02 3.999620e-07
7.000000e+02 1.905385e-06
7.010000e+02 6.497466e-07
7.020000e+02 6.057912e-07
7.030000e+02 5.166729e-07
7.040000e+02 4.464132e-07
7.050000e+02 1.456043e-07
7.060000e+02 7.392791e-07
7.070000e+02 6.010831e-07
7.080000e+02 5.734095e-07
7.090000e+02 1.887066e-06
7.100000e+02 8.411171e-07
7.110000e+02 7.647132e-07
7.120000e+02 6.495096e-07
7.130000e+02 5.511897e-07
7.140000e+02 1.908204e-06
7.150000e+02 7.571497e-07
7.160000e+02 6.834959e-07
7.170000e+02 5.999374e-07
7.180000e+02 1.950903e-06
7.190000e+02 7.593811e-07
7.200000e+02 6.850010e-07
7.210000e+02 5.606537e-07
7.220000e+02 1.838506e-06
7.230000e+02 7.768402e-07
7.240000e+02 7.143568e-07
7.250000e+02 5.569712e-07
7.260000e+02 1.845178e-06
7.270000e+02 7.830706e-07
7.280000e+02 6.895425e-07
7.290000e+02 5.834339e-07
7.300000e+02 1.819023e-06
7.310000e+02 7.602950e-07
7.320000e+02 6.646537e-07
7.330000e+02 5.607072e-07
7.340000e+02 1.740690e-06
7.350000e+02 7.813311e-07
7.360000e+02 7.024254e-07
7.370000e+02 5.899903e-07
7.380000e+02 1.760441e-06
7.390000e+02 7.413416e-07
7.400000e+02 6.816446e-07
7.410000e+02 6.018800e-07
7.420000e+02 1.859228e-06
7.430000e+02 7.079945e-07
7.440000e+02 6.484848e-07
7.450000e+02 5.371206e-07
7.460000e+02 4.696752e-07
7.470000e+02 1.621886e-06
7.480000e+02 6.532304e-07
7.490000e+02 5.904218e-07
7.500000e+02 5.069214e-07
7.510000e+02 1.577793e-06
7.520000e+02 7.046601e-07
7.530000e+02 6.173739e-07
7.540000e+02 5.252533e-07
7.550000e+02 4.570895e-07
7.560000e+02 1.688452e-06
7.570000e+02 6.240364e-07
7.580000e+02 6.312749e-07
7.590000e+02 5.169986e-07
7.600000e+02 4.421833e-07
7.610000e+02 1.693431e-06
7.620000e+02 6.474719e-07
7.630000e+02 5.918801e-07
7.640000e+02 7.184608e-07
7.650000e+02 4.074047e-07
7.660000e+02 7.047390e-07
7.670000e+02 6.189020e-07
7.680000e+02 5.227297e-07
7.690000e+02 4.655300e-07
7.700000e+02 4.217310e-07
7.710000e+02 2.164579e-07
7.720000e+02 6.590327e-07
7.730000e+02 5.178226e-07
7.740000e+02 4.806989e-07
7.750000e+02 4.200019e-07
7.760000e+02 1.581372e-06
7.770000e+02 5.948549e-07
7.780000e+02 5.319480e-07
7.790000e+02 4.541401e-07
7.800000e+02 3.978581e-07
7.810000e+02 1.661007e-06
7.820000e+02 5.823101e-07
7.830000e+02 5.113072e-07
7.840000e+02 4.333908e-07
7.850000e+02 3.774874e-07
7.860000e+02 3.359112e-07
7.870000e+02 1.590468e-06
7.880000e+02 5.554525e-07
7.890000e+02 5.057077e-07
7.900000e+02 4.274218e-07
7.910000e+02 3.744865e-07
7.920000e+02 3.323776e-07
7.930000e+02 1.603955e-06
7.940000e+02 5.321069e-07
7.950000e+02 4.908246e-07
7.960000e+02 3.971362e-07
7.970000e+02 3.415304e-07
7.980000e+02 3.010423e-07
7.990000e+02 1.481833e-06
8.000000e+02 5.204043e-07
8.010000e+02 4.618246e-07
8.020000e+02 3.935202e-07
8.030000e+02 3.635043e-07
8.040000e+02 3.122172e-07
8.050000e+02 2.811355e-07
8.060000e+02 1.382109e-06
8.070000e+02 4.888194e-07
8.080000e+02 4.539813e-07
8.090000e+02 3.761614e-07
8.100000e+02 3.358967e-07
8.110000e+02 2.974304e-07
8.120000e+02 2.677342e-07
8.130000e+02 1.348588e-06
8.140000e+02 4.825001e-07
8.150000e+02 4.333273e-07
8.160000e+02 3.704964e-07
8.170000e+02 3.273958e-07
8.180000e+02 2.843651e-07
8.190000e+02 2.568945e-07
8.200000e+02 2.357157e-07
8.210000e+02 1.324297e-06
8.220000e+02 4.451925e-07
8.230000e+02 4.155019e-07
8.240000e+02 3.573969e-07
8.250000e+02 3.108004e-07
8.260000e+02 2.748234e-07
8.270000e+02 2.571896e-07
8.280000e+02 2.316355e-07
8.290000e+02 1.419030e-06
8.300000e+02 4.393131e-07
8.310000e+02 4.171836e-07
8.320000e+02 3.655804e-07
8.330000e+02 3.196700e-07
8.340000e+02 2.806107e-07
8.350000e+02 2.502543e-07
8.360000e+02 2.267970e-07
8.370000e+02 2.084300e-07
8.380000e+02 1.665657e-07
8.390000e+02 4.378499e-07
8.400000e+02 3.852541e-07
8.410000e+02 3.282687e-07
8.420000e+02 2.838929e-07
8.430000e+02 2.453780e-07
8.440000e+02 2.201802e-07
8.450000e+02 2.008921e-07
8.460000e+02 1.901907e-07
8.470000e+02 1.791445e-07
8.480000e+02 1.538794e-07
8.490000e+02 4.305651e-07
8.500000e+02 3.998239e-07
8.510000e+02 3.473553e-07
8.520000e+02 2.973962e-07
8.530000e+02 2.450800e-07
8.540000e+02 2.174279e-07
8.550000e+02 1.969862e-07
8.560000e+02 1.802143e-07
8.570000e+02 1.653517e-07
8.580000e+02 1.550847e-07
8.590000e+02 1.476310e-07
8.600000e+02 1.294245e-06
8.610000e+02 3.386823e-07
8.620000e+02 3.405235e-07
8.630000e+02 2.540968e-07
8.640000e+02 2.148325e-07
8.650000e+02 1.881842e-07
8.660000e+02 1.786411e-07
8.670000e+02 1.562337e-07
8.680000e+02 1.460973e-07
8.690000e+02 1.419816e-07
8.700000e+02 1.383006e-07
8.710000e+02 1.315857e-07
8.720000e+02 1.257347e-07
8.730000e+02 3.917198e-07
8.740000e+02 2.962675e-07
8.750000e+02 2.485084e-07
8.760000e+02 1.994737e-07
8.770000e+02 1.783810e-07
8.780000e+02 1.621172e-07
8.790000e+02 1.491288e-07
8.800000e+02 1.389053e-07
8.810000e+02 1.312469e-07
8.820000e+02 1.254033e-07
8.830000e+02 1.226888e-07
8.840000e+02 1.192872e-07
8.850000e+02 1.156812e-07
8.860000e+02 1.117189e-07
8.870000e+02 1.446473e-07
8.880000e+02 3.723151e-07
8.890000e+02 3.124706e-07
8.900000e+02 2.584254e-07
8.910000e+02 2.217887e-07
8.920000e+02 1.939752e-07
8.930000e+02 1.713682e-07
8.940000e+02 1.542025e-07
8.950000e+02 1.408074e-07
8.960000e+02 1.301657e-07
8.970000e+02 1.262806e-07
8.980000e+02 1.194200e-07
8.990000e+02 1.133598e-07
9.000000e+02 1.070687e-07
9.010000e+02 1.023532e-07
9.020000e+02 9.822428e-08
9.030000e+02 9.542811e-08
9.040000e+02 9.286991e-08
9.050000e+02 2.220011e-07
9.060000e+02 3.276613e-07
9.070000e+02 3.066919e-07
9.080000e+02 2.628089e-07
9.090000e+02 2.452197e-07
9.100000e+02 2.131216e-07
9.110000e+02 1.862717e-07
9.120000e+02 1.650349e-07
9.130000e+02 1.471222e-07
9.140000e+02 1.339466e-07
9.150000e+02 1.229849e-07
9.160000e+02 1.133721e-07
9.170000e+02 1.058351e-07
9.180000e+02 9.862825e-08
9.190000e+02 9.369669e-08
9.200000e+02 8.982772e-08
9.210000e+02 8.661048e-08
9.220000e+02 8.404027e-08
9.230000e+02 8.229946e-08
9.240000e+02 7.879848e-08
9.250000e+02 7.407321e-08
9.260000e+02 7.287443e-08
9.270000e+02 1.791238e-07
9.280000e+02 3.528195e-07
9.290000e+02 3.300208e-07
9.300000e+02 2.777407e-07
9.310000e+02 2.338093e-07
9.320000e+02 2.037391e-07
9.330000e+02 1.750647e-07
9.340000e+02 1.532837e-07
9.350000e+02 1.362385e-07
9.360000e+02 1.229394e-07
9.370000e+02 1.120107e-07
9.380000e+02 1.033019e-07
9.390000e+02 9.543519e-08
9.400000e+02 8.902390e-08
9.410000e+02 8.191041e-08
9.420000e+02 7.876291e-08
9.430000e+02 7.482086e-08
9.440000e+02 7.276125e-08
9.450000e+02 7.401538e-08
9.460000e+02 7.131317e-08
9.470000e+02 6.975205e-08
9.480000e+02 7.015656e-08
9.490000e+02 6.919307e-08
9.500000e+02 6.812743e-08
9.510000e+02 6.714314e-08
9.520000e+02 6.612036e-08
9.530000e+02 6.590180e-08
9.540000e+02 6.428585e-08
9.550000e+02 6.379464e-08
9.560000e+02 2.342232e-07
9.570000e+02 3.546660e-07
9.580000e+02 3.275936e-07
9.590000e+02 2.710030e-07
9.600000e+02 2.270473e-07
9.610000e+02 1.933258e-07
9.620000e+02 1.660099e-07
9.630000e+02 1.443483e-07
9.640000e+02 1.255921e-07
9.650000e+02 1.120495e-07
9.660000e+02 1.011320e-07
9.670000e+02 9.365562e-08
9.680000e+02 8.784794e-08
9.690000e+02 8.115103e-08
9.700000e+02 7.545097e-08
9.710000e+02 7.159898e-08
9.720000e+02 6.969253e-08
9.730000e+02 6.595218e-08
9.740000e+02 6.418854e-08
9.750000e+02 6.281382e-08
9.760000e+02 6.044084e-08
9.770000e+02 5.915509e-08
9.780000e+02 5.809939e-08
9.790000e+02 5.682300e-08
9.800000e+02 6.159475e-08
9.810000e+02 6.061802e-08
9.820000e+02 5.842565e-08
9.830000e+02 5.843382e-08
9.840000e+02 5.689818e-08
9.850000e+02 5.643027e-08
9.860000e+02 5.598933e-08
9.870000e+02 5.704818e-08
9.880000e+02 5.558479e-08
9.890000e+02 5.524177e-08
9.900000e+02 5.425700e-08
9.910000e+02 5.266993e-08
9.920000e+02 4.927686e-08
9.930000e+02 4.910600e-08
9.940000e+02 4.795921e-08
9.950000e+02 4.738303e-08
9.960000e+02 4.771706e-08
9.970000e+02 4.652767e-08
9.980000e+02 4.710781e-08
9.990000e+02 4.553009e-08
1.000000e+03 4.454130e-08
1.001000e+03 2.229297e-07
1.002000e+03 1.030191e-07
1.003000e+03 5.491497e-08
1.004000e+03 2.262783e-07
1.005000e+03 2.095852e-07
1.006000e+03 1.784426e-07
1.007000e+03 1.465310e-07
1.008000e+03 1.239168e-07
1.009000e+03 1.071035e-07
1.010000e+03 9.349442e-08
1.011000e+03 8.224156e-08
1.012000e+03 7.505884e-08
1.013000e+03 6.798787e-08
1.014000e+03 6.212113e-08
1.015000e+03 5.740974e-08
1.016000e+03 5.379739e-08
1.017000e+03 5.159263e-08
1.018000e+03 4.812674e-08
1.019000e+03 4.684409e-08
1.020000e+03 4.493447e-08
1.021000e+03 4.407906e-08
1.022000e+03 4.233912e-08
1.023000e+03 4.186845e-08
1.024000e+03 4.090688e-08
1.025000e+03 4.014912e-08
1.026000e+03 4.065580e-08
1.027000e+03 3.936301e-08
1.028000e+03 3.884809e-08
1.029000e+03 3.816610e-08
1.030000e+03 3.703328e-08
1.031000e+03 3.671582e-08
1.032000e+03 3.791246e-08
1.033000e+03 3.585089e-08
1.034000e+03 3.562099e-08
1.035000e+03 3.570018e-08
1.036000e+03 3.457555e-08
1.037000e+03 3.399409e-08
1.038000e+03 3.133843e-08
1.039000e+03 3.042943e-08
1.040000e+03 3.002070e-08
1.041000e+03 2.915405e-08
1.042000e+03 2.875452e-08
1.043000e+03 2.895375e-08
1.044000e+03 2.787141e-08
1.045000e+03 2.705327e-08
1.046000e+03 2.690097e-08
1.047000e+03 2.910483e-08
1.048000e+03 2.691851e-08
1.049000e+03 2.723507e-08
1.050000e+03 2.653457e-08
1.051000e+03 2.598828e-08
1.052000e+03 2.537961e-08
1.053000e+03 2.561995e-08
1.054000e+03 2.491873e-08
1.055000e+03 2.444404e-08
1.056000e+03 2.526170e-08
1.057000e+03 2.432579e-08
1.058000e+03 2.521879e-08
1.059000e+03 2.413087e-08
1.060000e+03 2.218734e-08
1.061000e+03 2.197506e-08
1.062000e+03 2.454738e-08
1.063000e+03 2.254162e-08
1.064000e+03 2.279388e-08
1.065000e+03 2.289646e-08
1.066000e+03 2.204149e-08
1.067000e+03 2.174591e-08
1.068000e+03 2.182561e-08
1.069000e+03 2.106153e-08
1.070000e+03 2.088680e-08
1.071000e+03 2.053227e-08
1.072000e+03 2.054363e-08
1.073000e+03 2.094572e-08
1.074000e+03 2.001833e-08
1.075000e+03 1.988633e-08
1.076000e+03 1.996065e-08
1.077000e+03 2.236907e-08
1.078000e+03 2.001114e-08
1.079000e+03 2.058463e-08
1.080000e+03 1.922315e-08
1.081000e+03 1.853241e-08
1.082000e+03 1.778662e-08
1.083000e+03 1.847434e-08
1.084000e+03 1.812165e-08
1.085000e+03 1.742629e-08
1.086000e+03 1.876494e-08
1.087000e+03 1.728865e-08
1.088000e+03 1.875278e-08
1.089000e+03 1.732305e-08
1.090000e+03 1.659993e-08
1.091000e+03 1.656554e-08
1.092000e+03 1.943844e-08
1.093000e+03 1.691066e-08
1.094000e+03 1.675144e-08
1.095000e+03 1.958113e-08
1.096000e+03 1.876966e-08
1.097000e+03 1.855829e-08
1.098000e+03 1.936361e-08
1.099000e+03 1.834750e-08
1.100000e+03 1.819402e-08
1.101000e+03 1.787627e-08
1.102000e+03 1.767606e-08
1.103000e+03 1.880235e-08
1.104000e+03 2.723073e-07
1.105000e+03 9.376728e-08
1.106000e+03 7.970645e-08
1.107000e+03 1.982580e-07
1.108000e+03 1.676714e-07
1.109000e+03 1.377759e-07
1.110000e+03 1.140645e-07
1.111000e+03 9.504265e-08
1.112000e+03 7.942934e-08
1.113000e+03 6.716851e-08
1.114000e+03 5.714530e-08
1.115000e+03 4.940094e-08
1.116000e+03 4.373670e-08
1.117000e+03 3.982634e-08
1.118000e+03 3.704910e-08
1.119000e+03 3.269142e-08
1.120000e+03 2.946262e-08
1.121000e+03 2.746302e-08
1.122000e+03 2.720607e-08
1.123000e+03 2.477373e-08
1.124000e+03 2.405143e-08
1.125000e+03 2.343493e-08
1.126000e+03 2.188340e-08
1.127000e+03 2.113825e-08
1.128000e+03 2.157427e-08
1.129000e+03 2.024965e-08
1.130000e+03 1.980724e-08
1.131000e+03 1.956292e-08
1.132000e+03 1.925287e-08
1.133000e+03 1.989035e-08
1.134000e+03 1.841686e-08
1.135000e+03 1.818696e-08
1.136000e+03 1.835942e-08
1.137000e+03 2.030071e-08
1.138000e+03 1.826287e-08
1.139000e+03 1.813927e-08
1.140000e+03 1.745268e-08
1.141000e+03 1.662623e-08
1.142000e+03 1.564468e-08
1.143000e+03 1.625151e-08
1.144000e+03 1.546919e-08
1.145000e+03 1.480086e-08
1.146000e+03 1.601376e-08
1.147000e+03 1.465068e-08
1.148000e+03 1.576483e-08
1.149000e+03 1.451055e-08
1.150000e+03 1.366327e-08
1.151000e+03 1.372460e-08
1.152000e+03 1.600807e-08
1.153000e+03 1.394955e-08
1.154000e+03 1.403557e-08
1.155000e+03 1.433697e-08
1.156000e+03 1.356101e-08
1.157000e+03 1.331407e-08
1.158000e+03 1.403035e-08
1.159000e+03 1.318772e-08
1.160000e+03 1.326276e-08
1.161000e+03 1.292340e-08
1.162000e+03 1.278762e-08
1.163000e+03 1.375139e-08
1.164000e+03 1.248238e-08
1.165000e+03 1.254783e-08
1.166000e+03 1.265932e-08
1.167000e+03 1.480745e-08
1.168000e+03 1.335575e-08
1.169000e+03 1.352820e-08
1.170000e+03 1.310816e-08
1.171000e+03 1.267467e-08
1.172000e+03 1.191472e-08
1.173000e+03 1.276942e-08
1.174000e+03 1.192402e-08
1.175000e+03 1.167615e-08
1.176000e+03 1.300779e-08
1.177000e+03 1.193411e-08
1.178000e+03 1.353115e-08
1.179000e+03 1.100309e-08
1.180000e+03 1.034248e-08
1.181000e+03 1.048473e-08
1.182000e+03 1.310719e-08
1.183000e+03 1.105559e-08
1.184000e+03 1.144532e-08
1.185000e+03 1.137682e-08
1.186000e+03 1.071513e-08
1.187000e+03 1.040065e-08
1.188000e+03 1.127154e-08
1.189000e+03 1.000489e-08
1.190000e+03 9.865558e-09
1.191000e+03 1.009058e-08
1.192000e+03 9.734819e-09
1.193000e+03 1.109462e-08
1.194000e+03 9.557662e-09
1.195000e+03 9.557335e-09
1.196000e+03 9.937675e-09
1.197000e+03 1.272723e-08
1.198000e+03 1.062194e-08
1.199000e+03 1.101176e-08
1.200000e+03 1.071706e-08
1.201000e+03 1.011930e-08
1.202000e+03 9.153916e-09
1.203000e+03 1.033607e-08
1.204000e+03 9.555679e-09
1.205000e+03 9.147904e-09
1.206000e+03 1.092422e-08
1.207000e+03 9.240168e-09
1.208000e+03 1.103796e-08
1.209000e+03 9.524819e-09
1.210000e+03 8.735893e-09
1.211000e+03 8.898545e-09
1.212000e+03 1.169461e-08
1.213000e+03 9.530668e-09
1.214000e+03 9.524582e-09
1.215000e+03 9.769533e-09
1.216000e+03 9.121041e-09
1.217000e+03 8.899624e-09
1.218000e+03 9.935724e-09
1.219000e+03 8.914572e-09
1.220000e+03 8.763026e-09
1.221000e+03 8.760871e-09
1.222000e+03 8.319072e-09
1.223000e+03 9.549645e-09
1.224000e+03 8.206548e-09
1.225000e+03 8.285595e-09
1.226000e+03 8.550267e-09
1.227000e+03 1.095382e-08
1.228000e+03 9.317927e-09
1.229000e+03 9.506025e-09
1.230000e+03 9.282973e-09
1.231000e+03 8.884066e-09
1.232000e+03 8.481551e-09
1.233000e+03 9.174353e-09
1.234000e+03 8.329604e-09
1.235000e+03 8.094317e-09
1.236000e+03 9.653528e-09
1.237000e+03 8.334550e-09
1.238000e+03 9.677818e-09
1.239000e+03 8.497929e-09
1.240000e+03 7.924031e-09
1.241000e+03 7.994252e-09
1.242000e+03 1.038103e-08
1.243000e+03 8.451817e-09
1.244000e+03 8.709549e-09
1.245000e+03 8.895410e-09
1.246000e+03 8.304701e-09
1.247000e+03 8.104773e-09
1.248000e+03 8.804416e-09
1.249000e+03 7.778340e-09
1.250000e+03 7.683915e-09
1.251000e+03 7.783044e-09
1.252000e+03 7.622492e-09
1.253000e+03 8.607802e-09
1.254000e+03 7.482314e-09
1.255000e+03 7.520272e-09
1.256000e+03 8.216193e-09
1.257000e+03 1.030469e-08
1.258000e+03 8.323818e-09
1.259000e+03 9.049483e-09
1.260000e+03 8.713642e-09
1.261000e+03 8.359894e-09
1.262000e+03 7.625599e-09
1.263000e+03 8.646765e-09
1.264000e+03 8.069280e-09
1.265000e+03 7.654347e-09
1.266000e+03 9.322442e-09
1.267000e+03 7.874476e-09
1.268000e+03 9.035254e-09
1.269000e+03 8.161767e-09
1.270000e+03 7.443515e-09
1.271000e+03 7.598417e-09
1.272000e+03 1.009232e-08
1.273000e+03 8.037320e-09
1.274000e+03 8.175822e-09
1.275000e+03 8.581816e-09
1.276000e+03 7.926007e-09
1.277000e+03 7.745422e-09
1.278000e+03 8.566564e-09
1.279000e+03 7.840963e-09
1.280000e+03 7.917088e-09
1.281000e+03 7.553597e-09
1.282000e+03 7.361473e-09
1.283000e+03 8.356323e-09
1.284000e+03 7.211376e-09
1.285000e+03 7.361162e-09
1.286000e+03 7.583808e-09
1.287000e+03 9.830058e-09
1.288000e+03 8.337730e-09
1.289000e+03 8.729643e-09
1.290000e+03 8.396884e-09
1.291000e+03 7.990349e-09
1.292000e+03 7.286958e-09
1.293000e+03 8.328255e-09
1.294000e+03 7.503597e-09
1.295000e+03 7.263010e-09
1.296000e+03 8.749488e-09
1.297000e+03 7.223927e-09
1.298000e+03 8.459675e-09
1.299000e+03 7.527269e-09
1.300000e+03 7.005810e-09
1.301000e+03 7.055073e-09
1.302000e+03 9.285169e-09
1.303000e+03 7.469681e-09
1.304000e+03 7.968305e-09
1.305000e+03 8.037103e-09
1.306000e+03 7.455722e-09
1.307000e+03 7.214908e-09
1.308000e+03 7.821819e-09
1.309000e+03 6.933205e-09
1.310000e+03 6.836929e-09
1.311000e+03 6.896883e-09
1.312000e+03 6.825707e-09
1.313000e+03 7.732758e-09
1.314000e+03 6.649352e-09
1.315000e+03 6.692330e-09
1.316000e+03 7.027672e-09
1.317000e+03 9.353935e-09
1.318000e+03 7.403489e-09
1.319000e+03 8.205536e-09
1.320000e+03 7.857525e-09
1.321000e+03 7.258327e-09
1.322000e+03 6.575105e-09
1.323000e+03 7.582533e-09
1.324000e+03 7.084331e-09
1.325000e+03 6.629737e-09
1.326000e+03 8.178073e-09
1.327000e+03 6.888104e-09
1.328000e+03 8.282004e-09
1.329000e+03 7.169508e-09
1.330000e+03 6.441383e-09
1.331000e+03 6.557039e-09
1.332000e+03 9.010130e-09
1.333000e+03 6.953181e-09
1.334000e+03 7.080881e-09
1.335000e+03 7.528318e-09
1.336000e+03 6.876004e-09
1.337000e+03 6.689062e-09
1.338000e+03 7.435384e-09
1.339000e+03 6.732259e-09
1.340000e+03 6.597459e-09
1.341000e+03 6.354816e-09
1.342000e+03 6.249832e-09
1.343000e+03 7.095107e-09
1.344000e+03 6.120903e-09
1.345000e+03 6.236588e-09
1.346000e+03 6.440765e-09
1.347000e+03 8.496455e-09
1.348000e+03 6.989199e-09
1.349000e+03 7.439271e-09
1.350000e+03 7.056037e-09
1.351000e+03 6.694980e-09
1.352000e+03 6.382815e-09
1.353000e+03 6.953107e-09
1.354000e+03 6.338653e-09
1.355000e+03 6.043914e-09
1.356000e+03 7.417349e-09
1.357000e+03 6.408651e-09
1.358000e+03 7.064570e-09
1.359000e+03 6.545018e-09
1.360000e+03 6.083913e-09
1.361000e+03 6.054016e-09
1.362000e+03 8.259977e-09
1.363000e+03 6.418364e-09
1.364000e+03 6.707942e-09
1.365000e+03 6.986307e-09
1.366000e+03 6.379435e-09
1.367000e+03 6.212886e-09
1.368000e+03 6.801303e-09
1.369000e+03 5.977940e-09
1.370000e+03 5.925081e-09
1.371000e+03 5.902037e-09
1.372000e+03 2.669157e-07
1.373000e+03 9.585030e-08
1.374000e+03 7.662737e-08
1.375000e+03 4.209167e-08
1.376000e+03 1.612930e-07
1.377000e+03 1.469241e-07
1.378000e+03 1.168248e-07
1.379000e+03 9.533159e-08
1.380000e+03 7.787503e-08
1.381000e+03 6.368208e-08
1.382000e+03 5.197125e-08
1.383000e+03 4.299091e-08
1.384000e+03 3.514773e-08
1.385000e+03 2.967415e-08
1.386000e+03 2.613272e-08
1.387000e+03 2.322332e-08
1.388000e+03 2.154183e-08
1.389000e+03 1.883017e-08
1.390000e+03 1.645132e-08
1.391000e+03 1.522279e-08
1.392000e+03 1.582688e-08
1.393000e+03 1.349579e-08
1.394000e+03 1.322073e-08
1.395000e+03 1.314760e-08
1.396000e+03 1.212052e-08
1.397000e+03 1.130763e-08
1.398000e+03 1.153998e-08
1.399000e+03 1.083074e-08
1.400000e+03 1.058457e-08
1.401000e+03 1.014945e-08
1.402000e+03 9.897015e-09
1.403000e+03 1.036993e-08
1.404000e+03 9.289174e-09
1.405000e+03 9.222181e-09
1.406000e+03 9.146669e-09
1.407000e+03 1.096605e-08
1.408000e+03 9.494298e-09
1.409000e+03 9.681713e-09
1.410000e+03 9.139888e-09
1.411000e+03 8.573873e-09
1.412000e+03 7.740148e-09
1.413000e+03 8.342696e-09
1.414000e+03 7.497757e-09
1.415000e+03 7.143594e-09
1.416000e+03 8.333178e-09
1.417000e+03 7.344220e-09
1.418000e+03 7.742791e-09
1.419000e+03 7.327035e-09
1.420000e+03 6.756484e-09
1.421000e+03 6.701722e-09
1.422000e+03 8.754675e-09
1.423000e+03 6.886118e-09
1.424000e+03 7.490134e-09
1.425000e+03 7.559149e-09
1.426000e+03 6.812213e-09
1.427000e+03 6.726497e-09
1.428000e+03 7.155930e-09
1.429000e+03 6.428817e-09
1.430000e+03 6.325941e-09
1.431000e+03 6.322403e-09
1.432000e+03 6.361701e-09
1.433000e+03 6.944314e-09
1.434000e+03 6.127603e-09
1.435000e+03 6.201695e-09
1.436000e+03 6.449875e-09
1.437000e+03 8.736831e-09
1.438000e+03 6.825592e-09
1.439000e+03 7.625634e-09
1.440000e+03 7.269623e-09
1.441000e+03 6.677174e-09
1.442000e+03 6.016669e-09
1.443000e+03 6.945726e-09
1.444000e+03 6.505493e-09
1.445000e+03 6.072277e-09
1.446000e+03 7.526139e-09
1.447000e+03 6.334742e-09
1.448000e+03 7.468266e-09
1.449000e+03 6.624741e-09
1.450000e+03 5.890610e-09
1.451000e+03 5.999616e-09
1.452000e+03 8.479840e-09
1.453000e+03 6.330579e-09
1.454000e+03 6.507182e-09
1.455000e+03 6.955810e-09
1.456000e+03 6.325668e-09
1.457000e+03 6.157532e-09
1.458000e+03 6.840273e-09
1.459000e+03 6.258638e-09
1.460000e+03 6.162437e-09
1.461000e+03 5.895255e-09
1.462000e+03 5.783807e-09
1.463000e+03 6.382557e-09
1.464000e+03 5.701641e-09
1.465000e+03 5.794739e-09
1.466000e+03 5.964590e-09
1.467000e+03 8.231676e-09
1.468000e+03 6.636108e-09
1.469000e+03 7.035651e-09
1.470000e+03 6.662972e-09
1.471000e+03 6.283312e-09
1.472000e+03 6.046096e-09
1.473000e+03 6.630367e-09
1.474000e+03 6.016144e-09
1.475000e+03 5.703834e-09
1.476000e+03 7.071017e-09
1.477000e+03 6.031553e-09
1.478000e+03 7.458143e-09
1.479000e+03 6.195986e-09
1.480000e+03 5.726823e-09
1.481000e+03 5.666937e-09
1.482000e+03 8.107680e-09
1.483000e+03 6.043986e-09
1.484000e+03 6.334886e-09
1.485000e+03 6.566625e-09
1.486000e+03 5.854088e-09
1.487000e+03 5.836264e-09
1.488000e+03 6.497752e-09
1.489000e+03 5.614146e-09
1.490000e+03 5.583395e-09
1.491000e+03 5.528532e-09
1.492000e+03 5.564791e-09
1.493000e+03 6.042190e-09
1.494000e+03 5.392978e-09
1.495000e+03 5.422062e-09
1.496000e+03 5.965967e-09
1.497000e+03 8.183471e-09
1.498000e+03 6.007028e-09
1.499000e+03 6.863239e-09
1.500000e+03 6.516023e-09
1.501000e+03 5.932702e-09
1.502000e+03 5.340175e-09
1.503000e+03 6.321289e-09
1.504000e+03 5.968326e-09
1.505000e+03 5.484586e-09
1.506000e+03 7.074111e-09
1.507000e+03 5.847233e-09
1.508000e+03 6.360500e-09
1.509000e+03 6.049863e-09
1.510000e+03 5.386592e-09
1.511000e+03 5.477229e-09
1.512000e+03 7.988424e-09
1.513000e+03 5.836798e-09
1.514000e+03 5.955900e-09
1.515000e+03 6.419473e-09
1.516000e+03 5.780180e-09
1.517000e+03 5.631391e-09
1.518000e+03 6.273310e-09
1.519000e+03 5.767575e-09
1.520000e+03 6.009392e-09
1.521000e+03 5.374945e-09
1.522000e+03 5.317584e-09
1.523000e+03 5.570861e-09
1.524000e+03 5.230013e-09
1.525000e+03 5.302811e-09
1.526000e+03 5.436267e-09
1.527000e+03 7.649140e-09
1.528000e+03 6.121442e-09
1.529000e+03 6.535102e-09
1.530000e+03 6.201578e-09
1.531000e+03 5.832693e-09
1.532000e+03 5.336672e-09
1.533000e+03 6.152934e-09
1.534000e+03 5.520562e-09
1.535000e+03 5.204950e-09
1.536000e+03 6.593289e-09
1.537000e+03 5.558431e-09
1.538000e+03 2.021798e-08
1.539000e+03 5.780620e-09
1.540000e+03 5.244831e-09
1.541000e+03 5.189965e-09
1.542000e+03 7.494975e-09
1.543000e+03 5.472207e-09
1.544000e+03 6.097307e-09
1.545000e+03 6.163979e-09
1.546000e+03 5.440679e-09
1.547000e+03 5.370797e-09
1.548000e+03 5.943795e-09
1.549000e+03 5.109803e-09
1.550000e+03 5.078915e-09
1.551000e+03 5.076670e-09
1.552000e+03 5.107920e-09
1.553000e+03 5.398110e-09
1.554000e+03 4.935020e-09
1.555000e+03 4.972318e-09
1.556000e+03 5.227673e-09
1.557000e+03 7.692397e-09
1.558000e+03 5.415115e-09
1.559000e+03 6.453691e-09
1.560000e+03 6.102871e-09
1.561000e+03 5.501871e-09
1.562000e+03 4.869691e-09
1.563000e+03 5.764151e-09
1.564000e+03 5.468412e-09
1.565000e+03 4.922820e-09
1.566000e+03 6.462093e-09
1.567000e+03 5.214210e-09
1.568000e+03 5.920872e-09
1.569000e+03 5.556817e-09
1.570000e+03 4.840236e-09
1.571000e+03 4.895916e-09
1.572000e+03 7.345938e-09
1.573000e+03 5.227863e-09
1.574000e+03 5.380465e-09
1.575000e+03 5.860296e-09
1.576000e+03 5.245652e-09
1.577000e+03 5.001470e-09
1.578000e+03 5.509709e-09
1.579000e+03 5.144490e-09
1.580000e+03 5.045019e-09
1.581000e+03 4.754299e-09
1.582000e+03 4.697142e-09
1.583000e+03 5.719357e-09
1.584000e+03 4.600777e-09
1.585000e+03 4.683568e-09
1.586000e+03 4.821508e-09
1.587000e+03 6.994993e-09
1.588000e+03 5.469242e-09
1.589000e+03 5.948968e-09
1.590000e+03 5.582059e-09
1.591000e+03 5.201392e-09
1.592000e+03 5.029417e-09
1.593000e+03 5.474764e-09
1.594000e+03 4.905546e-09
1.595000e+03 4.574242e-09
1.596000e+03 5.948765e-09
1.597000e+03 4.930222e-09
1.598000e+03 1.535952e-08
1.599000e+03 5.064011e-09
1.600000e+03 4.646663e-09
1.601000e+03 4.584530e-09
1.602000e+03 6.803698e-09
1.603000e+03 4.783061e-09
1.604000e+03 5.258457e-09
1.605000e+03 5.497567e-09
1.606000e+03 4.772820e-09
1.607000e+03 4.782806e-09
1.608000e+03 5.291625e-09
1.609000e+03 4.530715e-09
1.610000e+03 4.493857e-09
1.611000e+03 4.453397e-09
1.612000e+03 4.485539e-09
1.613000e+03 1.141062e-08
1.614000e+03 4.340056e-09
1.615000e+03 4.379989e-09
1.616000e+03 4.875691e-09
1.617000e+03 6.920109e-09
1.618000e+03 4.691786e-09
1.619000e+03 5.792693e-09
1.620000e+03 5.434057e-09
1.621000e+03 4.844936e-09
1.622000e+03 4.265008e-09
1.623000e+03 4.859440e-09
1.624000e+03 4.892864e-09
1.625000e+03 4.308260e-09
1.626000e+03 5.856152e-09
1.627000e+03 4.593257e-09
1.628000e+03 9.221534e-09
1.629000e+03 4.797206e-09
1.630000e+03 4.177766e-09
1.631000e+03 4.263109e-09
1.632000e+03 6.679099e-09
1.633000e+03 4.552503e-09
1.634000e+03 4.820052e-09
1.635000e+03 5.256337e-09
1.636000e+03 4.622148e-09
1.637000e+03 4.466864e-09
1.638000e+03 4.658758e-09
1.639000e+03 4.633092e-09
1.640000e+03 4.862498e-09
1.641000e+03 4.261175e-09
1.642000e+03 4.201472e-09
1.643000e+03 1.534972e-08
1.644000e+03 4.089535e-09
1.645000e+03 4.200259e-09
1.646000e+03 4.307587e-09
1.647000e+03 6.394805e-09
1.648000e+03 4.685845e-09
1.649000e+03 5.441570e-09
1.650000e+03 5.095352e-09
1.651000e+03 4.738752e-09
1.652000e+03 4.171335e-09
1.653000e+03 4.985830e-09
1.654000e+03 4.461980e-09
1.655000e+03 4.130215e-09
1.656000e+03 5.502633e-09
1.657000e+03 4.518836e-09
1.658000e+03 5.432070e-09
1.659000e+03 4.673145e-09
1.660000e+03 4.223898e-09
1.661000e+03 4.200294e-09
1.662000e+03 6.283125e-09
1.663000e+03 4.185484e-09
1.664000e+03 5.126418e-09
1.665000e+03 5.163197e-09
1.666000e+03 4.399943e-09
1.667000e+03 4.379617e-09
1.668000e+03 4.905462e-09
1.669000e+03 4.135878e-09
1.670000e+03 4.109727e-09
1.671000e+03 4.084831e-09
1.672000e+03 4.132662e-09
1.673000e+03 9.864985e-09
1.674000e+03 3.923093e-09
1.675000e+03 4.005819e-09
1.676000e+03 4.223049e-09
1.677000e+03 6.551740e-09
1.678000e+03 1.232797e-08
1.679000e+03 5.484486e-09
1.680000e+03 5.123089e-09
1.681000e+03 4.536340e-09
1.682000e+03 3.983386e-09
1.683000e+03 4.405827e-09
1.684000e+03 4.591475e-09
1.685000e+03 4.014545e-09
1.686000e+03 5.534869e-09
1.687000e+03 4.309257e-09
1.688000e+03 8.376454e-09
1.689000e+03 4.569837e-09
1.690000e+03 3.885062e-09
1.691000e+03 3.996984e-09
1.692000e+03 6.321836e-09
1.693000e+03 4.223396e-09
1.694000e+03 4.511115e-09
1.695000e+03 4.977869e-09
1.696000e+03 4.334053e-09
1.697000e+03 4.172612e-09
1.698000e+03 4.361463e-09
1.699000e+03 4.326414e-09
1.700000e+03 4.221452e-09
1.701000e+03 3.937744e-09
1.702000e+03 3.872489e-09
1.703000e+03 7.015843e-09
1.704000e+03 3.793938e-09
1.705000e+03 3.867903e-09
1.706000e+03 4.009807e-09
1.707000e+03 6.283002e-09
1.708000e+03 4.365117e-09
1.709000e+03 5.202758e-09
1.710000e+03 4.850533e-09
1.711000e+03 4.479902e-09
1.712000e+03 4.206081e-09
1.713000e+03 4.681096e-09
1.714000e+03 4.231206e-09
1.715000e+03 3.872860e-09
1.716000e+03 5.256593e-09
1.717000e+03 4.231749e-09
1.718000e+03 5.040709e-09
1.719000e+03 4.413019e-09
1.720000e+03 3.943165e-09
1.721000e+03 3.894448e-09
1.722000e+03 6.041314e-09
1.723000e+03 3.853811e-09
1.724000e+03 4.586003e-09
1.725000e+03 4.831138e-09
1.726000e+03 4.095603e-09
1.727000e+03 4.079821e-09
1.728000e+03 4.499269e-09
1.729000e+03 3.832448e-09
1.730000e+03 3.841368e-09
1.731000e+03 3.784949e-09
1.732000e+03 3.880950e-09
1.733000e+03 5.281865e-09
1.734000e+03 3.648785e-09
1.735000e+03 3.707387e-09
1.736000e+03 4.238274e-09
1.737000e+03 6.299223e-09
1.738000e+03 3.130451e-10
1.739000e+03 5.139908e-09
1.740000e+03 4.847935e-09
1.741000e+03 4.261308e-09
1.742000e+03 3.640291e-09
1.743000e+03 4.360382e-09
1.744000e+03 4.278778e-09
1.745000e+03 3.697484e-09
1.746000e+03 5.243673e-09
1.747000e+03 3.979870e-09
1.748000e+03 4.632661e-09
1.749000e+03 4.259801e-09
1.750000e+03 3.545571e-09
1.751000e+03 3.573576e-09
1.752000e+03 5.966689e-09
1.753000e+03 3.822086e-09
1.754000e+03 4.145487e-09
1.755000e+03 4.595476e-09
1.756000e+03 3.955117e-09
1.757000e+03 3.837945e-09
1.758000e+03 5.040627e-09
1.759000e+03 3.974503e-09
1.760000e+03 4.190631e-09
1.761000e+03 3.632954e-09
1.762000e+03 3.556718e-09
1.763000e+03 4.463150e-09
1.764000e+03 3.444409e-09
1.765000e+03 3.522337e-09
1.766000e+03 3.648469e-09
1.767000e+03 5.805782e-09
1.768000e+03 4.226845e-09
1.769000e+03 4.816169e-09
1.770000e+03 4.466359e-09
1.771000e+03 4.099763e-09
1.772000e+03 3.523942e-09
1.773000e+03 4.093095e-09
1.774000e+03 3.799685e-09
1.775000e+03 3.471148e-09
1.776000e+03 4.906319e-09
1.777000e+03 3.845201e-09
1.778000e+03 4.726983e-09
1.779000e+03 3.991031e-09
1.780000e+03 3.513043e-09
1.781000e+03 3.460436e-09
1.782000e+03 5.755859e-09
1.783000e+03 3.431923e-09
1.784000e+03 4.479832e-09
1.785000e+03 4.516403e-09
1.786000e+03 3.735505e-09
1.787000e+03 3.704255e-09
1.788000e+03 4.006339e-09
1.789000e+03 3.450791e-09
1.790000e+03 3.424366e-09
1.791000e+03 3.396754e-09
1.792000e+03 3.439255e-09
1.793000e+03 3.869610e-09
1.794000e+03 3.240598e-09
1.795000e+03 3.318284e-09
1.796000e+03 3.527712e-09
1.797000e+03 5.957400e-09
1.798000e+03 4.937166e-09
1.799000e+03 4.744441e-09
1.800000e+03 4.463679e-09
