Title ="THE FLUX ERR"
Variables=
iter
residual
1.000000e+00 2.268543e-04
2.000000e+00 6.841343e-04
3.000000e+00 1.484779e-03
4.000000e+00 4.049823e-04
5.000000e+00 1.443934e-03
6.000000e+00 1.909187e-04
7.000000e+00 1.525727e-04
8.000000e+00 1.561907e-05
9.000000e+00 3.595689e-05
1.000000e+01 3.984537e-04
1.100000e+01 5.000083e-04
1.200000e+01 7.090303e-05
1.300000e+01 2.529762e-04
1.400000e+01 2.218204e-05
1.500000e+01 2.782308e-04
1.600000e+01 2.617875e-04
1.700000e+01 1.147747e-04
1.800000e+01 8.568860e-05
1.900000e+01 4.336425e-05
2.000000e+01 3.451241e-05
2.100000e+01 3.777446e-05
2.200000e+01 2.955595e-05
2.300000e+01 2.427650e-05
2.400000e+01 4.319804e-05
2.500000e+01 1.873803e-05
2.600000e+01 1.691658e-05
2.700000e+01 1.515264e-05
2.800000e+01 1.405687e-05
2.900000e+01 1.096550e-05
3.000000e+01 1.613197e-05
3.100000e+01 1.736084e-05
3.200000e+01 1.609559e-05
3.300000e+01 2.094284e-05
3.400000e+01 2.936560e-06
3.500000e+01 2.822293e-06
3.600000e+01 3.605471e-06
3.700000e+01 2.702010e-06
3.800000e+01 3.132843e-06
3.900000e+01 2.488569e-06
4.000000e+01 5.144147e-06
4.100000e+01 3.591767e-06
4.200000e+01 3.942774e-06
4.300000e+01 2.535125e-05
4.400000e+01 4.406572e-06
4.500000e+01 5.374777e-06
4.600000e+01 3.885252e-06
4.700000e+01 2.939533e-05
4.800000e+01 8.488442e-06
4.900000e+01 2.399973e-05
5.000000e+01 1.701578e-05
5.100000e+01 1.176837e-05
5.200000e+01 2.105946e-05
5.300000e+01 1.135766e-05
5.400000e+01 3.542494e-05
5.500000e+01 2.358194e-05
5.600000e+01 2.047682e-05
5.700000e+01 2.620875e-05
5.800000e+01 2.344381e-05
5.900000e+01 2.617198e-05
6.000000e+01 2.394338e-05
6.100000e+01 2.334704e-05
6.200000e+01 2.176619e-05
6.300000e+01 2.833536e-05
6.400000e+01 2.060037e-05
6.500000e+01 2.291609e-05
6.600000e+01 1.919959e-05
6.700000e+01 1.761237e-05
6.800000e+01 1.304492e-05
6.900000e+01 1.789992e-05
7.000000e+01 2.757455e-05
7.100000e+01 2.474079e-05
7.200000e+01 2.490391e-05
7.300000e+01 2.667491e-05
7.400000e+01 3.088028e-05
7.500000e+01 1.360229e-05
7.600000e+01 2.199917e-05
7.700000e+01 1.461187e-05
7.800000e+01 1.521024e-05
7.900000e+01 3.811844e-05
8.000000e+01 2.006047e-05
8.100000e+01 1.417437e-05
8.200000e+01 2.228286e-05
8.300000e+01 1.567989e-05
8.400000e+01 2.095795e-05
8.500000e+01 3.533857e-05
8.600000e+01 2.201775e-05
8.700000e+01 1.439011e-05
8.800000e+01 2.566363e-05
8.900000e+01 2.054352e-05
9.000000e+01 1.104646e-05
9.100000e+01 2.399007e-05
9.200000e+01 1.899951e-05
9.300000e+01 7.438896e-06
9.400000e+01 9.357057e-06
9.500000e+01 1.155423e-05
9.600000e+01 6.877695e-06
9.700000e+01 7.587984e-06
9.800000e+01 1.127190e-05
9.900000e+01 8.611217e-06
1.000000e+02 7.330619e-06
1.010000e+02 7.909172e-06
1.020000e+02 1.535187e-05
1.030000e+02 1.350848e-05
1.040000e+02 7.951816e-05
1.050000e+02 8.478750e-05
1.060000e+02 9.313326e-05
1.070000e+02 7.834463e-05
1.080000e+02 7.947618e-05
1.090000e+02 8.665797e-05
1.100000e+02 7.521210e-05
1.110000e+02 8.597417e-05
1.120000e+02 9.009538e-05
1.130000e+02 9.496186e-05
1.140000e+02 8.555561e-05
1.150000e+02 9.768249e-05
1.160000e+02 9.844464e-05
1.170000e+02 9.671788e-05
1.180000e+02 9.176464e-05
1.190000e+02 8.997660e-05
1.200000e+02 1.021712e-04
1.210000e+02 1.065688e-04
1.220000e+02 8.142259e-05
1.230000e+02 9.190569e-05
1.240000e+02 1.240540e-04
1.250000e+02 1.127859e-04
1.260000e+02 1.219119e-04
1.270000e+02 1.412885e-04
1.280000e+02 1.307791e-04
1.290000e+02 1.131465e-04
1.300000e+02 1.357140e-04
1.310000e+02 1.279135e-04
1.320000e+02 1.330727e-04
1.330000e+02 1.309858e-04
1.340000e+02 1.241317e-04
1.350000e+02 1.044730e-04
1.360000e+02 1.115048e-04
1.370000e+02 1.369762e-04
1.380000e+02 1.352577e-04
1.390000e+02 1.096967e-04
1.400000e+02 1.081444e-04
1.410000e+02 1.049181e-04
1.420000e+02 1.203331e-04
1.430000e+02 1.215310e-04
1.440000e+02 1.040523e-04
1.450000e+02 1.400797e-04
1.460000e+02 1.113173e-04
1.470000e+02 8.786385e-05
1.480000e+02 9.174877e-05
1.490000e+02 8.792065e-05
1.500000e+02 7.995581e-05
1.510000e+02 9.040795e-05
1.520000e+02 8.414605e-05
1.530000e+02 7.453710e-05
1.540000e+02 7.301378e-05
1.550000e+02 6.121932e-05
1.560000e+02 6.606474e-05
1.570000e+02 6.849269e-05
1.580000e+02 6.192397e-05
1.590000e+02 6.081444e-05
1.600000e+02 5.532873e-05
1.610000e+02 6.890953e-05
1.620000e+02 8.549648e-05
1.630000e+02 8.902100e-05
1.640000e+02 9.478812e-05
1.650000e+02 8.677950e-05
1.660000e+02 9.208726e-05
1.670000e+02 1.165561e-04
1.680000e+02 1.163579e-04
1.690000e+02 1.359252e-04
1.700000e+02 1.359699e-04
1.710000e+02 1.167207e-04
1.720000e+02 1.496889e-04
1.730000e+02 1.692018e-04
1.740000e+02 1.396261e-04
1.750000e+02 1.391741e-04
1.760000e+02 8.349846e-05
1.770000e+02 1.381397e-04
1.780000e+02 1.143905e-04
1.790000e+02 1.271938e-04
1.800000e+02 1.855482e-05
1.810000e+02 1.419595e-05
1.820000e+02 1.526240e-04
1.830000e+02 1.369325e-04
1.840000e+02 1.238511e-04
1.850000e+02 1.192444e-04
1.860000e+02 2.213767e-05
1.870000e+02 1.648838e-05
1.880000e+02 1.040188e-04
1.890000e+02 2.082715e-05
1.900000e+02 2.353109e-05
1.910000e+02 1.792686e-05
1.920000e+02 1.779580e-05
1.930000e+02 2.142995e-05
1.940000e+02 2.147884e-05
1.950000e+02 1.183155e-05
1.960000e+02 1.183498e-05
1.970000e+02 1.899294e-05
1.980000e+02 1.580119e-05
1.990000e+02 9.618337e-05
2.000000e+02 9.865989e-05
2.010000e+02 2.453576e-05
2.020000e+02 2.461236e-05
2.030000e+02 9.712987e-05
2.040000e+02 1.038277e-04
2.050000e+02 1.063170e-04
2.060000e+02 6.784048e-05
2.070000e+02 1.081599e-04
2.080000e+02 6.876153e-05
2.090000e+02 7.115273e-05
2.100000e+02 6.985410e-05
2.110000e+02 6.109128e-05
2.120000e+02 5.126212e-05
2.130000e+02 4.303379e-05
2.140000e+02 4.320629e-05
2.150000e+02 3.498817e-05
2.160000e+02 4.111235e-05
2.170000e+02 3.840511e-05
2.180000e+02 4.941864e-05
2.190000e+02 5.848844e-05
2.200000e+02 8.606710e-05
2.210000e+02 8.983058e-05
2.220000e+02 9.365458e-05
2.230000e+02 1.291900e-04
2.240000e+02 1.284713e-04
2.250000e+02 1.324958e-04
2.260000e+02 1.309022e-04
2.270000e+02 1.439940e-04
2.280000e+02 1.277244e-04
2.290000e+02 1.269842e-04
2.300000e+02 1.206758e-04
2.310000e+02 1.118754e-04
2.320000e+02 1.010783e-04
2.330000e+02 1.870508e-05
2.340000e+02 1.548301e-05
2.350000e+02 1.813958e-05
2.360000e+02 9.694059e-05
2.370000e+02 1.181007e-04
2.380000e+02 9.698965e-05
2.390000e+02 3.990793e-05
2.400000e+02 3.016758e-05
2.410000e+02 1.417089e-05
2.420000e+02 3.037710e-05
2.430000e+02 1.323615e-05
2.440000e+02 2.255357e-05
2.450000e+02 2.161929e-05
2.460000e+02 2.384201e-05
2.470000e+02 2.911630e-05
2.480000e+02 1.520326e-05
2.490000e+02 1.462848e-05
2.500000e+02 1.573332e-05
2.510000e+02 3.409147e-05
2.520000e+02 1.658689e-05
2.530000e+02 2.543087e-05
2.540000e+02 9.999812e-06
2.550000e+02 1.739335e-05
2.560000e+02 1.525049e-05
2.570000e+02 1.663110e-05
2.580000e+02 9.454747e-06
2.590000e+02 1.092872e-05
2.600000e+02 1.720308e-05
2.610000e+02 1.527885e-05
2.620000e+02 1.645329e-05
2.630000e+02 1.829966e-05
2.640000e+02 1.662694e-05
2.650000e+02 1.421497e-05
2.660000e+02 8.598295e-06
2.670000e+02 4.667896e-05
2.680000e+02 4.211232e-05
2.690000e+02 3.973939e-05
2.700000e+02 4.158215e-05
2.710000e+02 6.288057e-06
2.720000e+02 2.727328e-05
2.730000e+02 3.875091e-05
2.740000e+02 6.979493e-06
2.750000e+02 3.091643e-05
2.760000e+02 2.884407e-05
2.770000e+02 3.539696e-05
2.780000e+02 3.477975e-05
2.790000e+02 3.240375e-05
2.800000e+02 2.898970e-05
2.810000e+02 2.591779e-05
2.820000e+02 2.207051e-05
2.830000e+02 1.965390e-05
2.840000e+02 2.237870e-05
2.850000e+02 2.280590e-05
2.860000e+02 2.039527e-05
2.870000e+02 1.612095e-05
2.880000e+02 1.511892e-05
2.890000e+02 1.560953e-05
2.900000e+02 1.556236e-05
2.910000e+02 1.487637e-05
2.920000e+02 1.625139e-05
2.930000e+02 1.685122e-05
2.940000e+02 1.757648e-05
2.950000e+02 1.763742e-05
2.960000e+02 1.697406e-05
2.970000e+02 1.864025e-05
2.980000e+02 1.972790e-05
2.990000e+02 1.792602e-05
3.000000e+02 1.855871e-05
3.010000e+02 2.018149e-05
3.020000e+02 2.094816e-05
3.030000e+02 1.953840e-05
3.040000e+02 2.113236e-05
3.050000e+02 1.977586e-05
3.060000e+02 2.009005e-05
3.070000e+02 2.503773e-05
3.080000e+02 2.211536e-05
3.090000e+02 2.911200e-05
3.100000e+02 3.163455e-05
3.110000e+02 3.148789e-05
3.120000e+02 3.406640e-05
3.130000e+02 3.576561e-05
3.140000e+02 3.530698e-05
3.150000e+02 2.695225e-05
3.160000e+02 2.669833e-05
3.170000e+02 3.489146e-05
3.180000e+02 3.643295e-05
3.190000e+02 3.683616e-05
3.200000e+02 2.669720e-05
3.210000e+02 2.259482e-05
3.220000e+02 3.669396e-05
3.230000e+02 4.326164e-05
3.240000e+02 4.461771e-05
3.250000e+02 3.214638e-05
3.260000e+02 3.705183e-05
3.270000e+02 3.439612e-05
3.280000e+02 3.915741e-05
3.290000e+02 5.078701e-05
3.300000e+02 4.664592e-05
3.310000e+02 4.771392e-05
3.320000e+02 3.033255e-05
3.330000e+02 4.188799e-05
3.340000e+02 4.107497e-05
3.350000e+02 4.266704e-05
3.360000e+02 4.356577e-05
3.370000e+02 4.962050e-05
3.380000e+02 3.998141e-05
3.390000e+02 3.708575e-05
3.400000e+02 4.683321e-05
3.410000e+02 4.327242e-05
3.420000e+02 4.790337e-05
3.430000e+02 4.522821e-05
3.440000e+02 4.217184e-05
3.450000e+02 4.997572e-05
3.460000e+02 5.121593e-05
3.470000e+02 5.205369e-05
3.480000e+02 4.798022e-05
3.490000e+02 5.001074e-05
3.500000e+02 3.873506e-05
3.510000e+02 3.953404e-05
3.520000e+02 3.626189e-05
3.530000e+02 3.759614e-05
3.540000e+02 3.692903e-05
3.550000e+02 3.912328e-05
3.560000e+02 3.813277e-05
3.570000e+02 3.769372e-05
3.580000e+02 4.031390e-05
3.590000e+02 3.624383e-05
3.600000e+02 3.633326e-05
3.610000e+02 3.424667e-05
3.620000e+02 3.502486e-05
3.630000e+02 3.131162e-05
3.640000e+02 2.933141e-05
3.650000e+02 2.487538e-05
3.660000e+02 1.904771e-05
3.670000e+02 1.948571e-05
3.680000e+02 2.341227e-05
3.690000e+02 2.248712e-05
3.700000e+02 1.993918e-05
3.710000e+02 1.923612e-05
3.720000e+02 1.694671e-05
3.730000e+02 1.593522e-05
3.740000e+02 1.614176e-05
3.750000e+02 1.585755e-05
3.760000e+02 1.627500e-05
3.770000e+02 1.677671e-05
3.780000e+02 1.304765e-05
3.790000e+02 1.186442e-05
3.800000e+02 1.422284e-05
3.810000e+02 1.259147e-05
3.820000e+02 1.199176e-05
3.830000e+02 1.120056e-05
3.840000e+02 1.092095e-05
3.850000e+02 1.265141e-05
3.860000e+02 1.339314e-05
3.870000e+02 9.764811e-06
3.880000e+02 8.840041e-06
3.890000e+02 8.447172e-06
3.900000e+02 8.180349e-06
3.910000e+02 7.968991e-06
3.920000e+02 9.686259e-06
3.930000e+02 9.147463e-06
3.940000e+02 7.625883e-06
3.950000e+02 7.505891e-06
3.960000e+02 7.091155e-06
3.970000e+02 7.320557e-06
3.980000e+02 6.504869e-06
3.990000e+02 6.369269e-06
4.000000e+02 6.359309e-06
4.010000e+02 6.454713e-06
4.020000e+02 7.067698e-06
4.030000e+02 6.333022e-06
4.040000e+02 5.905365e-06
4.050000e+02 5.540450e-06
4.060000e+02 4.988343e-06
4.070000e+02 5.222431e-06
4.080000e+02 5.988212e-06
4.090000e+02 7.112536e-06
4.100000e+02 7.361874e-06
4.110000e+02 6.787191e-06
4.120000e+02 8.016465e-06
4.130000e+02 8.308513e-06
4.140000e+02 7.918945e-06
4.150000e+02 7.394249e-06
4.160000e+02 8.335434e-06
4.170000e+02 7.908261e-06
4.180000e+02 7.779983e-06
4.190000e+02 9.040404e-06
4.200000e+02 8.843588e-06
4.210000e+02 8.214515e-06
4.220000e+02 8.250084e-06
4.230000e+02 8.989843e-06
4.240000e+02 8.292485e-06
4.250000e+02 8.639514e-06
4.260000e+02 9.219664e-06
4.270000e+02 8.734255e-06
4.280000e+02 9.214818e-06
4.290000e+02 9.888195e-06
4.300000e+02 1.003327e-05
4.310000e+02 9.913698e-06
4.320000e+02 1.064493e-05
4.330000e+02 1.036304e-05
4.340000e+02 8.486781e-06
4.350000e+02 9.590953e-06
4.360000e+02 1.105503e-05
4.370000e+02 1.115707e-05
4.380000e+02 1.091496e-05
4.390000e+02 8.994544e-06
4.400000e+02 9.797031e-06
4.410000e+02 1.076514e-05
4.420000e+02 1.140226e-05
4.430000e+02 1.056257e-05
4.440000e+02 9.314284e-06
4.450000e+02 9.132861e-06
4.460000e+02 1.024478e-05
4.470000e+02 9.951451e-06
4.480000e+02 9.857710e-06
4.490000e+02 9.645045e-06
4.500000e+02 1.020445e-05
4.510000e+02 1.045435e-05
4.520000e+02 9.235091e-06
4.530000e+02 1.003528e-05
4.540000e+02 1.015434e-05
4.550000e+02 9.699637e-06
4.560000e+02 9.248633e-06
4.570000e+02 9.738015e-06
4.580000e+02 1.022607e-05
4.590000e+02 9.633520e-06
4.600000e+02 8.884788e-06
4.610000e+02 9.185363e-06
4.620000e+02 9.572392e-06
4.630000e+02 1.074664e-05
4.640000e+02 1.065175e-05
4.650000e+02 1.026571e-05
4.660000e+02 9.494473e-06
4.670000e+02 9.148694e-06
4.680000e+02 9.475215e-06
4.690000e+02 7.695733e-06
4.700000e+02 6.568754e-06
4.710000e+02 8.046091e-06
4.720000e+02 7.159668e-06
4.730000e+02 8.128528e-06
4.740000e+02 8.217458e-06
4.750000e+02 8.716621e-06
4.760000e+02 8.043618e-06
4.770000e+02 7.777557e-06
4.780000e+02 6.690875e-06
4.790000e+02 6.896603e-06
4.800000e+02 6.747702e-06
4.810000e+02 6.655364e-06
4.820000e+02 6.453369e-06
4.830000e+02 6.141547e-06
4.840000e+02 6.165058e-06
4.850000e+02 5.181783e-06
4.860000e+02 5.413402e-06
4.870000e+02 5.043635e-06
4.880000e+02 4.676202e-06
4.890000e+02 4.084949e-06
4.900000e+02 3.970767e-06
4.910000e+02 4.231856e-06
4.920000e+02 3.702655e-06
4.930000e+02 3.794314e-06
4.940000e+02 3.399445e-06
4.950000e+02 4.052361e-06
4.960000e+02 3.663477e-06
4.970000e+02 9.239022e-06
4.980000e+02 2.835227e-06
4.990000e+02 7.502218e-06
5.000000e+02 2.530190e-06
5.010000e+02 2.548764e-06
5.020000e+02 7.663249e-06
5.030000e+02 2.650807e-06
5.040000e+02 5.840431e-06
5.050000e+02 3.245097e-06
5.060000e+02 5.665645e-06
5.070000e+02 3.553131e-06
5.080000e+02 5.056571e-06
5.090000e+02 3.471359e-06
5.100000e+02 4.687570e-06
5.110000e+02 3.705419e-06
5.120000e+02 4.613090e-06
5.130000e+02 3.596368e-06
5.140000e+02 4.018124e-06
5.150000e+02 3.415433e-06
5.160000e+02 3.950817e-06
5.170000e+02 4.017939e-06
5.180000e+02 4.033846e-06
5.190000e+02 3.937315e-06
5.200000e+02 3.979989e-06
5.210000e+02 3.891532e-06
5.220000e+02 3.868737e-06
5.230000e+02 3.588761e-06
5.240000e+02 3.330351e-06
5.250000e+02 3.898658e-06
5.260000e+02 3.266877e-06
5.270000e+02 3.228972e-06
5.280000e+02 3.819423e-06
5.290000e+02 2.680690e-06
5.300000e+02 2.721506e-06
5.310000e+02 3.760098e-06
5.320000e+02 2.593403e-06
5.330000e+02 2.761406e-06
5.340000e+02 3.843440e-06
5.350000e+02 2.485942e-06
5.360000e+02 2.686182e-06
5.370000e+02 3.314662e-06
5.380000e+02 2.479871e-06
5.390000e+02 2.774754e-06
5.400000e+02 3.381043e-06
5.410000e+02 2.480523e-06
5.420000e+02 2.851905e-06
5.430000e+02 2.756813e-06
5.440000e+02 3.307073e-06
5.450000e+02 2.590316e-06
5.460000e+02 2.823720e-06
5.470000e+02 3.397704e-06
5.480000e+02 2.535028e-06
5.490000e+02 2.809442e-06
5.500000e+02 2.681295e-06
5.510000e+02 3.110372e-06
5.520000e+02 2.334676e-06
5.530000e+02 2.632772e-06
5.540000e+02 2.839909e-06
5.550000e+02 2.503980e-06
5.560000e+02 2.762401e-06
5.570000e+02 2.680457e-06
5.580000e+02 2.769353e-06
5.590000e+02 2.377644e-06
5.600000e+02 2.834983e-06
5.610000e+02 2.707891e-06
5.620000e+02 3.190728e-06
5.630000e+02 2.295710e-06
5.640000e+02 2.800692e-06
5.650000e+02 2.639480e-06
5.660000e+02 3.315392e-06
5.670000e+02 2.300144e-06
5.680000e+02 2.771653e-06
5.690000e+02 2.534902e-06
5.700000e+02 3.076887e-06
5.710000e+02 2.143157e-06
5.720000e+02 2.572191e-06
5.730000e+02 2.433918e-06
5.740000e+02 2.909784e-06
5.750000e+02 2.041301e-06
5.760000e+02 2.464713e-06
5.770000e+02 2.329734e-06
5.780000e+02 1.976407e-06
5.790000e+02 2.833701e-06
5.800000e+02 1.775968e-06
5.810000e+02 2.004250e-06
5.820000e+02 1.866124e-06
5.830000e+02 2.559345e-06
5.840000e+02 1.548210e-06
5.850000e+02 2.104440e-06
5.860000e+02 1.965428e-06
5.870000e+02 1.811638e-06
5.880000e+02 1.751482e-06
5.890000e+02 2.875190e-06
5.900000e+02 1.508070e-06
5.910000e+02 1.804029e-06
5.920000e+02 1.692291e-06
5.930000e+02 1.618902e-06
5.940000e+02 2.624563e-06
5.950000e+02 1.317893e-06
5.960000e+02 1.628836e-06
5.970000e+02 1.535961e-06
5.980000e+02 1.494287e-06
5.990000e+02 1.290639e-06
6.000000e+02 1.171615e-06
6.010000e+02 2.692429e-06
6.020000e+02 1.003269e-06
6.030000e+02 1.246471e-06
6.040000e+02 1.206968e-06
6.050000e+02 1.121147e-06
6.060000e+02 1.020031e-06
6.070000e+02 9.393285e-07
6.080000e+02 2.391166e-06
6.090000e+02 8.641709e-07
6.100000e+02 1.056427e-06
6.110000e+02 9.939184e-07
6.120000e+02 9.100065e-07
6.130000e+02 8.270190e-07
6.140000e+02 7.660305e-07
6.150000e+02 6.992538e-07
6.160000e+02 6.410053e-07
6.170000e+02 2.340453e-06
6.180000e+02 6.362011e-07
6.190000e+02 7.974095e-07
6.200000e+02 7.472685e-07
6.210000e+02 6.591677e-07
6.220000e+02 5.814415e-07
6.230000e+02 5.483808e-07
6.240000e+02 5.234409e-07
6.250000e+02 4.903019e-07
6.260000e+02 4.587178e-07
6.270000e+02 2.362938e-06
6.280000e+02 5.384739e-07
6.290000e+02 6.336198e-07
6.300000e+02 5.829786e-07
6.310000e+02 5.298153e-07
6.320000e+02 4.696060e-07
6.330000e+02 4.223105e-07
6.340000e+02 3.794735e-07
6.350000e+02 3.559969e-07
6.360000e+02 3.364895e-07
6.370000e+02 3.226845e-07
6.380000e+02 3.054427e-07
6.390000e+02 2.814378e-07
6.400000e+02 2.218628e-06
6.410000e+02 5.874903e-07
6.420000e+02 5.303889e-07
6.430000e+02 4.585520e-07
6.440000e+02 3.706036e-07
6.450000e+02 3.271791e-07
6.460000e+02 3.033363e-07
6.470000e+02 2.801985e-07
6.480000e+02 2.686595e-07
6.490000e+02 2.615445e-07
6.500000e+02 2.487357e-07
6.510000e+02 2.412495e-07
6.520000e+02 2.322908e-07
6.530000e+02 1.731140e-06
6.540000e+02 4.544066e-07
6.550000e+02 4.006662e-07
6.560000e+02 3.565252e-07
6.570000e+02 3.280335e-07
6.580000e+02 3.050072e-07
6.590000e+02 2.947735e-07
6.600000e+02 2.651468e-07
6.610000e+02 2.527094e-07
6.620000e+02 2.490407e-07
6.630000e+02 2.459649e-07
6.640000e+02 2.389644e-07
6.650000e+02 2.336887e-07
6.660000e+02 2.286694e-07
6.670000e+02 2.258671e-07
6.680000e+02 2.764102e-07
6.690000e+02 4.341505e-07
6.700000e+02 3.700180e-07
6.710000e+02 3.231679e-07
6.720000e+02 3.032930e-07
6.730000e+02 2.912271e-07
6.740000e+02 2.786928e-07
6.750000e+02 2.536824e-07
6.760000e+02 2.442527e-07
6.770000e+02 2.450497e-07
6.780000e+02 2.392092e-07
6.790000e+02 2.097881e-07
6.800000e+02 2.071253e-07
6.810000e+02 2.033270e-07
6.820000e+02 1.997296e-07
6.830000e+02 2.133931e-07
6.840000e+02 2.068723e-07
6.850000e+02 1.363983e-07
6.860000e+02 4.632810e-07
6.870000e+02 3.697930e-07
6.880000e+02 2.963140e-07
6.890000e+02 2.943279e-07
6.900000e+02 2.473102e-07
6.910000e+02 2.572839e-07
6.920000e+02 2.472776e-07
6.930000e+02 2.379098e-07
6.940000e+02 2.231529e-07
6.950000e+02 2.233569e-07
6.960000e+02 2.168001e-07
6.970000e+02 2.108729e-07
6.980000e+02 2.066847e-07
6.990000e+02 2.024964e-07
7.000000e+02 1.980779e-07
7.010000e+02 2.379342e-07
7.020000e+02 4.247289e-07
7.030000e+02 3.354075e-07
7.040000e+02 2.887660e-07
7.050000e+02 2.886887e-07
7.060000e+02 2.726307e-07
7.070000e+02 2.595569e-07
7.080000e+02 2.337722e-07
7.090000e+02 2.278832e-07
7.100000e+02 2.227398e-07
7.110000e+02 2.000195e-07
7.120000e+02 1.965878e-07
7.130000e+02 1.934741e-07
7.140000e+02 3.435572e-07
7.150000e+02 4.747710e-07
7.160000e+02 3.978236e-07
7.170000e+02 3.438293e-07
7.180000e+02 3.231487e-07
7.190000e+02 2.926846e-07
7.200000e+02 2.550214e-07
7.210000e+02 2.312706e-07
7.220000e+02 2.252570e-07
7.230000e+02 2.151171e-07
7.240000e+02 3.144080e-07
7.250000e+02 4.547760e-07
7.260000e+02 3.794290e-07
7.270000e+02 3.230832e-07
7.280000e+02 3.109208e-07
7.290000e+02 2.665374e-07
7.300000e+02 2.466376e-07
7.310000e+02 2.324779e-07
7.320000e+02 2.632744e-07
7.330000e+02 4.419966e-07
7.340000e+02 3.863290e-07
7.350000e+02 3.763079e-07
7.360000e+02 3.144398e-07
7.370000e+02 2.676404e-07
7.380000e+02 2.688003e-07
7.390000e+02 1.400687e-07
7.400000e+02 4.912877e-07
7.410000e+02 4.069968e-07
7.420000e+02 3.451126e-07
7.430000e+02 3.033317e-07
7.440000e+02 2.727765e-07
7.450000e+02 1.828291e-07
7.460000e+02 5.149453e-07
7.470000e+02 4.276249e-07
7.480000e+02 3.640041e-07
7.490000e+02 3.210881e-07
7.500000e+02 2.882254e-07
7.510000e+02 1.164476e-07
7.520000e+02 5.052971e-07
7.530000e+02 4.251121e-07
7.540000e+02 3.646008e-07
7.550000e+02 3.219909e-07
7.560000e+02 1.143940e-07
7.570000e+02 5.229608e-07
7.580000e+02 4.102748e-07
7.590000e+02 3.929366e-07
7.600000e+02 3.566807e-07
7.610000e+02 1.539660e-07
7.620000e+02 6.518430e-07
7.630000e+02 5.510098e-07
7.640000e+02 4.725313e-07
7.650000e+02 4.153295e-07
7.660000e+02 1.354150e-07
7.670000e+02 6.307620e-07
7.680000e+02 5.348850e-07
7.690000e+02 4.203853e-07
7.700000e+02 3.639000e-07
7.710000e+02 1.701376e-07
7.720000e+02 5.878828e-07
7.730000e+02 4.967598e-07
7.740000e+02 4.395668e-07
7.750000e+02 3.803843e-07
7.760000e+02 1.780572e-07
7.770000e+02 6.021372e-07
7.780000e+02 5.019046e-07
7.790000e+02 4.723700e-07
7.800000e+02 3.976394e-07
7.810000e+02 1.656727e-07
7.820000e+02 6.116426e-07
7.830000e+02 5.388798e-07
7.840000e+02 4.627766e-07
7.850000e+02 4.136708e-07
7.860000e+02 1.882437e-07
7.870000e+02 5.957514e-07
7.880000e+02 5.266085e-07
7.890000e+02 4.537037e-07
7.900000e+02 3.840596e-07
7.910000e+02 3.392731e-07
7.920000e+02 2.035947e-07
7.930000e+02 6.201271e-07
7.940000e+02 5.321123e-07
7.950000e+02 4.434171e-07
7.960000e+02 3.779464e-07
7.970000e+02 2.296231e-07
7.980000e+02 6.468937e-07
7.990000e+02 5.564965e-07
8.000000e+02 4.658826e-07
8.010000e+02 3.984884e-07
8.020000e+02 3.463099e-07
8.030000e+02 2.279756e-07
8.040000e+02 6.384666e-07
8.050000e+02 5.485371e-07
8.060000e+02 4.596048e-07
8.070000e+02 3.997676e-07
8.080000e+02 3.540601e-07
8.090000e+02 2.118635e-07
8.100000e+02 6.399832e-07
8.110000e+02 5.560286e-07
8.120000e+02 4.638537e-07
8.130000e+02 3.820505e-07
8.140000e+02 3.244041e-07
8.150000e+02 2.260346e-07
8.160000e+02 5.461408e-07
8.170000e+02 4.633302e-07
8.180000e+02 3.936896e-07
8.190000e+02 3.439487e-07
8.200000e+02 3.066521e-07
8.210000e+02 2.058522e-07
8.220000e+02 5.420828e-07
8.230000e+02 4.577904e-07
8.240000e+02 3.389938e-07
8.250000e+02 2.856906e-07
8.260000e+02 2.520135e-07
8.270000e+02 2.263283e-07
8.280000e+02 1.695658e-07
8.290000e+02 4.112912e-07
8.300000e+02 4.462137e-07
8.310000e+02 3.845937e-07
8.320000e+02 3.389995e-07
8.330000e+02 3.021407e-07
8.340000e+02 2.700145e-07
8.350000e+02 2.419461e-07
8.360000e+02 2.714479e-07
8.370000e+02 4.755503e-07
8.380000e+02 4.212314e-07
8.390000e+02 3.626651e-07
8.400000e+02 3.172716e-07
8.410000e+02 2.811588e-07
8.420000e+02 2.515679e-07
8.430000e+02 2.237474e-07
8.440000e+02 2.151817e-07
8.450000e+02 4.664756e-07
8.460000e+02 3.962522e-07
8.470000e+02 3.342094e-07
8.480000e+02 2.878019e-07
8.490000e+02 2.521624e-07
8.500000e+02 2.230011e-07
8.510000e+02 1.985069e-07
8.520000e+02 1.980226e-07
8.530000e+02 4.499110e-07
8.540000e+02 3.796745e-07
8.550000e+02 3.166266e-07
8.560000e+02 2.714048e-07
8.570000e+02 2.369218e-07
8.580000e+02 2.093718e-07
8.590000e+02 1.863199e-07
8.600000e+02 1.669914e-07
8.610000e+02 2.027809e-07
8.620000e+02 4.078621e-07
8.630000e+02 3.434200e-07
8.640000e+02 2.890260e-07
8.650000e+02 2.445516e-07
8.660000e+02 2.251995e-07
8.670000e+02 2.005435e-07
8.680000e+02 1.685450e-07
8.690000e+02 1.598785e-07
8.700000e+02 1.473114e-07
8.710000e+02 2.173807e-07
8.720000e+02 3.593792e-07
8.730000e+02 3.007912e-07
8.740000e+02 2.524907e-07
8.750000e+02 2.192121e-07
8.760000e+02 1.939644e-07
8.770000e+02 1.766957e-07
8.780000e+02 1.591714e-07
8.790000e+02 1.460011e-07
8.800000e+02 1.335354e-07
8.810000e+02 2.000999e-07
8.820000e+02 3.654478e-07
8.830000e+02 3.059452e-07
8.840000e+02 2.568902e-07
8.850000e+02 2.218707e-07
8.860000e+02 1.893717e-07
8.870000e+02 1.772324e-07
8.880000e+02 1.559119e-07
8.890000e+02 1.414439e-07
8.900000e+02 1.291727e-07
8.910000e+02 1.200496e-07
8.920000e+02 1.130779e-07
8.930000e+02 1.927916e-07
8.940000e+02 3.450960e-07
8.950000e+02 2.805386e-07
8.960000e+02 2.367017e-07
8.970000e+02 2.045133e-07
8.980000e+02 1.739213e-07
8.990000e+02 1.552150e-07
9.000000e+02 1.404164e-07
9.010000e+02 1.283287e-07
9.020000e+02 1.176182e-07
9.030000e+02 1.118800e-07
9.040000e+02 1.044769e-07
9.050000e+02 9.457987e-08
9.060000e+02 1.648185e-07
9.070000e+02 3.379598e-07
9.080000e+02 2.791976e-07
9.090000e+02 2.181231e-07
9.100000e+02 1.874795e-07
9.110000e+02 1.654629e-07
9.120000e+02 1.470900e-07
9.130000e+02 1.319768e-07
9.140000e+02 1.191297e-07
9.150000e+02 1.088343e-07
9.160000e+02 1.004364e-07
9.170000e+02 9.284122e-08
9.180000e+02 8.689648e-08
9.190000e+02 8.056882e-08
9.200000e+02 1.379743e-07
9.210000e+02 2.861454e-07
9.220000e+02 2.356450e-07
9.230000e+02 1.978128e-07
9.240000e+02 1.707903e-07
9.250000e+02 1.501703e-07
9.260000e+02 1.332964e-07
9.270000e+02 1.196413e-07
9.280000e+02 1.084632e-07
9.290000e+02 9.943263e-08
9.300000e+02 9.182808e-08
9.310000e+02 8.545911e-08
9.320000e+02 8.096850e-08
9.330000e+02 7.670043e-08
9.340000e+02 7.616102e-08
9.350000e+02 7.232721e-08
9.360000e+02 1.506010e-07
9.370000e+02 2.858498e-07
9.380000e+02 2.366635e-07
9.390000e+02 1.999208e-07
9.400000e+02 1.726890e-07
9.410000e+02 1.513253e-07
9.420000e+02 1.289767e-07
9.430000e+02 1.157116e-07
9.440000e+02 1.049462e-07
9.450000e+02 9.013704e-08
9.460000e+02 8.359139e-08
9.470000e+02 7.841688e-08
9.480000e+02 7.407353e-08
9.490000e+02 7.040930e-08
9.500000e+02 6.729702e-08
9.510000e+02 6.498543e-08
9.520000e+02 6.293464e-08
9.530000e+02 6.486670e-08
9.540000e+02 6.301256e-08
9.550000e+02 5.954391e-08
9.560000e+02 1.435716e-07
9.570000e+02 2.767942e-07
9.580000e+02 2.277558e-07
9.590000e+02 1.813433e-07
9.600000e+02 1.520428e-07
9.610000e+02 1.323543e-07
9.620000e+02 1.187122e-07
9.630000e+02 1.179379e-07
9.640000e+02 1.106856e-07
9.650000e+02 9.986393e-08
9.660000e+02 9.033304e-08
9.670000e+02 8.310643e-08
9.680000e+02 7.734627e-08
9.690000e+02 7.273212e-08
9.700000e+02 6.870545e-08
9.710000e+02 6.650976e-08
9.720000e+02 6.276313e-08
9.730000e+02 6.044937e-08
9.740000e+02 5.684896e-08
9.750000e+02 5.563052e-08
9.760000e+02 5.468550e-08
9.770000e+02 5.405980e-08
9.780000e+02 5.436881e-08
9.790000e+02 1.674965e-07
9.800000e+02 4.017787e-08
9.810000e+02 2.431211e-07
9.820000e+02 2.102620e-07
9.830000e+02 1.793021e-07
9.840000e+02 1.536769e-07
9.850000e+02 1.331817e-07
9.860000e+02 1.164162e-07
9.870000e+02 1.036228e-07
9.880000e+02 9.242777e-08
9.890000e+02 8.458947e-08
9.900000e+02 7.651477e-08
9.910000e+02 7.063000e-08
9.920000e+02 6.610722e-08
9.930000e+02 6.247599e-08
9.940000e+02 5.877625e-08
9.950000e+02 5.563278e-08
9.960000e+02 5.377782e-08
9.970000e+02 5.154836e-08
9.980000e+02 4.992559e-08
9.990000e+02 4.885122e-08
1.000000e+03 4.792697e-08
1.001000e+03 4.691725e-08
1.002000e+03 4.655340e-08
1.003000e+03 4.474670e-08
1.004000e+03 4.428845e-08
1.005000e+03 4.326794e-08
1.006000e+03 4.270096e-08
1.007000e+03 4.223930e-08
1.008000e+03 1.686648e-07
1.009000e+03 2.650813e-07
1.010000e+03 2.146096e-07
1.011000e+03 1.737689e-07
1.012000e+03 1.459020e-07
1.013000e+03 1.255935e-07
1.014000e+03 1.075570e-07
1.015000e+03 9.424003e-08
1.016000e+03 8.446650e-08
1.017000e+03 7.558430e-08
1.018000e+03 6.823073e-08
1.019000e+03 6.226095e-08
1.020000e+03 5.727268e-08
1.021000e+03 5.868640e-08
1.022000e+03 5.457705e-08
1.023000e+03 5.073240e-08
1.024000e+03 4.770931e-08
1.025000e+03 4.540447e-08
1.026000e+03 4.293584e-08
1.027000e+03 4.134487e-08
1.028000e+03 3.994810e-08
1.029000e+03 3.901693e-08
1.030000e+03 3.763392e-08
1.031000e+03 3.657508e-08
1.032000e+03 3.534802e-08
1.033000e+03 3.453990e-08
1.034000e+03 3.376055e-08
1.035000e+03 3.325678e-08
1.036000e+03 3.273156e-08
1.037000e+03 3.230227e-08
1.038000e+03 3.198837e-08
1.039000e+03 3.124285e-08
1.040000e+03 3.156094e-08
1.041000e+03 3.065618e-08
1.042000e+03 3.027141e-08
1.043000e+03 3.117535e-08
1.044000e+03 3.038420e-08
1.045000e+03 2.967450e-08
1.046000e+03 2.914698e-08
1.047000e+03 2.917879e-08
1.048000e+03 2.887690e-08
1.049000e+03 2.001024e-07
1.050000e+03 3.685389e-08
1.051000e+03 3.055651e-08
1.052000e+03 2.514472e-08
1.053000e+03 1.559952e-07
1.054000e+03 1.384301e-07
1.055000e+03 1.195100e-07
1.056000e+03 1.036317e-07
1.057000e+03 9.027470e-08
1.058000e+03 7.921967e-08
1.059000e+03 6.968107e-08
1.060000e+03 6.112935e-08
1.061000e+03 5.439269e-08
1.062000e+03 4.880391e-08
1.063000e+03 4.473542e-08
1.064000e+03 4.075574e-08
1.065000e+03 3.738659e-08
1.066000e+03 3.452706e-08
1.067000e+03 3.347835e-08
1.068000e+03 3.126756e-08
1.069000e+03 3.034003e-08
1.070000e+03 2.982762e-08
1.071000e+03 2.804322e-08
1.072000e+03 2.769793e-08
1.073000e+03 2.700453e-08
1.074000e+03 2.604105e-08
1.075000e+03 2.585211e-08
1.076000e+03 2.510982e-08
1.077000e+03 2.471630e-08
1.078000e+03 2.436284e-08
1.079000e+03 2.357717e-08
1.080000e+03 2.357466e-08
1.081000e+03 2.332151e-08
1.082000e+03 2.278032e-08
1.083000e+03 2.305683e-08
1.084000e+03 2.206934e-08
1.085000e+03 2.160856e-08
1.086000e+03 2.136005e-08
1.087000e+03 2.124784e-08
1.088000e+03 2.132449e-08
1.089000e+03 2.116417e-08
1.090000e+03 2.061889e-08
1.091000e+03 2.056911e-08
1.092000e+03 2.015333e-08
1.093000e+03 1.996115e-08
1.094000e+03 1.956962e-08
1.095000e+03 1.954434e-08
1.096000e+03 1.977940e-08
1.097000e+03 2.052312e-08
1.098000e+03 1.969557e-08
1.099000e+03 1.907038e-08
1.100000e+03 1.811580e-08
1.101000e+03 1.767283e-08
1.102000e+03 1.739398e-08
1.103000e+03 1.698220e-08
1.104000e+03 1.690652e-08
1.105000e+03 1.671123e-08
1.106000e+03 1.637347e-08
1.107000e+03 1.660671e-08
1.108000e+03 1.620520e-08
1.109000e+03 1.597744e-08
1.110000e+03 1.582498e-08
1.111000e+03 1.572783e-08
1.112000e+03 1.585507e-08
1.113000e+03 1.589916e-08
1.114000e+03 1.507704e-08
1.115000e+03 1.513856e-08
1.116000e+03 1.489109e-08
1.117000e+03 1.463027e-08
1.118000e+03 1.449457e-08
1.119000e+03 1.463887e-08
1.120000e+03 1.828956e-07
1.121000e+03 3.553857e-08
1.122000e+03 3.032424e-08
1.123000e+03 2.611599e-08
1.124000e+03 2.201811e-08
1.125000e+03 1.050029e-07
1.126000e+03 9.167854e-08
1.127000e+03 7.798217e-08
1.128000e+03 6.661620e-08
1.129000e+03 5.720065e-08
1.130000e+03 4.920102e-08
1.131000e+03 4.391852e-08
1.132000e+03 3.742345e-08
1.133000e+03 3.283144e-08
1.134000e+03 2.910722e-08
1.135000e+03 2.621388e-08
1.136000e+03 2.447202e-08
1.137000e+03 2.283276e-08
1.138000e+03 2.096333e-08
1.139000e+03 1.971859e-08
1.140000e+03 1.841845e-08
1.141000e+03 1.744099e-08
1.142000e+03 1.694345e-08
1.143000e+03 1.680349e-08
1.144000e+03 1.612100e-08
1.145000e+03 1.579232e-08
1.146000e+03 1.517952e-08
1.147000e+03 1.531608e-08
1.148000e+03 1.529783e-08
1.149000e+03 1.527807e-08
1.150000e+03 1.451416e-08
1.151000e+03 1.517798e-08
1.152000e+03 1.403249e-08
1.153000e+03 1.356311e-08
1.154000e+03 1.299503e-08
1.155000e+03 1.330733e-08
1.156000e+03 1.311883e-08
1.157000e+03 1.238551e-08
1.158000e+03 1.238644e-08
1.159000e+03 1.215194e-08
1.160000e+03 1.282102e-08
1.161000e+03 1.230426e-08
1.162000e+03 1.231245e-08
1.163000e+03 1.216783e-08
1.164000e+03 1.169944e-08
1.165000e+03 1.165127e-08
1.166000e+03 1.152683e-08
1.167000e+03 1.136854e-08
1.168000e+03 1.152291e-08
1.169000e+03 1.157488e-08
1.170000e+03 1.116483e-08
1.171000e+03 1.163250e-08
1.172000e+03 1.269369e-08
1.173000e+03 1.209889e-08
1.174000e+03 1.182670e-08
1.175000e+03 1.134970e-08
1.176000e+03 1.142749e-08
1.177000e+03 1.123264e-08
1.178000e+03 1.289863e-08
1.179000e+03 1.127270e-08
1.180000e+03 1.156768e-08
1.181000e+03 1.091848e-08
1.182000e+03 1.073415e-08
1.183000e+03 1.057962e-08
1.184000e+03 1.118223e-08
1.185000e+03 1.094018e-08
1.186000e+03 1.056800e-08
1.187000e+03 1.049049e-08
1.188000e+03 1.032720e-08
1.189000e+03 1.018626e-08
1.190000e+03 9.780337e-09
1.191000e+03 9.855988e-09
1.192000e+03 9.972433e-09
1.193000e+03 1.018169e-08
1.194000e+03 9.612709e-09
1.195000e+03 9.752365e-09
1.196000e+03 1.088110e-08
1.197000e+03 9.874242e-09
1.198000e+03 1.014216e-08
1.199000e+03 9.428706e-09
1.200000e+03 9.531383e-09
1.201000e+03 9.382053e-09
1.202000e+03 9.130275e-09
1.203000e+03 9.458293e-09
1.204000e+03 9.265842e-09
1.205000e+03 1.112731e-08
1.206000e+03 9.679371e-09
1.207000e+03 9.506236e-09
1.208000e+03 9.957269e-09
1.209000e+03 9.090834e-09
1.210000e+03 8.926455e-09
1.211000e+03 1.022780e-08
1.212000e+03 8.608039e-09
1.213000e+03 8.795453e-09
1.214000e+03 8.884026e-09
1.215000e+03 8.766381e-09
1.216000e+03 9.225666e-09
1.217000e+03 9.140564e-09
1.218000e+03 8.910256e-09
1.219000e+03 8.939493e-09
1.220000e+03 9.719524e-09
1.221000e+03 8.731781e-09
1.222000e+03 9.310285e-09
1.223000e+03 8.638324e-09
1.224000e+03 8.166150e-09
1.225000e+03 8.343236e-09
1.226000e+03 8.255593e-09
1.227000e+03 8.364053e-09
1.228000e+03 8.090588e-09
1.229000e+03 8.695236e-09
1.230000e+03 8.022375e-09
1.231000e+03 8.142298e-09
1.232000e+03 1.068175e-08
1.233000e+03 9.183828e-09
1.234000e+03 8.443651e-09
1.235000e+03 8.479229e-09
1.236000e+03 8.201030e-09
1.237000e+03 7.872953e-09
1.238000e+03 7.981698e-09
1.239000e+03 7.881783e-09
1.240000e+03 8.058452e-09
1.241000e+03 7.685865e-09
1.242000e+03 8.004379e-09
1.243000e+03 8.001428e-09
1.244000e+03 8.671152e-09
1.245000e+03 7.769572e-09
1.246000e+03 8.332782e-09
1.247000e+03 7.329251e-09
1.248000e+03 7.700023e-09
1.249000e+03 7.538121e-09
1.250000e+03 7.171931e-09
1.251000e+03 7.210147e-09
1.252000e+03 7.330137e-09
1.253000e+03 7.430035e-09
1.254000e+03 7.048761e-09
1.255000e+03 7.053297e-09
1.256000e+03 7.908717e-09
1.257000e+03 7.402416e-09
1.258000e+03 7.653237e-09
1.259000e+03 8.649886e-09
1.260000e+03 7.650406e-09
1.261000e+03 7.304072e-09
1.262000e+03 6.894426e-09
1.263000e+03 6.797615e-09
1.264000e+03 7.175412e-09
1.265000e+03 6.965098e-09
1.266000e+03 1.809497e-07
1.267000e+03 2.786578e-08
1.268000e+03 2.376200e-08
1.269000e+03 2.113182e-08
1.270000e+03 1.779576e-08
1.271000e+03 1.475856e-08
1.272000e+03 7.988413e-08
1.273000e+03 6.921367e-08
1.274000e+03 5.776133e-08
1.275000e+03 4.873246e-08
1.276000e+03 4.088884e-08
1.277000e+03 3.373637e-08
1.278000e+03 3.135495e-08
1.279000e+03 2.704064e-08
1.280000e+03 2.407124e-08
1.281000e+03 2.100572e-08
1.282000e+03 1.845790e-08
1.283000e+03 1.698802e-08
1.284000e+03 1.522401e-08
1.285000e+03 1.377250e-08
1.286000e+03 1.286462e-08
1.287000e+03 1.151147e-08
1.288000e+03 1.080375e-08
1.289000e+03 1.017297e-08
1.290000e+03 9.667095e-09
1.291000e+03 1.078059e-08
1.292000e+03 9.822555e-09
1.293000e+03 8.782786e-09
1.294000e+03 9.236717e-09
1.295000e+03 8.221042e-09
1.296000e+03 8.274375e-09
1.297000e+03 8.109361e-09
1.298000e+03 7.780802e-09
1.299000e+03 7.804885e-09
1.300000e+03 7.552864e-09
1.301000e+03 7.279011e-09
1.302000e+03 7.469943e-09
1.303000e+03 7.843354e-09
1.304000e+03 8.026712e-09
1.305000e+03 7.534378e-09
1.306000e+03 7.356935e-09
1.307000e+03 7.664488e-09
1.308000e+03 7.075904e-09
1.309000e+03 7.468851e-09
1.310000e+03 6.844743e-09
1.311000e+03 7.190912e-09
1.312000e+03 7.658302e-09
1.313000e+03 8.431486e-09
1.314000e+03 7.450010e-09
1.315000e+03 8.286589e-09
1.316000e+03 8.085373e-09
1.317000e+03 7.778254e-09
1.318000e+03 8.220136e-09
1.319000e+03 7.425998e-09
1.320000e+03 7.473126e-09
1.321000e+03 7.535650e-09
1.322000e+03 7.395954e-09
1.323000e+03 6.718458e-09
1.324000e+03 6.348505e-09
1.325000e+03 6.109414e-09
1.326000e+03 6.159547e-09
1.327000e+03 6.098501e-09
1.328000e+03 6.404899e-09
1.329000e+03 6.684637e-09
1.330000e+03 6.128319e-09
1.331000e+03 5.996906e-09
1.332000e+03 6.498961e-09
1.333000e+03 6.106862e-09
1.334000e+03 5.699161e-09
1.335000e+03 5.800104e-09
1.336000e+03 6.217770e-09
1.337000e+03 6.044960e-09
1.338000e+03 5.861224e-09
1.339000e+03 5.646887e-09
1.340000e+03 6.449496e-09
1.341000e+03 6.600526e-09
1.342000e+03 6.292556e-09
1.343000e+03 5.742571e-09
1.344000e+03 5.651779e-09
1.345000e+03 5.707454e-09
1.346000e+03 5.378432e-09
1.347000e+03 5.493885e-09
1.348000e+03 5.544986e-09
1.349000e+03 5.445950e-09
1.350000e+03 5.454095e-09
1.351000e+03 5.524808e-09
1.352000e+03 6.143328e-09
1.353000e+03 6.024532e-09
1.354000e+03 5.544573e-09
1.355000e+03 5.641977e-09
1.356000e+03 5.514452e-09
1.357000e+03 5.593146e-09
1.358000e+03 5.890282e-09
1.359000e+03 5.564785e-09
1.360000e+03 6.333929e-09
1.361000e+03 5.586453e-09
1.362000e+03 5.519068e-09
1.363000e+03 5.976419e-09
1.364000e+03 6.009068e-09
1.365000e+03 6.266376e-09
1.366000e+03 6.466039e-09
1.367000e+03 6.052607e-09
1.368000e+03 6.258037e-09
1.369000e+03 6.172393e-09
1.370000e+03 5.735387e-09
1.371000e+03 7.109034e-09
1.372000e+03 5.687444e-09
1.373000e+03 5.473598e-09
1.374000e+03 5.835464e-09
1.375000e+03 5.825636e-09
1.376000e+03 6.635591e-09
1.377000e+03 6.071897e-09
1.378000e+03 5.788738e-09
1.379000e+03 5.833124e-09
1.380000e+03 5.382392e-09
1.381000e+03 5.310047e-09
1.382000e+03 5.575177e-09
1.383000e+03 5.730910e-09
1.384000e+03 5.734338e-09
1.385000e+03 5.452640e-09
1.386000e+03 5.325324e-09
1.387000e+03 5.781920e-09
1.388000e+03 5.969535e-09
1.389000e+03 6.355026e-09
1.390000e+03 5.997326e-09
1.391000e+03 5.307288e-09
1.392000e+03 5.445486e-09
1.393000e+03 5.287552e-09
1.394000e+03 5.252400e-09
1.395000e+03 5.906144e-09
1.396000e+03 5.688734e-09
1.397000e+03 5.221190e-09
1.398000e+03 5.607528e-09
1.399000e+03 5.497865e-09
1.400000e+03 5.955504e-09
1.401000e+03 5.424221e-09
1.402000e+03 5.756529e-09
1.403000e+03 5.658676e-09
1.404000e+03 5.150449e-09
1.405000e+03 5.359399e-09
1.406000e+03 5.460762e-09
1.407000e+03 5.281868e-09
1.408000e+03 5.391022e-09
1.409000e+03 5.634975e-09
1.410000e+03 5.069226e-09
1.411000e+03 5.096381e-09
1.412000e+03 6.059850e-09
1.413000e+03 5.875858e-09
1.414000e+03 5.641914e-09
1.415000e+03 5.096644e-09
1.416000e+03 5.229300e-09
1.417000e+03 5.356640e-09
1.418000e+03 4.979376e-09
1.419000e+03 4.982679e-09
1.420000e+03 5.071659e-09
1.421000e+03 5.154857e-09
1.422000e+03 5.263169e-09
1.423000e+03 5.168861e-09
1.424000e+03 5.647804e-09
1.425000e+03 5.335527e-09
1.426000e+03 4.999458e-09
1.427000e+03 5.163568e-09
1.428000e+03 4.972916e-09
1.429000e+03 4.958931e-09
1.430000e+03 4.941229e-09
1.431000e+03 4.988155e-09
1.432000e+03 5.098686e-09
1.433000e+03 5.467439e-09
1.434000e+03 4.892323e-09
1.435000e+03 5.065371e-09
1.436000e+03 5.866172e-09
1.437000e+03 5.124382e-09
1.438000e+03 5.287301e-09
1.439000e+03 4.808885e-09
1.440000e+03 5.131775e-09
1.441000e+03 4.930374e-09
1.442000e+03 4.848821e-09
1.443000e+03 5.263408e-09
1.444000e+03 5.067860e-09
1.445000e+03 5.015009e-09
1.446000e+03 5.001247e-09
1.447000e+03 5.122749e-09
1.448000e+03 5.361713e-09
1.449000e+03 5.142728e-09
1.450000e+03 5.041178e-09
1.451000e+03 6.589256e-09
1.452000e+03 4.855427e-09
1.453000e+03 4.972005e-09
1.454000e+03 4.971298e-09
1.455000e+03 5.022420e-09
1.456000e+03 5.414567e-09
1.457000e+03 5.463608e-09
1.458000e+03 5.503193e-09
1.459000e+03 5.176724e-09
1.460000e+03 5.745558e-09
1.461000e+03 4.916529e-09
1.462000e+03 5.520930e-09
1.463000e+03 5.202080e-09
1.464000e+03 4.662055e-09
1.465000e+03 4.627638e-09
1.466000e+03 4.796817e-09
1.467000e+03 4.920406e-09
1.468000e+03 4.548592e-09
1.469000e+03 5.214514e-09
1.470000e+03 4.489562e-09
1.471000e+03 4.645187e-09
1.472000e+03 5.385010e-09
1.473000e+03 4.979938e-09
1.474000e+03 4.389803e-09
1.475000e+03 4.931032e-09
1.476000e+03 5.127077e-09
1.477000e+03 4.903775e-09
1.478000e+03 4.861792e-09
1.479000e+03 4.643547e-09
1.480000e+03 4.844833e-09
1.481000e+03 4.611075e-09
1.482000e+03 4.914063e-09
1.483000e+03 4.903779e-09
1.484000e+03 5.416892e-09
1.485000e+03 4.570723e-09
1.486000e+03 5.099609e-09
1.487000e+03 4.441244e-09
1.488000e+03 4.600553e-09
1.489000e+03 4.463752e-09
1.490000e+03 4.199021e-09
1.491000e+03 4.468539e-09
1.492000e+03 4.397263e-09
1.493000e+03 4.499121e-09
1.494000e+03 4.241339e-09
1.495000e+03 4.203586e-09
1.496000e+03 4.996075e-09
1.497000e+03 4.714895e-09
1.498000e+03 4.436781e-09
1.499000e+03 4.139147e-09
1.500000e+03 4.322886e-09
1.501000e+03 4.120120e-09
1.502000e+03 3.934966e-09
1.503000e+03 4.282125e-09
1.504000e+03 4.444399e-09
1.505000e+03 4.433748e-09
1.506000e+03 4.098299e-09
1.507000e+03 4.101572e-09
1.508000e+03 4.734779e-09
1.509000e+03 4.381969e-09
1.510000e+03 4.777418e-09
1.511000e+03 4.179450e-09
1.512000e+03 4.167434e-09
1.513000e+03 4.131991e-09
1.514000e+03 3.996218e-09
1.515000e+03 3.989811e-09
1.516000e+03 4.200844e-09
1.517000e+03 3.973121e-09
1.518000e+03 4.152695e-09
1.519000e+03 3.920934e-09
1.520000e+03 5.045002e-09
1.521000e+03 4.077759e-09
1.522000e+03 3.945732e-09
1.523000e+03 4.391172e-09
1.524000e+03 4.282660e-09
1.525000e+03 4.154477e-09
1.526000e+03 4.184525e-09
1.527000e+03 4.163569e-09
1.528000e+03 4.220303e-09
1.529000e+03 3.818189e-09
1.530000e+03 3.939020e-09
1.531000e+03 5.467659e-09
1.532000e+03 4.917161e-09
1.533000e+03 4.217317e-09
1.534000e+03 4.858197e-09
1.535000e+03 4.105404e-09
1.536000e+03 4.516769e-09
1.537000e+03 4.035641e-09
1.538000e+03 1.856545e-07
1.539000e+03 2.615126e-08
1.540000e+03 2.316323e-08
1.541000e+03 1.929822e-08
1.542000e+03 1.554973e-08
1.543000e+03 1.259689e-08
1.544000e+03 7.592221e-08
1.545000e+03 6.549971e-08
1.546000e+03 5.464507e-08
1.547000e+03 4.572159e-08
1.548000e+03 3.771404e-08
1.549000e+03 3.173839e-08
1.550000e+03 2.600843e-08
1.551000e+03 2.191634e-08
1.552000e+03 1.885843e-08
1.553000e+03 1.646517e-08
1.554000e+03 1.417224e-08
1.555000e+03 1.295380e-08
1.556000e+03 1.133927e-08
1.557000e+03 1.070911e-08
1.558000e+03 9.874503e-09
1.559000e+03 8.749002e-09
1.560000e+03 8.241913e-09
1.561000e+03 7.872804e-09
1.562000e+03 7.420129e-09
1.563000e+03 7.242980e-09
1.564000e+03 6.654330e-09
1.565000e+03 6.288652e-09
1.566000e+03 6.265884e-09
1.567000e+03 5.989877e-09
1.568000e+03 5.965522e-09
1.569000e+03 6.221968e-09
1.570000e+03 5.680358e-09
1.571000e+03 5.636110e-09
1.572000e+03 5.473511e-09
1.573000e+03 5.544143e-09
1.574000e+03 5.158136e-09
1.575000e+03 5.301986e-09
1.576000e+03 5.361434e-09
1.577000e+03 5.185281e-09
1.578000e+03 5.145101e-09
1.579000e+03 4.951466e-09
1.580000e+03 5.309935e-09
1.581000e+03 5.530668e-09
1.582000e+03 5.294572e-09
1.583000e+03 4.939880e-09
1.584000e+03 4.991278e-09
1.585000e+03 5.091977e-09
1.586000e+03 4.883408e-09
1.587000e+03 4.913485e-09
1.588000e+03 4.853148e-09
1.589000e+03 4.816312e-09
1.590000e+03 4.688145e-09
1.591000e+03 4.661208e-09
1.592000e+03 5.005511e-09
1.593000e+03 5.034662e-09
1.594000e+03 4.642110e-09
1.595000e+03 4.895793e-09
1.596000e+03 4.758029e-09
1.597000e+03 4.522504e-09
1.598000e+03 4.601507e-09
1.599000e+03 4.454611e-09
1.600000e+03 5.072474e-09
1.601000e+03 4.628459e-09
1.602000e+03 4.575440e-09
1.603000e+03 5.046916e-09
1.604000e+03 4.735799e-09
1.605000e+03 5.126450e-09
1.606000e+03 5.033931e-09
1.607000e+03 4.604694e-09
1.608000e+03 4.465422e-09
1.609000e+03 4.510605e-09
1.610000e+03 4.164189e-09
1.611000e+03 5.602362e-09
1.612000e+03 4.311101e-09
1.613000e+03 4.273848e-09
1.614000e+03 4.447676e-09
1.615000e+03 4.546791e-09
1.616000e+03 5.253568e-09
1.617000e+03 4.872437e-09
1.618000e+03 4.497476e-09
1.619000e+03 4.596206e-09
1.620000e+03 4.164488e-09
1.621000e+03 3.996393e-09
1.622000e+03 4.230304e-09
1.623000e+03 4.489949e-09
1.624000e+03 4.330685e-09
1.625000e+03 4.414031e-09
1.626000e+03 4.138317e-09
1.627000e+03 4.542673e-09
1.628000e+03 4.696527e-09
1.629000e+03 5.065836e-09
1.630000e+03 4.626020e-09
1.631000e+03 4.232586e-09
1.632000e+03 4.348003e-09
1.633000e+03 4.264953e-09
1.634000e+03 4.036343e-09
1.635000e+03 4.329630e-09
1.636000e+03 4.419038e-09
1.637000e+03 3.694305e-09
1.638000e+03 4.168781e-09
1.639000e+03 4.319110e-09
1.640000e+03 4.924165e-09
1.641000e+03 4.178831e-09
1.642000e+03 4.306815e-09
1.643000e+03 4.361239e-09
1.644000e+03 3.938842e-09
1.645000e+03 4.127680e-09
1.646000e+03 4.141453e-09
1.647000e+03 4.010314e-09
1.648000e+03 4.097201e-09
1.649000e+03 4.257763e-09
1.650000e+03 3.796829e-09
1.651000e+03 3.874870e-09
1.652000e+03 4.578356e-09
1.653000e+03 4.490327e-09
1.654000e+03 4.226632e-09
1.655000e+03 3.934855e-09
1.656000e+03 4.026677e-09
1.657000e+03 3.961702e-09
1.658000e+03 4.067691e-09
1.659000e+03 3.851492e-09
1.660000e+03 3.923382e-09
1.661000e+03 3.799499e-09
1.662000e+03 3.698136e-09
1.663000e+03 3.735057e-09
1.664000e+03 4.302871e-09
1.665000e+03 3.827519e-09
1.666000e+03 3.692560e-09
1.667000e+03 4.117181e-09
1.668000e+03 3.908299e-09
1.669000e+03 3.875147e-09
1.670000e+03 3.902822e-09
1.671000e+03 3.867738e-09
1.672000e+03 4.084716e-09
1.673000e+03 4.200655e-09
1.674000e+03 3.744808e-09
1.675000e+03 3.999760e-09
1.676000e+03 4.674454e-09
1.677000e+03 4.116180e-09
1.678000e+03 4.293163e-09
1.679000e+03 4.021810e-09
1.680000e+03 4.303353e-09
1.681000e+03 3.980396e-09
1.682000e+03 3.869663e-09
1.683000e+03 4.168855e-09
1.684000e+03 4.605873e-09
1.685000e+03 4.064161e-09
1.686000e+03 4.220633e-09
1.687000e+03 4.163634e-09
1.688000e+03 4.588786e-09
1.689000e+03 3.936236e-09
1.690000e+03 3.919800e-09
1.691000e+03 5.369955e-09
1.692000e+03 3.670484e-09
1.693000e+03 3.851285e-09
1.694000e+03 4.355165e-09
1.695000e+03 4.233454e-09
1.696000e+03 4.494253e-09
1.697000e+03 4.393475e-09
1.698000e+03 4.240488e-09
1.699000e+03 4.393392e-09
1.700000e+03 4.720718e-09
1.701000e+03 4.239805e-09
1.702000e+03 4.644849e-09
1.703000e+03 4.262257e-09
1.704000e+03 3.849125e-09
1.705000e+03 3.877504e-09
1.706000e+03 3.950260e-09
1.707000e+03 4.196836e-09
1.708000e+03 3.658446e-09
1.709000e+03 4.404575e-09
1.710000e+03 4.133089e-09
1.711000e+03 4.045305e-09
1.712000e+03 4.656676e-09
1.713000e+03 3.989301e-09
1.714000e+03 3.606240e-09
1.715000e+03 4.300591e-09
1.716000e+03 4.080271e-09
1.717000e+03 3.763765e-09
1.718000e+03 3.890415e-09
1.719000e+03 3.793245e-09
1.720000e+03 3.813926e-09
1.721000e+03 3.692967e-09
1.722000e+03 4.162450e-09
1.723000e+03 4.185169e-09
1.724000e+03 4.368828e-09
1.725000e+03 3.813318e-09
1.726000e+03 4.417767e-09
1.727000e+03 3.646269e-09
1.728000e+03 3.804641e-09
1.729000e+03 3.595893e-09
1.730000e+03 3.423942e-09
1.731000e+03 3.525432e-09
1.732000e+03 3.594348e-09
1.733000e+03 3.687944e-09
1.734000e+03 3.391799e-09
1.735000e+03 3.441087e-09
1.736000e+03 4.306366e-09
1.737000e+03 3.676623e-09
1.738000e+03 3.576479e-09
1.739000e+03 3.444059e-09
1.740000e+03 3.425220e-09
1.741000e+03 3.331900e-09
1.742000e+03 3.367940e-09
1.743000e+03 3.326143e-09
1.744000e+03 3.517701e-09
1.745000e+03 3.543449e-09
1.746000e+03 3.072305e-09
1.747000e+03 3.385906e-09
1.748000e+03 4.221921e-09
1.749000e+03 3.864683e-09
1.750000e+03 3.799566e-09
1.751000e+03 3.369505e-09
1.752000e+03 3.474648e-09
1.753000e+03 3.400877e-09
1.754000e+03 3.341678e-09
1.755000e+03 3.261608e-09
1.756000e+03 3.444226e-09
1.757000e+03 3.230009e-09
1.758000e+03 3.353146e-09
1.759000e+03 3.106619e-09
1.760000e+03 4.248175e-09
1.761000e+03 3.379493e-09
1.762000e+03 3.483266e-09
1.763000e+03 3.917540e-09
1.764000e+03 3.626696e-09
1.765000e+03 3.399589e-09
1.766000e+03 3.458878e-09
1.767000e+03 3.611643e-09
1.768000e+03 3.622504e-09
1.769000e+03 3.313621e-09
1.770000e+03 3.319743e-09
1.771000e+03 4.746402e-09
1.772000e+03 4.075284e-09
1.773000e+03 3.253575e-09
1.774000e+03 3.729342e-09
1.775000e+03 3.401702e-09
1.776000e+03 3.455492e-09
1.777000e+03 3.200591e-09
1.778000e+03 3.252889e-09
1.779000e+03 3.362046e-09
1.780000e+03 3.087464e-09
1.781000e+03 2.855182e-09
1.782000e+03 3.226314e-09
1.783000e+03 3.430424e-09
1.784000e+03 3.610415e-09
1.785000e+03 3.285636e-09
1.786000e+03 3.027070e-09
1.787000e+03 3.527812e-09
1.788000e+03 2.936927e-09
1.789000e+03 3.325538e-09
1.790000e+03 2.891662e-09
1.791000e+03 3.161547e-09
1.792000e+03 3.388620e-09
1.793000e+03 3.286970e-09
1.794000e+03 2.817646e-09
1.795000e+03 3.203262e-09
1.796000e+03 2.920382e-09
1.797000e+03 2.951571e-09
1.798000e+03 3.667018e-09
1.799000e+03 3.030737e-09
1.800000e+03 2.701649e-09
