Title ="THE FLUX ERR"
Variables=
iter
residual
1.000000e+00 2.256841e-04
2.000000e+00 4.223241e-03
3.000000e+00 1.150665e-03
4.000000e+00 2.521326e-03
5.000000e+00 1.510000e-04
6.000000e+00 6.627192e-05
7.000000e+00 1.196397e-03
8.000000e+00 3.287141e-04
9.000000e+00 4.678375e-04
1.000000e+01 1.235163e-04
1.100000e+01 8.028883e-04
1.200000e+01 6.043672e-04
1.300000e+01 3.816066e-04
1.400000e+01 6.073531e-05
1.500000e+01 4.936102e-05
1.600000e+01 5.809883e-05
1.700000e+01 1.341519e-04
1.800000e+01 9.260731e-05
1.900000e+01 6.037737e-05
2.000000e+01 1.039438e-04
2.100000e+01 4.243465e-05
2.200000e+01 7.513606e-05
2.300000e+01 5.305258e-05
2.400000e+01 5.124607e-05
2.500000e+01 6.238367e-05
2.600000e+01 5.414424e-05
2.700000e+01 5.959662e-05
2.800000e+01 8.410158e-05
2.900000e+01 1.028347e-04
3.000000e+01 1.341943e-05
3.100000e+01 4.164778e-05
3.200000e+01 8.783517e-05
3.300000e+01 5.912163e-05
3.400000e+01 8.668281e-05
3.500000e+01 4.024168e-05
3.600000e+01 7.873522e-05
3.700000e+01 1.098748e-04
3.800000e+01 4.062025e-05
3.900000e+01 3.932712e-05
4.000000e+01 3.551546e-05
4.100000e+01 2.962960e-05
4.200000e+01 2.439657e-05
4.300000e+01 3.374421e-05
4.400000e+01 3.095791e-05
4.500000e+01 3.534211e-05
4.600000e+01 1.513676e-04
4.700000e+01 2.317195e-05
4.800000e+01 1.594346e-04
4.900000e+01 1.922133e-05
5.000000e+01 1.829788e-04
5.100000e+01 1.786309e-04
5.200000e+01 2.030446e-04
5.300000e+01 2.254796e-04
5.400000e+01 2.073061e-04
5.500000e+01 2.247353e-04
5.600000e+01 2.237881e-04
5.700000e+01 2.247882e-04
5.800000e+01 2.012689e-04
5.900000e+01 1.955314e-04
6.000000e+01 2.267169e-04
6.100000e+01 2.144843e-04
6.200000e+01 2.111446e-04
6.300000e+01 2.120171e-04
6.400000e+01 2.051931e-04
6.500000e+01 1.900936e-04
6.600000e+01 1.869395e-04
6.700000e+01 1.650012e-04
6.800000e+01 1.565067e-04
6.900000e+01 1.557139e-04
7.000000e+01 1.604218e-04
7.100000e+01 1.930861e-04
7.200000e+01 1.763975e-04
7.300000e+01 1.880613e-04
7.400000e+01 2.496099e-04
7.500000e+01 2.293077e-04
7.600000e+01 2.388070e-04
7.700000e+01 3.371668e-04
7.800000e+01 3.149146e-04
7.900000e+01 3.026524e-04
8.000000e+01 3.039992e-04
8.100000e+01 3.757230e-04
8.200000e+01 3.727680e-04
8.300000e+01 2.780753e-04
8.400000e+01 3.527450e-04
8.500000e+01 3.200382e-04
8.600000e+01 3.667392e-04
8.700000e+01 3.491071e-04
8.800000e+01 3.111643e-04
8.900000e+01 2.617292e-04
9.000000e+01 2.177360e-04
9.100000e+01 1.880140e-04
9.200000e+01 1.684477e-04
9.300000e+01 1.278846e-04
9.400000e+01 9.384803e-05
9.500000e+01 8.495405e-05
9.600000e+01 9.743915e-05
9.700000e+01 1.182664e-04
9.800000e+01 1.223844e-04
9.900000e+01 1.245811e-04
1.000000e+02 2.143391e-04
1.010000e+02 2.086374e-04
1.020000e+02 2.493006e-04
1.030000e+02 2.384129e-04
1.040000e+02 3.007032e-04
1.050000e+02 3.044969e-04
1.060000e+02 2.406544e-04
1.070000e+02 2.785418e-04
1.080000e+02 3.294730e-04
1.090000e+02 2.908068e-04
1.100000e+02 2.904643e-04
1.110000e+02 2.938343e-04
1.120000e+02 5.293421e-05
1.130000e+02 2.767995e-04
1.140000e+02 2.327164e-04
1.150000e+02 2.334626e-04
1.160000e+02 2.599415e-04
1.170000e+02 1.945379e-04
1.180000e+02 2.128047e-04
1.190000e+02 2.039221e-04
1.200000e+02 1.902759e-04
1.210000e+02 1.747319e-04
1.220000e+02 1.576102e-04
1.230000e+02 1.646269e-04
1.240000e+02 1.184752e-04
1.250000e+02 9.757550e-05
1.260000e+02 6.983740e-05
1.270000e+02 5.238613e-05
1.280000e+02 4.909543e-05
1.290000e+02 3.475151e-05
1.300000e+02 3.538080e-05
1.310000e+02 3.342660e-05
1.320000e+02 4.364103e-05
1.330000e+02 5.090462e-05
1.340000e+02 5.391014e-05
1.350000e+02 5.957144e-05
1.360000e+02 6.758886e-05
1.370000e+02 6.835698e-05
1.380000e+02 7.333342e-05
1.390000e+02 7.300241e-05
1.400000e+02 6.810307e-05
1.410000e+02 7.279348e-05
1.420000e+02 9.549756e-05
1.430000e+02 9.588802e-05
1.440000e+02 8.486939e-05
1.450000e+02 9.162824e-05
1.460000e+02 8.237334e-05
1.470000e+02 7.550585e-05
1.480000e+02 8.160177e-05
1.490000e+02 5.954562e-05
1.500000e+02 7.765770e-05
1.510000e+02 8.115004e-05
1.520000e+02 8.128358e-05
1.530000e+02 9.243627e-05
1.540000e+02 8.464921e-05
1.550000e+02 7.584865e-05
1.560000e+02 6.442471e-05
1.570000e+02 6.424731e-05
1.580000e+02 6.219658e-05
1.590000e+02 6.501554e-05
1.600000e+02 5.963000e-05
1.610000e+02 6.087179e-05
1.620000e+02 5.779262e-05
1.630000e+02 3.223761e-05
1.640000e+02 3.473382e-05
1.650000e+02 3.973355e-05
1.660000e+02 3.882431e-05
1.670000e+02 4.233106e-05
1.680000e+02 3.411333e-05
1.690000e+02 3.142314e-05
1.700000e+02 3.092194e-05
1.710000e+02 3.014431e-05
1.720000e+02 2.804291e-05
1.730000e+02 2.882204e-05
1.740000e+02 2.600023e-05
1.750000e+02 2.373185e-05
1.760000e+02 2.201490e-05
1.770000e+02 2.142196e-05
1.780000e+02 2.068764e-05
1.790000e+02 2.178446e-05
1.800000e+02 2.214174e-05
1.810000e+02 2.119706e-05
1.820000e+02 1.969803e-05
1.830000e+02 1.989556e-05
1.840000e+02 2.067206e-05
1.850000e+02 2.393600e-05
1.860000e+02 2.448175e-05
1.870000e+02 1.974341e-05
1.880000e+02 1.849152e-05
1.890000e+02 2.315289e-05
1.900000e+02 2.227567e-05
1.910000e+02 2.468694e-05
1.920000e+02 2.153098e-05
1.930000e+02 2.012069e-05
1.940000e+02 3.646603e-05
1.950000e+02 2.275303e-05
1.960000e+02 2.018711e-05
1.970000e+02 1.855382e-05
1.980000e+02 1.765386e-05
1.990000e+02 1.757031e-05
2.000000e+02 1.639563e-05
2.010000e+02 1.800121e-05
2.020000e+02 1.637154e-05
2.030000e+02 1.605247e-05
2.040000e+02 1.741229e-05
2.050000e+02 1.697742e-05
2.060000e+02 1.467808e-05
2.070000e+02 1.512785e-05
2.080000e+02 1.332742e-05
2.090000e+02 1.215217e-05
2.100000e+02 1.208563e-05
2.110000e+02 1.048166e-05
2.120000e+02 1.210765e-05
2.130000e+02 1.621828e-05
2.140000e+02 1.611313e-05
2.150000e+02 1.555399e-05
2.160000e+02 1.413177e-05
2.170000e+02 1.319798e-05
2.180000e+02 1.266920e-05
2.190000e+02 1.135381e-05
2.200000e+02 1.104287e-05
2.210000e+02 1.064968e-05
2.220000e+02 1.057261e-05
2.230000e+02 1.007561e-05
2.240000e+02 8.185757e-06
2.250000e+02 7.500001e-06
2.260000e+02 7.628606e-06
2.270000e+02 5.719696e-06
2.280000e+02 6.928806e-06
2.290000e+02 6.003618e-06
2.300000e+02 5.646432e-06
2.310000e+02 5.302714e-06
2.320000e+02 5.062161e-06
2.330000e+02 5.176352e-06
2.340000e+02 5.151100e-06
2.350000e+02 5.321699e-06
2.360000e+02 4.977060e-06
2.370000e+02 5.036778e-06
2.380000e+02 4.769561e-06
2.390000e+02 4.379778e-06
2.400000e+02 4.411238e-06
2.410000e+02 4.780278e-06
2.420000e+02 4.917507e-06
2.430000e+02 5.083988e-06
2.440000e+02 4.956940e-06
2.450000e+02 5.014196e-06
2.460000e+02 4.994458e-06
2.470000e+02 5.249862e-06
2.480000e+02 4.973956e-06
2.490000e+02 4.978780e-06
2.500000e+02 4.969357e-06
2.510000e+02 4.838966e-06
2.520000e+02 4.992392e-06
2.530000e+02 4.874190e-06
2.540000e+02 4.404919e-06
2.550000e+02 4.307477e-06
2.560000e+02 4.296783e-06
2.570000e+02 4.250687e-06
2.580000e+02 4.296903e-06
2.590000e+02 4.066264e-06
2.600000e+02 3.887436e-06
2.610000e+02 3.024567e-06
2.620000e+02 2.889910e-06
2.630000e+02 2.963795e-06
2.640000e+02 2.974161e-06
2.650000e+02 3.320878e-06
2.660000e+02 3.118860e-06
2.670000e+02 3.045135e-06
2.680000e+02 2.877332e-06
2.690000e+02 2.791625e-06
2.700000e+02 2.650203e-06
2.710000e+02 2.952823e-06
2.720000e+02 2.848130e-06
2.730000e+02 2.585328e-06
2.740000e+02 2.471419e-06
2.750000e+02 2.267080e-06
2.760000e+02 2.394002e-06
2.770000e+02 2.355695e-06
2.780000e+02 1.989278e-06
2.790000e+02 2.061983e-06
2.800000e+02 1.877120e-06
2.810000e+02 1.703369e-06
2.820000e+02 1.610494e-06
2.830000e+02 1.314763e-06
2.840000e+02 1.517321e-06
2.850000e+02 1.705550e-06
2.860000e+02 1.723430e-06
2.870000e+02 1.568233e-06
2.880000e+02 1.473780e-06
2.890000e+02 1.437907e-06
2.900000e+02 1.331619e-06
2.910000e+02 1.227673e-06
2.920000e+02 1.196003e-06
2.930000e+02 1.056508e-06
2.940000e+02 1.034501e-06
2.950000e+02 1.080825e-06
2.960000e+02 1.106958e-06
2.970000e+02 1.113564e-06
2.980000e+02 1.099865e-06
2.990000e+02 1.117994e-06
3.000000e+02 1.145856e-06
3.010000e+02 1.091898e-06
3.020000e+02 1.139501e-06
3.030000e+02 1.145236e-06
3.040000e+02 1.129435e-06
3.050000e+02 1.130439e-06
3.060000e+02 1.049914e-06
3.070000e+02 1.161909e-06
3.080000e+02 1.053203e-06
3.090000e+02 1.017215e-06
3.100000e+02 1.086243e-06
3.110000e+02 1.057479e-06
3.120000e+02 1.032528e-06
3.130000e+02 9.206112e-07
3.140000e+02 9.681619e-07
3.150000e+02 9.611290e-07
3.160000e+02 9.056977e-07
3.170000e+02 9.593686e-07
3.180000e+02 9.176284e-07
3.190000e+02 9.139851e-07
3.200000e+02 9.447780e-07
3.210000e+02 9.092048e-07
3.220000e+02 9.336551e-07
3.230000e+02 9.042212e-07
3.240000e+02 8.337963e-07
3.250000e+02 7.803007e-07
3.260000e+02 7.140379e-07
3.270000e+02 7.353521e-07
3.280000e+02 6.820816e-07
3.290000e+02 6.652950e-07
3.300000e+02 7.404514e-07
3.310000e+02 7.275103e-07
3.320000e+02 7.699622e-07
3.330000e+02 6.921399e-07
3.340000e+02 7.204844e-07
3.350000e+02 7.199354e-07
3.360000e+02 7.098487e-07
3.370000e+02 6.947573e-07
3.380000e+02 7.235468e-07
3.390000e+02 7.112169e-07
3.400000e+02 6.938986e-07
3.410000e+02 6.898780e-07
3.420000e+02 6.595587e-07
3.430000e+02 6.559626e-07
3.440000e+02 6.377153e-07
3.450000e+02 6.847125e-07
3.460000e+02 6.160913e-07
3.470000e+02 6.067246e-07
3.480000e+02 5.937381e-07
3.490000e+02 6.024528e-07
3.500000e+02 6.386034e-07
3.510000e+02 1.289341e-06
3.520000e+02 9.091493e-07
3.530000e+02 1.200957e-06
3.540000e+02 1.082206e-06
3.550000e+02 1.122733e-06
3.560000e+02 1.145954e-06
3.570000e+02 1.016706e-06
3.580000e+02 1.096131e-06
3.590000e+02 1.045323e-06
3.600000e+02 1.097772e-06
3.610000e+02 1.128228e-06
3.620000e+02 1.108518e-06
3.630000e+02 1.086719e-06
3.640000e+02 1.123935e-06
3.650000e+02 1.092127e-06
3.660000e+02 8.251638e-07
3.670000e+02 1.424873e-06
3.680000e+02 9.951229e-07
3.690000e+02 1.169547e-06
3.700000e+02 9.792124e-08
3.710000e+02 7.276561e-07
3.720000e+02 1.648874e-07
3.730000e+02 1.054364e-07
3.740000e+02 9.070033e-07
3.750000e+02 7.852863e-07
3.760000e+02 5.893082e-07
3.770000e+02 1.015455e-06
3.780000e+02 7.166909e-07
3.790000e+02 5.438990e-07
3.800000e+02 1.050973e-06
3.810000e+02 7.078947e-07
3.820000e+02 5.324180e-07
3.830000e+02 1.447037e-07
3.840000e+02 7.536241e-07
3.850000e+02 5.090391e-07
3.860000e+02 3.849558e-07
3.870000e+02 1.535215e-07
3.880000e+02 7.191875e-08
3.890000e+02 4.395208e-07
3.900000e+02 3.593680e-07
3.910000e+02 1.491444e-07
3.920000e+02 7.249533e-08
3.930000e+02 4.193874e-07
3.940000e+02 3.365102e-07
3.950000e+02 1.511126e-07
3.960000e+02 7.709731e-08
3.970000e+02 4.087444e-07
3.980000e+02 3.589253e-07
3.990000e+02 2.945432e-07
4.000000e+02 1.733610e-07
4.010000e+02 7.566883e-08
4.020000e+02 5.944936e-08
4.030000e+02 3.152701e-07
4.040000e+02 2.822766e-07
4.050000e+02 1.690769e-07
4.060000e+02 7.040234e-08
4.070000e+02 5.373714e-08
4.080000e+02 3.014981e-07
4.090000e+02 2.569156e-07
4.100000e+02 2.308947e-07
4.110000e+02 1.573850e-07
4.120000e+02 8.378570e-08
4.130000e+02 5.432896e-08
4.140000e+02 2.456458e-07
4.150000e+02 1.777665e-07
4.160000e+02 2.029065e-07
4.170000e+02 1.183870e-08
4.180000e+02 1.645092e-07
4.190000e+02 7.525047e-08
4.200000e+02 5.476016e-08
4.210000e+02 2.511470e-07
4.220000e+02 2.449248e-08
4.230000e+02 1.393014e-08
4.240000e+02 1.039778e-08
4.250000e+02 7.951173e-09
4.260000e+02 1.505635e-07
4.270000e+02 7.260605e-08
4.280000e+02 4.515790e-08
4.290000e+02 2.011649e-07
4.300000e+02 1.620317e-07
4.310000e+02 1.273578e-07
4.320000e+02 1.262804e-07
4.330000e+02 1.135477e-07
4.340000e+02 1.183616e-07
4.350000e+02 1.083436e-07
4.360000e+02 1.433213e-07
4.370000e+02 6.743538e-08
4.380000e+02 3.435411e-08
4.390000e+02 2.240970e-07
4.400000e+02 1.457716e-07
4.410000e+02 1.199176e-07
4.420000e+02 1.025390e-07
4.430000e+02 9.544550e-08
4.440000e+02 9.187187e-08
4.450000e+02 9.079470e-08
4.460000e+02 8.313403e-08
4.470000e+02 8.421450e-08
4.480000e+02 8.034051e-08
4.490000e+02 9.734762e-08
4.500000e+02 6.714438e-08
4.510000e+02 2.613058e-08
4.520000e+02 1.803688e-07
4.530000e+02 1.389778e-07
4.540000e+02 1.030951e-07
4.550000e+02 9.037723e-08
4.560000e+02 9.315757e-08
4.570000e+02 8.004056e-08
4.580000e+02 7.841428e-08
4.590000e+02 7.137868e-08
4.600000e+02 7.585080e-08
4.610000e+02 7.355810e-08
4.620000e+02 5.948165e-08
4.630000e+02 6.159286e-08
4.640000e+02 5.663151e-08
4.650000e+02 5.683640e-08
4.660000e+02 5.509785e-08
4.670000e+02 1.638743e-07
4.680000e+02 7.308440e-08
4.690000e+02 3.314401e-08
4.700000e+02 1.833696e-07
4.710000e+02 1.251071e-07
4.720000e+02 8.337424e-08
4.730000e+02 7.304343e-08
4.740000e+02 5.815546e-08
4.750000e+02 5.741915e-08
4.760000e+02 5.768890e-08
4.770000e+02 5.530341e-08
4.780000e+02 5.121301e-08
4.790000e+02 6.313847e-08
4.800000e+02 7.081841e-08
4.810000e+02 5.059833e-08
4.820000e+02 5.188526e-08
4.830000e+02 4.700380e-08
4.840000e+02 4.393453e-08
4.850000e+02 5.449064e-08
4.860000e+02 5.103555e-08
4.870000e+02 5.009360e-08
4.880000e+02 4.528508e-08
4.890000e+02 4.229093e-08
4.900000e+02 4.834990e-08
4.910000e+02 4.279507e-08
4.920000e+02 4.777379e-08
4.930000e+02 4.103540e-08
4.940000e+02 4.107718e-08
4.950000e+02 2.296095e-07
4.960000e+02 1.087507e-07
4.970000e+02 5.052888e-08
4.980000e+02 1.776070e-08
4.990000e+02 9.613461e-08
5.000000e+02 7.760995e-08
5.010000e+02 5.660748e-08
5.020000e+02 4.797046e-08
5.030000e+02 4.263601e-08
5.040000e+02 5.001871e-08
5.050000e+02 3.911315e-08
5.060000e+02 4.742794e-08
5.070000e+02 4.191143e-08
5.080000e+02 4.481624e-08
5.090000e+02 4.007887e-08
5.100000e+02 3.643280e-08
5.110000e+02 3.562279e-08
5.120000e+02 3.655938e-08
5.130000e+02 3.391909e-08
5.140000e+02 3.077229e-08
5.150000e+02 3.076336e-08
5.160000e+02 3.989298e-08
5.170000e+02 3.003527e-08
5.180000e+02 4.050382e-08
5.190000e+02 3.106053e-08
5.200000e+02 3.938224e-08
5.210000e+02 2.664041e-08
5.220000e+02 2.471880e-08
5.230000e+02 2.553046e-08
5.240000e+02 2.814118e-08
5.250000e+02 3.378062e-08
5.260000e+02 2.979840e-08
5.270000e+02 3.517197e-08
5.280000e+02 3.325826e-08
5.290000e+02 2.679555e-08
5.300000e+02 4.237756e-08
5.310000e+02 3.369658e-08
5.320000e+02 2.584755e-08
5.330000e+02 2.797462e-08
5.340000e+02 2.413752e-08
5.350000e+02 2.766904e-08
5.360000e+02 2.374262e-08
5.370000e+02 2.857223e-08
5.380000e+02 2.217695e-08
5.390000e+02 2.396084e-08
5.400000e+02 3.135770e-08
5.410000e+02 3.057830e-08
5.420000e+02 1.900519e-08
5.430000e+02 2.004001e-07
5.440000e+02 2.508825e-08
5.450000e+02 1.088315e-08
5.460000e+02 7.169140e-08
5.470000e+02 4.963964e-08
5.480000e+02 3.679307e-08
5.490000e+02 3.235371e-08
5.500000e+02 2.706338e-08
5.510000e+02 3.233572e-08
5.520000e+02 3.705002e-08
5.530000e+02 2.897471e-08
5.540000e+02 2.938054e-08
5.550000e+02 2.444987e-08
5.560000e+02 2.383603e-08
5.570000e+02 2.645074e-08
5.580000e+02 2.347907e-08
5.590000e+02 2.634703e-08
5.600000e+02 2.409923e-08
5.610000e+02 2.421908e-08
5.620000e+02 2.366221e-08
5.630000e+02 3.316672e-08
5.640000e+02 4.149997e-08
5.650000e+02 2.517929e-08
5.660000e+02 2.822004e-08
5.670000e+02 2.375126e-08
5.680000e+02 2.109093e-08
5.690000e+02 2.689373e-08
5.700000e+02 2.672844e-08
5.710000e+02 2.197412e-08
5.720000e+02 1.906279e-08
5.730000e+02 2.030014e-08
5.740000e+02 2.359270e-08
5.750000e+02 1.908520e-08
5.760000e+02 2.615647e-08
5.770000e+02 2.002975e-08
5.780000e+02 2.254691e-08
5.790000e+02 2.094595e-08
5.800000e+02 2.565920e-08
5.810000e+02 2.384895e-08
5.820000e+02 1.889181e-08
5.830000e+02 1.709011e-08
5.840000e+02 2.129755e-08
5.850000e+02 2.059442e-08
5.860000e+02 2.205397e-08
5.870000e+02 1.819279e-08
5.880000e+02 2.513743e-08
5.890000e+02 1.972033e-08
5.900000e+02 2.986024e-08
5.910000e+02 2.370688e-08
5.920000e+02 2.639756e-08
5.930000e+02 2.494791e-08
5.940000e+02 2.033965e-08
5.950000e+02 1.669160e-08
5.960000e+02 1.964334e-08
5.970000e+02 2.728179e-08
5.980000e+02 3.033340e-08
5.990000e+02 2.082535e-08
6.000000e+02 2.586884e-08
6.010000e+02 1.858652e-08
6.020000e+02 3.238497e-08
6.030000e+02 2.510554e-08
6.040000e+02 2.020480e-08
6.050000e+02 1.848907e-08
6.060000e+02 1.581096e-08
6.070000e+02 2.063344e-08
6.080000e+02 1.607150e-08
6.090000e+02 2.189718e-08
6.100000e+02 1.927594e-08
6.110000e+02 1.713743e-08
6.120000e+02 2.284096e-08
6.130000e+02 2.351203e-08
6.140000e+02 1.998370e-08
6.150000e+02 2.045089e-08
6.160000e+02 1.645900e-08
6.170000e+02 1.660041e-08
6.180000e+02 1.976994e-08
6.190000e+02 1.827051e-08
6.200000e+02 1.969444e-07
6.210000e+02 9.063345e-08
6.220000e+02 5.379470e-08
6.230000e+02 9.458451e-08
6.240000e+02 7.029170e-08
6.250000e+02 3.919373e-08
6.260000e+02 3.517142e-08
6.270000e+02 2.365987e-08
6.280000e+02 2.251988e-08
6.290000e+02 2.323348e-08
6.300000e+02 2.167897e-08
6.310000e+02 1.994857e-08
6.320000e+02 1.939346e-08
6.330000e+02 1.944510e-08
6.340000e+02 1.785535e-08
6.350000e+02 9.876726e-08
6.360000e+02 4.051542e-08
6.370000e+02 1.891669e-08
6.380000e+02 2.333924e-08
6.390000e+02 1.851747e-08
6.400000e+02 1.629135e-08
6.410000e+02 2.374831e-08
6.420000e+02 1.958438e-08
6.430000e+02 1.771226e-08
6.440000e+02 1.565385e-08
6.450000e+02 1.745248e-08
6.460000e+02 1.723737e-08
6.470000e+02 1.644571e-08
6.480000e+02 2.742559e-08
6.490000e+02 1.634299e-08
6.500000e+02 2.094448e-08
6.510000e+02 1.577752e-08
6.520000e+02 1.559626e-08
6.530000e+02 1.452749e-08
6.540000e+02 1.699669e-08
6.550000e+02 1.902559e-08
6.560000e+02 1.619929e-08
6.570000e+02 1.812070e-08
6.580000e+02 2.231109e-08
6.590000e+02 1.643655e-08
6.600000e+02 2.080810e-08
6.610000e+02 1.473356e-08
6.620000e+02 2.924065e-08
6.630000e+02 2.168050e-08
6.640000e+02 2.154708e-08
6.650000e+02 1.607201e-08
6.660000e+02 1.355045e-08
6.670000e+02 4.520673e-08
6.680000e+02 1.300167e-08
6.690000e+02 1.550681e-08
6.700000e+02 1.278377e-08
6.710000e+02 1.795082e-09
6.720000e+02 2.812517e-08
6.730000e+02 2.345689e-08
6.740000e+02 1.697720e-08
6.750000e+02 1.677259e-08
6.760000e+02 1.350990e-08
6.770000e+02 1.277432e-08
6.780000e+02 3.023271e-08
6.790000e+02 1.954550e-08
6.800000e+02 1.492051e-08
6.810000e+02 1.841349e-08
6.820000e+02 1.328650e-08
6.830000e+02 6.373658e-08
6.840000e+02 2.523176e-08
6.850000e+02 1.492412e-08
6.860000e+02 1.860691e-08
6.870000e+02 1.509940e-08
6.880000e+02 1.388143e-08
6.890000e+02 1.735022e-08
6.900000e+02 1.330533e-08
6.910000e+02 1.730954e-08
6.920000e+02 1.521583e-08
6.930000e+02 1.496396e-08
6.940000e+02 1.319089e-08
6.950000e+02 4.526711e-08
6.960000e+02 2.978259e-08
6.970000e+02 2.151893e-08
6.980000e+02 2.004984e-08
6.990000e+02 1.624179e-08
7.000000e+02 1.100102e-08
7.010000e+02 7.597938e-08
7.020000e+02 2.545945e-08
7.030000e+02 1.965596e-09
7.040000e+02 1.204930e-08
7.050000e+02 1.339630e-08
7.060000e+02 2.011392e-08
7.070000e+02 1.292794e-08
7.080000e+02 2.816097e-08
7.090000e+02 1.641501e-08
7.100000e+02 1.806148e-08
7.110000e+02 1.193801e-08
7.120000e+02 1.390693e-08
7.130000e+02 1.412251e-08
7.140000e+02 1.671114e-08
7.150000e+02 6.256845e-08
7.160000e+02 1.394369e-08
7.170000e+02 2.364124e-08
7.180000e+02 1.935643e-08
7.190000e+02 1.390634e-09
7.200000e+02 1.830704e-08
7.210000e+02 1.219049e-08
7.220000e+02 2.765841e-08
7.230000e+02 2.014285e-08
7.240000e+02 1.662314e-08
7.250000e+02 1.487298e-08
7.260000e+02 1.102485e-08
7.270000e+02 2.177405e-08
7.280000e+02 1.147696e-08
7.290000e+02 1.477987e-08
7.300000e+02 1.347471e-08
7.310000e+02 1.294406e-07
7.320000e+02 4.943492e-08
7.330000e+02 2.221721e-08
7.340000e+02 1.044370e-07
7.350000e+02 6.218268e-08
7.360000e+02 3.604813e-08
7.370000e+02 2.372205e-08
7.380000e+02 2.715760e-08
7.390000e+02 1.513415e-08
7.400000e+02 1.677284e-08
7.410000e+02 1.866066e-08
7.420000e+02 1.539420e-08
7.430000e+02 2.134475e-08
7.440000e+02 2.568281e-08
7.450000e+02 1.342373e-08
7.460000e+02 2.194826e-08
7.470000e+02 1.544190e-08
7.480000e+02 1.802114e-08
7.490000e+02 1.617090e-08
7.500000e+02 1.817214e-08
7.510000e+02 1.882038e-09
7.520000e+02 1.362913e-08
7.530000e+02 1.402200e-08
7.540000e+02 1.630594e-08
7.550000e+02 1.061434e-08
7.560000e+02 1.323926e-08
7.570000e+02 2.227633e-08
7.580000e+02 1.862080e-08
7.590000e+02 1.374962e-08
7.600000e+02 1.447195e-08
7.610000e+02 1.104486e-08
7.620000e+02 1.302722e-08
7.630000e+02 9.452289e-10
7.640000e+02 2.656002e-08
7.650000e+02 1.711098e-08
7.660000e+02 1.908402e-08
7.670000e+02 1.330763e-09
7.680000e+02 1.877922e-08
7.690000e+02 1.275885e-08
7.700000e+02 2.656096e-08
7.710000e+02 1.848612e-08
7.720000e+02 1.492944e-08
7.730000e+02 2.250921e-08
7.740000e+02 1.404007e-08
7.750000e+02 1.410793e-08
7.760000e+02 1.185732e-08
7.770000e+02 1.396647e-08
7.780000e+02 1.048798e-08
7.790000e+02 1.751798e-08
7.800000e+02 1.239349e-08
7.810000e+02 1.529864e-08
7.820000e+02 1.181542e-08
7.830000e+02 1.498757e-08
7.840000e+02 1.092554e-08
7.850000e+02 1.244609e-08
7.860000e+02 1.814727e-08
7.870000e+02 1.201076e-08
7.880000e+02 2.019867e-08
7.890000e+02 2.536460e-08
7.900000e+02 1.178235e-08
7.910000e+02 1.529305e-08
7.920000e+02 2.347427e-08
7.930000e+02 1.355433e-08
7.940000e+02 1.970761e-08
7.950000e+02 1.297478e-08
7.960000e+02 2.135792e-08
7.970000e+02 1.655831e-08
7.980000e+02 1.681167e-08
7.990000e+02 4.990451e-08
8.000000e+02 1.109021e-08
8.010000e+02 1.241342e-08
8.020000e+02 1.620647e-08
8.030000e+02 9.489259e-09
8.040000e+02 1.135351e-08
8.050000e+02 2.038470e-08
8.060000e+02 1.722247e-08
8.070000e+02 1.043405e-08
8.080000e+02 1.318699e-08
8.090000e+02 8.953545e-09
8.100000e+02 1.204030e-08
8.110000e+02 1.030944e-08
8.120000e+02 2.162905e-08
8.130000e+02 1.733064e-08
8.140000e+02 1.809713e-08
8.150000e+02 6.194768e-08
8.160000e+02 1.898699e-08
8.170000e+02 1.365794e-08
8.180000e+02 2.514134e-08
8.190000e+02 1.758100e-08
8.200000e+02 1.441681e-08
8.210000e+02 2.043660e-08
8.220000e+02 1.247999e-08
8.230000e+02 1.200143e-08
8.240000e+02 8.563040e-09
8.250000e+02 1.150602e-08
8.260000e+02 1.077878e-08
8.270000e+02 1.337605e-08
8.280000e+02 1.390541e-08
8.290000e+02 1.374119e-08
8.300000e+02 1.100645e-08
8.310000e+02 1.391078e-08
8.320000e+02 1.004480e-08
8.330000e+02 1.181988e-08
8.340000e+02 1.830614e-08
8.350000e+02 1.359686e-08
8.360000e+02 2.373835e-08
8.370000e+02 2.418376e-08
8.380000e+02 1.016623e-08
8.390000e+02 1.416495e-08
8.400000e+02 2.279403e-08
8.410000e+02 1.100078e-08
8.420000e+02 1.781610e-08
8.430000e+02 1.184048e-08
8.440000e+02 1.799218e-08
8.450000e+02 1.586455e-08
8.460000e+02 1.602084e-08
8.470000e+02 6.415343e-08
8.480000e+02 1.032338e-08
8.490000e+02 1.145737e-08
8.500000e+02 1.857896e-08
8.510000e+02 9.453151e-09
8.520000e+02 1.068505e-08
8.530000e+02 1.974577e-08
8.540000e+02 1.622662e-08
8.550000e+02 9.086928e-09
8.560000e+02 1.186569e-08
8.570000e+02 9.154235e-09
8.580000e+02 1.017286e-08
8.590000e+02 1.870098e-08
8.600000e+02 3.895342e-08
8.610000e+02 1.839029e-08
8.620000e+02 1.785442e-08
8.630000e+02 1.144045e-08
8.640000e+02 1.871338e-08
8.650000e+02 1.277576e-08
8.660000e+02 2.418403e-08
8.670000e+02 1.663647e-08
8.680000e+02 1.476364e-08
8.690000e+02 1.967548e-08
8.700000e+02 1.164855e-08
8.710000e+02 1.091120e-08
8.720000e+02 7.883011e-09
8.730000e+02 1.057743e-08
8.740000e+02 7.639025e-09
8.750000e+02 1.098289e-08
8.760000e+02 1.067535e-08
8.770000e+02 1.428589e-08
8.780000e+02 1.079373e-08
8.790000e+02 1.430402e-08
8.800000e+02 9.841787e-09
8.810000e+02 1.452550e-08
8.820000e+02 1.689607e-08
8.830000e+02 1.324076e-08
8.840000e+02 2.530213e-08
8.850000e+02 2.352389e-08
8.860000e+02 9.489768e-09
8.870000e+02 1.373475e-08
8.880000e+02 2.247353e-08
8.890000e+02 1.006226e-08
8.900000e+02 1.708506e-08
8.910000e+02 1.113486e-08
8.920000e+02 1.787242e-08
8.930000e+02 1.947325e-08
8.940000e+02 1.495994e-08
8.950000e+02 1.360206e-08
8.960000e+02 1.156802e-08
8.970000e+02 1.164867e-08
8.980000e+02 2.264114e-08
8.990000e+02 8.623303e-09
9.000000e+02 1.025082e-08
9.010000e+02 1.929938e-08
9.020000e+02 1.592133e-08
9.030000e+02 9.103042e-09
9.040000e+02 1.175113e-08
9.050000e+02 8.105483e-09
9.060000e+02 9.203993e-09
9.070000e+02 2.509848e-08
9.080000e+02 3.337294e-08
9.090000e+02 2.462190e-08
9.100000e+02 1.614677e-08
9.110000e+02 1.157366e-08
9.120000e+02 8.608348e-08
9.130000e+02 3.765237e-08
9.140000e+02 2.276328e-08
9.150000e+02 9.784045e-08
9.160000e+02 5.913970e-08
9.170000e+02 4.220042e-08
9.180000e+02 2.600894e-08
9.190000e+02 6.755591e-08
9.200000e+02 1.260512e-08
9.210000e+02 1.479963e-08
9.220000e+02 1.148295e-08
9.230000e+02 2.541100e-08
9.240000e+02 1.291538e-08
9.250000e+02 1.991897e-08
9.260000e+02 1.241500e-08
9.270000e+02 1.476149e-08
9.280000e+02 1.109277e-08
9.290000e+02 1.475330e-08
9.300000e+02 1.924479e-08
9.310000e+02 1.126933e-08
9.320000e+02 2.771265e-08
9.330000e+02 2.452922e-08
9.340000e+02 1.089113e-08
9.350000e+02 1.434175e-08
9.360000e+02 2.299377e-08
9.370000e+02 1.095700e-08
9.380000e+02 1.803000e-08
9.390000e+02 1.154840e-08
9.400000e+02 3.504704e-08
9.410000e+02 5.657429e-08
9.420000e+02 1.550985e-08
9.430000e+02 1.440025e-08
9.440000e+02 1.780306e-08
9.450000e+02 1.066496e-08
9.460000e+02 1.663561e-08
9.470000e+02 9.822579e-09
9.480000e+02 1.085775e-08
9.490000e+02 1.980791e-08
9.500000e+02 1.600334e-08
9.510000e+02 8.650252e-09
9.520000e+02 1.205783e-08
9.530000e+02 7.648979e-09
9.540000e+02 8.882123e-09
9.550000e+02 8.152812e-09
9.560000e+02 8.487654e-08
9.570000e+02 3.177817e-08
9.580000e+02 1.580886e-08
9.590000e+02 1.043397e-08
9.600000e+02 1.774037e-08
9.610000e+02 1.409524e-08
9.620000e+02 2.296362e-08
9.630000e+02 1.678310e-08
9.640000e+02 1.485647e-08
9.650000e+02 1.933410e-08
9.660000e+02 1.082225e-08
9.670000e+02 1.715290e-08
9.680000e+02 6.952407e-09
9.690000e+02 9.434740e-09
9.700000e+02 3.779266e-08
9.710000e+02 9.797667e-09
9.720000e+02 1.017878e-08
9.730000e+02 1.712069e-08
9.740000e+02 9.252086e-09
9.750000e+02 1.200016e-08
9.760000e+02 9.664559e-09
9.770000e+02 3.179192e-08
9.780000e+02 1.998895e-08
9.790000e+02 1.278189e-08
9.800000e+02 2.025796e-08
9.810000e+02 2.344156e-08
9.820000e+02 1.009155e-08
9.830000e+02 1.352955e-08
9.840000e+02 2.250933e-08
9.850000e+02 1.026583e-08
9.860000e+02 1.674739e-08
9.870000e+02 1.033880e-08
9.880000e+02 3.925150e-08
9.890000e+02 1.617071e-09
9.900000e+02 1.357554e-08
9.910000e+02 1.212545e-08
9.920000e+02 2.171426e-08
9.930000e+02 9.788681e-09
9.940000e+02 1.867365e-08
9.950000e+02 9.301993e-09
9.960000e+02 9.573538e-09
9.970000e+02 2.291990e-08
9.980000e+02 1.695413e-08
9.990000e+02 9.295471e-09
1.000000e+03 1.104709e-08
1.001000e+03 7.213659e-09
1.002000e+03 8.371342e-09
1.003000e+03 7.629678e-09
1.004000e+03 1.822327e-09
1.005000e+03 3.849018e-08
1.006000e+03 1.514106e-08
1.007000e+03 9.874828e-09
1.008000e+03 1.766266e-08
1.009000e+03 1.258943e-08
1.010000e+03 2.281283e-08
1.011000e+03 1.536913e-08
1.012000e+03 1.287362e-08
1.013000e+03 1.853948e-08
1.014000e+03 1.077012e-08
1.015000e+03 1.187381e-08
1.016000e+03 6.930517e-09
1.017000e+03 9.258954e-09
1.018000e+03 8.466938e-09
1.019000e+03 9.143692e-09
1.020000e+03 9.910879e-09
1.021000e+03 1.710298e-08
1.022000e+03 8.808780e-09
1.023000e+03 1.189020e-08
1.024000e+03 7.735892e-09
1.025000e+03 1.905712e-08
1.026000e+03 2.719428e-08
1.027000e+03 1.193506e-08
1.028000e+03 2.280627e-08
1.029000e+03 2.187248e-08
1.030000e+03 8.182947e-09
1.031000e+03 1.515559e-08
1.032000e+03 2.391787e-08
1.033000e+03 9.742565e-09
1.034000e+03 1.646668e-08
1.035000e+03 1.020321e-08
1.036000e+03 2.841144e-08
1.037000e+03 1.575725e-09
1.038000e+03 1.353052e-08
1.039000e+03 2.052731e-08
1.040000e+03 1.515834e-08
1.041000e+03 1.034135e-08
1.042000e+03 1.745709e-08
1.043000e+03 7.977886e-09
1.044000e+03 9.340668e-09
1.045000e+03 1.863257e-08
1.046000e+03 1.494938e-08
1.047000e+03 1.018817e-08
1.048000e+03 1.317897e-08
1.049000e+03 8.853823e-09
1.050000e+03 9.387276e-09
1.051000e+03 7.293764e-09
1.052000e+03 4.345902e-08
1.053000e+03 1.909130e-08
1.054000e+03 1.539441e-08
1.055000e+03 1.050662e-08
1.056000e+03 1.738253e-08
1.057000e+03 1.206491e-08
1.058000e+03 2.297873e-08
1.059000e+03 1.509300e-08
1.060000e+03 1.754318e-08
1.061000e+03 1.755948e-08
1.062000e+03 9.589544e-09
1.063000e+03 9.371954e-09
1.064000e+03 1.037629e-08
1.065000e+03 1.106645e-08
1.066000e+03 8.332413e-09
1.067000e+03 1.884481e-08
1.068000e+03 9.876973e-09
1.069000e+03 1.317796e-08
1.070000e+03 8.575657e-09
1.071000e+03 1.131978e-08
1.072000e+03 7.543099e-09
1.073000e+03 1.244847e-08
1.074000e+03 2.557734e-08
1.075000e+03 1.748586e-08
1.076000e+03 3.212984e-08
1.077000e+03 2.120297e-08
1.078000e+03 8.052616e-09
1.079000e+03 1.261921e-08
1.080000e+03 2.154092e-08
1.081000e+03 1.113080e-08
1.082000e+03 1.723385e-08
1.083000e+03 1.113260e-08
1.084000e+03 1.389202e-08
1.085000e+03 4.184368e-08
1.086000e+03 1.409719e-08
1.087000e+03 1.348035e-09
1.088000e+03 1.062456e-08
1.089000e+03 1.019177e-08
1.090000e+03 3.138922e-08
1.091000e+03 1.133257e-08
1.092000e+03 9.140191e-09
1.093000e+03 1.833964e-08
1.094000e+03 1.460380e-08
1.095000e+03 1.075095e-08
1.096000e+03 1.055442e-08
1.097000e+03 1.915813e-08
1.098000e+03 8.049955e-09
1.099000e+03 9.789415e-09
1.100000e+03 2.312004e-08
1.101000e+03 1.447601e-08
1.102000e+03 1.522829e-08
1.103000e+03 1.147320e-09
1.104000e+03 1.772064e-08
1.105000e+03 1.382826e-08
1.106000e+03 2.244053e-08
1.107000e+03 1.481620e-08
1.108000e+03 1.769005e-08
1.109000e+03 1.698342e-08
1.110000e+03 9.028041e-09
1.111000e+03 9.064709e-09
1.112000e+03 1.079525e-08
1.113000e+03 8.575385e-09
1.114000e+03 1.194513e-08
1.115000e+03 8.590352e-09
1.116000e+03 1.213038e-08
1.117000e+03 1.353244e-08
1.118000e+03 9.080252e-09
1.119000e+03 1.134354e-08
1.120000e+03 7.180386e-09
1.121000e+03 1.706761e-08
1.122000e+03 2.685846e-08
1.123000e+03 1.635839e-08
1.124000e+03 3.277040e-08
1.125000e+03 2.082954e-08
1.126000e+03 8.023634e-09
1.127000e+03 1.231979e-08
1.128000e+03 2.164790e-08
1.129000e+03 9.493554e-09
1.130000e+03 1.590296e-08
1.131000e+03 9.063802e-09
1.132000e+03 2.171519e-08
1.133000e+03 1.535173e-08
1.134000e+03 1.472515e-08
1.135000e+03 1.752106e-08
1.136000e+03 2.140986e-08
1.137000e+03 9.101129e-09
1.138000e+03 2.141391e-08
1.139000e+03 1.074695e-08
1.140000e+03 8.790365e-09
1.141000e+03 1.822769e-08
1.142000e+03 1.431404e-08
1.143000e+03 7.987651e-09
1.144000e+03 1.011557e-08
1.145000e+03 1.231363e-08
1.146000e+03 2.432348e-08
1.147000e+03 9.720788e-09
1.148000e+03 4.692470e-08
1.149000e+03 5.972073e-08
1.150000e+03 1.782258e-08
1.151000e+03 1.170878e-08
1.152000e+03 1.769646e-08
1.153000e+03 1.331167e-08
1.154000e+03 2.256428e-08
1.155000e+03 1.478740e-08
1.156000e+03 1.716974e-08
1.157000e+03 1.688870e-08
1.158000e+03 9.111598e-09
1.159000e+03 9.295680e-09
1.160000e+03 7.766710e-09
1.161000e+03 9.219256e-09
1.162000e+03 8.144652e-09
1.163000e+03 8.520687e-09
1.164000e+03 8.982185e-09
1.165000e+03 1.740432e-08
1.166000e+03 7.559277e-09
1.167000e+03 1.239061e-08
1.168000e+03 9.433566e-09
1.169000e+03 9.768720e-09
1.170000e+03 2.959289e-08
1.171000e+03 1.269322e-08
1.172000e+03 2.673388e-08
1.173000e+03 2.117376e-08
1.174000e+03 7.321530e-09
1.175000e+03 1.214939e-08
1.176000e+03 2.154942e-08
1.177000e+03 8.794266e-09
1.178000e+03 1.602072e-08
1.179000e+03 8.919383e-09
1.180000e+03 1.321066e-09
1.181000e+03 4.068824e-08
1.182000e+03 1.205090e-08
1.183000e+03 1.020914e-08
1.184000e+03 9.371823e-09
1.185000e+03 1.107430e-08
1.186000e+03 1.306483e-08
1.187000e+03 1.094508e-08
1.188000e+03 8.999199e-09
1.189000e+03 1.870389e-08
1.190000e+03 1.432733e-08
1.191000e+03 9.809583e-09
1.192000e+03 1.197024e-08
1.193000e+03 1.617067e-08
1.194000e+03 6.566102e-09
1.195000e+03 6.807513e-09
1.196000e+03 1.611977e-09
1.197000e+03 1.707505e-08
1.198000e+03 1.071548e-08
1.199000e+03 7.410694e-09
1.200000e+03 1.814560e-08
1.201000e+03 1.262564e-08
1.202000e+03 1.940131e-08
1.203000e+03 1.581331e-08
1.204000e+03 1.274273e-08
1.205000e+03 1.601157e-08
1.206000e+03 8.994591e-09
1.207000e+03 1.348610e-08
1.208000e+03 1.636180e-08
1.209000e+03 1.761671e-08
1.210000e+03 2.312281e-08
1.211000e+03 1.005470e-08
1.212000e+03 1.662349e-08
1.213000e+03 1.184887e-08
1.214000e+03 2.856804e-08
1.215000e+03 1.470240e-08
1.216000e+03 1.577722e-08
1.217000e+03 9.035631e-09
1.218000e+03 6.770429e-09
1.219000e+03 1.200512e-08
1.220000e+03 7.707226e-09
1.221000e+03 1.157488e-08
1.222000e+03 8.753484e-09
1.223000e+03 9.196063e-09
1.224000e+03 1.411808e-08
1.225000e+03 2.428410e-08
1.226000e+03 8.428759e-09
1.227000e+03 1.088310e-08
1.228000e+03 1.122689e-08
1.229000e+03 1.030419e-08
1.230000e+03 1.590347e-08
1.231000e+03 1.279422e-08
1.232000e+03 3.385348e-08
1.233000e+03 8.160528e-09
1.234000e+03 6.908450e-09
1.235000e+03 1.481377e-08
1.236000e+03 2.571862e-08
1.237000e+03 1.017222e-08
1.238000e+03 1.577540e-08
1.239000e+03 8.222245e-09
1.240000e+03 5.467734e-09
1.241000e+03 1.443510e-08
1.242000e+03 6.276132e-09
1.243000e+03 9.389409e-09
1.244000e+03 4.852293e-08
1.245000e+03 1.885005e-08
1.246000e+03 7.799371e-09
1.247000e+03 1.911486e-08
1.248000e+03 2.324428e-08
1.249000e+03 1.574867e-08
1.250000e+03 1.564000e-08
1.251000e+03 9.969382e-09
1.252000e+03 7.964326e-09
1.253000e+03 1.929862e-08
1.254000e+03 1.362770e-08
1.255000e+03 1.137883e-08
1.256000e+03 1.192117e-08
1.257000e+03 8.302293e-09
1.258000e+03 8.864038e-09
1.259000e+03 5.856376e-09
1.260000e+03 1.376711e-08
1.261000e+03 7.342383e-09
1.262000e+03 1.007903e-08
1.263000e+03 1.334749e-08
1.264000e+03 9.580259e-09
1.265000e+03 1.139106e-08
1.266000e+03 9.589769e-09
1.267000e+03 9.731090e-09
1.268000e+03 1.308777e-08
1.269000e+03 9.153455e-09
1.270000e+03 1.531905e-08
1.271000e+03 2.524560e-08
1.272000e+03 1.604750e-08
1.273000e+03 1.193079e-08
1.274000e+03 2.031636e-08
1.275000e+03 1.222841e-08
1.276000e+03 2.014763e-08
1.277000e+03 1.163894e-08
1.278000e+03 6.976921e-09
1.279000e+03 8.937848e-09
1.280000e+03 9.133863e-09
1.281000e+03 9.447194e-09
1.282000e+03 6.439274e-09
1.283000e+03 1.255175e-08
1.284000e+03 8.352335e-09
1.285000e+03 1.490043e-08
1.286000e+03 7.761692e-09
1.287000e+03 1.218282e-08
1.288000e+03 6.957722e-09
1.289000e+03 8.951624e-10
1.290000e+03 1.466771e-08
1.291000e+03 1.002964e-08
1.292000e+03 1.025734e-07
1.293000e+03 1.821325e-08
1.294000e+03 6.450673e-09
1.295000e+03 1.151198e-08
1.296000e+03 2.283220e-08
1.297000e+03 1.013809e-08
1.298000e+03 1.498717e-08
1.299000e+03 9.069827e-09
1.300000e+03 2.308728e-08
1.301000e+03 1.305205e-08
1.302000e+03 6.908215e-09
1.303000e+03 1.234031e-08
1.304000e+03 8.761168e-09
1.305000e+03 9.283270e-09
1.306000e+03 9.086523e-09
1.307000e+03 1.850305e-08
1.308000e+03 2.404797e-08
1.309000e+03 1.664457e-08
1.310000e+03 1.569903e-08
1.311000e+03 8.673107e-09
1.312000e+03 5.634753e-09
1.313000e+03 2.113456e-08
1.314000e+03 1.734405e-08
1.315000e+03 1.495038e-08
1.316000e+03 1.678713e-08
1.317000e+03 1.305610e-08
1.318000e+03 1.568278e-08
1.319000e+03 8.771103e-09
1.320000e+03 2.528715e-08
1.321000e+03 1.157746e-08
1.322000e+03 1.227583e-08
1.323000e+03 7.647654e-09
1.324000e+03 8.748581e-09
1.325000e+03 8.878765e-09
1.326000e+03 9.523104e-09
1.327000e+03 1.240468e-08
1.328000e+03 1.535841e-08
1.329000e+03 6.654303e-09
1.330000e+03 7.457007e-09
1.331000e+03 9.081756e-09
1.332000e+03 1.537466e-08
1.333000e+03 1.182759e-08
1.334000e+03 1.874037e-08
1.335000e+03 1.275017e-08
1.336000e+03 2.160399e-08
1.337000e+03 9.684353e-09
1.338000e+03 7.676435e-09
1.339000e+03 1.094282e-08
1.340000e+03 3.896432e-08
1.341000e+03 1.275486e-08
1.342000e+03 1.041723e-08
1.343000e+03 1.120970e-08
1.344000e+03 2.324942e-08
1.345000e+03 1.111804e-08
1.346000e+03 2.245300e-08
1.347000e+03 1.474348e-08
1.348000e+03 8.687497e-09
1.349000e+03 9.983765e-09
1.350000e+03 3.795661e-09
1.351000e+03 1.019346e-08
1.352000e+03 1.436681e-08
1.353000e+03 8.763776e-09
1.354000e+03 6.174241e-09
1.355000e+03 9.581657e-09
1.356000e+03 1.490640e-08
1.357000e+03 1.230886e-09
1.358000e+03 8.257275e-09
1.359000e+03 9.763402e-09
1.360000e+03 1.135296e-08
1.361000e+03 4.292447e-08
1.362000e+03 1.847885e-07
1.363000e+03 4.714897e-08
1.364000e+03 2.629898e-08
1.365000e+03 1.502282e-08
1.366000e+03 5.155912e-08
1.367000e+03 3.844791e-08
1.368000e+03 3.274052e-08
1.369000e+03 1.750708e-08
1.370000e+03 2.168562e-08
1.371000e+03 1.414467e-08
1.372000e+03 1.386865e-08
1.373000e+03 2.801676e-08
1.374000e+03 1.398600e-08
1.375000e+03 1.469644e-08
1.376000e+03 2.295374e-08
1.377000e+03 1.609769e-08
1.378000e+03 2.995836e-08
1.379000e+03 1.701301e-08
1.380000e+03 2.346751e-08
1.381000e+03 1.052055e-08
1.382000e+03 1.236809e-08
1.383000e+03 1.436997e-08
1.384000e+03 1.118463e-08
1.385000e+03 1.764945e-08
1.386000e+03 2.136444e-08
1.387000e+03 9.089273e-09
1.388000e+03 1.881184e-08
1.389000e+03 1.259798e-08
1.390000e+03 1.622017e-08
1.391000e+03 9.213319e-09
1.392000e+03 1.688104e-08
1.393000e+03 1.234567e-08
1.394000e+03 2.049891e-08
1.395000e+03 1.394794e-08
1.396000e+03 1.879541e-08
1.397000e+03 1.692153e-08
1.398000e+03 8.315255e-09
1.399000e+03 8.635449e-09
1.400000e+03 8.359499e-09
1.401000e+03 9.916815e-09
1.402000e+03 8.584326e-09
1.403000e+03 7.911890e-09
1.404000e+03 8.496327e-09
1.405000e+03 1.333044e-08
1.406000e+03 8.167322e-09
1.407000e+03 1.103284e-08
1.408000e+03 1.010227e-08
1.409000e+03 1.423817e-08
1.410000e+03 2.398649e-08
1.411000e+03 1.695245e-08
1.412000e+03 3.448111e-08
1.413000e+03 2.002227e-08
1.414000e+03 6.428085e-09
1.415000e+03 1.166336e-08
1.416000e+03 2.137155e-08
1.417000e+03 8.384977e-09
1.418000e+03 1.561870e-08
1.419000e+03 8.237327e-09
1.420000e+03 1.218670e-09
1.421000e+03 2.220760e-08
1.422000e+03 1.315352e-08
1.423000e+03 1.122177e-08
1.424000e+03 7.699690e-09
1.425000e+03 1.063446e-08
1.426000e+03 1.953935e-08
1.427000e+03 9.571064e-09
1.428000e+03 8.177930e-09
1.429000e+03 1.793026e-08
1.430000e+03 1.363149e-08
1.431000e+03 1.069101e-08
1.432000e+03 9.706703e-09
1.433000e+03 7.940964e-09
1.434000e+03 6.497530e-10
1.435000e+03 5.828490e-09
1.436000e+03 5.000400e-08
1.437000e+03 1.389711e-09
1.438000e+03 1.189081e-08
1.439000e+03 1.054362e-08
1.440000e+03 1.833744e-08
1.441000e+03 1.048129e-08
1.442000e+03 2.143173e-08
1.443000e+03 1.422589e-08
1.444000e+03 1.164052e-08
1.445000e+03 1.657119e-08
1.446000e+03 7.674742e-09
1.447000e+03 8.945219e-09
1.448000e+03 5.556222e-09
1.449000e+03 9.104313e-09
1.450000e+03 5.836809e-09
1.451000e+03 7.659870e-09
1.452000e+03 8.242704e-09
1.453000e+03 1.690433e-08
1.454000e+03 6.288244e-09
1.455000e+03 9.783883e-09
1.456000e+03 7.837108e-09
1.457000e+03 1.074877e-08
1.458000e+03 1.422232e-08
1.459000e+03 1.138403e-08
1.460000e+03 2.162938e-08
1.461000e+03 2.040687e-08
1.462000e+03 6.614830e-09
1.463000e+03 1.149797e-08
1.464000e+03 2.136108e-08
1.465000e+03 1.017588e-08
1.466000e+03 1.509923e-08
1.467000e+03 8.143476e-09
1.468000e+03 1.198556e-09
1.469000e+03 1.961066e-08
1.470000e+03 1.142427e-08
1.471000e+03 9.368382e-09
1.472000e+03 7.379580e-10
1.473000e+03 1.018829e-08
1.474000e+03 1.435910e-08
1.475000e+03 6.009921e-09
1.476000e+03 7.915350e-09
1.477000e+03 1.861561e-08
1.478000e+03 1.375191e-08
1.479000e+03 8.734546e-09
1.480000e+03 1.067850e-08
1.481000e+03 4.574183e-08
1.482000e+03 1.183671e-08
1.483000e+03 5.438973e-09
1.484000e+03 4.204065e-08
1.485000e+03 7.941367e-08
1.486000e+03 1.061992e-08
1.487000e+03 7.678422e-09
1.488000e+03 1.687425e-08
1.489000e+03 1.143880e-08
1.490000e+03 2.363873e-08
1.491000e+03 1.529228e-08
1.492000e+03 1.084069e-08
1.493000e+03 1.711831e-08
1.494000e+03 8.178759e-09
1.495000e+03 8.324403e-09
1.496000e+03 9.312457e-09
1.497000e+03 9.488607e-09
1.498000e+03 6.257661e-09
1.499000e+03 7.518020e-09
1.500000e+03 8.137785e-09
1.501000e+03 1.652675e-08
1.502000e+03 6.200266e-09
1.503000e+03 9.986046e-09
1.504000e+03 6.847865e-09
1.505000e+03 4.733238e-08
1.506000e+03 5.316649e-08
1.507000e+03 9.682537e-09
1.508000e+03 1.940979e-08
1.509000e+03 2.083930e-08
1.510000e+03 7.244907e-09
1.511000e+03 1.131831e-08
1.512000e+03 2.158105e-08
1.513000e+03 9.827863e-09
1.514000e+03 1.494451e-08
1.515000e+03 8.085837e-09
1.516000e+03 1.187727e-09
1.517000e+03 1.919038e-08
1.518000e+03 1.159634e-08
1.519000e+03 1.150787e-08
1.520000e+03 2.091267e-08
1.521000e+03 1.242830e-08
1.522000e+03 1.903936e-08
1.523000e+03 7.697410e-09
1.524000e+03 9.765588e-09
1.525000e+03 1.987016e-08
1.526000e+03 1.363235e-08
1.527000e+03 9.176356e-09
1.528000e+03 9.293841e-09
1.529000e+03 1.142074e-08
1.530000e+03 1.973637e-08
1.531000e+03 5.473259e-09
1.532000e+03 4.993800e-08
1.533000e+03 3.346397e-08
1.534000e+03 1.366051e-08
1.535000e+03 8.304577e-09
1.536000e+03 1.647337e-08
1.537000e+03 1.084957e-08
1.538000e+03 2.176831e-08
1.539000e+03 1.362447e-08
1.540000e+03 1.816935e-08
1.541000e+03 1.878330e-08
1.542000e+03 9.221108e-09
1.543000e+03 1.818017e-08
1.544000e+03 8.890384e-09
1.545000e+03 7.581579e-09
1.546000e+03 4.188375e-10
1.547000e+03 7.430341e-09
1.548000e+03 8.127898e-09
1.549000e+03 1.328885e-08
1.550000e+03 6.113557e-09
1.551000e+03 9.707810e-09
1.552000e+03 6.114879e-09
1.553000e+03 1.471959e-08
1.554000e+03 3.918349e-08
1.555000e+03 1.658786e-08
1.556000e+03 3.530270e-08
1.557000e+03 1.935739e-08
1.558000e+03 7.525258e-09
1.559000e+03 1.390825e-08
1.560000e+03 2.146440e-08
1.561000e+03 9.414390e-09
1.562000e+03 1.488871e-08
1.563000e+03 8.455106e-09
1.564000e+03 2.477878e-08
1.565000e+03 1.131901e-09
1.566000e+03 1.131284e-08
1.567000e+03 1.552436e-08
1.568000e+03 1.108342e-08
1.569000e+03 1.107845e-08
1.570000e+03 7.216832e-08
1.571000e+03 1.298553e-08
1.572000e+03 7.783842e-09
1.573000e+03 1.743890e-08
1.574000e+03 1.296644e-08
1.575000e+03 8.253960e-09
1.576000e+03 1.131530e-08
1.577000e+03 5.414257e-09
1.578000e+03 7.262409e-09
1.579000e+03 9.377406e-09
1.580000e+03 5.552819e-08
1.581000e+03 1.144345e-09
1.582000e+03 1.309520e-08
1.583000e+03 8.956678e-09
1.584000e+03 1.659290e-08
1.585000e+03 1.290249e-08
1.586000e+03 2.117682e-08
1.587000e+03 1.357128e-08
1.588000e+03 1.788512e-08
1.589000e+03 1.562319e-08
1.590000e+03 7.101544e-09
1.591000e+03 7.733168e-09
1.592000e+03 6.195455e-09
1.593000e+03 1.035936e-08
1.594000e+03 5.249427e-09
1.595000e+03 7.520712e-09
1.596000e+03 8.135634e-09
1.597000e+03 1.190352e-08
1.598000e+03 6.215022e-09
1.599000e+03 9.717622e-09
1.600000e+03 1.088302e-08
1.601000e+03 2.786726e-08
1.602000e+03 4.975573e-08
1.603000e+03 1.552223e-08
1.604000e+03 3.623422e-08
1.605000e+03 1.918815e-08
1.606000e+03 7.414513e-09
1.607000e+03 1.117324e-08
1.608000e+03 2.126643e-08
1.609000e+03 8.803500e-09
1.610000e+03 1.652694e-08
1.611000e+03 8.395629e-09
1.612000e+03 1.973982e-08
1.613000e+03 1.651527e-08
1.614000e+03 1.221059e-08
1.615000e+03 9.490027e-09
1.616000e+03 5.481491e-08
1.617000e+03 1.255050e-08
1.618000e+03 5.684321e-08
1.619000e+03 1.228699e-08
1.620000e+03 7.697466e-09
1.621000e+03 1.734209e-08
1.622000e+03 1.288460e-08
1.623000e+03 7.314671e-09
1.624000e+03 9.268741e-09
1.625000e+03 1.569342e-08
1.626000e+03 8.208117e-09
1.627000e+03 6.312826e-09
1.628000e+03 1.940993e-08
1.629000e+03 4.928110e-08
1.630000e+03 1.458987e-08
1.631000e+03 8.340870e-09
1.632000e+03 1.646716e-08
1.633000e+03 1.271080e-08
1.634000e+03 2.111448e-08
1.635000e+03 1.350004e-08
1.636000e+03 1.771416e-08
1.637000e+03 1.551564e-08
1.638000e+03 7.457716e-09
1.639000e+03 8.064569e-09
1.640000e+03 7.220581e-09
1.641000e+03 9.713302e-09
1.642000e+03 8.149351e-09
1.643000e+03 9.746617e-09
1.644000e+03 1.017768e-08
1.645000e+03 9.984919e-09
1.646000e+03 5.949463e-09
1.647000e+03 9.919521e-09
1.648000e+03 7.092567e-09
1.649000e+03 4.413666e-08
1.650000e+03 4.292250e-08
1.651000e+03 1.472240e-08
1.652000e+03 3.481762e-08
1.653000e+03 1.946179e-08
1.654000e+03 5.835100e-09
1.655000e+03 1.115259e-08
1.656000e+03 2.116086e-08
1.657000e+03 7.743235e-09
1.658000e+03 1.501884e-08
1.659000e+03 7.903642e-09
1.660000e+03 1.435495e-08
1.661000e+03 1.240356e-08
1.662000e+03 1.226181e-08
1.663000e+03 9.634889e-09
1.664000e+03 1.011162e-08
1.665000e+03 8.747041e-09
1.666000e+03 4.029815e-08
1.667000e+03 1.141629e-08
1.668000e+03 7.718637e-09
1.669000e+03 1.751352e-08
1.670000e+03 1.302843e-08
1.671000e+03 1.056961e-08
1.672000e+03 9.414075e-09
1.673000e+03 7.543900e-09
1.674000e+03 2.366949e-08
1.675000e+03 5.469928e-09
1.676000e+03 4.061182e-08
1.677000e+03 1.747801e-08
1.678000e+03 1.488694e-08
1.679000e+03 1.370695e-08
1.680000e+03 1.641553e-08
1.681000e+03 1.062374e-08
1.682000e+03 2.132977e-08
1.683000e+03 1.362247e-08
1.684000e+03 1.274506e-08
1.685000e+03 1.601425e-08
1.686000e+03 7.175410e-09
1.687000e+03 8.537165e-09
1.688000e+03 5.202115e-09
1.689000e+03 9.012942e-09
1.690000e+03 5.167505e-09
1.691000e+03 7.263441e-09
1.692000e+03 7.769822e-09
1.693000e+03 1.594319e-08
1.694000e+03 6.518269e-09
1.695000e+03 1.149136e-08
1.696000e+03 6.744815e-09
1.697000e+03 9.060069e-10
1.698000e+03 1.540803e-08
1.699000e+03 9.953473e-09
1.700000e+03 2.734906e-08
1.701000e+03 1.963428e-08
1.702000e+03 6.073000e-09
1.703000e+03 1.117290e-08
1.704000e+03 2.114699e-08
1.705000e+03 9.443291e-09
1.706000e+03 1.466196e-08
1.707000e+03 7.817267e-09
1.708000e+03 1.145151e-09
1.709000e+03 1.664977e-08
1.710000e+03 1.120577e-08
1.711000e+03 1.070917e-08
1.712000e+03 8.737072e-09
1.713000e+03 8.824246e-09
1.714000e+03 1.939588e-08
1.715000e+03 6.619205e-09
1.716000e+03 7.626997e-09
1.717000e+03 1.784791e-08
1.718000e+03 1.321256e-08
1.719000e+03 8.790461e-09
1.720000e+03 1.066127e-08
1.721000e+03 3.796809e-10
1.722000e+03 7.295667e-09
1.723000e+03 5.066762e-09
1.724000e+03 3.430262e-08
1.725000e+03 3.943148e-08
1.726000e+03 1.106666e-08
1.727000e+03 7.527217e-09
1.728000e+03 1.831379e-08
1.729000e+03 1.191021e-08
1.730000e+03 2.229154e-08
1.731000e+03 1.346810e-08
1.732000e+03 1.030507e-08
1.733000e+03 1.689421e-08
1.734000e+03 7.306836e-09
1.735000e+03 7.778024e-09
1.736000e+03 9.415096e-09
1.737000e+03 9.560709e-09
1.738000e+03 4.967351e-09
1.739000e+03 7.188495e-09
1.740000e+03 7.686027e-09
1.741000e+03 1.566965e-08
1.742000e+03 5.576885e-09
1.743000e+03 9.544143e-09
1.744000e+03 6.493858e-09
1.745000e+03 9.960358e-09
1.746000e+03 1.613487e-08
1.747000e+03 7.598108e-09
1.748000e+03 2.212194e-08
1.749000e+03 2.042336e-08
1.750000e+03 5.873597e-09
1.751000e+03 1.107521e-08
1.752000e+03 2.115351e-08
1.753000e+03 9.203396e-09
1.754000e+03 1.454803e-08
1.755000e+03 7.771621e-09
1.756000e+03 1.141970e-09
1.757000e+03 1.645394e-08
1.758000e+03 1.140809e-08
1.759000e+03 1.071715e-08
1.760000e+03 1.938457e-08
1.761000e+03 1.235679e-08
1.762000e+03 1.428245e-08
1.763000e+03 7.351188e-09
1.764000e+03 7.886518e-09
1.765000e+03 1.732485e-08
1.766000e+03 1.287426e-08
1.767000e+03 6.834765e-09
1.768000e+03 1.025774e-08
1.769000e+03 3.697884e-10
1.770000e+03 8.060483e-09
1.771000e+03 5.074147e-09
1.772000e+03 3.534446e-08
1.773000e+03 3.865041e-08
1.774000e+03 1.369656e-08
1.775000e+03 8.019785e-09
1.776000e+03 1.624206e-08
1.777000e+03 1.045676e-08
1.778000e+03 2.155193e-08
1.779000e+03 1.471810e-08
1.780000e+03 1.220399e-08
1.781000e+03 1.686044e-08
1.782000e+03 7.197771e-09
1.783000e+03 7.868589e-09
1.784000e+03 6.363157e-09
1.785000e+03 9.242912e-09
1.786000e+03 5.149789e-09
1.787000e+03 7.133812e-09
1.788000e+03 7.828415e-09
1.789000e+03 1.297425e-08
1.790000e+03 5.746802e-09
1.791000e+03 9.399664e-09
1.792000e+03 5.877567e-09
1.793000e+03 1.451958e-08
1.794000e+03 4.146703e-08
1.795000e+03 1.606938e-08
1.796000e+03 1.775071e-08
1.797000e+03 2.164929e-08
1.798000e+03 6.777387e-09
1.799000e+03 1.113876e-08
1.800000e+03 2.309661e-08
