Title ="THE FLUX ERR"
Variables=
iter
residual
1.000000e+00 1.100852e-03
2.000000e+00 2.295584e-03
3.000000e+00 9.173031e-04
4.000000e+00 1.550983e-03
5.000000e+00 1.058641e-04
6.000000e+00 6.672419e-05
7.000000e+00 8.129440e-04
8.000000e+00 1.568706e-04
9.000000e+00 1.974340e-04
1.000000e+01 1.133477e-04
1.100000e+01 2.602349e-04
1.200000e+01 4.495112e-04
1.300000e+01 3.113108e-04
1.400000e+01 3.793058e-05
1.500000e+01 3.595540e-05
1.600000e+01 7.060104e-05
1.700000e+01 8.218182e-05
1.800000e+01 7.477583e-05
1.900000e+01 6.507235e-06
2.000000e+01 4.500566e-05
2.100000e+01 5.247779e-05
2.200000e+01 3.334389e-05
2.300000e+01 5.437559e-05
2.400000e+01 3.766038e-05
2.500000e+01 3.019029e-05
2.600000e+01 5.598937e-05
2.700000e+01 3.465380e-05
2.800000e+01 5.031416e-05
2.900000e+01 6.882490e-05
3.000000e+01 2.096339e-05
3.100000e+01 4.862032e-05
3.200000e+01 2.754279e-05
3.300000e+01 3.483715e-05
3.400000e+01 6.097988e-05
3.500000e+01 3.374468e-05
3.600000e+01 6.147062e-05
3.700000e+01 4.732072e-05
3.800000e+01 2.779070e-05
3.900000e+01 3.296103e-05
4.000000e+01 3.371291e-05
4.100000e+01 3.704265e-05
4.200000e+01 2.694699e-05
4.300000e+01 2.066143e-05
4.400000e+01 2.599181e-05
4.500000e+01 2.175395e-05
4.600000e+01 2.628483e-05
4.700000e+01 2.197584e-05
4.800000e+01 1.219388e-04
4.900000e+01 2.501152e-05
5.000000e+01 1.384349e-04
5.100000e+01 1.578631e-04
5.200000e+01 1.653160e-04
5.300000e+01 1.654130e-04
5.400000e+01 1.967686e-04
5.500000e+01 1.983564e-04
5.600000e+01 1.942048e-04
5.700000e+01 1.739888e-04
5.800000e+01 1.873330e-04
5.900000e+01 1.904561e-04
6.000000e+01 2.133960e-04
6.100000e+01 1.620428e-04
6.200000e+01 1.532166e-04
6.300000e+01 1.752763e-04
6.400000e+01 1.587350e-04
6.500000e+01 1.567927e-04
6.600000e+01 1.379045e-04
6.700000e+01 1.677551e-04
6.800000e+01 1.323237e-04
6.900000e+01 1.034576e-04
7.000000e+01 1.263569e-04
7.100000e+01 1.424949e-04
7.200000e+01 1.445854e-04
7.300000e+01 1.413714e-04
7.400000e+01 1.911900e-04
7.500000e+01 2.026762e-04
7.600000e+01 2.462493e-04
7.700000e+01 1.985430e-04
7.800000e+01 2.301583e-04
7.900000e+01 2.639999e-04
8.000000e+01 2.773068e-04
8.100000e+01 2.922269e-04
8.200000e+01 2.425621e-04
8.300000e+01 2.925782e-04
8.400000e+01 2.661277e-04
8.500000e+01 2.594905e-04
8.600000e+01 2.858036e-04
8.700000e+01 2.394249e-04
8.800000e+01 2.293596e-04
8.900000e+01 1.779387e-04
9.000000e+01 1.815439e-04
9.100000e+01 1.526867e-04
9.200000e+01 1.172018e-04
9.300000e+01 7.696899e-05
9.400000e+01 7.626972e-05
9.500000e+01 6.791170e-05
9.600000e+01 7.096285e-05
9.700000e+01 9.652391e-05
9.800000e+01 1.128821e-04
9.900000e+01 1.388926e-04
1.000000e+02 1.332622e-04
1.010000e+02 1.479886e-04
1.020000e+02 1.747025e-04
1.030000e+02 1.803837e-04
1.040000e+02 1.727113e-04
1.050000e+02 2.888694e-05
1.060000e+02 1.640736e-04
1.070000e+02 3.600092e-05
1.080000e+02 1.951416e-04
1.090000e+02 3.109321e-05
1.100000e+02 1.785184e-04
1.110000e+02 2.597258e-05
1.120000e+02 2.230237e-04
1.130000e+02 2.168271e-04
1.140000e+02 1.898281e-04
1.150000e+02 1.833527e-04
1.160000e+02 2.112487e-04
1.170000e+02 1.569598e-04
1.180000e+02 1.413391e-04
1.190000e+02 1.900645e-04
1.200000e+02 1.474195e-04
1.210000e+02 1.222997e-04
1.220000e+02 9.648193e-05
1.230000e+02 1.089010e-04
1.240000e+02 7.524323e-05
1.250000e+02 6.567583e-05
1.260000e+02 5.951130e-05
1.270000e+02 4.624103e-05
1.280000e+02 3.913714e-05
1.290000e+02 3.776051e-05
1.300000e+02 2.588399e-05
1.310000e+02 2.760949e-05
1.320000e+02 3.484232e-05
1.330000e+02 3.593989e-05
1.340000e+02 3.830932e-05
1.350000e+02 4.457808e-05
1.360000e+02 4.956167e-05
1.370000e+02 6.004660e-05
1.380000e+02 5.336410e-05
1.390000e+02 5.497567e-05
1.400000e+02 6.277899e-05
1.410000e+02 5.279950e-05
1.420000e+02 6.147813e-05
1.430000e+02 6.513952e-05
1.440000e+02 7.371913e-05
1.450000e+02 7.045651e-05
1.460000e+02 6.290825e-05
1.470000e+02 7.400264e-05
1.480000e+02 6.988390e-05
1.490000e+02 6.495970e-05
1.500000e+02 5.709958e-05
1.510000e+02 6.058947e-05
1.520000e+02 5.791458e-05
1.530000e+02 6.594680e-05
1.540000e+02 6.165039e-05
1.550000e+02 4.928841e-05
1.560000e+02 5.598322e-05
1.570000e+02 5.344411e-05
1.580000e+02 5.192155e-05
1.590000e+02 4.996290e-05
1.600000e+02 4.887457e-05
1.610000e+02 4.277505e-05
1.620000e+02 3.880975e-05
1.630000e+02 2.599262e-05
1.640000e+02 2.591291e-05
1.650000e+02 2.606238e-05
1.660000e+02 3.591334e-05
1.670000e+02 3.191205e-05
1.680000e+02 3.422682e-05
1.690000e+02 2.879715e-05
1.700000e+02 2.540927e-05
1.710000e+02 2.395051e-05
1.720000e+02 1.893929e-05
1.730000e+02 2.386229e-05
1.740000e+02 2.165730e-05
1.750000e+02 2.196046e-05
1.760000e+02 1.816543e-05
1.770000e+02 1.854946e-05
1.780000e+02 1.854702e-05
1.790000e+02 1.880923e-05
1.800000e+02 2.015962e-05
1.810000e+02 1.833203e-05
1.820000e+02 1.718612e-05
1.830000e+02 1.610305e-05
1.840000e+02 1.729410e-05
1.850000e+02 1.832932e-05
1.860000e+02 1.986830e-05
1.870000e+02 1.883317e-05
1.880000e+02 2.121284e-05
1.890000e+02 1.589192e-05
1.900000e+02 1.649173e-05
1.910000e+02 1.770163e-05
1.920000e+02 1.752439e-05
1.930000e+02 1.522770e-05
1.940000e+02 1.991663e-05
1.950000e+02 1.873102e-05
1.960000e+02 2.018722e-05
1.970000e+02 1.761835e-05
1.980000e+02 1.871556e-05
1.990000e+02 1.787469e-05
2.000000e+02 1.836213e-05
2.010000e+02 1.746855e-05
2.020000e+02 1.334699e-05
2.030000e+02 1.258444e-05
2.040000e+02 1.365752e-05
2.050000e+02 1.439067e-05
2.060000e+02 1.278780e-05
2.070000e+02 1.080289e-05
2.080000e+02 1.170298e-05
2.090000e+02 1.116947e-05
2.100000e+02 1.005232e-05
2.110000e+02 9.675195e-06
2.120000e+02 9.037852e-06
2.130000e+02 9.088347e-06
2.140000e+02 9.458118e-06
2.150000e+02 1.008942e-05
2.160000e+02 9.923733e-06
2.170000e+02 7.818059e-06
2.180000e+02 7.717991e-06
2.190000e+02 1.026584e-05
2.200000e+02 1.003234e-05
2.210000e+02 9.341331e-06
2.220000e+02 8.936066e-06
2.230000e+02 6.763131e-06
2.240000e+02 5.207810e-06
2.250000e+02 6.355102e-06
2.260000e+02 4.900227e-06
2.270000e+02 5.304819e-06
2.280000e+02 5.397008e-06
2.290000e+02 5.184561e-06
2.300000e+02 4.496053e-06
2.310000e+02 4.397497e-06
2.320000e+02 4.193744e-06
2.330000e+02 4.197076e-06
2.340000e+02 4.469108e-06
2.350000e+02 4.146955e-06
2.360000e+02 4.020865e-06
2.370000e+02 4.080171e-06
2.380000e+02 4.239922e-06
2.390000e+02 4.148832e-06
2.400000e+02 4.111144e-06
2.410000e+02 4.283459e-06
2.420000e+02 4.420514e-06
2.430000e+02 4.599257e-06
2.440000e+02 4.533530e-06
2.450000e+02 3.722140e-06
2.460000e+02 3.517758e-06
2.470000e+02 3.959318e-06
2.480000e+02 3.827942e-06
2.490000e+02 3.865857e-06
2.500000e+02 3.500531e-06
2.510000e+02 3.102809e-06
2.520000e+02 3.475481e-06
2.530000e+02 3.536235e-06
2.540000e+02 3.536880e-06
2.550000e+02 3.244867e-06
2.560000e+02 3.229245e-06
2.570000e+02 2.894515e-06
2.580000e+02 2.424217e-06
2.590000e+02 2.432788e-06
2.600000e+02 3.261062e-06
2.610000e+02 3.208855e-06
2.620000e+02 3.180732e-06
2.630000e+02 3.074498e-06
2.640000e+02 2.890529e-06
2.650000e+02 2.876705e-06
2.660000e+02 2.686838e-06
2.670000e+02 2.513362e-06
2.680000e+02 2.897295e-06
2.690000e+02 2.729012e-06
2.700000e+02 2.484686e-06
2.710000e+02 2.446350e-06
2.720000e+02 2.448150e-06
2.730000e+02 2.372111e-06
2.740000e+02 2.095050e-06
2.750000e+02 1.995388e-06
2.760000e+02 1.994099e-06
2.770000e+02 1.929071e-06
2.780000e+02 1.873777e-06
2.790000e+02 1.834440e-06
2.800000e+02 1.720910e-06
2.810000e+02 1.758215e-06
2.820000e+02 1.704801e-06
2.830000e+02 1.400365e-06
2.840000e+02 1.490194e-06
2.850000e+02 1.463870e-06
2.860000e+02 1.362879e-06
2.870000e+02 1.382636e-06
2.880000e+02 1.341398e-06
2.890000e+02 1.301181e-06
2.900000e+02 1.251836e-06
2.910000e+02 9.676779e-07
2.920000e+02 9.232072e-07
2.930000e+02 9.089221e-07
2.940000e+02 8.480133e-07
2.950000e+02 9.014017e-07
2.960000e+02 8.751368e-07
2.970000e+02 8.336073e-07
2.980000e+02 8.356352e-07
2.990000e+02 8.851007e-07
3.000000e+02 8.168814e-07
3.010000e+02 7.994923e-07
3.020000e+02 8.422784e-07
3.030000e+02 8.312495e-07
3.040000e+02 7.846997e-07
3.050000e+02 7.970470e-07
3.060000e+02 8.133916e-07
3.070000e+02 7.852754e-07
3.080000e+02 7.771169e-07
3.090000e+02 7.579834e-07
3.100000e+02 7.495712e-07
3.110000e+02 8.025857e-07
3.120000e+02 8.731884e-07
3.130000e+02 7.707268e-07
3.140000e+02 7.291817e-07
3.150000e+02 6.808693e-07
3.160000e+02 6.279778e-07
3.170000e+02 6.491595e-07
3.180000e+02 6.539360e-07
3.190000e+02 6.426926e-07
3.200000e+02 6.303453e-07
3.210000e+02 6.059960e-07
3.220000e+02 5.942203e-07
3.230000e+02 5.995355e-07
3.240000e+02 6.254886e-07
3.250000e+02 6.056251e-07
3.260000e+02 5.687971e-07
3.270000e+02 5.506312e-07
3.280000e+02 5.494202e-07
3.290000e+02 5.558724e-07
3.300000e+02 5.205681e-07
3.310000e+02 5.877486e-07
3.320000e+02 5.307620e-07
3.330000e+02 5.150229e-07
3.340000e+02 6.420351e-07
3.350000e+02 6.569304e-07
3.360000e+02 5.488998e-07
3.370000e+02 5.563678e-07
3.380000e+02 5.618381e-07
3.390000e+02 5.606029e-07
3.400000e+02 5.511683e-07
3.410000e+02 5.824028e-07
3.420000e+02 5.773093e-07
3.430000e+02 5.602054e-07
3.440000e+02 5.870931e-07
3.450000e+02 5.863579e-07
3.460000e+02 5.913296e-07
3.470000e+02 5.964044e-07
3.480000e+02 5.745898e-07
3.490000e+02 5.593382e-07
3.500000e+02 5.720048e-07
3.510000e+02 5.740567e-07
3.520000e+02 5.735647e-07
3.530000e+02 5.581286e-07
3.540000e+02 5.482571e-07
3.550000e+02 5.811912e-07
3.560000e+02 5.788211e-07
3.570000e+02 5.567029e-07
3.580000e+02 1.144563e-06
3.590000e+02 6.594517e-07
3.600000e+02 7.508501e-07
3.610000e+02 7.382983e-07
3.620000e+02 7.410204e-07
3.630000e+02 7.887940e-07
3.640000e+02 7.606767e-07
3.650000e+02 7.479639e-07
3.660000e+02 8.535276e-07
3.670000e+02 7.288137e-07
3.680000e+02 8.698555e-07
3.690000e+02 7.587103e-07
3.700000e+02 8.499633e-07
3.710000e+02 6.280281e-07
3.720000e+02 1.221204e-07
3.730000e+02 7.824320e-07
3.740000e+02 9.301130e-07
3.750000e+02 7.182954e-07
3.760000e+02 8.867902e-07
3.770000e+02 7.307265e-07
3.780000e+02 5.521159e-07
3.790000e+02 1.520090e-07
3.800000e+02 6.955677e-07
3.810000e+02 5.020477e-07
3.820000e+02 1.609907e-07
3.830000e+02 7.178253e-07
3.840000e+02 5.111599e-07
3.850000e+02 1.446826e-07
3.860000e+02 8.198509e-08
3.870000e+02 4.502872e-07
3.880000e+02 1.550319e-07
3.890000e+02 8.062915e-08
3.900000e+02 4.394525e-07
3.910000e+02 1.656860e-07
3.920000e+02 9.146072e-08
3.930000e+02 4.234262e-07
3.940000e+02 3.208968e-07
3.950000e+02 1.674091e-07
3.960000e+02 7.548825e-08
3.970000e+02 3.718554e-07
3.980000e+02 1.412202e-07
3.990000e+02 6.974092e-08
4.000000e+02 3.785170e-07
4.010000e+02 2.980976e-07
4.020000e+02 2.324898e-07
4.030000e+02 1.648914e-07
4.040000e+02 7.271118e-08
4.050000e+02 3.470469e-07
4.060000e+02 2.722770e-07
4.070000e+02 1.553926e-07
4.080000e+02 7.015432e-08
4.090000e+02 3.323299e-07
4.100000e+02 2.580691e-07
4.110000e+02 1.951803e-07
4.120000e+02 1.524456e-07
4.130000e+02 7.755078e-08
4.140000e+02 4.257110e-08
4.150000e+02 2.322042e-07
4.160000e+02 1.886091e-07
4.170000e+02 1.690562e-07
4.180000e+02 1.523159e-07
4.190000e+02 8.038454e-08
4.200000e+02 4.244179e-08
4.210000e+02 2.242956e-07
4.220000e+02 1.807251e-07
4.230000e+02 1.493018e-07
4.240000e+02 1.332424e-07
4.250000e+02 1.367743e-07
4.260000e+02 6.677037e-08
4.270000e+02 3.298523e-08
4.280000e+02 1.909603e-07
4.290000e+02 1.491523e-07
4.300000e+02 1.210035e-07
4.310000e+02 1.060624e-07
4.320000e+02 1.307370e-07
4.330000e+02 7.171312e-08
4.340000e+02 4.160177e-08
4.350000e+02 1.873550e-07
4.360000e+02 1.551379e-07
4.370000e+02 1.227863e-07
4.380000e+02 9.638574e-08
4.390000e+02 8.815221e-08
4.400000e+02 8.684284e-08
4.410000e+02 1.125229e-07
4.420000e+02 6.404995e-08
4.430000e+02 3.191901e-08
4.440000e+02 1.643171e-07
4.450000e+02 1.257503e-07
4.460000e+02 9.715246e-08
4.470000e+02 8.173822e-08
4.480000e+02 8.153272e-08
4.490000e+02 7.482921e-08
4.500000e+02 7.277899e-08
4.510000e+02 7.298749e-08
4.520000e+02 1.557579e-07
4.530000e+02 5.564062e-08
4.540000e+02 2.905911e-08
4.550000e+02 1.513612e-07
4.560000e+02 1.145942e-07
4.570000e+02 8.839405e-08
4.580000e+02 7.846170e-08
4.590000e+02 7.166328e-08
4.600000e+02 6.238750e-08
4.610000e+02 5.986479e-08
4.620000e+02 5.826047e-08
4.630000e+02 6.009711e-08
4.640000e+02 6.059671e-08
4.650000e+02 5.783182e-08
4.660000e+02 1.452644e-07
4.670000e+02 5.390526e-08
4.680000e+02 2.803500e-08
4.690000e+02 1.318781e-07
4.700000e+02 9.882993e-08
4.710000e+02 7.431114e-08
4.720000e+02 5.810993e-08
4.730000e+02 5.545152e-08
4.740000e+02 4.959372e-08
4.750000e+02 4.807284e-08
4.760000e+02 5.338332e-08
4.770000e+02 5.050131e-08
4.780000e+02 4.724682e-08
4.790000e+02 4.709863e-08
4.800000e+02 4.260384e-08
4.810000e+02 5.289439e-08
4.820000e+02 6.239572e-08
4.830000e+02 4.641884e-08
4.840000e+02 1.319766e-07
4.850000e+02 5.482122e-08
4.860000e+02 2.291964e-08
4.870000e+02 1.121305e-07
4.880000e+02 8.418438e-08
4.890000e+02 6.198292e-08
4.900000e+02 4.850402e-08
4.910000e+02 4.528087e-08
4.920000e+02 4.672179e-08
4.930000e+02 5.077229e-08
4.940000e+02 4.271666e-08
4.950000e+02 4.305360e-08
4.960000e+02 3.811335e-08
4.970000e+02 4.130657e-08
4.980000e+02 3.944430e-08
4.990000e+02 3.617021e-08
5.000000e+02 4.176160e-08
5.010000e+02 3.404979e-08
5.020000e+02 3.298290e-08
5.030000e+02 4.227872e-08
5.040000e+02 4.113582e-08
5.050000e+02 3.272533e-08
5.060000e+02 4.229128e-08
5.070000e+02 3.902950e-08
5.080000e+02 3.685074e-08
5.090000e+02 3.341815e-08
5.100000e+02 2.953890e-08
5.110000e+02 3.061324e-08
5.120000e+02 1.272213e-07
5.130000e+02 5.057658e-08
5.140000e+02 2.052582e-08
5.150000e+02 1.343723e-08
5.160000e+02 7.076983e-08
5.170000e+02 5.528286e-08
5.180000e+02 4.123156e-08
5.190000e+02 3.452692e-08
5.200000e+02 3.025590e-08
5.210000e+02 3.497237e-08
5.220000e+02 3.578049e-08
5.230000e+02 2.859848e-08
5.240000e+02 2.962428e-08
5.250000e+02 3.345971e-08
5.260000e+02 3.263696e-08
5.270000e+02 3.563369e-08
5.280000e+02 3.254661e-08
5.290000e+02 3.041227e-08
5.300000e+02 2.768312e-08
5.310000e+02 3.148202e-08
5.320000e+02 3.029634e-08
5.330000e+02 3.181221e-08
5.340000e+02 2.495211e-08
5.350000e+02 2.489828e-08
5.360000e+02 2.641094e-08
5.370000e+02 2.754322e-08
5.380000e+02 2.698812e-08
5.390000e+02 2.828464e-08
5.400000e+02 3.449937e-08
5.410000e+02 2.918341e-08
5.420000e+02 2.632142e-08
5.430000e+02 2.520785e-08
5.440000e+02 2.534468e-08
5.450000e+02 2.146325e-08
5.460000e+02 2.227871e-08
5.470000e+02 2.340816e-08
5.480000e+02 2.765810e-08
5.490000e+02 2.931529e-08
5.500000e+02 2.142244e-08
5.510000e+02 2.152765e-08
5.520000e+02 2.025965e-08
5.530000e+02 2.860577e-08
5.540000e+02 3.617269e-08
5.550000e+02 2.253910e-08
5.560000e+02 2.564356e-08
5.570000e+02 2.350855e-08
5.580000e+02 1.350570e-07
5.590000e+02 5.583551e-08
5.600000e+02 2.039792e-08
5.610000e+02 9.500462e-09
5.620000e+02 5.522374e-08
5.630000e+02 4.394987e-08
5.640000e+02 3.196355e-08
5.650000e+02 2.714335e-08
5.660000e+02 2.374740e-08
5.670000e+02 2.725278e-08
5.680000e+02 2.151334e-08
5.690000e+02 2.559903e-08
5.700000e+02 2.492121e-08
5.710000e+02 2.674644e-08
5.720000e+02 2.292455e-08
5.730000e+02 2.209996e-08
5.740000e+02 1.999049e-08
5.750000e+02 2.628886e-08
5.760000e+02 2.294582e-08
5.770000e+02 2.269558e-08
5.780000e+02 2.209403e-08
5.790000e+02 2.195880e-08
5.800000e+02 2.576057e-08
5.810000e+02 2.283448e-08
5.820000e+02 1.726862e-08
5.830000e+02 1.819852e-08
5.840000e+02 1.950335e-08
5.850000e+02 1.985597e-08
5.860000e+02 1.818060e-08
5.870000e+02 1.621052e-08
5.880000e+02 2.019549e-08
5.890000e+02 1.947543e-08
5.900000e+02 1.725387e-08
5.910000e+02 1.773376e-08
5.920000e+02 1.761768e-08
5.930000e+02 1.815254e-08
5.940000e+02 2.376144e-08
5.950000e+02 1.569585e-08
5.960000e+02 1.523796e-08
5.970000e+02 2.023673e-08
5.980000e+02 2.125075e-08
5.990000e+02 2.541541e-08
6.000000e+02 1.678401e-08
6.010000e+02 1.866133e-08
6.020000e+02 1.645467e-08
6.030000e+02 1.919248e-08
6.040000e+02 2.323666e-08
6.050000e+02 2.131098e-08
6.060000e+02 1.383535e-08
6.070000e+02 1.488300e-08
6.080000e+02 1.654498e-08
6.090000e+02 1.665263e-08
6.100000e+02 1.894411e-08
6.110000e+02 1.969621e-08
6.120000e+02 2.226618e-08
6.130000e+02 1.762198e-08
6.140000e+02 1.858886e-08
6.150000e+02 1.687450e-08
6.160000e+02 1.666468e-08
6.170000e+02 1.374892e-08
6.180000e+02 1.679532e-08
6.190000e+02 1.561585e-08
6.200000e+02 4.041707e-08
6.210000e+02 2.265017e-08
6.220000e+02 1.471239e-08
6.230000e+02 1.315990e-08
6.240000e+02 1.094365e-08
6.250000e+02 2.041143e-08
6.260000e+02 2.917639e-08
6.270000e+02 1.585977e-08
6.280000e+02 9.437859e-08
6.290000e+02 5.045084e-08
6.300000e+02 1.915125e-08
6.310000e+02 7.843661e-09
6.320000e+02 5.586459e-08
6.330000e+02 4.041983e-08
6.340000e+02 2.568328e-08
6.350000e+02 2.135411e-08
6.360000e+02 2.043921e-08
6.370000e+02 2.053510e-08
6.380000e+02 1.569816e-08
6.390000e+02 2.122533e-08
6.400000e+02 1.522342e-08
6.410000e+02 1.958845e-08
6.420000e+02 2.039121e-08
6.430000e+02 2.109280e-08
6.440000e+02 1.758267e-08
6.450000e+02 1.680973e-08
6.460000e+02 1.552849e-08
6.470000e+02 2.273761e-08
6.480000e+02 1.840760e-08
6.490000e+02 1.684910e-08
6.500000e+02 1.960561e-08
6.510000e+02 1.799261e-08
6.520000e+02 2.115568e-08
6.530000e+02 1.800289e-08
6.540000e+02 1.258714e-08
6.550000e+02 1.236180e-08
6.560000e+02 3.164146e-08
6.570000e+02 1.580940e-08
6.580000e+02 1.199657e-08
6.590000e+02 1.335822e-08
6.600000e+02 1.724090e-08
6.610000e+02 1.632537e-08
6.620000e+02 1.250976e-08
6.630000e+02 1.622343e-08
6.640000e+02 1.394630e-08
6.650000e+02 1.379123e-08
6.660000e+02 1.837476e-08
6.670000e+02 1.199393e-08
6.680000e+02 1.512925e-08
6.690000e+02 1.720725e-08
6.700000e+02 1.326726e-08
6.710000e+02 1.836238e-08
6.720000e+02 2.358036e-08
6.730000e+02 1.305244e-08
6.740000e+02 1.339523e-08
6.750000e+02 1.516964e-08
6.760000e+02 1.865492e-08
6.770000e+02 1.519554e-08
6.780000e+02 1.186429e-08
6.790000e+02 1.154333e-08
6.800000e+02 1.143796e-08
6.810000e+02 1.151792e-08
6.820000e+02 1.299449e-08
6.830000e+02 1.301312e-08
6.840000e+02 2.263828e-08
6.850000e+02 1.415168e-08
6.860000e+02 1.430022e-08
6.870000e+02 9.829237e-09
6.880000e+02 1.630933e-08
6.890000e+02 1.789052e-08
6.900000e+02 1.246109e-08
6.910000e+02 1.263411e-08
6.920000e+02 3.823872e-08
6.930000e+02 1.378679e-08
6.940000e+02 1.214040e-08
6.950000e+02 1.522853e-08
6.960000e+02 1.781387e-08
6.970000e+02 1.351070e-08
6.980000e+02 1.590617e-08
6.990000e+02 1.172639e-08
7.000000e+02 2.221659e-08
7.010000e+02 1.246266e-08
7.020000e+02 1.665692e-08
7.030000e+02 1.008063e-08
7.040000e+02 1.496695e-08
7.050000e+02 1.374706e-08
7.060000e+02 1.711015e-08
7.070000e+02 1.917419e-08
7.080000e+02 1.601006e-08
7.090000e+02 1.399216e-08
7.100000e+02 2.434140e-08
7.110000e+02 1.546473e-08
7.120000e+02 1.219849e-08
7.130000e+02 1.200924e-08
7.140000e+02 1.012247e-08
7.150000e+02 9.105974e-09
7.160000e+02 2.668939e-08
7.170000e+02 1.117613e-08
7.180000e+02 1.354974e-08
7.190000e+02 1.287990e-08
7.200000e+02 3.171751e-09
7.210000e+02 1.224507e-08
7.220000e+02 1.293543e-08
7.230000e+02 1.626701e-08
7.240000e+02 2.045133e-08
7.250000e+02 2.133214e-08
7.260000e+02 9.591715e-09
7.270000e+02 8.374593e-08
7.280000e+02 4.569428e-08
7.290000e+02 1.782957e-08
7.300000e+02 1.092237e-08
7.310000e+02 5.413653e-08
7.320000e+02 3.932987e-08
7.330000e+02 2.648142e-08
7.340000e+02 1.867107e-08
7.350000e+02 1.502026e-08
7.360000e+02 1.904214e-08
7.370000e+02 1.273291e-08
7.380000e+02 1.872962e-08
7.390000e+02 1.280196e-08
7.400000e+02 1.605117e-09
7.410000e+02 1.517878e-08
7.420000e+02 1.614666e-08
7.430000e+02 2.118203e-08
7.440000e+02 1.571284e-08
7.450000e+02 1.219153e-08
7.460000e+02 1.297717e-08
7.470000e+02 1.422495e-08
7.480000e+02 1.843196e-08
7.490000e+02 1.649798e-08
7.500000e+02 8.963088e-09
7.510000e+02 9.706406e-09
7.520000e+02 1.068740e-08
7.530000e+02 1.107795e-08
7.540000e+02 1.336064e-08
7.550000e+02 1.118841e-08
7.560000e+02 2.215009e-08
7.570000e+02 1.132435e-08
7.580000e+02 1.363837e-08
7.590000e+02 8.523654e-09
7.600000e+02 1.421719e-08
7.610000e+02 1.606329e-08
7.620000e+02 8.788788e-09
7.630000e+02 8.828526e-09
7.640000e+02 1.564078e-08
7.650000e+02 1.068652e-08
7.660000e+02 1.154378e-08
7.670000e+02 1.385447e-08
7.680000e+02 1.785551e-08
7.690000e+02 9.241747e-10
7.700000e+02 1.274935e-08
7.710000e+02 1.181225e-08
7.720000e+02 2.089066e-08
7.730000e+02 1.094695e-08
7.740000e+02 1.466235e-08
7.750000e+02 8.010835e-09
7.760000e+02 5.254327e-08
7.770000e+02 1.108101e-08
7.780000e+02 1.346779e-08
7.790000e+02 1.789056e-08
7.800000e+02 1.463798e-08
7.810000e+02 1.366016e-08
7.820000e+02 1.675382e-08
7.830000e+02 1.400079e-08
7.840000e+02 1.329353e-08
7.850000e+02 1.003471e-08
7.860000e+02 7.384515e-09
7.870000e+02 5.588400e-10
7.880000e+02 1.460458e-09
7.890000e+02 9.915773e-09
7.900000e+02 1.223668e-08
7.910000e+02 1.645197e-08
7.920000e+02 1.685408e-08
7.930000e+02 8.490747e-09
7.940000e+02 9.151204e-09
7.950000e+02 2.530954e-08
7.960000e+02 2.312430e-08
7.970000e+02 1.923285e-08
7.980000e+02 8.429832e-09
7.990000e+02 1.050310e-08
8.000000e+02 1.450603e-08
8.010000e+02 1.008732e-08
8.020000e+02 9.761521e-09
8.030000e+02 1.173490e-08
8.040000e+02 1.462341e-08
8.050000e+02 9.771473e-09
8.060000e+02 7.554269e-09
8.070000e+02 1.154487e-08
8.080000e+02 1.213670e-08
8.090000e+02 8.350546e-09
8.100000e+02 1.350694e-08
8.110000e+02 1.001641e-08
8.120000e+02 1.810147e-08
8.130000e+02 1.440852e-08
8.140000e+02 1.376687e-08
8.150000e+02 2.301674e-08
8.160000e+02 1.285955e-08
8.170000e+02 1.098144e-08
8.180000e+02 9.189961e-09
8.190000e+02 2.108148e-08
8.200000e+02 1.781409e-08
8.210000e+02 1.345871e-08
8.220000e+02 6.872408e-09
8.230000e+02 1.724494e-08
8.240000e+02 3.693665e-08
8.250000e+02 7.980139e-09
8.260000e+02 1.268378e-08
8.270000e+02 1.102618e-08
8.280000e+02 2.004172e-08
8.290000e+02 1.038648e-08
8.300000e+02 1.207488e-08
8.310000e+02 4.249950e-08
8.320000e+02 1.631914e-08
8.330000e+02 1.476808e-08
8.340000e+02 1.304483e-08
8.350000e+02 7.820110e-09
8.360000e+02 1.263647e-08
8.370000e+02 1.107088e-08
8.380000e+02 8.884951e-09
8.390000e+02 1.177780e-08
8.400000e+02 8.591647e-09
8.410000e+02 8.888425e-09
8.420000e+02 1.301401e-08
8.430000e+02 1.425547e-08
8.440000e+02 1.996056e-08
8.450000e+02 9.680634e-09
8.460000e+02 1.377173e-08
8.470000e+02 1.589066e-08
8.480000e+02 1.472838e-08
8.490000e+02 1.561802e-08
8.500000e+02 1.263682e-08
8.510000e+02 1.586816e-08
8.520000e+02 1.462633e-08
8.530000e+02 1.139430e-08
8.540000e+02 2.842783e-08
8.550000e+02 2.432998e-08
8.560000e+02 1.095123e-08
8.570000e+02 9.531087e-09
8.580000e+02 9.846119e-09
8.590000e+02 8.188142e-09
8.600000e+02 4.478532e-08
8.610000e+02 9.407457e-09
8.620000e+02 1.515159e-08
8.630000e+02 1.288556e-09
8.640000e+02 1.342803e-08
8.650000e+02 1.472648e-08
8.660000e+02 1.025239e-08
8.670000e+02 1.384079e-08
8.680000e+02 1.836386e-08
8.690000e+02 1.919938e-08
8.700000e+02 8.492556e-09
8.710000e+02 7.911514e-09
8.720000e+02 1.476892e-09
8.730000e+02 1.001930e-08
8.740000e+02 8.881224e-09
8.750000e+02 1.078522e-08
8.760000e+02 1.399809e-08
8.770000e+02 1.087185e-08
8.780000e+02 7.509338e-09
8.790000e+02 1.010022e-07
8.800000e+02 4.757681e-08
8.810000e+02 1.887801e-08
8.820000e+02 8.008535e-09
8.830000e+02 4.855432e-08
8.840000e+02 4.433897e-08
8.850000e+02 2.507395e-08
8.860000e+02 2.107284e-08
8.870000e+02 2.149156e-08
8.880000e+02 1.286824e-08
8.890000e+02 1.619677e-08
8.900000e+02 1.234758e-08
8.910000e+02 1.428517e-08
8.920000e+02 1.718365e-08
8.930000e+02 1.549027e-08
8.940000e+02 1.058017e-08
8.950000e+02 1.129695e-08
8.960000e+02 2.638834e-08
8.970000e+02 1.127723e-08
8.980000e+02 1.285816e-08
8.990000e+02 1.177993e-08
9.000000e+02 2.229374e-08
9.010000e+02 1.296979e-08
9.020000e+02 1.341635e-08
9.030000e+02 2.814576e-08
9.040000e+02 2.288651e-08
9.050000e+02 1.389884e-08
9.060000e+02 1.019805e-08
9.070000e+02 9.293038e-09
9.080000e+02 1.209814e-08
9.090000e+02 1.805907e-08
9.100000e+02 1.590486e-08
9.110000e+02 1.318746e-08
9.120000e+02 8.161024e-09
9.130000e+02 9.985163e-09
9.140000e+02 1.139287e-08
9.150000e+02 2.557843e-08
9.160000e+02 2.026750e-08
9.170000e+02 1.010038e-08
9.180000e+02 1.294083e-08
9.190000e+02 1.174185e-08
9.200000e+02 1.148767e-08
9.210000e+02 1.216687e-08
9.220000e+02 1.205415e-08
9.230000e+02 1.531072e-08
9.240000e+02 1.404895e-08
9.250000e+02 1.060772e-08
9.260000e+02 1.537366e-08
9.270000e+02 1.461358e-08
9.280000e+02 1.412957e-08
9.290000e+02 8.196888e-09
9.300000e+02 5.296076e-09
9.310000e+02 7.830836e-09
9.320000e+02 3.168790e-08
9.330000e+02 1.258492e-08
9.340000e+02 1.968292e-08
9.350000e+02 1.602432e-08
9.360000e+02 1.592655e-08
9.370000e+02 3.496268e-08
9.380000e+02 9.743281e-09
9.390000e+02 1.223877e-08
9.400000e+02 2.182519e-08
9.410000e+02 2.272396e-08
9.420000e+02 1.171446e-08
9.430000e+02 1.475923e-08
9.440000e+02 1.324539e-08
9.450000e+02 1.201104e-08
9.460000e+02 1.141293e-08
9.470000e+02 1.376162e-08
9.480000e+02 1.489386e-08
9.490000e+02 1.032575e-08
9.500000e+02 9.991415e-09
9.510000e+02 1.137250e-08
9.520000e+02 2.927304e-08
9.530000e+02 3.070117e-08
9.540000e+02 2.234834e-08
9.550000e+02 1.368520e-08
9.560000e+02 9.384872e-09
9.570000e+02 1.991691e-08
9.580000e+02 4.052226e-08
9.590000e+02 2.465826e-08
9.600000e+02 9.853141e-09
9.610000e+02 8.560390e-09
9.620000e+02 1.203044e-08
9.630000e+02 1.338616e-08
9.640000e+02 7.581681e-09
9.650000e+02 5.956728e-09
9.660000e+02 9.613169e-09
9.670000e+02 8.054918e-09
9.680000e+02 1.491694e-08
9.690000e+02 1.108193e-08
9.700000e+02 1.134590e-08
9.710000e+02 1.179575e-08
9.720000e+02 1.617165e-08
9.730000e+02 8.483647e-09
9.740000e+02 1.263363e-08
9.750000e+02 7.778443e-09
9.760000e+02 5.990388e-09
9.770000e+02 8.154462e-09
9.780000e+02 2.037069e-08
9.790000e+02 5.564531e-09
9.800000e+02 1.110887e-08
9.810000e+02 1.137870e-08
9.820000e+02 1.256754e-09
9.830000e+02 8.377384e-09
9.840000e+02 4.783016e-09
9.850000e+02 3.583371e-08
9.860000e+02 2.544140e-08
9.870000e+02 8.587317e-09
9.880000e+02 1.068098e-08
9.890000e+02 1.399145e-08
9.900000e+02 9.836781e-09
9.910000e+02 8.388009e-09
9.920000e+02 1.369623e-08
9.930000e+02 8.086591e-09
9.940000e+02 4.985271e-09
9.950000e+02 5.483372e-10
9.960000e+02 1.126059e-08
9.970000e+02 1.646025e-08
9.980000e+02 9.889058e-09
9.990000e+02 1.590431e-08
1.000000e+03 2.911008e-08
1.001000e+03 1.064908e-08
1.002000e+03 6.881329e-09
1.003000e+03 9.545626e-09
1.004000e+03 2.735245e-09
1.005000e+03 3.393236e-08
1.006000e+03 6.974382e-09
1.007000e+03 2.452016e-08
1.008000e+03 1.461682e-08
1.009000e+03 2.333575e-08
1.010000e+03 1.569495e-08
1.011000e+03 1.062920e-08
1.012000e+03 1.222875e-08
1.013000e+03 9.245924e-09
1.014000e+03 1.013091e-08
1.015000e+03 1.032729e-08
1.016000e+03 1.121679e-08
1.017000e+03 1.870793e-08
1.018000e+03 5.022506e-09
1.019000e+03 1.635885e-08
1.020000e+03 1.270034e-08
1.021000e+03 1.216065e-08
1.022000e+03 7.563230e-09
1.023000e+03 1.699076e-09
1.024000e+03 1.655152e-08
1.025000e+03 4.891007e-08
1.026000e+03 1.165771e-08
1.027000e+03 3.761582e-08
1.028000e+03 8.294269e-09
1.029000e+03 1.206564e-08
1.030000e+03 1.268544e-08
1.031000e+03 2.204399e-08
1.032000e+03 7.291081e-09
1.033000e+03 1.249154e-08
1.034000e+03 9.298028e-09
1.035000e+03 1.011481e-08
1.036000e+03 1.241347e-08
1.037000e+03 1.076191e-08
1.038000e+03 3.696544e-08
1.039000e+03 1.678595e-08
1.040000e+03 8.823569e-09
1.041000e+03 8.693790e-09
1.042000e+03 1.450966e-08
1.043000e+03 7.274257e-10
1.044000e+03 2.233676e-08
1.045000e+03 1.026461e-08
1.046000e+03 1.380404e-08
1.047000e+03 8.244779e-09
1.048000e+03 3.430967e-08
1.049000e+03 1.914864e-08
1.050000e+03 8.599220e-09
1.051000e+03 7.261417e-09
1.052000e+03 3.730317e-08
1.053000e+03 1.659124e-08
1.054000e+03 3.953976e-08
1.055000e+03 1.781653e-08
1.056000e+03 7.408816e-09
1.057000e+03 7.628941e-09
1.058000e+03 1.302902e-08
1.059000e+03 1.093868e-08
1.060000e+03 1.798169e-08
1.061000e+03 1.468629e-08
1.062000e+03 1.202555e-08
1.063000e+03 6.451032e-09
1.064000e+03 1.031747e-08
1.065000e+03 1.331577e-08
1.066000e+03 6.976858e-09
1.067000e+03 1.039554e-08
1.068000e+03 1.561215e-08
1.069000e+03 1.038936e-08
1.070000e+03 3.610467e-09
1.071000e+03 2.503668e-08
1.072000e+03 1.224490e-08
1.073000e+03 6.334482e-09
1.074000e+03 5.326134e-09
1.075000e+03 8.813987e-09
1.076000e+03 1.134828e-08
1.077000e+03 1.261655e-09
1.078000e+03 1.122387e-08
1.079000e+03 1.066365e-08
1.080000e+03 6.969270e-09
1.081000e+03 9.192784e-09
1.082000e+03 1.219729e-08
1.083000e+03 9.437241e-09
1.084000e+03 8.400804e-09
1.085000e+03 5.639622e-09
1.086000e+03 6.104820e-09
1.087000e+03 1.136989e-08
1.088000e+03 1.133241e-08
1.089000e+03 1.021528e-08
1.090000e+03 1.395448e-08
1.091000e+03 1.048689e-08
1.092000e+03 1.071249e-08
1.093000e+03 1.603201e-08
1.094000e+03 1.287556e-08
1.095000e+03 1.629272e-08
1.096000e+03 6.457267e-09
1.097000e+03 2.767965e-08
1.098000e+03 9.386877e-10
1.099000e+03 1.045338e-08
1.100000e+03 2.882537e-08
1.101000e+03 2.172824e-08
1.102000e+03 4.680598e-10
1.103000e+03 4.769026e-09
1.104000e+03 4.161804e-09
1.105000e+03 2.286518e-08
1.106000e+03 2.156968e-08
1.107000e+03 7.709768e-09
1.108000e+03 7.830681e-09
1.109000e+03 6.877400e-09
1.110000e+03 1.208509e-08
1.111000e+03 5.928278e-09
1.112000e+03 1.115316e-08
1.113000e+03 6.492294e-09
1.114000e+03 3.477121e-10
1.115000e+03 1.937184e-08
1.116000e+03 2.236457e-08
1.117000e+03 9.907303e-09
1.118000e+03 6.946871e-09
1.119000e+03 3.867214e-09
1.120000e+03 8.751822e-10
1.121000e+03 7.256007e-09
1.122000e+03 4.605795e-09
1.123000e+03 8.124854e-09
1.124000e+03 1.052039e-08
1.125000e+03 1.311972e-08
1.126000e+03 1.069565e-08
1.127000e+03 1.682222e-08
1.128000e+03 5.893323e-09
1.129000e+03 7.644893e-09
1.130000e+03 1.431842e-08
1.131000e+03 9.452615e-09
1.132000e+03 6.972678e-09
1.133000e+03 1.073801e-08
1.134000e+03 1.632820e-08
1.135000e+03 1.756622e-08
1.136000e+03 8.618356e-09
1.137000e+03 1.219049e-08
1.138000e+03 5.267945e-09
1.139000e+03 9.243694e-09
1.140000e+03 1.254212e-08
1.141000e+03 1.149888e-08
1.142000e+03 2.125794e-08
1.143000e+03 9.939815e-09
1.144000e+03 3.463902e-08
1.145000e+03 3.729123e-10
1.146000e+03 4.418931e-09
1.147000e+03 8.272611e-09
1.148000e+03 8.601295e-09
1.149000e+03 2.305916e-08
1.150000e+03 2.325334e-08
1.151000e+03 7.623107e-09
1.152000e+03 1.340655e-08
1.153000e+03 1.913492e-08
1.154000e+03 9.353308e-09
1.155000e+03 1.180232e-08
1.156000e+03 2.106777e-08
1.157000e+03 2.144890e-08
1.158000e+03 9.531042e-09
1.159000e+03 2.410424e-08
1.160000e+03 1.118670e-08
1.161000e+03 8.960255e-09
1.162000e+03 1.375425e-08
1.163000e+03 1.217145e-08
1.164000e+03 1.358024e-08
1.165000e+03 1.014662e-08
1.166000e+03 1.852839e-08
1.167000e+03 7.638567e-09
1.168000e+03 6.172199e-08
1.169000e+03 3.894119e-08
1.170000e+03 1.580001e-08
1.171000e+03 7.938332e-09
1.172000e+03 4.634152e-08
1.173000e+03 3.574877e-08
1.174000e+03 2.663731e-08
1.175000e+03 1.562681e-08
1.176000e+03 1.262608e-08
1.177000e+03 1.568704e-08
1.178000e+03 1.241469e-08
1.179000e+03 1.717695e-08
1.180000e+03 1.003084e-08
1.181000e+03 7.146519e-09
1.182000e+03 1.613669e-08
1.183000e+03 1.888117e-08
1.184000e+03 1.093536e-08
1.185000e+03 1.274600e-09
1.186000e+03 8.871728e-09
1.187000e+03 3.921259e-08
1.188000e+03 1.579507e-08
1.189000e+03 9.286013e-09
1.190000e+03 1.935960e-08
1.191000e+03 1.475135e-08
1.192000e+03 9.303445e-09
1.193000e+03 7.145506e-09
1.194000e+03 4.218956e-09
1.195000e+03 8.584041e-09
1.196000e+03 9.604961e-09
1.197000e+03 3.007981e-08
1.198000e+03 2.253270e-08
1.199000e+03 7.270373e-09
1.200000e+03 4.173591e-09
1.201000e+03 1.307665e-08
1.202000e+03 2.378494e-08
1.203000e+03 8.509270e-09
1.204000e+03 7.736697e-09
1.205000e+03 1.616458e-08
1.206000e+03 6.659779e-09
1.207000e+03 1.068349e-08
1.208000e+03 1.815994e-09
1.209000e+03 7.165908e-09
1.210000e+03 9.588755e-09
1.211000e+03 5.734707e-09
1.212000e+03 1.018915e-08
1.213000e+03 1.610105e-08
1.214000e+03 8.434720e-09
1.215000e+03 1.033619e-08
1.216000e+03 5.927671e-09
1.217000e+03 1.183635e-08
1.218000e+03 8.757247e-09
1.219000e+03 9.717609e-09
1.220000e+03 1.670546e-08
1.221000e+03 1.290793e-08
1.222000e+03 8.559710e-09
1.223000e+03 1.336753e-08
1.224000e+03 1.667016e-08
1.225000e+03 1.721388e-08
1.226000e+03 1.370560e-08
1.227000e+03 1.049456e-08
1.228000e+03 1.344152e-08
1.229000e+03 1.305619e-08
1.230000e+03 3.161306e-08
1.231000e+03 5.773502e-09
1.232000e+03 1.125987e-09
1.233000e+03 1.696642e-08
1.234000e+03 6.614599e-09
1.235000e+03 4.681581e-10
1.236000e+03 1.280675e-08
1.237000e+03 1.064169e-08
1.238000e+03 9.302917e-09
1.239000e+03 8.123478e-09
1.240000e+03 1.209624e-08
1.241000e+03 6.584454e-09
1.242000e+03 7.656811e-09
1.243000e+03 1.099899e-08
1.244000e+03 7.471470e-09
1.245000e+03 3.782184e-08
1.246000e+03 1.977931e-08
1.247000e+03 2.661604e-08
1.248000e+03 5.295141e-09
1.249000e+03 8.350083e-09
1.250000e+03 1.048927e-08
1.251000e+03 1.091635e-08
1.252000e+03 8.065588e-09
1.253000e+03 3.789663e-09
1.254000e+03 9.188773e-09
1.255000e+03 1.706600e-09
1.256000e+03 1.051032e-08
1.257000e+03 1.296094e-08
1.258000e+03 8.336742e-09
1.259000e+03 8.262961e-09
1.260000e+03 1.281590e-08
1.261000e+03 9.416410e-09
1.262000e+03 7.454802e-09
1.263000e+03 5.706230e-09
1.264000e+03 8.231340e-09
1.265000e+03 5.964672e-09
1.266000e+03 1.421718e-08
1.267000e+03 1.311242e-09
1.268000e+03 1.012100e-08
1.269000e+03 1.974757e-08
1.270000e+03 1.350428e-08
1.271000e+03 5.281182e-09
1.272000e+03 3.374148e-09
1.273000e+03 1.905121e-08
1.274000e+03 2.620514e-08
1.275000e+03 8.635525e-09
1.276000e+03 8.477046e-09
1.277000e+03 9.835041e-09
1.278000e+03 1.105871e-08
1.279000e+03 1.510295e-09
1.280000e+03 2.466915e-09
1.281000e+03 8.202771e-09
1.282000e+03 4.960344e-09
1.283000e+03 6.947631e-09
1.284000e+03 1.153714e-08
1.285000e+03 1.512293e-08
1.286000e+03 1.212004e-08
1.287000e+03 1.921507e-09
1.288000e+03 3.289217e-08
1.289000e+03 8.238656e-09
1.290000e+03 9.637974e-09
1.291000e+03 6.779300e-09
1.292000e+03 1.661851e-08
1.293000e+03 4.490620e-10
1.294000e+03 6.587190e-09
1.295000e+03 1.369336e-08
1.296000e+03 1.792459e-08
1.297000e+03 1.522229e-08
1.298000e+03 1.360756e-08
1.299000e+03 1.042438e-08
1.300000e+03 1.218276e-08
1.301000e+03 8.921389e-09
1.302000e+03 3.121131e-10
1.303000e+03 5.675737e-09
1.304000e+03 1.220262e-08
1.305000e+03 9.383275e-09
1.306000e+03 1.117578e-08
1.307000e+03 8.271277e-09
1.308000e+03 1.149438e-08
1.309000e+03 9.147794e-09
1.310000e+03 9.016785e-09
1.311000e+03 2.170354e-08
1.312000e+03 3.485375e-10
1.313000e+03 9.111584e-09
1.314000e+03 1.112949e-08
1.315000e+03 1.474618e-08
1.316000e+03 7.243861e-09
1.317000e+03 1.171809e-08
1.318000e+03 1.726234e-08
1.319000e+03 1.288095e-08
1.320000e+03 7.765963e-09
1.321000e+03 7.196374e-09
1.322000e+03 8.327217e-09
1.323000e+03 1.064927e-08
1.324000e+03 9.525698e-09
1.325000e+03 9.121404e-09
1.326000e+03 1.165027e-08
1.327000e+03 3.144025e-08
1.328000e+03 5.399344e-09
1.329000e+03 2.467517e-08
1.330000e+03 1.088010e-08
1.331000e+03 1.657355e-09
1.332000e+03 1.458142e-08
1.333000e+03 8.545029e-09
1.334000e+03 1.821548e-08
1.335000e+03 5.722449e-09
1.336000e+03 6.676299e-09
1.337000e+03 5.183031e-09
1.338000e+03 6.449125e-09
1.339000e+03 8.435083e-09
1.340000e+03 1.363300e-08
1.341000e+03 1.400454e-08
1.342000e+03 2.506918e-08
1.343000e+03 3.959397e-09
1.344000e+03 3.671157e-09
1.345000e+03 1.301444e-08
1.346000e+03 2.169390e-08
1.347000e+03 6.497602e-09
1.348000e+03 7.986512e-09
1.349000e+03 1.255054e-08
1.350000e+03 3.104912e-08
1.351000e+03 8.527396e-09
1.352000e+03 1.429104e-08
1.353000e+03 6.361448e-10
1.354000e+03 3.485767e-10
1.355000e+03 1.145744e-08
1.356000e+03 8.915665e-09
1.357000e+03 6.221193e-09
1.358000e+03 1.046135e-09
1.359000e+03 1.035343e-08
1.360000e+03 4.498714e-09
1.361000e+03 1.004978e-08
1.362000e+03 1.525743e-08
1.363000e+03 1.539485e-08
1.364000e+03 8.770322e-09
1.365000e+03 9.676763e-09
1.366000e+03 5.063504e-09
1.367000e+03 1.704967e-08
1.368000e+03 1.154840e-08
1.369000e+03 8.503749e-09
1.370000e+03 1.037060e-08
1.371000e+03 9.128880e-09
1.372000e+03 1.397367e-08
1.373000e+03 9.563111e-09
1.374000e+03 1.477187e-08
1.375000e+03 3.724547e-08
1.376000e+03 9.375820e-09
1.377000e+03 1.184374e-09
1.378000e+03 4.201328e-09
1.379000e+03 5.534102e-09
1.380000e+03 1.191323e-08
1.381000e+03 8.618388e-09
1.382000e+03 6.616153e-09
1.383000e+03 3.090689e-08
1.384000e+03 8.042299e-09
1.385000e+03 9.162498e-09
1.386000e+03 2.876017e-08
1.387000e+03 2.014748e-08
1.388000e+03 6.624004e-09
1.389000e+03 1.037416e-08
1.390000e+03 1.568306e-09
1.391000e+03 1.109667e-08
1.392000e+03 5.166075e-09
1.393000e+03 1.930287e-08
1.394000e+03 7.778337e-09
1.395000e+03 8.680996e-09
1.396000e+03 1.197339e-08
1.397000e+03 9.437551e-09
1.398000e+03 1.795535e-08
1.399000e+03 6.425956e-09
1.400000e+03 7.174869e-09
1.401000e+03 8.698441e-09
1.402000e+03 2.587622e-08
1.403000e+03 1.527044e-08
1.404000e+03 1.884837e-08
1.405000e+03 8.019375e-09
1.406000e+03 1.841748e-08
1.407000e+03 4.682797e-09
1.408000e+03 1.947523e-08
1.409000e+03 1.337495e-08
1.410000e+03 4.888852e-09
1.411000e+03 5.327231e-09
1.412000e+03 1.176953e-08
1.413000e+03 2.276490e-08
1.414000e+03 1.309864e-09
1.415000e+03 9.657399e-09
1.416000e+03 5.308868e-09
1.417000e+03 3.884605e-10
1.418000e+03 1.163582e-08
1.419000e+03 9.959199e-09
1.420000e+03 1.439115e-08
1.421000e+03 1.279758e-08
1.422000e+03 1.653954e-08
1.423000e+03 2.199809e-08
1.424000e+03 8.906429e-09
1.425000e+03 7.729840e-09
1.426000e+03 1.551720e-08
1.427000e+03 1.756554e-08
1.428000e+03 1.390019e-08
1.429000e+03 9.034715e-09
1.430000e+03 2.397526e-08
1.431000e+03 3.006511e-08
1.432000e+03 2.033583e-08
1.433000e+03 1.209624e-08
1.434000e+03 4.559973e-09
1.435000e+03 3.469174e-08
1.436000e+03 6.820642e-09
1.437000e+03 9.102061e-09
1.438000e+03 1.723310e-08
1.439000e+03 1.254196e-08
1.440000e+03 8.884370e-09
1.441000e+03 6.022547e-09
1.442000e+03 8.876825e-09
1.443000e+03 1.672406e-08
1.444000e+03 7.948138e-09
1.445000e+03 8.256546e-09
1.446000e+03 9.244158e-09
1.447000e+03 4.112391e-10
1.448000e+03 1.674774e-08
1.449000e+03 1.504150e-08
1.450000e+03 1.582056e-08
1.451000e+03 5.160803e-09
1.452000e+03 9.133447e-09
1.453000e+03 1.471655e-08
1.454000e+03 8.590435e-09
1.455000e+03 8.765604e-09
1.456000e+03 4.402036e-09
1.457000e+03 3.029999e-08
1.458000e+03 8.268443e-10
1.459000e+03 8.532071e-09
1.460000e+03 6.634559e-09
1.461000e+03 9.632508e-10
1.462000e+03 5.699929e-09
1.463000e+03 4.654526e-09
1.464000e+03 4.493041e-09
1.465000e+03 9.896219e-09
1.466000e+03 1.197919e-08
1.467000e+03 8.383823e-09
1.468000e+03 6.095201e-09
1.469000e+03 7.362890e-09
1.470000e+03 2.260699e-09
1.471000e+03 1.635222e-08
1.472000e+03 1.406196e-08
1.473000e+03 8.210603e-09
1.474000e+03 3.300722e-10
1.475000e+03 1.706508e-08
1.476000e+03 2.059250e-08
1.477000e+03 6.862306e-09
1.478000e+03 8.615913e-09
1.479000e+03 3.453574e-09
1.480000e+03 7.852398e-09
1.481000e+03 5.234398e-09
1.482000e+03 2.999751e-09
1.483000e+03 8.302110e-09
1.484000e+03 7.707497e-09
1.485000e+03 9.777798e-09
1.486000e+03 4.875555e-09
1.487000e+03 5.406362e-10
1.488000e+03 5.157570e-09
1.489000e+03 1.785755e-08
1.490000e+03 1.054158e-08
1.491000e+03 7.657466e-09
1.492000e+03 1.120182e-08
1.493000e+03 1.256854e-08
1.494000e+03 1.854269e-08
1.495000e+03 6.422954e-10
1.496000e+03 7.389198e-09
1.497000e+03 8.957970e-09
1.498000e+03 3.776284e-08
1.499000e+03 1.539876e-08
1.500000e+03 1.379253e-08
1.501000e+03 1.007343e-08
1.502000e+03 1.537321e-08
1.503000e+03 9.926243e-09
1.504000e+03 1.255719e-08
1.505000e+03 8.921720e-09
1.506000e+03 4.861977e-09
1.507000e+03 5.209398e-10
1.508000e+03 6.952979e-09
1.509000e+03 8.085245e-09
1.510000e+03 4.217220e-08
1.511000e+03 1.021881e-08
1.512000e+03 8.448753e-09
1.513000e+03 5.168246e-10
1.514000e+03 1.013358e-08
1.515000e+03 1.697382e-08
1.516000e+03 9.065949e-09
1.517000e+03 8.370420e-09
1.518000e+03 1.909756e-08
1.519000e+03 7.804995e-09
1.520000e+03 1.579989e-08
1.521000e+03 1.422758e-08
1.522000e+03 9.406147e-09
1.523000e+03 5.327667e-09
1.524000e+03 9.272558e-09
1.525000e+03 1.355817e-08
1.526000e+03 6.273607e-09
1.527000e+03 5.390306e-09
1.528000e+03 1.000296e-08
1.529000e+03 1.185854e-08
1.530000e+03 6.074149e-09
1.531000e+03 8.887036e-09
1.532000e+03 4.645021e-08
1.533000e+03 8.370774e-09
1.534000e+03 1.290365e-08
1.535000e+03 4.038434e-09
1.536000e+03 5.061996e-09
1.537000e+03 2.089071e-08
1.538000e+03 9.368625e-09
1.539000e+03 9.277605e-09
1.540000e+03 5.283725e-09
1.541000e+03 6.500572e-09
1.542000e+03 7.324596e-09
1.543000e+03 5.902713e-09
1.544000e+03 1.376345e-08
1.545000e+03 5.624085e-09
1.546000e+03 6.183364e-09
1.547000e+03 4.060552e-08
1.548000e+03 1.425428e-08
1.549000e+03 9.511526e-09
1.550000e+03 3.565200e-09
1.551000e+03 5.251913e-09
1.552000e+03 5.887906e-09
1.553000e+03 4.552402e-09
1.554000e+03 2.493027e-09
1.555000e+03 4.101503e-08
1.556000e+03 9.852893e-09
1.557000e+03 2.183442e-08
1.558000e+03 1.682736e-08
1.559000e+03 6.383671e-09
1.560000e+03 2.940451e-09
1.561000e+03 2.168501e-08
1.562000e+03 2.889928e-08
1.563000e+03 7.388720e-09
1.564000e+03 8.636286e-09
1.565000e+03 1.561570e-08
1.566000e+03 9.912124e-09
1.567000e+03 4.298810e-08
1.568000e+03 1.669281e-08
1.569000e+03 5.841877e-09
1.570000e+03 7.066632e-09
1.571000e+03 6.079187e-09
1.572000e+03 1.271474e-08
1.573000e+03 1.861008e-08
1.574000e+03 1.146868e-08
1.575000e+03 1.080120e-08
1.576000e+03 5.178701e-09
1.577000e+03 1.136324e-08
1.578000e+03 8.726517e-09
1.579000e+03 6.686425e-09
1.580000e+03 1.799672e-08
1.581000e+03 1.933590e-08
1.582000e+03 5.437576e-09
1.583000e+03 1.551626e-08
1.584000e+03 1.718367e-08
1.585000e+03 1.049244e-08
1.586000e+03 1.300773e-08
1.587000e+03 1.165448e-08
1.588000e+03 9.287139e-09
1.589000e+03 7.362438e-09
1.590000e+03 7.473084e-09
1.591000e+03 4.283290e-09
1.592000e+03 1.264790e-08
1.593000e+03 8.575569e-10
1.594000e+03 9.306810e-09
1.595000e+03 6.977884e-09
1.596000e+03 1.202822e-08
1.597000e+03 8.917605e-09
1.598000e+03 9.156874e-09
1.599000e+03 6.647098e-09
1.600000e+03 1.930178e-08
1.601000e+03 9.829917e-09
1.602000e+03 1.087369e-08
1.603000e+03 1.918746e-08
1.604000e+03 7.105293e-09
1.605000e+03 1.012129e-08
1.606000e+03 5.938239e-09
1.607000e+03 8.875213e-09
1.608000e+03 5.288021e-09
1.609000e+03 7.788853e-09
1.610000e+03 7.072026e-09
1.611000e+03 9.382842e-09
1.612000e+03 7.490035e-09
1.613000e+03 6.635652e-09
1.614000e+03 3.451037e-09
1.615000e+03 3.613039e-10
1.616000e+03 7.244349e-09
1.617000e+03 2.234213e-08
1.618000e+03 5.230631e-09
1.619000e+03 1.097845e-08
1.620000e+03 2.030385e-08
1.621000e+03 9.472653e-09
1.622000e+03 1.010183e-08
1.623000e+03 4.883135e-09
1.624000e+03 1.284908e-08
1.625000e+03 1.780398e-08
1.626000e+03 7.021844e-09
1.627000e+03 1.144239e-08
1.628000e+03 9.432639e-09
1.629000e+03 1.066689e-08
1.630000e+03 1.391004e-09
1.631000e+03 1.116815e-08
1.632000e+03 5.043087e-09
1.633000e+03 8.459442e-09
1.634000e+03 1.078285e-08
1.635000e+03 8.089006e-09
1.636000e+03 1.594686e-08
1.637000e+03 8.033339e-09
1.638000e+03 1.108869e-08
1.639000e+03 1.958405e-08
1.640000e+03 8.058646e-09
1.641000e+03 4.868007e-08
1.642000e+03 1.594677e-08
1.643000e+03 1.338206e-08
1.644000e+03 1.201976e-08
1.645000e+03 7.951892e-09
1.646000e+03 1.207156e-08
1.647000e+03 1.050074e-08
1.648000e+03 1.041506e-09
1.649000e+03 1.127496e-08
1.650000e+03 3.097168e-09
1.651000e+03 5.020625e-09
1.652000e+03 1.314323e-09
1.653000e+03 1.392626e-09
1.654000e+03 2.943449e-08
1.655000e+03 8.469759e-09
1.656000e+03 1.136223e-08
1.657000e+03 8.122641e-09
1.658000e+03 7.932583e-09
1.659000e+03 1.105249e-08
1.660000e+03 1.625593e-08
1.661000e+03 1.544278e-08
1.662000e+03 2.195956e-08
1.663000e+03 1.476550e-08
1.664000e+03 1.189666e-08
1.665000e+03 9.733787e-09
1.666000e+03 7.287030e-09
1.667000e+03 8.941143e-09
1.668000e+03 1.104780e-08
1.669000e+03 6.668829e-09
1.670000e+03 9.726413e-09
1.671000e+03 6.660480e-10
1.672000e+03 1.153652e-08
1.673000e+03 7.108987e-09
1.674000e+03 1.063640e-08
1.675000e+03 8.769941e-10
1.676000e+03 7.264925e-09
1.677000e+03 9.284827e-09
1.678000e+03 1.933549e-08
1.679000e+03 2.033789e-08
1.680000e+03 7.045132e-09
1.681000e+03 6.266719e-09
1.682000e+03 7.899406e-09
1.683000e+03 9.251589e-09
1.684000e+03 1.328788e-08
1.685000e+03 1.292892e-08
1.686000e+03 1.078907e-08
1.687000e+03 1.214381e-08
1.688000e+03 7.205504e-09
1.689000e+03 7.091984e-09
1.690000e+03 1.710135e-08
1.691000e+03 2.589789e-08
1.692000e+03 1.551067e-08
1.693000e+03 7.653946e-09
1.694000e+03 2.465321e-08
1.695000e+03 6.124567e-09
1.696000e+03 6.117542e-09
1.697000e+03 5.534197e-09
1.698000e+03 5.225301e-09
1.699000e+03 6.035192e-09
1.700000e+03 1.468292e-08
1.701000e+03 1.562394e-08
1.702000e+03 1.678165e-08
1.703000e+03 3.583225e-09
1.704000e+03 4.241659e-09
1.705000e+03 1.392347e-09
1.706000e+03 1.751914e-08
1.707000e+03 7.721825e-09
1.708000e+03 7.184600e-09
1.709000e+03 4.422846e-08
1.710000e+03 9.433700e-09
1.711000e+03 7.986423e-09
1.712000e+03 2.989552e-08
1.713000e+03 7.012418e-09
1.714000e+03 5.861518e-09
1.715000e+03 7.277501e-09
1.716000e+03 1.245529e-08
1.717000e+03 8.711943e-09
1.718000e+03 1.399463e-08
1.719000e+03 4.923144e-08
1.720000e+03 5.839495e-09
1.721000e+03 9.221402e-09
1.722000e+03 4.035122e-09
1.723000e+03 5.074713e-09
1.724000e+03 1.359747e-08
1.725000e+03 5.822239e-09
1.726000e+03 6.528655e-09
1.727000e+03 1.070817e-08
1.728000e+03 5.217064e-09
1.729000e+03 2.639743e-08
1.730000e+03 1.625265e-08
1.731000e+03 8.967367e-09
1.732000e+03 6.312500e-09
1.733000e+03 3.570194e-09
1.734000e+03 1.736846e-08
1.735000e+03 1.713112e-08
1.736000e+03 9.881153e-09
1.737000e+03 1.201304e-08
1.738000e+03 8.207491e-09
1.739000e+03 7.550354e-09
1.740000e+03 9.534911e-09
1.741000e+03 1.773560e-08
1.742000e+03 1.089865e-08
1.743000e+03 8.560962e-09
1.744000e+03 5.302298e-09
1.745000e+03 9.842869e-09
1.746000e+03 9.779543e-09
1.747000e+03 3.636085e-08
1.748000e+03 1.306662e-08
1.749000e+03 6.233858e-09
1.750000e+03 7.738378e-10
1.751000e+03 4.929139e-09
1.752000e+03 4.167307e-09
1.753000e+03 4.824271e-08
1.754000e+03 1.482855e-08
1.755000e+03 8.247164e-09
1.756000e+03 7.023069e-09
1.757000e+03 5.718214e-09
1.758000e+03 1.298269e-08
1.759000e+03 3.611707e-08
1.760000e+03 1.855577e-08
1.761000e+03 6.470971e-09
1.762000e+03 8.478201e-09
1.763000e+03 1.049964e-08
1.764000e+03 1.532894e-08
1.765000e+03 1.316305e-08
1.766000e+03 6.058016e-09
1.767000e+03 5.081255e-09
1.768000e+03 2.571005e-08
1.769000e+03 5.954750e-09
1.770000e+03 2.753850e-09
1.771000e+03 1.053324e-08
1.772000e+03 1.862129e-09
1.773000e+03 1.183970e-08
1.774000e+03 1.009565e-08
1.775000e+03 6.696651e-09
1.776000e+03 3.200704e-09
1.777000e+03 5.393101e-08
1.778000e+03 2.279759e-08
1.779000e+03 8.018608e-09
1.780000e+03 5.532793e-09
1.781000e+03 1.521103e-08
1.782000e+03 3.082873e-08
1.783000e+03 1.287053e-08
1.784000e+03 1.091454e-08
1.785000e+03 5.911044e-09
1.786000e+03 7.267144e-09
1.787000e+03 6.490752e-09
1.788000e+03 1.080217e-08
1.789000e+03 1.547690e-08
1.790000e+03 2.113493e-08
1.791000e+03 2.411852e-08
1.792000e+03 6.887210e-09
1.793000e+03 9.598917e-09
1.794000e+03 4.159059e-09
1.795000e+03 2.583428e-08
1.796000e+03 1.668793e-08
1.797000e+03 9.304418e-09
1.798000e+03 1.020890e-08
1.799000e+03 9.839540e-09
1.800000e+03 6.243726e-09
