Title ="THE FLUX ERR"
Variables=
iter
residual
1.000000e+00 9.771847e-04
2.000000e+00 2.365031e-03
3.000000e+00 1.298011e-03
4.000000e+00 2.884369e-03
5.000000e+00 1.415472e-04
6.000000e+00 1.656909e-04
7.000000e+00 8.016513e-04
8.000000e+00 1.368451e-03
9.000000e+00 7.051852e-04
1.000000e+01 1.314541e-04
1.100000e+01 7.027372e-04
1.200000e+01 5.133743e-04
1.300000e+01 3.833467e-04
1.400000e+01 5.173911e-05
1.500000e+01 3.064257e-05
1.600000e+01 6.448165e-05
1.700000e+01 8.564709e-05
1.800000e+01 1.229670e-04
1.900000e+01 1.136934e-05
2.000000e+01 4.202982e-05
2.100000e+01 6.498209e-05
2.200000e+01 1.148188e-04
2.300000e+01 6.006582e-05
2.400000e+01 4.795521e-05
2.500000e+01 4.638748e-05
2.600000e+01 4.670908e-05
2.700000e+01 6.205223e-05
2.800000e+01 6.774129e-05
2.900000e+01 6.259836e-05
3.000000e+01 9.578552e-05
3.100000e+01 4.770039e-05
3.200000e+01 6.777362e-05
3.300000e+01 4.758104e-05
3.400000e+01 7.664869e-05
3.500000e+01 5.295974e-05
3.600000e+01 5.284402e-05
3.700000e+01 3.467062e-05
3.800000e+01 3.254072e-05
3.900000e+01 3.131168e-05
4.000000e+01 3.242110e-05
4.100000e+01 2.064420e-05
4.200000e+01 3.341421e-05
4.300000e+01 2.317003e-05
4.400000e+01 2.674759e-05
4.500000e+01 2.337794e-05
4.600000e+01 1.407373e-04
4.700000e+01 2.569109e-05
4.800000e+01 1.255983e-04
4.900000e+01 1.880559e-04
5.000000e+01 2.715210e-05
5.100000e+01 1.456373e-04
5.200000e+01 1.868322e-04
5.300000e+01 2.209581e-04
5.400000e+01 2.265252e-04
5.500000e+01 2.265915e-04
5.600000e+01 1.858269e-04
5.700000e+01 2.066525e-04
5.800000e+01 2.051032e-04
5.900000e+01 1.961297e-04
6.000000e+01 1.772010e-04
6.100000e+01 2.050455e-04
6.200000e+01 2.118670e-04
6.300000e+01 1.938631e-04
6.400000e+01 1.970948e-04
6.500000e+01 1.673749e-04
6.600000e+01 1.656827e-04
6.700000e+01 1.711708e-04
6.800000e+01 1.574496e-04
6.900000e+01 1.539930e-04
7.000000e+01 1.607673e-04
7.100000e+01 1.691552e-04
7.200000e+01 1.630347e-04
7.300000e+01 1.914613e-04
7.400000e+01 2.358500e-04
7.500000e+01 3.098904e-04
7.600000e+01 2.474472e-04
7.700000e+01 2.751434e-04
7.800000e+01 3.362162e-04
7.900000e+01 3.316756e-04
8.000000e+01 2.583152e-04
8.100000e+01 3.958251e-04
8.200000e+01 3.607891e-04
8.300000e+01 3.267625e-04
8.400000e+01 3.034997e-04
8.500000e+01 2.890232e-04
8.600000e+01 3.156928e-04
8.700000e+01 3.222908e-04
8.800000e+01 3.304903e-04
8.900000e+01 2.456403e-04
9.000000e+01 2.131710e-04
9.100000e+01 1.859676e-04
9.200000e+01 1.295464e-04
9.300000e+01 1.007342e-04
9.400000e+01 9.383921e-05
9.500000e+01 8.023931e-05
9.600000e+01 1.019013e-04
9.700000e+01 1.024140e-04
9.800000e+01 1.245707e-04
9.900000e+01 1.496133e-04
1.000000e+02 1.698849e-04
1.010000e+02 2.315521e-04
1.020000e+02 2.295868e-04
1.030000e+02 2.445525e-04
1.040000e+02 2.574860e-04
1.050000e+02 2.712433e-04
1.060000e+02 3.651300e-05
1.070000e+02 2.579951e-04
1.080000e+02 2.843723e-04
1.090000e+02 2.571815e-04
1.100000e+02 2.917223e-04
1.110000e+02 2.872365e-04
1.120000e+02 4.805536e-05
1.130000e+02 2.439584e-04
1.140000e+02 2.779069e-04
1.150000e+02 2.517437e-04
1.160000e+02 1.903678e-04
1.170000e+02 1.935538e-04
1.180000e+02 1.700578e-04
1.190000e+02 1.865772e-04
1.200000e+02 1.938887e-04
1.210000e+02 1.742032e-04
1.220000e+02 1.711620e-04
1.230000e+02 1.440543e-04
1.240000e+02 1.066543e-04
1.250000e+02 8.632635e-05
1.260000e+02 6.513638e-05
1.270000e+02 5.316755e-05
1.280000e+02 4.198809e-05
1.290000e+02 3.258649e-05
1.300000e+02 3.093217e-05
1.310000e+02 3.531886e-05
1.320000e+02 3.870787e-05
1.330000e+02 4.813266e-05
1.340000e+02 5.781522e-05
1.350000e+02 6.152858e-05
1.360000e+02 7.353811e-05
1.370000e+02 6.642089e-05
1.380000e+02 5.630698e-05
1.390000e+02 8.176725e-05
1.400000e+02 6.923045e-05
1.410000e+02 8.746389e-05
1.420000e+02 7.073559e-05
1.430000e+02 9.336342e-05
1.440000e+02 8.977311e-05
1.450000e+02 7.817985e-05
1.460000e+02 7.707525e-05
1.470000e+02 7.932438e-05
1.480000e+02 8.115847e-05
1.490000e+02 6.197117e-05
1.500000e+02 7.305000e-05
1.510000e+02 7.614400e-05
1.520000e+02 7.712017e-05
1.530000e+02 7.378726e-05
1.540000e+02 7.580659e-05
1.550000e+02 7.569540e-05
1.560000e+02 6.658697e-05
1.570000e+02 5.487989e-05
1.580000e+02 5.600541e-05
1.590000e+02 5.969880e-05
1.600000e+02 5.373166e-05
1.610000e+02 5.800013e-05
1.620000e+02 4.752214e-05
1.630000e+02 3.079841e-05
1.640000e+02 3.322228e-05
1.650000e+02 3.339280e-05
1.660000e+02 4.610352e-05
1.670000e+02 3.893254e-05
1.680000e+02 3.766424e-05
1.690000e+02 3.831945e-05
1.700000e+02 2.828125e-05
1.710000e+02 2.795267e-05
1.720000e+02 2.652486e-05
1.730000e+02 2.678875e-05
1.740000e+02 2.497157e-05
1.750000e+02 2.047367e-05
1.760000e+02 2.006394e-05
1.770000e+02 2.104666e-05
1.780000e+02 1.921046e-05
1.790000e+02 1.671409e-05
1.800000e+02 1.852659e-05
1.810000e+02 1.848250e-05
1.820000e+02 1.818919e-05
1.830000e+02 1.921578e-05
1.840000e+02 1.669387e-05
1.850000e+02 2.096001e-05
1.860000e+02 1.941411e-05
1.870000e+02 1.970848e-05
1.880000e+02 2.213346e-05
1.890000e+02 2.084082e-05
1.900000e+02 1.885980e-05
1.910000e+02 2.001324e-05
1.920000e+02 1.626204e-05
1.930000e+02 1.673664e-05
1.940000e+02 2.389161e-05
1.950000e+02 2.094013e-05
1.960000e+02 1.870885e-05
1.970000e+02 1.491650e-05
1.980000e+02 1.756550e-05
1.990000e+02 1.835835e-05
2.000000e+02 1.678557e-05
2.010000e+02 1.663950e-05
2.020000e+02 1.729495e-05
2.030000e+02 1.564395e-05
2.040000e+02 1.727647e-05
2.050000e+02 1.490150e-05
2.060000e+02 1.841198e-05
2.070000e+02 1.381655e-05
2.080000e+02 1.134963e-05
2.090000e+02 1.381839e-05
2.100000e+02 1.410366e-05
2.110000e+02 1.174820e-05
2.120000e+02 1.338991e-05
2.130000e+02 8.753707e-06
2.140000e+02 1.473716e-05
2.150000e+02 1.395636e-05
2.160000e+02 1.370457e-05
2.170000e+02 1.372824e-05
2.180000e+02 1.124899e-05
2.190000e+02 1.164746e-05
2.200000e+02 1.055455e-05
2.210000e+02 1.067596e-05
2.220000e+02 1.056696e-05
2.230000e+02 8.013559e-06
2.240000e+02 8.874611e-06
2.250000e+02 8.014694e-06
2.260000e+02 7.371284e-06
2.270000e+02 5.905116e-06
2.280000e+02 5.721940e-06
2.290000e+02 5.548033e-06
2.300000e+02 5.316846e-06
2.310000e+02 4.873332e-06
2.320000e+02 4.806577e-06
2.330000e+02 5.075783e-06
2.340000e+02 4.929034e-06
2.350000e+02 4.521678e-06
2.360000e+02 4.487365e-06
2.370000e+02 4.711467e-06
2.380000e+02 4.406792e-06
2.390000e+02 4.661740e-06
2.400000e+02 4.493227e-06
2.410000e+02 4.722489e-06
2.420000e+02 4.977218e-06
2.430000e+02 4.938093e-06
2.440000e+02 4.838069e-06
2.450000e+02 4.613486e-06
2.460000e+02 4.671982e-06
2.470000e+02 4.601002e-06
2.480000e+02 4.570299e-06
2.490000e+02 4.580655e-06
2.500000e+02 4.678510e-06
2.510000e+02 4.600465e-06
2.520000e+02 4.564676e-06
2.530000e+02 4.110782e-06
2.540000e+02 4.249641e-06
2.550000e+02 3.677351e-06
2.560000e+02 3.549515e-06
2.570000e+02 3.626753e-06
2.580000e+02 3.873297e-06
2.590000e+02 3.130190e-06
2.600000e+02 3.771852e-06
2.610000e+02 3.850106e-06
2.620000e+02 3.377085e-06
2.630000e+02 3.553897e-06
2.640000e+02 3.394131e-06
2.650000e+02 2.373097e-06
2.660000e+02 2.663036e-06
2.670000e+02 2.507569e-06
2.680000e+02 2.409492e-06
2.690000e+02 2.292448e-06
2.700000e+02 2.659422e-06
2.710000e+02 2.604019e-06
2.720000e+02 2.548142e-06
2.730000e+02 2.414757e-06
2.740000e+02 2.627847e-06
2.750000e+02 2.639579e-06
2.760000e+02 2.491569e-06
2.770000e+02 2.426053e-06
2.780000e+02 1.383178e-06
2.790000e+02 1.269383e-06
2.800000e+02 1.227198e-06
2.810000e+02 1.239273e-06
2.820000e+02 1.439211e-06
2.830000e+02 1.787572e-06
2.840000e+02 1.798605e-06
2.850000e+02 1.727879e-06
2.860000e+02 1.606989e-06
2.870000e+02 1.320954e-06
2.880000e+02 1.192514e-06
2.890000e+02 1.170643e-06
2.900000e+02 1.081647e-06
2.910000e+02 1.184085e-06
2.920000e+02 1.131180e-06
2.930000e+02 1.067796e-06
2.940000e+02 1.080281e-06
2.950000e+02 1.104327e-06
2.960000e+02 9.387650e-07
2.970000e+02 9.739515e-07
2.980000e+02 9.793378e-07
2.990000e+02 1.035117e-06
3.000000e+02 1.045742e-06
3.010000e+02 1.033552e-06
3.020000e+02 1.041589e-06
3.030000e+02 1.049582e-06
3.040000e+02 1.061709e-06
3.050000e+02 1.037308e-06
3.060000e+02 1.023944e-06
3.070000e+02 1.054453e-06
3.080000e+02 1.112877e-06
3.090000e+02 1.099811e-06
3.100000e+02 1.083742e-06
3.110000e+02 1.081921e-06
3.120000e+02 1.030941e-06
3.130000e+02 1.011234e-06
3.140000e+02 1.039590e-06
3.150000e+02 9.216606e-07
3.160000e+02 9.723553e-07
3.170000e+02 9.288130e-07
3.180000e+02 9.302064e-07
3.190000e+02 9.479802e-07
3.200000e+02 8.885948e-07
3.210000e+02 8.684086e-07
3.220000e+02 8.605354e-07
3.230000e+02 8.529071e-07
3.240000e+02 8.476974e-07
3.250000e+02 7.193268e-07
3.260000e+02 6.851012e-07
3.270000e+02 9.048306e-07
3.280000e+02 9.688668e-07
3.290000e+02 9.369084e-07
3.300000e+02 9.161679e-07
3.310000e+02 9.075720e-07
3.320000e+02 9.832545e-07
3.330000e+02 9.797861e-07
3.340000e+02 9.029045e-07
3.350000e+02 9.000960e-07
3.360000e+02 8.527627e-07
3.370000e+02 8.814717e-07
3.380000e+02 8.693541e-07
3.390000e+02 8.497749e-07
3.400000e+02 8.435524e-07
3.410000e+02 7.904654e-07
3.420000e+02 7.665441e-07
3.430000e+02 7.454936e-07
3.440000e+02 7.517273e-07
3.450000e+02 7.435244e-07
3.460000e+02 7.197510e-07
3.470000e+02 7.090908e-07
3.480000e+02 7.198384e-07
3.490000e+02 7.521155e-07
3.500000e+02 7.208942e-07
3.510000e+02 7.208369e-07
3.520000e+02 7.072838e-07
3.530000e+02 1.834236e-07
3.540000e+02 9.643985e-07
3.550000e+02 1.331416e-06
3.560000e+02 1.146334e-06
3.570000e+02 1.235234e-06
3.580000e+02 1.226040e-06
3.590000e+02 1.204217e-06
3.600000e+02 1.238076e-06
3.610000e+02 1.181386e-06
3.620000e+02 1.337005e-06
3.630000e+02 1.848797e-07
3.640000e+02 7.766709e-07
3.650000e+02 1.944841e-07
3.660000e+02 1.558026e-07
3.670000e+02 2.047981e-07
3.680000e+02 1.741666e-07
3.690000e+02 2.014140e-07
3.700000e+02 1.875742e-07
3.710000e+02 7.441848e-07
3.720000e+02 2.041487e-07
3.730000e+02 1.971027e-07
3.740000e+02 2.212573e-07
3.750000e+02 2.467904e-07
3.760000e+02 7.685589e-07
3.770000e+02 1.954257e-07
3.780000e+02 1.494897e-07
3.790000e+02 6.963159e-07
3.800000e+02 1.530727e-07
3.810000e+02 1.183061e-07
3.820000e+02 6.067117e-07
3.830000e+02 1.927167e-07
3.840000e+02 1.099738e-07
3.850000e+02 5.855713e-07
3.860000e+02 1.497930e-07
3.870000e+02 1.007666e-07
3.880000e+02 5.551857e-07
3.890000e+02 4.754639e-07
3.900000e+02 1.847083e-07
3.910000e+02 1.206635e-07
3.920000e+02 5.604295e-07
3.930000e+02 4.462228e-07
3.940000e+02 1.866198e-07
3.950000e+02 1.292552e-07
3.960000e+02 5.680201e-08
3.970000e+02 3.856458e-07
3.980000e+02 1.672216e-07
3.990000e+02 1.187140e-07
4.000000e+02 5.429740e-08
4.010000e+02 3.612106e-07
4.020000e+02 3.039718e-07
4.030000e+02 2.418693e-07
4.040000e+02 1.526061e-07
4.050000e+02 5.437400e-08
4.060000e+02 3.408077e-07
4.070000e+02 2.739533e-07
4.080000e+02 2.203814e-07
4.090000e+02 2.590211e-07
4.100000e+02 1.680490e-07
4.110000e+02 5.262200e-08
4.120000e+02 3.191279e-07
4.130000e+02 2.563995e-07
4.140000e+02 1.903485e-07
4.150000e+02 1.432342e-07
4.160000e+02 8.033850e-08
4.170000e+02 3.762039e-08
4.180000e+02 2.733707e-07
4.190000e+02 2.092695e-07
4.200000e+02 1.716924e-07
4.210000e+02 1.604177e-07
4.220000e+02 1.577028e-07
4.230000e+02 8.666674e-08
4.240000e+02 3.945650e-08
4.250000e+02 2.922537e-08
4.260000e+02 1.936275e-07
4.270000e+02 1.687031e-07
4.280000e+02 1.474805e-07
4.290000e+02 1.369376e-07
4.300000e+02 1.467383e-07
4.310000e+02 1.944989e-07
4.320000e+02 2.210882e-07
4.330000e+02 5.665183e-08
4.340000e+02 2.533926e-08
4.350000e+02 1.898821e-07
4.360000e+02 1.509450e-07
4.370000e+02 1.479738e-07
4.380000e+02 1.298617e-07
4.390000e+02 1.130052e-07
4.400000e+02 1.014100e-07
4.410000e+02 9.943726e-08
4.420000e+02 2.691621e-07
4.430000e+02 2.056717e-07
4.440000e+02 5.901651e-08
4.450000e+02 2.430114e-08
4.460000e+02 1.520525e-07
4.470000e+02 1.132238e-07
4.480000e+02 9.471479e-08
4.490000e+02 7.977955e-08
4.500000e+02 7.825977e-08
4.510000e+02 7.777177e-08
4.520000e+02 8.029419e-08
4.530000e+02 9.387344e-08
4.540000e+02 7.932826e-08
4.550000e+02 1.310663e-07
4.560000e+02 9.563092e-08
4.570000e+02 4.162801e-08
4.580000e+02 2.048353e-07
4.590000e+02 1.486387e-07
4.600000e+02 1.024048e-07
4.610000e+02 8.025782e-08
4.620000e+02 7.496485e-08
4.630000e+02 6.645382e-08
4.640000e+02 6.432511e-08
4.650000e+02 7.597273e-08
4.660000e+02 8.511955e-08
4.670000e+02 6.594337e-08
4.680000e+02 6.083618e-08
4.690000e+02 7.818533e-08
4.700000e+02 7.559619e-08
4.710000e+02 5.917832e-08
4.720000e+02 5.713099e-08
4.730000e+02 6.251367e-08
4.740000e+02 2.201711e-08
4.750000e+02 1.363795e-08
4.760000e+02 8.976183e-08
4.770000e+02 1.824261e-08
4.780000e+02 1.209064e-07
4.790000e+02 9.485847e-08
4.800000e+02 7.229016e-08
4.810000e+02 6.240808e-08
4.820000e+02 5.346575e-08
4.830000e+02 5.156217e-08
4.840000e+02 5.012265e-08
4.850000e+02 7.091517e-08
4.860000e+02 7.033620e-08
4.870000e+02 5.500552e-08
4.880000e+02 6.272534e-08
4.890000e+02 4.985654e-08
4.900000e+02 4.547535e-08
4.910000e+02 4.503072e-08
4.920000e+02 5.295328e-08
4.930000e+02 4.927686e-08
4.940000e+02 5.415621e-08
4.950000e+02 5.279539e-08
4.960000e+02 4.051935e-08
4.970000e+02 3.699806e-08
4.980000e+02 3.563006e-08
4.990000e+02 3.557540e-08
5.000000e+02 3.995830e-08
5.010000e+02 4.492731e-08
5.020000e+02 4.815882e-08
5.030000e+02 4.089765e-08
5.040000e+02 1.837820e-08
5.050000e+02 1.363347e-08
5.060000e+02 1.096097e-07
5.070000e+02 3.812487e-08
5.080000e+02 1.076674e-07
5.090000e+02 8.459819e-08
5.100000e+02 6.145589e-08
5.110000e+02 4.862698e-08
5.120000e+02 3.853427e-08
5.130000e+02 3.606376e-08
5.140000e+02 3.161301e-08
5.150000e+02 3.362578e-08
5.160000e+02 3.184897e-08
5.170000e+02 5.697388e-08
5.180000e+02 4.933130e-08
5.190000e+02 3.336630e-08
5.200000e+02 3.912263e-08
5.210000e+02 3.154205e-08
5.220000e+02 2.738611e-08
5.230000e+02 4.312630e-08
5.240000e+02 4.168762e-08
5.250000e+02 3.080725e-08
5.260000e+02 3.437868e-08
5.270000e+02 3.111771e-08
5.280000e+02 3.243256e-08
5.290000e+02 3.261189e-08
5.300000e+02 3.354605e-08
5.310000e+02 3.669364e-08
5.320000e+02 2.881234e-08
5.330000e+02 4.562533e-08
5.340000e+02 4.451818e-08
5.350000e+02 2.821180e-08
5.360000e+02 2.522921e-08
5.370000e+02 3.755371e-08
5.380000e+02 4.777243e-08
5.390000e+02 3.093960e-08
5.400000e+02 2.915360e-08
5.410000e+02 2.504478e-08
5.420000e+02 2.441125e-08
5.430000e+02 2.262106e-08
5.440000e+02 2.335621e-08
5.450000e+02 3.338078e-08
5.460000e+02 3.018246e-08
5.470000e+02 3.149212e-08
5.480000e+02 2.552056e-08
5.490000e+02 3.263448e-08
5.500000e+02 4.181825e-08
5.510000e+02 2.580425e-08
5.520000e+02 2.252604e-08
5.530000e+02 2.465013e-08
5.540000e+02 1.897358e-08
5.550000e+02 1.188707e-08
5.560000e+02 6.003592e-09
5.570000e+02 5.003187e-08
5.580000e+02 1.016997e-07
5.590000e+02 7.973638e-08
5.600000e+02 6.050217e-08
5.610000e+02 3.338164e-08
5.620000e+02 2.846129e-08
5.630000e+02 2.739737e-08
5.640000e+02 3.233773e-08
5.650000e+02 4.943245e-08
5.660000e+02 4.721714e-08
5.670000e+02 3.492197e-08
5.680000e+02 2.515886e-08
5.690000e+02 2.315578e-08
5.700000e+02 2.379599e-08
5.710000e+02 2.299455e-08
5.720000e+02 2.708639e-08
5.730000e+02 3.089560e-08
5.740000e+02 4.723998e-08
5.750000e+02 2.722968e-08
5.760000e+02 2.290293e-08
5.770000e+02 2.252700e-08
5.780000e+02 2.246901e-08
5.790000e+02 2.106374e-08
5.800000e+02 2.226497e-08
5.810000e+02 4.627804e-08
5.820000e+02 4.529701e-08
5.830000e+02 3.012822e-08
5.840000e+02 2.211212e-08
5.850000e+02 2.176519e-08
5.860000e+02 2.089445e-08
5.870000e+02 1.837897e-08
5.880000e+02 1.848703e-08
5.890000e+02 2.411314e-08
5.900000e+02 2.125078e-08
5.910000e+02 1.900248e-08
5.920000e+02 2.465370e-08
5.930000e+02 1.851463e-08
5.940000e+02 1.637373e-08
5.950000e+02 2.632534e-08
5.960000e+02 2.887540e-08
5.970000e+02 3.594385e-08
5.980000e+02 3.252546e-08
5.990000e+02 1.982488e-08
6.000000e+02 2.026747e-08
6.010000e+02 2.286238e-08
6.020000e+02 2.694022e-08
6.030000e+02 2.659123e-08
6.040000e+02 1.922405e-08
6.050000e+02 1.847048e-08
6.060000e+02 1.548919e-08
6.070000e+02 1.846190e-08
6.080000e+02 1.715030e-08
6.090000e+02 2.678382e-08
6.100000e+02 4.111771e-08
6.110000e+02 2.370634e-08
6.120000e+02 2.152087e-08
6.130000e+02 3.032243e-08
6.140000e+02 3.177283e-08
6.150000e+02 1.793098e-08
6.160000e+02 1.683154e-08
6.170000e+02 2.117037e-08
6.180000e+02 2.501359e-08
6.190000e+02 2.537180e-08
6.200000e+02 2.027983e-08
6.210000e+02 1.578619e-08
6.220000e+02 1.551499e-08
6.230000e+02 1.646697e-08
6.240000e+02 1.453240e-08
6.250000e+02 1.921490e-08
6.260000e+02 1.954840e-08
6.270000e+02 1.542298e-08
6.280000e+02 1.877745e-08
6.290000e+02 3.366774e-08
6.300000e+02 3.203810e-08
6.310000e+02 2.671041e-08
6.320000e+02 3.323243e-08
6.330000e+02 1.943956e-08
6.340000e+02 1.001883e-08
6.350000e+02 1.179607e-07
6.360000e+02 7.777879e-08
6.370000e+02 9.181735e-08
6.380000e+02 5.570770e-08
6.390000e+02 3.986427e-08
6.400000e+02 2.407884e-08
6.410000e+02 1.999956e-08
6.420000e+02 1.887203e-08
6.430000e+02 2.079812e-08
6.440000e+02 2.197232e-08
6.450000e+02 2.633802e-08
6.460000e+02 3.087647e-08
6.470000e+02 2.173240e-08
6.480000e+02 1.771474e-08
6.490000e+02 2.064279e-08
6.500000e+02 1.785908e-08
6.510000e+02 1.573130e-08
6.520000e+02 2.057476e-08
6.530000e+02 2.954217e-08
6.540000e+02 3.302187e-08
6.550000e+02 2.523774e-08
6.560000e+02 1.909085e-08
6.570000e+02 1.812478e-08
6.580000e+02 1.569329e-08
6.590000e+02 1.751765e-08
6.600000e+02 1.699130e-08
6.610000e+02 4.202573e-08
6.620000e+02 3.352935e-08
6.630000e+02 1.634283e-08
6.640000e+02 2.435537e-08
6.650000e+02 1.755874e-08
6.660000e+02 1.412342e-08
6.670000e+02 2.285645e-08
6.680000e+02 2.772266e-08
6.690000e+02 1.684398e-08
6.700000e+02 1.663306e-08
6.710000e+02 1.700078e-08
6.720000e+02 4.314962e-08
6.730000e+02 1.861035e-08
6.740000e+02 2.168902e-08
6.750000e+02 2.444932e-08
6.760000e+02 1.690421e-08
6.770000e+02 3.643379e-08
6.780000e+02 3.467127e-08
6.790000e+02 1.766710e-08
6.800000e+02 1.381552e-08
6.810000e+02 2.746774e-08
6.820000e+02 3.679908e-08
6.830000e+02 2.141631e-08
6.840000e+02 1.747022e-08
6.850000e+02 1.346680e-08
6.860000e+02 1.361075e-08
6.870000e+02 1.184449e-08
6.880000e+02 1.239498e-08
6.890000e+02 2.209570e-08
6.900000e+02 2.436944e-08
6.910000e+02 2.294370e-08
6.920000e+02 1.460336e-08
6.930000e+02 2.518381e-08
6.940000e+02 3.293806e-08
6.950000e+02 1.684306e-08
6.960000e+02 1.312710e-08
6.970000e+02 1.829849e-08
6.980000e+02 1.692651e-08
6.990000e+02 1.198176e-08
7.000000e+02 1.668207e-08
7.010000e+02 1.495653e-08
7.020000e+02 1.194826e-08
7.030000e+02 2.443144e-08
7.040000e+02 2.914035e-08
7.050000e+02 1.617996e-08
7.060000e+02 1.496512e-08
7.070000e+02 1.501948e-08
7.080000e+02 3.722450e-09
7.090000e+02 4.276511e-08
7.100000e+02 4.104383e-08
7.110000e+02 2.346073e-08
7.120000e+02 1.436892e-08
7.130000e+02 1.376357e-08
7.140000e+02 1.518985e-08
7.150000e+02 1.259328e-08
7.160000e+02 1.665457e-08
7.170000e+02 3.070173e-08
7.180000e+02 3.657454e-08
7.190000e+02 1.752392e-08
7.200000e+02 1.304554e-08
7.210000e+02 2.840431e-08
7.220000e+02 1.357241e-08
7.230000e+02 1.123837e-08
7.240000e+02 1.369067e-08
7.250000e+02 4.034768e-08
7.260000e+02 4.054977e-08
7.270000e+02 2.342148e-08
7.280000e+02 1.569338e-08
7.290000e+02 1.722783e-08
7.300000e+02 1.615245e-08
7.310000e+02 1.318592e-08
7.320000e+02 1.244262e-08
7.330000e+02 1.950711e-08
7.340000e+02 1.475241e-08
7.350000e+02 1.443588e-08
7.360000e+02 1.883164e-08
7.370000e+02 1.159273e-08
7.380000e+02 1.057661e-08
7.390000e+02 2.455786e-08
7.400000e+02 2.402052e-08
7.410000e+02 3.277575e-08
7.420000e+02 2.857225e-08
7.430000e+02 1.477031e-08
7.440000e+02 2.375170e-08
7.450000e+02 2.003300e-08
7.460000e+02 2.412731e-08
7.470000e+02 2.264580e-08
7.480000e+02 1.696470e-08
7.490000e+02 1.638847e-07
7.500000e+02 9.329224e-08
7.510000e+02 4.630835e-08
7.520000e+02 7.345509e-08
7.530000e+02 8.367445e-08
7.540000e+02 5.607057e-08
7.550000e+02 2.984340e-08
7.560000e+02 2.341768e-08
7.570000e+02 3.246086e-08
7.580000e+02 3.189215e-08
7.590000e+02 1.631072e-08
7.600000e+02 1.523058e-08
7.610000e+02 2.197155e-08
7.620000e+02 2.307819e-08
7.630000e+02 2.554790e-08
7.640000e+02 1.934709e-08
7.650000e+02 1.408574e-08
7.660000e+02 1.553591e-08
7.670000e+02 1.549754e-08
7.680000e+02 1.561879e-08
7.690000e+02 1.764376e-08
7.700000e+02 1.597720e-08
7.710000e+02 1.672862e-08
7.720000e+02 1.619015e-08
7.730000e+02 3.331595e-08
7.740000e+02 3.098219e-08
7.750000e+02 2.354014e-08
7.760000e+02 3.103959e-08
7.770000e+02 1.452059e-08
7.780000e+02 1.471017e-08
7.790000e+02 1.562746e-08
7.800000e+02 6.490067e-08
7.810000e+02 1.894570e-08
7.820000e+02 1.835184e-08
7.830000e+02 2.020469e-08
7.840000e+02 1.045023e-08
7.850000e+02 1.068081e-08
7.860000e+02 1.085685e-08
7.870000e+02 1.060948e-08
7.880000e+02 2.182818e-08
7.890000e+02 2.154546e-08
7.900000e+02 2.480112e-08
7.910000e+02 1.431022e-08
7.920000e+02 1.066218e-08
7.930000e+02 1.353938e-08
7.940000e+02 1.197983e-08
7.950000e+02 8.007354e-09
7.960000e+02 1.430777e-08
7.970000e+02 2.304193e-08
7.980000e+02 7.160043e-08
7.990000e+02 1.820043e-08
8.000000e+02 1.282912e-08
8.010000e+02 2.601979e-08
8.020000e+02 9.804954e-09
8.030000e+02 1.243038e-08
8.040000e+02 1.488872e-08
8.050000e+02 3.908921e-08
8.060000e+02 3.085564e-08
8.070000e+02 1.307958e-08
8.080000e+02 1.894429e-08
8.090000e+02 1.360039e-08
8.100000e+02 9.650917e-09
8.110000e+02 2.374606e-08
8.120000e+02 2.393646e-08
8.130000e+02 1.258746e-08
8.140000e+02 1.290397e-08
8.150000e+02 1.399933e-08
8.160000e+02 2.539913e-08
8.170000e+02 4.863887e-08
8.180000e+02 1.758115e-08
8.190000e+02 2.084958e-08
8.200000e+02 1.267859e-08
8.210000e+02 3.428240e-08
8.220000e+02 3.261136e-08
8.230000e+02 1.250749e-08
8.240000e+02 8.955830e-09
8.250000e+02 2.488746e-08
8.260000e+02 3.443865e-08
8.270000e+02 1.799503e-08
8.280000e+02 1.479872e-08
8.290000e+02 1.100398e-08
8.300000e+02 1.257486e-08
8.310000e+02 8.560025e-09
8.320000e+02 9.961024e-09
8.330000e+02 1.916070e-08
8.340000e+02 3.778853e-08
8.350000e+02 1.845354e-08
8.360000e+02 2.991431e-08
8.370000e+02 2.308779e-08
8.380000e+02 3.055513e-08
8.390000e+02 1.293829e-08
8.400000e+02 9.136684e-09
8.410000e+02 1.586953e-08
8.420000e+02 1.340915e-08
8.430000e+02 1.616695e-08
8.440000e+02 1.329607e-08
8.450000e+02 1.222061e-08
8.460000e+02 1.261999e-08
8.470000e+02 2.518709e-08
8.480000e+02 2.585154e-08
8.490000e+02 5.063252e-08
8.500000e+02 1.170039e-08
8.510000e+02 1.088227e-08
8.520000e+02 2.082438e-08
8.530000e+02 4.050710e-08
8.540000e+02 3.838279e-08
8.550000e+02 2.082042e-08
8.560000e+02 1.055950e-08
8.570000e+02 1.123418e-08
8.580000e+02 1.273663e-08
8.590000e+02 9.289442e-09
8.600000e+02 1.766259e-08
8.610000e+02 3.970180e-08
8.620000e+02 3.313577e-08
8.630000e+02 1.462466e-08
8.640000e+02 1.646683e-09
8.650000e+02 1.599816e-08
8.660000e+02 1.113972e-08
8.670000e+02 8.931085e-09
8.680000e+02 1.930428e-08
8.690000e+02 3.921882e-08
8.700000e+02 3.951866e-08
8.710000e+02 2.064098e-08
8.720000e+02 1.199724e-08
8.730000e+02 1.339670e-08
8.740000e+02 1.307942e-08
8.750000e+02 1.078528e-08
8.760000e+02 8.918782e-09
8.770000e+02 1.684101e-08
8.780000e+02 1.487303e-08
8.790000e+02 1.706475e-08
8.800000e+02 1.572134e-08
8.810000e+02 1.223516e-08
8.820000e+02 8.067801e-09
8.830000e+02 3.234322e-08
8.840000e+02 2.026242e-08
8.850000e+02 3.145168e-08
8.860000e+02 2.676216e-08
8.870000e+02 1.232656e-08
8.880000e+02 3.025051e-08
8.890000e+02 1.557379e-08
8.900000e+02 1.974461e-08
8.910000e+02 1.982469e-08
8.920000e+02 1.139044e-08
8.930000e+02 1.047367e-08
8.940000e+02 1.341124e-08
8.950000e+02 1.311544e-08
8.960000e+02 2.401072e-08
8.970000e+02 4.934314e-08
8.980000e+02 3.665744e-08
8.990000e+02 1.622865e-08
9.000000e+02 3.786526e-08
9.010000e+02 2.863820e-08
9.020000e+02 2.788103e-08
9.030000e+02 1.035322e-08
9.040000e+02 9.208151e-09
9.050000e+02 1.908774e-08
9.060000e+02 2.292674e-08
9.070000e+02 1.787722e-08
9.080000e+02 1.288018e-08
9.090000e+02 1.204062e-08
9.100000e+02 1.093150e-08
9.110000e+02 1.107286e-08
9.120000e+02 1.810580e-08
9.130000e+02 1.407264e-08
9.140000e+02 1.070346e-08
9.150000e+02 2.909750e-08
9.160000e+02 1.133171e-08
9.170000e+02 3.013556e-08
9.180000e+02 2.942116e-08
9.190000e+02 2.179018e-08
9.200000e+02 2.683130e-08
9.210000e+02 1.102932e-08
9.220000e+02 1.186942e-08
9.230000e+02 1.055723e-08
9.240000e+02 2.933665e-08
9.250000e+02 1.704198e-08
9.260000e+02 1.936266e-08
9.270000e+02 1.657704e-08
9.280000e+02 8.970213e-09
9.290000e+02 9.377709e-09
9.300000e+02 8.571486e-09
9.310000e+02 7.429673e-09
9.320000e+02 1.247152e-08
9.330000e+02 1.943906e-08
9.340000e+02 2.141511e-08
9.350000e+02 1.241713e-08
9.360000e+02 9.301691e-09
9.370000e+02 1.651060e-08
9.380000e+02 1.510230e-07
9.390000e+02 1.082483e-07
9.400000e+02 5.594063e-08
9.410000e+02 7.927829e-08
9.420000e+02 7.762634e-08
9.430000e+02 3.660673e-08
9.440000e+02 2.279420e-08
9.450000e+02 4.449016e-08
9.460000e+02 1.149045e-08
9.470000e+02 1.490951e-08
9.480000e+02 2.735575e-08
9.490000e+02 4.252031e-08
9.500000e+02 3.176455e-08
9.510000e+02 1.435672e-08
9.520000e+02 2.096300e-08
9.530000e+02 1.521588e-08
9.540000e+02 1.076710e-08
9.550000e+02 3.134054e-08
9.560000e+02 2.540874e-08
9.570000e+02 1.438316e-08
9.580000e+02 1.449760e-08
9.590000e+02 1.276627e-08
9.600000e+02 1.780947e-08
9.610000e+02 1.989877e-09
9.620000e+02 1.854422e-08
9.630000e+02 1.990692e-08
9.640000e+02 1.433267e-08
9.650000e+02 3.463819e-08
9.660000e+02 3.219845e-08
9.670000e+02 1.162658e-08
9.680000e+02 8.386944e-09
9.690000e+02 2.505173e-08
9.700000e+02 3.288107e-08
9.710000e+02 1.349971e-08
9.720000e+02 1.856546e-08
9.730000e+02 2.905356e-08
9.740000e+02 1.010539e-08
9.750000e+02 9.640091e-09
9.760000e+02 1.338765e-08
9.770000e+02 1.797667e-08
9.780000e+02 2.331453e-08
9.790000e+02 2.229842e-08
9.800000e+02 4.328549e-08
9.810000e+02 2.175727e-08
9.820000e+02 3.009208e-08
9.830000e+02 1.356247e-08
9.840000e+02 2.020468e-08
9.850000e+02 3.322859e-08
9.860000e+02 1.457786e-08
9.870000e+02 2.293618e-08
9.880000e+02 1.077897e-08
9.890000e+02 7.231065e-09
9.900000e+02 3.349440e-08
9.910000e+02 2.653166e-08
9.920000e+02 2.706579e-08
9.930000e+02 9.478025e-10
9.940000e+02 9.407760e-09
9.950000e+02 9.388560e-09
9.960000e+02 2.132398e-08
9.970000e+02 4.095005e-08
9.980000e+02 3.919270e-08
9.990000e+02 1.792101e-08
1.000000e+03 8.388182e-09
1.001000e+03 8.988321e-09
1.002000e+03 1.052203e-08
1.003000e+03 7.745177e-09
1.004000e+03 3.580298e-08
1.005000e+03 5.101220e-08
1.006000e+03 3.396730e-08
1.007000e+03 1.144861e-08
1.008000e+03 2.248309e-08
1.009000e+03 1.012384e-08
1.010000e+03 8.791419e-09
1.011000e+03 7.641112e-09
1.012000e+03 2.364206e-08
1.013000e+03 4.227361e-08
1.014000e+03 3.962190e-08
1.015000e+03 1.839218e-08
1.016000e+03 1.008570e-08
1.017000e+03 1.438827e-08
1.018000e+03 1.064553e-08
1.019000e+03 1.011636e-08
1.020000e+03 1.121046e-08
1.021000e+03 1.575388e-08
1.022000e+03 1.638178e-08
1.023000e+03 2.070275e-08
1.024000e+03 1.375081e-08
1.025000e+03 1.893547e-08
1.026000e+03 6.896229e-09
1.027000e+03 4.881562e-08
1.028000e+03 1.754924e-08
1.029000e+03 3.215073e-08
1.030000e+03 2.521391e-08
1.031000e+03 1.368141e-08
1.032000e+03 2.864121e-08
1.033000e+03 1.412477e-08
1.034000e+03 1.790285e-08
1.035000e+03 1.854328e-08
1.036000e+03 1.005934e-08
1.037000e+03 9.846982e-09
1.038000e+03 1.973343e-08
1.039000e+03 9.976198e-09
1.040000e+03 7.780275e-09
1.041000e+03 2.207073e-08
1.042000e+03 3.198260e-08
1.043000e+03 1.190983e-08
1.044000e+03 1.535818e-08
1.045000e+03 2.560124e-08
1.046000e+03 2.641442e-08
1.047000e+03 1.015826e-08
1.048000e+03 9.597254e-09
1.049000e+03 1.340774e-08
1.050000e+03 2.161337e-08
1.051000e+03 1.741427e-08
1.052000e+03 9.090519e-09
1.053000e+03 1.211039e-08
1.054000e+03 1.220185e-08
1.055000e+03 8.115175e-09
1.056000e+03 2.606029e-08
1.057000e+03 1.884924e-08
1.058000e+03 9.544946e-09
1.059000e+03 2.574379e-08
1.060000e+03 1.063995e-08
1.061000e+03 2.974023e-08
1.062000e+03 2.719013e-08
1.063000e+03 2.308993e-08
1.064000e+03 3.198369e-08
1.065000e+03 1.135873e-08
1.066000e+03 1.209909e-08
1.067000e+03 1.000473e-08
1.068000e+03 2.123544e-08
1.069000e+03 2.097802e-08
1.070000e+03 1.599547e-08
1.071000e+03 7.789872e-09
1.072000e+03 1.364825e-08
1.073000e+03 1.341874e-08
1.074000e+03 1.224469e-08
1.075000e+03 1.009877e-08
1.076000e+03 1.035926e-08
1.077000e+03 2.037437e-08
1.078000e+03 2.485939e-08
1.079000e+03 1.143672e-08
1.080000e+03 1.265202e-08
1.081000e+03 9.982661e-09
1.082000e+03 1.035035e-08
1.083000e+03 1.269201e-08
1.084000e+03 7.655385e-09
1.085000e+03 7.228699e-09
1.086000e+03 1.951510e-08
1.087000e+03 2.683707e-08
1.088000e+03 3.493178e-08
1.089000e+03 1.132765e-08
1.090000e+03 8.106225e-09
1.091000e+03 1.740829e-08
1.092000e+03 1.122204e-09
1.093000e+03 3.484560e-08
1.094000e+03 2.921268e-08
1.095000e+03 1.386813e-08
1.096000e+03 1.365178e-08
1.097000e+03 1.036165e-08
1.098000e+03 1.011618e-08
1.099000e+03 9.752832e-09
1.100000e+03 9.288301e-09
1.101000e+03 8.682182e-09
1.102000e+03 9.026526e-09
1.103000e+03 6.426264e-09
1.104000e+03 1.184755e-08
1.105000e+03 5.556446e-08
1.106000e+03 1.057367e-08
1.107000e+03 1.801099e-08
1.108000e+03 1.943403e-09
1.109000e+03 2.414150e-08
1.110000e+03 1.808267e-08
1.111000e+03 1.022819e-08
1.112000e+03 5.584249e-09
1.113000e+03 1.218551e-08
1.114000e+03 9.457735e-09
1.115000e+03 9.442244e-09
1.116000e+03 1.666729e-08
1.117000e+03 1.072198e-08
1.118000e+03 1.464709e-08
1.119000e+03 8.077658e-09
1.120000e+03 9.758029e-09
1.121000e+03 7.126550e-09
1.122000e+03 1.124685e-08
1.123000e+03 1.423152e-08
1.124000e+03 1.018480e-08
1.125000e+03 2.244169e-08
1.126000e+03 2.811353e-08
1.127000e+03 1.155684e-08
1.128000e+03 1.119873e-08
1.129000e+03 1.216224e-08
1.130000e+03 1.033691e-08
1.131000e+03 1.590213e-08
1.132000e+03 1.336103e-08
1.133000e+03 1.014255e-08
1.134000e+03 8.149173e-08
1.135000e+03 1.079645e-08
1.136000e+03 1.290296e-08
1.137000e+03 2.395938e-08
1.138000e+03 9.394985e-09
1.139000e+03 9.123348e-09
1.140000e+03 1.749195e-08
1.141000e+03 3.439346e-08
1.142000e+03 3.539651e-08
1.143000e+03 1.785951e-08
1.144000e+03 2.642915e-08
1.145000e+03 8.134507e-09
1.146000e+03 6.372346e-09
1.147000e+03 8.454202e-09
1.148000e+03 1.445203e-08
1.149000e+03 2.120249e-08
1.150000e+03 3.379363e-08
1.151000e+03 1.013589e-08
1.152000e+03 1.147320e-08
1.153000e+03 1.343472e-08
1.154000e+03 1.660673e-08
1.155000e+03 1.439924e-08
1.156000e+03 8.792886e-09
1.157000e+03 2.923843e-08
1.158000e+03 3.372969e-08
1.159000e+03 1.125672e-08
1.160000e+03 1.631491e-08
1.161000e+03 9.725981e-09
1.162000e+03 7.792817e-09
1.163000e+03 8.729462e-09
1.164000e+03 1.550251e-08
1.165000e+03 8.726012e-09
1.166000e+03 1.446686e-08
1.167000e+03 1.992772e-08
1.168000e+03 2.215475e-08
1.169000e+03 1.778647e-08
1.170000e+03 1.144964e-08
1.171000e+03 7.531595e-09
1.172000e+03 2.030623e-08
1.173000e+03 3.619723e-08
1.174000e+03 1.785837e-08
1.175000e+03 1.021978e-08
1.176000e+03 1.032473e-08
1.177000e+03 9.778390e-09
1.178000e+03 9.155395e-09
1.179000e+03 9.166334e-09
1.180000e+03 9.323954e-09
1.181000e+03 1.065853e-08
1.182000e+03 1.941135e-08
1.183000e+03 8.263200e-09
1.184000e+03 8.118437e-09
1.185000e+03 1.082425e-08
1.186000e+03 1.373299e-08
1.187000e+03 8.410634e-09
1.188000e+03 1.359223e-08
1.189000e+03 3.084120e-08
1.190000e+03 2.886713e-08
1.191000e+03 9.950817e-09
1.192000e+03 1.493721e-08
1.193000e+03 1.134021e-08
1.194000e+03 5.456971e-08
1.195000e+03 1.275762e-08
1.196000e+03 9.719794e-09
1.197000e+03 3.892303e-08
1.198000e+03 1.544958e-08
1.199000e+03 1.592747e-08
1.200000e+03 4.276420e-08
1.201000e+03 3.228600e-08
1.202000e+03 7.941650e-09
1.203000e+03 2.130078e-09
1.204000e+03 1.189806e-08
1.205000e+03 2.314555e-08
1.206000e+03 1.288344e-08
1.207000e+03 7.707763e-09
1.208000e+03 1.052683e-08
1.209000e+03 8.166488e-09
1.210000e+03 9.751658e-09
1.211000e+03 1.049997e-08
1.212000e+03 2.200876e-08
1.213000e+03 3.331672e-08
1.214000e+03 1.294197e-08
1.215000e+03 1.839020e-08
1.216000e+03 1.884894e-08
1.217000e+03 1.670832e-08
1.218000e+03 1.367252e-08
1.219000e+03 9.539674e-09
1.220000e+03 9.307412e-09
1.221000e+03 2.132127e-08
1.222000e+03 2.759071e-08
1.223000e+03 1.360433e-08
1.224000e+03 5.675599e-09
1.225000e+03 7.904081e-09
1.226000e+03 7.152228e-09
1.227000e+03 1.175803e-08
1.228000e+03 1.193030e-08
1.229000e+03 1.294284e-08
1.230000e+03 2.132382e-08
1.231000e+03 1.752201e-08
1.232000e+03 2.489386e-08
1.233000e+03 1.152727e-08
1.234000e+03 7.029896e-09
1.235000e+03 1.899368e-08
1.236000e+03 1.653800e-08
1.237000e+03 4.042757e-08
1.238000e+03 3.094100e-08
1.239000e+03 1.313468e-08
1.240000e+03 1.197125e-08
1.241000e+03 9.068922e-09
1.242000e+03 5.605167e-09
1.243000e+03 9.372949e-09
1.244000e+03 1.017237e-08
1.245000e+03 8.593743e-09
1.246000e+03 9.202157e-09
1.247000e+03 7.211867e-09
1.248000e+03 1.384550e-08
1.249000e+03 2.360259e-08
1.250000e+03 8.799118e-09
1.251000e+03 1.949534e-08
1.252000e+03 9.462470e-09
1.253000e+03 2.025102e-08
1.254000e+03 1.609999e-08
1.255000e+03 9.634663e-09
1.256000e+03 5.294590e-09
1.257000e+03 1.077243e-08
1.258000e+03 9.220366e-09
1.259000e+03 8.048270e-09
1.260000e+03 1.236838e-08
1.261000e+03 1.265527e-08
1.262000e+03 1.159494e-08
1.263000e+03 9.203048e-09
1.264000e+03 1.123828e-08
1.265000e+03 8.191552e-09
1.266000e+03 1.060938e-08
1.267000e+03 1.188975e-08
1.268000e+03 8.475596e-09
1.269000e+03 2.300962e-08
1.270000e+03 2.936562e-08
1.271000e+03 1.091306e-08
1.272000e+03 1.237847e-08
1.273000e+03 1.033972e-08
1.274000e+03 9.518605e-09
1.275000e+03 1.543349e-08
1.276000e+03 1.558737e-08
1.277000e+03 6.834133e-09
1.278000e+03 3.108874e-08
1.279000e+03 1.041935e-08
1.280000e+03 1.161946e-08
1.281000e+03 1.692758e-08
1.282000e+03 8.940889e-09
1.283000e+03 9.706364e-09
1.284000e+03 1.434107e-08
1.285000e+03 3.324702e-08
1.286000e+03 3.491447e-08
1.287000e+03 1.796122e-08
1.288000e+03 2.557662e-08
1.289000e+03 7.329827e-09
1.290000e+03 9.589672e-09
1.291000e+03 6.310532e-09
1.292000e+03 2.194998e-08
1.293000e+03 2.052094e-08
1.294000e+03 3.480699e-08
1.295000e+03 9.460744e-09
1.296000e+03 1.036184e-08
1.297000e+03 1.975551e-08
1.298000e+03 1.725878e-08
1.299000e+03 1.667627e-08
1.300000e+03 1.435592e-08
1.301000e+03 2.853760e-08
1.302000e+03 3.196388e-08
1.303000e+03 1.085618e-08
1.304000e+03 1.548367e-08
1.305000e+03 9.986262e-09
1.306000e+03 8.083722e-09
1.307000e+03 7.346272e-09
1.308000e+03 2.259467e-08
1.309000e+03 7.777753e-09
1.310000e+03 1.403245e-08
1.311000e+03 1.994854e-08
1.312000e+03 2.134332e-08
1.313000e+03 8.905827e-09
1.314000e+03 1.426881e-08
1.315000e+03 6.868044e-09
1.316000e+03 2.096245e-08
1.317000e+03 3.616800e-08
1.318000e+03 1.747806e-08
1.319000e+03 1.061655e-08
1.320000e+03 1.026759e-08
1.321000e+03 9.436125e-09
1.322000e+03 8.843657e-09
1.323000e+03 5.805866e-09
1.324000e+03 9.824436e-09
1.325000e+03 1.245815e-08
1.326000e+03 1.948978e-08
1.327000e+03 7.771237e-09
1.328000e+03 5.370654e-09
1.329000e+03 1.283245e-08
1.330000e+03 1.854485e-08
1.331000e+03 9.104342e-09
1.332000e+03 1.441939e-08
1.333000e+03 3.417399e-08
1.334000e+03 4.008726e-08
1.335000e+03 1.569219e-08
1.336000e+03 1.449021e-08
1.337000e+03 1.158458e-08
1.338000e+03 1.205250e-08
1.339000e+03 6.605550e-09
1.340000e+03 7.849930e-09
1.341000e+03 6.190661e-09
1.342000e+03 1.488045e-08
1.343000e+03 5.388302e-09
1.344000e+03 2.077071e-08
1.345000e+03 1.443061e-08
1.346000e+03 7.094294e-09
1.347000e+03 1.495939e-08
1.348000e+03 1.869214e-08
1.349000e+03 3.155191e-08
1.350000e+03 3.459893e-08
1.351000e+03 1.045289e-08
1.352000e+03 5.098654e-09
1.353000e+03 9.001577e-09
1.354000e+03 1.478591e-08
1.355000e+03 8.434308e-09
1.356000e+03 3.937444e-08
1.357000e+03 1.754753e-08
1.358000e+03 1.240010e-08
1.359000e+03 1.542701e-08
1.360000e+03 1.765112e-08
1.361000e+03 2.469863e-08
1.362000e+03 8.571760e-09
1.363000e+03 6.315045e-09
1.364000e+03 1.019790e-08
1.365000e+03 1.823356e-08
1.366000e+03 1.821348e-08
1.367000e+03 1.220849e-08
1.368000e+03 1.090433e-08
1.369000e+03 8.519260e-09
1.370000e+03 6.391506e-08
1.371000e+03 9.959141e-09
1.372000e+03 7.496572e-09
1.373000e+03 4.824263e-09
1.374000e+03 4.590970e-08
1.375000e+03 9.430941e-09
1.376000e+03 8.707833e-09
1.377000e+03 1.054982e-08
1.378000e+03 6.886182e-10
1.379000e+03 8.863439e-09
1.380000e+03 1.039168e-08
1.381000e+03 3.019894e-08
1.382000e+03 3.195271e-08
1.383000e+03 3.706484e-08
1.384000e+03 3.028014e-08
1.385000e+03 1.156109e-08
1.386000e+03 1.419060e-08
1.387000e+03 6.696664e-09
1.388000e+03 1.903028e-08
1.389000e+03 1.681493e-08
1.390000e+03 1.214065e-08
1.391000e+03 7.466609e-09
1.392000e+03 9.721946e-09
1.393000e+03 2.104369e-08
1.394000e+03 1.165075e-08
1.395000e+03 1.162575e-08
1.396000e+03 6.790198e-09
1.397000e+03 3.065126e-08
1.398000e+03 2.747252e-08
1.399000e+03 1.132257e-08
1.400000e+03 1.489029e-08
1.401000e+03 2.180661e-08
1.402000e+03 1.724465e-08
1.403000e+03 8.569899e-09
1.404000e+03 3.991766e-08
1.405000e+03 9.214024e-09
1.406000e+03 1.509668e-08
1.407000e+03 1.901084e-08
1.408000e+03 1.804280e-08
1.409000e+03 9.084095e-09
1.410000e+03 1.533389e-08
1.411000e+03 7.756073e-09
1.412000e+03 5.207499e-08
1.413000e+03 3.006327e-08
1.414000e+03 2.644200e-08
1.415000e+03 9.528718e-09
1.416000e+03 6.524684e-09
1.417000e+03 8.908671e-09
1.418000e+03 1.342883e-08
1.419000e+03 2.191006e-08
1.420000e+03 1.165452e-08
1.421000e+03 6.324254e-09
1.422000e+03 1.972353e-08
1.423000e+03 9.239657e-09
1.424000e+03 1.161654e-07
1.425000e+03 8.828122e-08
1.426000e+03 7.126683e-08
1.427000e+03 4.137141e-08
1.428000e+03 2.938469e-08
1.429000e+03 5.039884e-08
1.430000e+03 3.101926e-08
1.431000e+03 2.191711e-08
1.432000e+03 2.187958e-08
1.433000e+03 1.529179e-08
1.434000e+03 1.022260e-08
1.435000e+03 1.054855e-08
1.436000e+03 2.101930e-08
1.437000e+03 1.235814e-09
1.438000e+03 1.406785e-08
1.439000e+03 1.061632e-08
1.440000e+03 1.581539e-08
1.441000e+03 8.161710e-09
1.442000e+03 1.223804e-08
1.443000e+03 1.365033e-08
1.444000e+03 1.418706e-08
1.445000e+03 3.518817e-08
1.446000e+03 4.796797e-08
1.447000e+03 3.023118e-08
1.448000e+03 1.201485e-08
1.449000e+03 1.095649e-08
1.450000e+03 8.749750e-09
1.451000e+03 1.873898e-08
1.452000e+03 1.690950e-08
1.453000e+03 8.737476e-09
1.454000e+03 1.394912e-08
1.455000e+03 3.346557e-08
1.456000e+03 2.361597e-08
1.457000e+03 7.202838e-09
1.458000e+03 7.006900e-09
1.459000e+03 6.385301e-09
1.460000e+03 3.092384e-08
1.461000e+03 2.713632e-08
1.462000e+03 2.434364e-08
1.463000e+03 8.968284e-09
1.464000e+03 3.410032e-08
1.465000e+03 1.911239e-08
1.466000e+03 1.111289e-08
1.467000e+03 4.966306e-08
1.468000e+03 5.790950e-09
1.469000e+03 7.626852e-09
1.470000e+03 3.406454e-08
1.471000e+03 1.308048e-08
1.472000e+03 7.692865e-09
1.473000e+03 7.178743e-09
1.474000e+03 1.208110e-08
1.475000e+03 1.718983e-08
1.476000e+03 1.292891e-08
1.477000e+03 2.984209e-08
1.478000e+03 1.579694e-08
1.479000e+03 7.528442e-09
1.480000e+03 1.372980e-08
1.481000e+03 9.271700e-09
1.482000e+03 6.892823e-08
1.483000e+03 1.934396e-08
1.484000e+03 1.654610e-08
1.485000e+03 1.956388e-08
1.486000e+03 1.232331e-08
1.487000e+03 1.804057e-08
1.488000e+03 3.439363e-08
1.489000e+03 2.122173e-08
1.490000e+03 8.611104e-09
1.491000e+03 1.840971e-09
1.492000e+03 1.551140e-08
1.493000e+03 2.825610e-08
1.494000e+03 2.448370e-08
1.495000e+03 6.925678e-09
1.496000e+03 8.899503e-09
1.497000e+03 8.754515e-09
1.498000e+03 1.021802e-08
1.499000e+03 1.117251e-08
1.500000e+03 1.101831e-08
1.501000e+03 2.071212e-08
1.502000e+03 1.202327e-08
1.503000e+03 3.485081e-08
1.504000e+03 1.041104e-08
1.505000e+03 5.054180e-09
1.506000e+03 3.115705e-08
1.507000e+03 1.670812e-08
1.508000e+03 1.085376e-08
1.509000e+03 2.521212e-08
1.510000e+03 2.022944e-08
1.511000e+03 8.468386e-09
1.512000e+03 9.401888e-09
1.513000e+03 6.407482e-09
1.514000e+03 1.128254e-08
1.515000e+03 7.587370e-09
1.516000e+03 6.216666e-09
1.517000e+03 5.200267e-09
1.518000e+03 1.893064e-08
1.519000e+03 1.799406e-08
1.520000e+03 1.488409e-08
1.521000e+03 9.821941e-09
1.522000e+03 6.089652e-09
1.523000e+03 1.172681e-08
1.524000e+03 7.723659e-09
1.525000e+03 3.444571e-08
1.526000e+03 2.932175e-08
1.527000e+03 9.320001e-09
1.528000e+03 1.553970e-08
1.529000e+03 9.599741e-09
1.530000e+03 1.110563e-08
1.531000e+03 1.520847e-08
1.532000e+03 7.447925e-09
1.533000e+03 7.993171e-09
1.534000e+03 1.069351e-08
1.535000e+03 5.833801e-09
1.536000e+03 1.954770e-08
1.537000e+03 5.443458e-08
1.538000e+03 1.373560e-08
1.539000e+03 2.025953e-08
1.540000e+03 1.372376e-09
1.541000e+03 1.819679e-08
1.542000e+03 1.495547e-08
1.543000e+03 1.007749e-08
1.544000e+03 5.010630e-09
1.545000e+03 1.091369e-08
1.546000e+03 9.359059e-09
1.547000e+03 1.102005e-08
1.548000e+03 5.461996e-09
1.549000e+03 9.476282e-09
1.550000e+03 8.144214e-09
1.551000e+03 8.728730e-09
1.552000e+03 3.791051e-08
1.553000e+03 1.175677e-08
1.554000e+03 1.325186e-08
1.555000e+03 1.428057e-08
1.556000e+03 8.166733e-09
1.557000e+03 2.337769e-08
1.558000e+03 3.590601e-08
1.559000e+03 1.167967e-08
1.560000e+03 6.417927e-09
1.561000e+03 1.547781e-08
1.562000e+03 1.147436e-08
1.563000e+03 1.335050e-08
1.564000e+03 1.113025e-08
1.565000e+03 1.018567e-08
1.566000e+03 5.985702e-08
1.567000e+03 7.295425e-09
1.568000e+03 1.046005e-08
1.569000e+03 1.577530e-08
1.570000e+03 8.747750e-09
1.571000e+03 7.625275e-09
1.572000e+03 1.736524e-08
1.573000e+03 3.497047e-08
1.574000e+03 3.467596e-08
1.575000e+03 1.634599e-08
1.576000e+03 2.811884e-08
1.577000e+03 6.718191e-09
1.578000e+03 9.243821e-09
1.579000e+03 6.071848e-09
1.580000e+03 6.372623e-08
1.581000e+03 1.684040e-08
1.582000e+03 3.083299e-08
1.583000e+03 1.015329e-08
1.584000e+03 1.028168e-08
1.585000e+03 1.587038e-08
1.586000e+03 1.018803e-08
1.587000e+03 1.300991e-08
1.588000e+03 1.014640e-08
1.589000e+03 3.116898e-08
1.590000e+03 3.119461e-08
1.591000e+03 1.416427e-08
1.592000e+03 6.382710e-09
1.593000e+03 1.312748e-08
1.594000e+03 7.264767e-09
1.595000e+03 9.706329e-09
1.596000e+03 8.595396e-09
1.597000e+03 8.832676e-09
1.598000e+03 9.999855e-09
1.599000e+03 2.088930e-08
1.600000e+03 3.059149e-08
1.601000e+03 1.487061e-08
1.602000e+03 1.576435e-08
1.603000e+03 7.738075e-09
1.604000e+03 1.841147e-08
1.605000e+03 3.791157e-08
1.606000e+03 2.212271e-08
1.607000e+03 1.034285e-08
1.608000e+03 1.712342e-08
1.609000e+03 1.214379e-08
1.610000e+03 1.157844e-08
1.611000e+03 4.027674e-09
1.612000e+03 6.900766e-09
1.613000e+03 8.282873e-09
1.614000e+03 2.140522e-08
1.615000e+03 7.380088e-09
1.616000e+03 1.087520e-08
1.617000e+03 6.812834e-09
1.618000e+03 1.717798e-08
1.619000e+03 1.034958e-08
1.620000e+03 1.331088e-08
1.621000e+03 3.286070e-08
1.622000e+03 3.842372e-08
1.623000e+03 1.273072e-08
1.624000e+03 1.852997e-08
1.625000e+03 9.780208e-09
1.626000e+03 1.328702e-08
1.627000e+03 6.829009e-09
1.628000e+03 9.701008e-09
1.629000e+03 7.332486e-09
1.630000e+03 2.376710e-08
1.631000e+03 7.441801e-09
1.632000e+03 9.821492e-09
1.633000e+03 1.059650e-08
1.634000e+03 7.290639e-09
1.635000e+03 1.649415e-08
1.636000e+03 4.193895e-08
1.637000e+03 3.237115e-08
1.638000e+03 3.243939e-08
1.639000e+03 1.199701e-08
1.640000e+03 5.419270e-09
1.641000e+03 1.015683e-08
1.642000e+03 1.639028e-08
1.643000e+03 1.408108e-08
1.644000e+03 1.137804e-09
1.645000e+03 1.203324e-08
1.646000e+03 1.201569e-08
1.647000e+03 2.578527e-08
1.648000e+03 2.547345e-08
1.649000e+03 1.800083e-08
1.650000e+03 8.258913e-09
1.651000e+03 5.085953e-09
1.652000e+03 8.860926e-09
1.653000e+03 1.974094e-08
1.654000e+03 1.937763e-08
1.655000e+03 8.941296e-09
1.656000e+03 8.206163e-09
1.657000e+03 6.980113e-09
1.658000e+03 3.635188e-08
1.659000e+03 1.065648e-08
1.660000e+03 7.681104e-09
1.661000e+03 5.316547e-09
1.662000e+03 3.029875e-08
1.663000e+03 1.016517e-08
1.664000e+03 1.062997e-08
1.665000e+03 3.215444e-08
1.666000e+03 6.977130e-10
1.667000e+03 7.773504e-09
1.668000e+03 9.556702e-09
1.669000e+03 3.120753e-08
1.670000e+03 2.999416e-08
1.671000e+03 4.825090e-08
1.672000e+03 3.072241e-08
1.673000e+03 1.225540e-08
1.674000e+03 1.444863e-08
1.675000e+03 7.105605e-09
1.676000e+03 2.032417e-08
1.677000e+03 1.957626e-08
1.678000e+03 1.305810e-08
1.679000e+03 6.804660e-09
1.680000e+03 1.339649e-08
1.681000e+03 1.896739e-08
1.682000e+03 1.111711e-08
1.683000e+03 9.331606e-09
1.684000e+03 8.517010e-09
1.685000e+03 3.258966e-08
1.686000e+03 2.672300e-08
1.687000e+03 1.124320e-08
1.688000e+03 1.471927e-08
1.689000e+03 2.253976e-08
1.690000e+03 1.753803e-08
1.691000e+03 1.013657e-08
1.692000e+03 1.599725e-08
1.693000e+03 6.180139e-09
1.694000e+03 9.387991e-09
1.695000e+03 1.896874e-08
1.696000e+03 2.556639e-08
1.697000e+03 9.531743e-09
1.698000e+03 1.732707e-08
1.699000e+03 1.081435e-08
1.700000e+03 2.216166e-08
1.701000e+03 2.496541e-08
1.702000e+03 4.017810e-08
1.703000e+03 2.677243e-08
1.704000e+03 7.380701e-09
1.705000e+03 9.340919e-09
1.706000e+03 9.876872e-09
1.707000e+03 1.852302e-08
1.708000e+03 1.446517e-08
1.709000e+03 8.659922e-09
1.710000e+03 1.751682e-08
1.711000e+03 7.112418e-09
1.712000e+03 1.130536e-08
1.713000e+03 1.200935e-08
1.714000e+03 9.406996e-09
1.715000e+03 8.817038e-09
1.716000e+03 1.561832e-08
1.717000e+03 3.438558e-08
1.718000e+03 2.450442e-08
1.719000e+03 8.331667e-09
1.720000e+03 7.773641e-10
1.721000e+03 6.465332e-09
1.722000e+03 7.051495e-09
1.723000e+03 5.844881e-09
1.724000e+03 1.710710e-08
1.725000e+03 1.595934e-08
1.726000e+03 3.137324e-08
1.727000e+03 9.761655e-09
1.728000e+03 9.102621e-09
1.729000e+03 1.279839e-08
1.730000e+03 7.965399e-09
1.731000e+03 2.173695e-08
1.732000e+03 1.137920e-08
1.733000e+03 2.694419e-08
1.734000e+03 2.887144e-08
1.735000e+03 1.455071e-08
1.736000e+03 5.917599e-09
1.737000e+03 1.316182e-08
1.738000e+03 6.319797e-09
1.739000e+03 9.226364e-09
1.740000e+03 1.164360e-08
1.741000e+03 8.749600e-09
1.742000e+03 9.772223e-09
1.743000e+03 1.976407e-08
1.744000e+03 2.400644e-08
1.745000e+03 1.330520e-08
1.746000e+03 1.306459e-08
1.747000e+03 5.997324e-09
1.748000e+03 1.724873e-08
1.749000e+03 3.786283e-08
1.750000e+03 2.258850e-08
1.751000e+03 9.236965e-09
1.752000e+03 1.527766e-08
1.753000e+03 1.205738e-08
1.754000e+03 1.083502e-08
1.755000e+03 5.049776e-09
1.756000e+03 6.939395e-09
1.757000e+03 8.422445e-09
1.758000e+03 2.386060e-08
1.759000e+03 8.066760e-09
1.760000e+03 8.670894e-09
1.761000e+03 7.105034e-09
1.762000e+03 1.885924e-08
1.763000e+03 1.081231e-08
1.764000e+03 1.516826e-08
1.765000e+03 3.302003e-08
1.766000e+03 4.085982e-08
1.767000e+03 1.285064e-08
1.768000e+03 1.840568e-08
1.769000e+03 9.574499e-09
1.770000e+03 1.286024e-08
1.771000e+03 6.187286e-09
1.772000e+03 8.818791e-09
1.773000e+03 8.950908e-09
1.774000e+03 9.971040e-09
1.775000e+03 5.439296e-09
1.776000e+03 5.563085e-09
1.777000e+03 1.102623e-08
1.778000e+03 6.676492e-09
1.779000e+03 1.655337e-08
1.780000e+03 2.891819e-08
1.781000e+03 3.120838e-08
1.782000e+03 3.076563e-08
1.783000e+03 1.208585e-08
1.784000e+03 5.385856e-09
1.785000e+03 9.721829e-09
1.786000e+03 1.633821e-08
1.787000e+03 1.069250e-08
1.788000e+03 1.253388e-09
1.789000e+03 1.185819e-08
1.790000e+03 1.701442e-08
1.791000e+03 2.546407e-08
1.792000e+03 2.682629e-08
1.793000e+03 1.806047e-08
1.794000e+03 6.708643e-09
1.795000e+03 4.933238e-09
1.796000e+03 8.337665e-09
1.797000e+03 2.015411e-08
1.798000e+03 1.887768e-08
1.799000e+03 1.041493e-08
1.800000e+03 8.761649e-09
