Title ="THE FLUX ERR"
Variables=
iter
residual
1.000000e+00 1.045526e-03
2.000000e+00 7.314564e-04
3.000000e+00 1.406471e-03
4.000000e+00 2.254449e-04
5.000000e+00 9.043928e-04
6.000000e+00 8.587760e-04
7.000000e+00 9.620607e-04
8.000000e+00 2.288661e-04
9.000000e+00 1.832894e-04
1.000000e+01 2.988746e-04
1.100000e+01 1.167518e-04
1.200000e+01 1.241253e-04
1.300000e+01 1.169536e-04
1.400000e+01 1.250065e-04
1.500000e+01 9.861555e-05
1.600000e+01 4.820312e-05
1.700000e+01 4.926987e-05
1.800000e+01 4.824528e-05
1.900000e+01 9.624785e-05
2.000000e+01 7.142882e-05
2.100000e+01 8.943867e-05
2.200000e+01 8.644134e-05
2.300000e+01 9.366677e-05
2.400000e+01 9.348695e-05
2.500000e+01 5.214063e-05
2.600000e+01 6.229401e-05
2.700000e+01 1.512985e-05
2.800000e+01 5.593444e-06
2.900000e+01 8.216988e-06
3.000000e+01 3.389985e-05
3.100000e+01 2.982839e-05
3.200000e+01 5.127713e-06
3.300000e+01 2.982569e-05
3.400000e+01 9.727324e-06
3.500000e+01 6.401043e-06
3.600000e+01 6.179149e-06
3.700000e+01 4.452629e-06
3.800000e+01 7.685535e-06
3.900000e+01 1.742379e-05
4.000000e+01 6.392461e-06
4.100000e+01 1.700627e-05
4.200000e+01 3.378614e-06
4.300000e+01 4.191310e-06
4.400000e+01 5.216593e-06
4.500000e+01 4.820178e-06
4.600000e+01 1.142052e-05
4.700000e+01 1.061622e-05
4.800000e+01 9.079019e-06
4.900000e+01 3.941947e-06
5.000000e+01 1.084120e-05
5.100000e+01 1.372748e-05
5.200000e+01 1.033289e-05
5.300000e+01 1.088292e-05
5.400000e+01 1.087719e-05
5.500000e+01 1.162030e-05
5.600000e+01 8.901050e-06
5.700000e+01 1.452052e-05
5.800000e+01 1.312275e-05
5.900000e+01 2.977878e-06
6.000000e+01 3.558602e-06
6.100000e+01 3.816624e-06
6.200000e+01 9.795100e-07
6.300000e+01 6.452185e-06
6.400000e+01 3.290112e-06
6.500000e+01 3.426176e-06
6.600000e+01 5.139771e-07
6.700000e+01 9.663431e-06
6.800000e+01 9.822819e-06
6.900000e+01 2.598854e-06
7.000000e+01 7.358700e-07
7.100000e+01 4.270839e-07
7.200000e+01 7.208512e-06
7.300000e+01 1.465738e-06
7.400000e+01 1.387363e-06
7.500000e+01 1.500655e-06
7.600000e+01 8.755594e-07
7.700000e+01 7.273760e-07
7.800000e+01 8.724559e-06
7.900000e+01 1.457412e-06
8.000000e+01 9.599854e-06
8.100000e+01 8.915859e-07
8.200000e+01 9.190292e-06
8.300000e+01 3.040023e-06
8.400000e+01 2.383975e-06
8.500000e+01 9.304007e-06
8.600000e+01 1.057282e-06
8.700000e+01 1.091095e-06
8.800000e+01 9.518751e-06
8.900000e+01 1.106549e-06
9.000000e+01 1.579941e-06
9.100000e+01 1.242894e-06
9.200000e+01 3.528882e-06
9.300000e+01 3.072697e-06
9.400000e+01 4.237330e-06
9.500000e+01 3.859057e-06
9.600000e+01 4.546981e-06
9.700000e+01 2.839442e-06
9.800000e+01 7.587388e-06
9.900000e+01 6.297270e-06
1.000000e+02 4.642608e-06
1.010000e+02 3.981853e-06
1.020000e+02 1.454680e-06
1.030000e+02 2.223182e-06
1.040000e+02 4.255617e-06
1.050000e+02 2.933994e-06
1.060000e+02 4.492938e-06
1.070000e+02 3.654678e-06
1.080000e+02 5.272752e-06
1.090000e+02 7.538734e-06
1.100000e+02 7.698841e-06
1.110000e+02 3.907425e-06
1.120000e+02 6.080236e-06
1.130000e+02 3.160368e-06
1.140000e+02 3.721268e-06
1.150000e+02 6.725826e-06
1.160000e+02 3.531561e-06
1.170000e+02 6.241001e-06
1.180000e+02 4.231035e-06
1.190000e+02 2.850135e-06
1.200000e+02 7.633645e-06
1.210000e+02 7.319445e-06
1.220000e+02 6.320138e-06
1.230000e+02 2.828318e-06
1.240000e+02 3.715209e-06
1.250000e+02 2.528321e-06
1.260000e+02 5.883138e-06
1.270000e+02 2.752626e-06
1.280000e+02 2.478320e-06
1.290000e+02 4.536554e-06
1.300000e+02 4.512132e-06
1.310000e+02 2.626924e-06
1.320000e+02 7.686815e-06
1.330000e+02 4.129752e-06
1.340000e+02 4.974370e-06
1.350000e+02 1.028737e-05
1.360000e+02 4.535868e-06
1.370000e+02 5.516320e-06
1.380000e+02 3.492214e-06
1.390000e+02 2.797444e-06
1.400000e+02 2.102885e-06
1.410000e+02 2.873273e-06
1.420000e+02 8.968307e-06
1.430000e+02 1.331014e-05
1.440000e+02 3.966825e-06
1.450000e+02 2.598158e-06
1.460000e+02 3.025868e-06
1.470000e+02 4.928821e-06
1.480000e+02 1.923914e-06
1.490000e+02 2.160825e-06
1.500000e+02 1.170838e-05
1.510000e+02 4.317490e-06
1.520000e+02 3.988816e-06
1.530000e+02 1.653514e-06
1.540000e+02 2.571898e-06
1.550000e+02 3.424677e-06
1.560000e+02 1.869878e-06
1.570000e+02 2.916345e-06
1.580000e+02 2.613054e-06
1.590000e+02 3.823077e-06
1.600000e+02 3.819885e-06
1.610000e+02 3.476288e-06
1.620000e+02 5.939474e-06
1.630000e+02 1.654661e-05
1.640000e+02 4.135909e-06
1.650000e+02 4.174148e-06
1.660000e+02 5.361889e-06
1.670000e+02 1.200876e-05
1.680000e+02 1.648681e-05
1.690000e+02 2.812371e-06
1.700000e+02 1.429219e-05
1.710000e+02 1.112149e-05
1.720000e+02 1.104765e-05
1.730000e+02 1.267939e-05
1.740000e+02 1.741095e-05
1.750000e+02 1.594495e-05
1.760000e+02 1.191014e-05
1.770000e+02 1.493712e-05
1.780000e+02 8.402450e-06
1.790000e+02 1.035159e-05
1.800000e+02 1.197312e-05
1.810000e+02 1.015676e-05
1.820000e+02 1.339653e-05
1.830000e+02 1.092909e-05
1.840000e+02 8.991704e-06
1.850000e+02 8.642662e-06
1.860000e+02 7.410657e-06
1.870000e+02 6.044735e-06
1.880000e+02 8.189763e-06
1.890000e+02 7.413697e-06
1.900000e+02 4.817799e-06
1.910000e+02 6.418681e-06
1.920000e+02 8.920527e-06
1.930000e+02 1.106555e-05
1.940000e+02 9.146431e-06
1.950000e+02 7.068894e-06
1.960000e+02 7.201472e-06
1.970000e+02 7.984519e-06
1.980000e+02 1.239145e-05
1.990000e+02 5.992248e-06
2.000000e+02 6.595560e-06
2.010000e+02 4.947378e-06
2.020000e+02 3.112869e-05
2.030000e+02 5.970073e-06
2.040000e+02 3.370600e-05
2.050000e+02 8.628173e-06
2.060000e+02 2.906483e-05
2.070000e+02 3.490678e-05
2.080000e+02 8.330461e-06
2.090000e+02 2.988944e-05
2.100000e+02 3.547592e-05
2.110000e+02 3.519398e-05
2.120000e+02 3.507529e-05
2.130000e+02 3.033990e-05
2.140000e+02 3.332801e-05
2.150000e+02 3.347210e-05
2.160000e+02 3.593834e-05
2.170000e+02 3.210211e-05
2.180000e+02 2.977164e-05
2.190000e+02 2.930808e-05
2.200000e+02 3.423562e-05
2.210000e+02 3.193605e-05
2.220000e+02 3.483948e-05
2.230000e+02 3.944232e-05
2.240000e+02 4.032958e-05
2.250000e+02 3.982329e-05
2.260000e+02 3.655443e-05
2.270000e+02 3.785173e-05
2.280000e+02 3.388903e-05
2.290000e+02 3.035576e-05
2.300000e+02 3.291127e-05
2.310000e+02 4.097407e-05
2.320000e+02 4.206868e-05
2.330000e+02 3.549511e-05
2.340000e+02 3.643410e-05
2.350000e+02 3.531896e-05
2.360000e+02 3.541292e-05
2.370000e+02 4.224034e-05
2.380000e+02 4.833459e-05
2.390000e+02 4.038240e-05
2.400000e+02 3.873381e-05
2.410000e+02 3.717965e-05
2.420000e+02 4.027429e-05
2.430000e+02 4.272987e-05
2.440000e+02 4.569507e-05
2.450000e+02 4.941971e-05
2.460000e+02 5.746499e-05
2.470000e+02 1.471247e-05
2.480000e+02 3.251440e-05
2.490000e+02 3.988908e-05
2.500000e+02 4.773712e-05
2.510000e+02 4.398714e-05
2.520000e+02 4.562315e-05
2.530000e+02 4.503038e-05
2.540000e+02 4.712105e-05
2.550000e+02 4.871048e-05
2.560000e+02 4.547514e-05
2.570000e+02 4.229330e-05
2.580000e+02 4.470915e-05
2.590000e+02 4.121133e-05
2.600000e+02 4.211218e-05
2.610000e+02 4.553789e-05
2.620000e+02 4.867381e-05
2.630000e+02 4.510408e-05
2.640000e+02 4.738231e-05
2.650000e+02 4.320072e-05
2.660000e+02 4.014588e-05
2.670000e+02 4.320029e-05
2.680000e+02 4.528382e-05
2.690000e+02 4.091774e-05
2.700000e+02 4.564772e-05
2.710000e+02 4.951671e-05
2.720000e+02 5.168658e-05
2.730000e+02 4.515829e-05
2.740000e+02 4.242289e-05
2.750000e+02 4.077137e-05
2.760000e+02 3.744061e-05
2.770000e+02 4.117648e-05
2.780000e+02 4.064481e-05
2.790000e+02 3.343420e-05
2.800000e+02 3.589636e-05
2.810000e+02 4.167052e-05
2.820000e+02 3.998726e-05
2.830000e+02 3.865871e-05
2.840000e+02 3.485111e-05
2.850000e+02 3.318981e-05
2.860000e+02 4.015585e-05
2.870000e+02 3.938083e-05
2.880000e+02 3.964743e-05
2.890000e+02 2.954163e-05
2.900000e+02 2.801599e-05
2.910000e+02 3.191736e-05
2.920000e+02 3.101472e-05
2.930000e+02 2.803058e-05
2.940000e+02 2.850780e-05
2.950000e+02 3.007576e-05
2.960000e+02 3.112305e-05
2.970000e+02 2.774712e-05
2.980000e+02 2.610608e-05
2.990000e+02 2.739771e-05
3.000000e+02 3.236109e-05
3.010000e+02 2.722676e-05
3.020000e+02 2.585886e-05
3.030000e+02 2.777765e-05
3.040000e+02 3.491092e-05
3.050000e+02 3.235628e-05
3.060000e+02 3.001010e-05
3.070000e+02 3.085951e-05
3.080000e+02 3.426842e-05
3.090000e+02 3.299282e-05
3.100000e+02 3.125337e-05
3.110000e+02 3.854676e-05
3.120000e+02 3.698395e-05
3.130000e+02 3.925621e-05
3.140000e+02 3.425748e-05
3.150000e+02 4.329126e-05
3.160000e+02 4.014863e-05
3.170000e+02 4.644187e-05
3.180000e+02 4.832234e-05
3.190000e+02 5.012686e-05
3.200000e+02 5.151969e-05
3.210000e+02 5.463540e-05
3.220000e+02 5.804921e-05
3.230000e+02 4.821284e-05
3.240000e+02 3.794929e-05
3.250000e+02 5.081516e-05
3.260000e+02 5.462740e-05
3.270000e+02 4.756347e-05
3.280000e+02 4.728892e-05
3.290000e+02 5.207372e-05
3.300000e+02 7.004600e-05
3.310000e+02 6.091926e-05
3.320000e+02 2.036620e-05
3.330000e+02 3.551132e-05
3.340000e+02 4.772680e-05
3.350000e+02 6.082008e-05
3.360000e+02 6.642087e-05
3.370000e+02 2.251864e-05
3.380000e+02 4.810691e-05
3.390000e+02 6.465180e-05
3.400000e+02 1.050522e-05
3.410000e+02 5.002813e-05
3.420000e+02 1.084902e-05
3.430000e+02 4.394347e-05
3.440000e+02 5.843638e-05
3.450000e+02 6.888496e-06
3.460000e+02 5.558320e-05
3.470000e+02 8.747904e-06
3.480000e+02 8.399200e-06
3.490000e+02 1.171381e-05
3.500000e+02 1.104064e-05
3.510000e+02 1.225034e-05
3.520000e+02 7.037067e-06
3.530000e+02 1.336030e-05
3.540000e+02 9.918457e-06
3.550000e+02 8.104404e-06
3.560000e+02 1.107038e-05
3.570000e+02 8.986045e-06
3.580000e+02 8.256564e-06
3.590000e+02 1.017814e-05
3.600000e+02 1.169283e-05
3.610000e+02 8.143626e-06
3.620000e+02 9.573644e-06
3.630000e+02 1.140637e-05
3.640000e+02 1.230992e-05
3.650000e+02 1.151847e-05
3.660000e+02 8.394299e-06
3.670000e+02 9.432948e-06
3.680000e+02 1.249644e-05
3.690000e+02 1.193615e-05
3.700000e+02 6.788300e-06
3.710000e+02 9.634727e-06
3.720000e+02 8.558983e-06
3.730000e+02 9.542053e-06
3.740000e+02 1.287977e-05
3.750000e+02 8.747728e-06
3.760000e+02 9.034270e-06
3.770000e+02 8.624352e-06
3.780000e+02 9.391312e-06
3.790000e+02 1.005147e-05
3.800000e+02 9.539853e-06
3.810000e+02 1.212419e-05
3.820000e+02 9.249124e-06
3.830000e+02 8.448969e-06
3.840000e+02 1.190823e-05
3.850000e+02 9.233227e-06
3.860000e+02 1.443328e-05
3.870000e+02 7.098648e-06
3.880000e+02 1.011366e-05
3.890000e+02 5.845046e-06
3.900000e+02 1.040861e-05
3.910000e+02 8.503262e-06
3.920000e+02 8.791153e-06
3.930000e+02 1.022138e-05
3.940000e+02 7.395378e-06
3.950000e+02 8.170952e-06
3.960000e+02 4.179807e-06
3.970000e+02 9.228588e-06
3.980000e+02 5.351172e-06
3.990000e+02 6.127839e-06
4.000000e+02 5.741591e-06
4.010000e+02 5.209041e-06
4.020000e+02 5.366336e-06
4.030000e+02 5.717958e-06
4.040000e+02 3.963169e-06
4.050000e+02 4.479198e-06
4.060000e+02 4.465602e-06
4.070000e+02 4.040367e-06
4.080000e+02 5.699450e-06
4.090000e+02 4.054726e-06
4.100000e+02 3.877235e-06
4.110000e+02 3.483713e-06
4.120000e+02 4.087722e-06
4.130000e+02 4.598378e-06
4.140000e+02 4.461470e-06
4.150000e+02 5.437268e-06
4.160000e+02 6.591120e-06
4.170000e+02 6.609470e-06
4.180000e+02 6.087357e-06
4.190000e+02 5.784222e-06
4.200000e+02 5.142905e-06
4.210000e+02 7.378127e-06
4.220000e+02 8.220618e-06
4.230000e+02 6.706849e-06
4.240000e+02 6.491537e-06
4.250000e+02 4.518203e-06
4.260000e+02 5.307713e-06
4.270000e+02 7.827419e-06
4.280000e+02 7.915564e-06
4.290000e+02 4.479957e-06
4.300000e+02 7.259357e-06
4.310000e+02 9.372003e-06
4.320000e+02 9.219333e-06
4.330000e+02 2.926271e-06
4.340000e+02 2.503290e-06
4.350000e+02 2.459660e-06
4.360000e+02 2.026330e-06
4.370000e+02 2.700532e-06
4.380000e+02 1.506612e-06
4.390000e+02 3.080192e-06
4.400000e+02 6.807603e-06
4.410000e+02 5.230403e-06
4.420000e+02 9.506544e-07
4.430000e+02 3.612903e-06
4.440000e+02 7.065579e-06
4.450000e+02 3.502852e-06
4.460000e+02 2.805346e-06
4.470000e+02 6.124037e-06
4.480000e+02 5.415482e-06
4.490000e+02 1.048398e-06
4.500000e+02 1.962285e-06
4.510000e+02 4.386529e-06
4.520000e+02 3.335569e-06
4.530000e+02 3.509685e-06
4.540000e+02 1.617238e-06
4.550000e+02 1.324308e-06
4.560000e+02 1.367879e-06
4.570000e+02 6.545185e-06
4.580000e+02 1.845724e-06
4.590000e+02 2.706240e-06
4.600000e+02 3.077110e-06
4.610000e+02 1.484646e-06
4.620000e+02 2.678154e-06
4.630000e+02 2.535481e-06
4.640000e+02 2.137338e-06
4.650000e+02 5.392594e-06
4.660000e+02 7.714065e-06
4.670000e+02 1.101415e-07
4.680000e+02 1.283169e-07
4.690000e+02 8.561007e-06
4.700000e+02 4.970639e-06
4.710000e+02 4.537351e-06
4.720000e+02 4.888274e-06
4.730000e+02 2.881625e-06
4.740000e+02 2.951416e-06
4.750000e+02 4.717969e-06
4.760000e+02 1.612281e-06
4.770000e+02 3.012753e-06
4.780000e+02 3.012608e-06
4.790000e+02 6.562669e-06
4.800000e+02 5.535726e-06
4.810000e+02 3.487923e-06
4.820000e+02 2.694749e-06
4.830000e+02 3.319597e-06
4.840000e+02 3.307289e-06
4.850000e+02 6.919470e-06
4.860000e+02 3.530178e-06
4.870000e+02 9.416162e-06
4.880000e+02 8.804667e-06
4.890000e+02 2.616016e-06
4.900000e+02 8.752089e-06
4.910000e+02 2.888855e-06
4.920000e+02 4.492625e-06
4.930000e+02 9.547855e-06
4.940000e+02 7.791092e-06
4.950000e+02 1.979357e-06
4.960000e+02 6.812911e-06
4.970000e+02 2.230000e-06
4.980000e+02 3.350076e-06
4.990000e+02 1.577222e-06
5.000000e+02 4.540803e-06
5.010000e+02 4.850842e-06
5.020000e+02 2.339929e-06
5.030000e+02 4.990683e-06
5.040000e+02 3.541947e-06
5.050000e+02 6.342851e-06
5.060000e+02 1.996215e-06
5.070000e+02 2.277761e-06
5.080000e+02 2.979778e-06
5.090000e+02 4.537929e-06
5.100000e+02 6.616277e-06
5.110000e+02 5.428257e-06
5.120000e+02 2.683704e-06
5.130000e+02 3.446281e-06
5.140000e+02 2.212857e-06
5.150000e+02 5.480056e-06
5.160000e+02 4.361167e-06
5.170000e+02 2.895550e-06
5.180000e+02 6.215739e-06
5.190000e+02 4.738498e-06
5.200000e+02 4.809418e-06
5.210000e+02 2.606347e-06
5.220000e+02 4.671481e-06
5.230000e+02 2.296489e-06
5.240000e+02 1.310751e-06
5.250000e+02 1.652696e-06
5.260000e+02 2.329801e-06
5.270000e+02 1.736215e-06
5.280000e+02 1.820035e-06
5.290000e+02 1.520596e-06
5.300000e+02 1.678398e-06
5.310000e+02 1.736854e-06
5.320000e+02 2.170249e-06
5.330000e+02 1.885687e-06
5.340000e+02 2.281492e-06
5.350000e+02 2.180662e-06
5.360000e+02 1.333992e-06
5.370000e+02 1.897456e-06
5.380000e+02 1.138544e-06
5.390000e+02 1.500772e-06
5.400000e+02 1.306714e-06
5.410000e+02 1.053303e-06
5.420000e+02 1.670433e-06
5.430000e+02 1.151797e-06
5.440000e+02 1.763481e-06
5.450000e+02 1.141492e-06
5.460000e+02 1.501655e-06
5.470000e+02 1.014911e-06
5.480000e+02 1.762315e-06
5.490000e+02 1.572368e-06
5.500000e+02 1.165738e-06
5.510000e+02 1.947047e-06
5.520000e+02 1.558711e-06
5.530000e+02 1.813829e-06
5.540000e+02 2.357040e-06
5.550000e+02 1.477785e-06
5.560000e+02 2.657176e-06
5.570000e+02 1.058701e-06
5.580000e+02 1.713269e-06
5.590000e+02 1.861664e-06
5.600000e+02 1.311718e-06
5.610000e+02 6.894663e-06
5.620000e+02 1.393556e-06
5.630000e+02 7.200588e-06
5.640000e+02 2.141026e-06
5.650000e+02 2.344208e-06
5.660000e+02 2.336904e-06
5.670000e+02 1.559727e-06
5.680000e+02 1.982708e-06
5.690000e+02 1.585712e-06
5.700000e+02 1.558281e-06
5.710000e+02 7.347814e-06
5.720000e+02 1.785277e-06
5.730000e+02 1.477371e-06
5.740000e+02 6.988805e-06
5.750000e+02 1.653530e-06
5.760000e+02 7.033252e-06
5.770000e+02 7.998219e-06
5.780000e+02 8.063847e-06
5.790000e+02 7.650847e-06
5.800000e+02 1.317011e-06
5.810000e+02 1.501749e-06
5.820000e+02 1.995545e-06
5.830000e+02 2.224624e-06
5.840000e+02 7.204304e-06
5.850000e+02 2.470982e-06
5.860000e+02 2.085251e-06
5.870000e+02 1.938133e-06
5.880000e+02 1.804810e-06
5.890000e+02 7.825454e-06
5.900000e+02 2.321875e-06
5.910000e+02 8.337528e-06
5.920000e+02 1.451684e-06
5.930000e+02 1.496961e-06
5.940000e+02 1.547469e-06
5.950000e+02 1.914617e-06
5.960000e+02 8.091901e-06
5.970000e+02 1.682265e-06
5.980000e+02 1.932245e-06
5.990000e+02 2.012320e-06
6.000000e+02 1.694741e-06
6.010000e+02 1.375193e-06
6.020000e+02 1.601040e-06
6.030000e+02 8.027797e-06
6.040000e+02 1.179751e-06
6.050000e+02 1.486237e-06
6.060000e+02 1.871341e-06
6.070000e+02 2.184966e-06
6.080000e+02 2.042107e-06
6.090000e+02 2.066376e-06
6.100000e+02 2.304398e-06
6.110000e+02 2.132170e-06
6.120000e+02 2.701497e-06
6.130000e+02 2.031951e-06
6.140000e+02 2.118764e-06
6.150000e+02 2.079866e-06
6.160000e+02 2.185562e-06
6.170000e+02 2.029148e-06
6.180000e+02 2.808555e-06
6.190000e+02 2.699874e-06
6.200000e+02 1.605426e-06
6.210000e+02 1.202736e-06
6.220000e+02 1.318629e-06
6.230000e+02 1.717483e-06
6.240000e+02 2.350979e-06
6.250000e+02 1.825568e-06
6.260000e+02 1.948271e-06
6.270000e+02 1.833490e-06
6.280000e+02 1.849741e-06
6.290000e+02 1.973213e-06
6.300000e+02 2.589174e-06
6.310000e+02 2.189792e-06
6.320000e+02 2.411994e-06
6.330000e+02 1.901664e-06
6.340000e+02 2.601661e-06
6.350000e+02 2.122516e-06
6.360000e+02 2.291159e-06
6.370000e+02 2.203784e-06
6.380000e+02 2.537183e-06
6.390000e+02 1.562891e-06
6.400000e+02 4.141581e-06
6.410000e+02 3.636008e-06
6.420000e+02 2.602519e-06
6.430000e+02 2.902434e-06
6.440000e+02 2.776633e-06
6.450000e+02 4.488535e-06
6.460000e+02 4.145230e-06
6.470000e+02 4.634302e-06
6.480000e+02 3.267822e-06
6.490000e+02 2.736654e-06
6.500000e+02 3.378519e-06
6.510000e+02 3.657732e-06
6.520000e+02 3.298279e-06
6.530000e+02 2.926462e-06
6.540000e+02 3.859845e-06
6.550000e+02 3.265721e-06
6.560000e+02 3.914593e-06
6.570000e+02 3.569501e-06
6.580000e+02 2.793222e-06
6.590000e+02 2.993372e-06
6.600000e+02 3.306320e-06
6.610000e+02 3.340325e-06
6.620000e+02 3.915995e-06
6.630000e+02 4.307619e-06
6.640000e+02 3.448992e-06
6.650000e+02 3.926623e-06
6.660000e+02 4.125947e-06
6.670000e+02 4.188439e-06
6.680000e+02 1.519225e-06
6.690000e+02 3.609771e-06
6.700000e+02 2.303368e-06
6.710000e+02 4.348794e-06
6.720000e+02 4.469917e-06
6.730000e+02 2.680310e-06
6.740000e+02 2.634221e-06
6.750000e+02 2.404783e-06
6.760000e+02 2.665759e-06
6.770000e+02 2.641409e-06
6.780000e+02 3.242355e-06
6.790000e+02 1.555525e-06
6.800000e+02 1.403185e-06
6.810000e+02 2.326905e-06
6.820000e+02 1.820907e-06
6.830000e+02 2.899517e-06
6.840000e+02 2.368482e-06
6.850000e+02 1.906112e-06
6.860000e+02 2.630496e-06
6.870000e+02 1.577953e-06
6.880000e+02 9.839654e-07
6.890000e+02 3.476754e-06
6.900000e+02 3.477359e-06
6.910000e+02 2.397930e-06
6.920000e+02 2.592281e-06
6.930000e+02 3.996767e-06
6.940000e+02 1.479119e-06
6.950000e+02 2.468718e-06
6.960000e+02 2.040924e-06
6.970000e+02 1.803448e-06
6.980000e+02 1.683252e-06
6.990000e+02 1.810753e-06
7.000000e+02 2.841185e-06
7.010000e+02 1.760849e-06
7.020000e+02 1.730789e-06
7.030000e+02 2.231973e-06
7.040000e+02 1.832123e-06
7.050000e+02 1.478244e-06
7.060000e+02 1.200883e-06
7.070000e+02 1.642831e-06
7.080000e+02 1.854215e-06
7.090000e+02 1.506055e-06
7.100000e+02 1.303586e-06
7.110000e+02 1.195517e-06
7.120000e+02 7.707522e-07
7.130000e+02 1.269058e-06
7.140000e+02 1.104943e-06
7.150000e+02 1.089687e-06
7.160000e+02 1.775462e-06
7.170000e+02 1.296751e-06
7.180000e+02 9.806036e-07
7.190000e+02 8.555956e-07
7.200000e+02 1.010752e-06
7.210000e+02 1.605863e-06
7.220000e+02 1.011141e-06
7.230000e+02 1.406238e-06
7.240000e+02 2.676465e-06
7.250000e+02 8.052727e-07
7.260000e+02 9.748247e-07
7.270000e+02 8.896500e-07
7.280000e+02 1.288624e-06
7.290000e+02 1.257837e-06
7.300000e+02 1.212556e-06
7.310000e+02 9.215626e-07
7.320000e+02 6.932683e-07
7.330000e+02 6.243107e-07
7.340000e+02 8.974893e-07
7.350000e+02 9.463038e-07
7.360000e+02 7.862012e-07
7.370000e+02 1.106791e-06
7.380000e+02 9.041182e-07
7.390000e+02 7.618076e-07
7.400000e+02 6.767098e-07
7.410000e+02 6.709651e-07
7.420000e+02 5.460378e-07
7.430000e+02 9.456388e-07
7.440000e+02 8.068953e-07
7.450000e+02 5.669976e-07
7.460000e+02 8.083954e-07
7.470000e+02 6.426478e-07
7.480000e+02 8.739833e-07
7.490000e+02 7.996758e-07
7.500000e+02 3.588900e-06
7.510000e+02 8.358027e-07
7.520000e+02 5.154559e-07
7.530000e+02 6.248493e-07
7.540000e+02 6.069685e-07
7.550000e+02 3.433132e-06
7.560000e+02 6.265107e-07
7.570000e+02 3.377300e-06
7.580000e+02 6.930691e-07
7.590000e+02 7.071178e-07
7.600000e+02 6.834460e-07
7.610000e+02 3.063221e-06
7.620000e+02 5.605337e-07
7.630000e+02 5.000606e-07
7.640000e+02 6.487968e-07
7.650000e+02 3.025997e-06
7.660000e+02 5.749875e-07
7.670000e+02 2.807185e-06
7.680000e+02 6.051182e-07
7.690000e+02 7.715645e-07
7.700000e+02 6.388848e-07
7.710000e+02 5.869470e-07
7.720000e+02 2.701801e-06
7.730000e+02 2.790376e-06
7.740000e+02 5.636313e-07
7.750000e+02 6.191827e-07
7.760000e+02 5.563656e-07
7.770000e+02 7.501760e-07
7.780000e+02 2.544838e-06
7.790000e+02 5.449479e-07
7.800000e+02 2.530863e-06
7.810000e+02 2.750809e-06
7.820000e+02 6.870440e-07
7.830000e+02 2.238817e-06
7.840000e+02 2.533356e-06
7.850000e+02 3.071391e-06
7.860000e+02 4.726002e-07
7.870000e+02 2.322350e-06
7.880000e+02 6.058235e-07
7.890000e+02 2.235060e-06
7.900000e+02 2.333237e-06
7.910000e+02 2.444789e-06
7.920000e+02 3.959103e-07
7.930000e+02 2.332665e-06
7.940000e+02 4.336259e-07
7.950000e+02 5.987086e-07
7.960000e+02 3.740971e-07
7.970000e+02 4.602937e-07
7.980000e+02 4.577020e-07
7.990000e+02 5.923874e-07
8.000000e+02 4.207193e-07
8.010000e+02 5.838303e-07
8.020000e+02 5.457936e-07
8.030000e+02 3.330200e-07
8.040000e+02 3.836239e-07
8.050000e+02 2.868237e-07
8.060000e+02 4.181074e-07
8.070000e+02 3.379017e-07
8.080000e+02 3.970226e-07
8.090000e+02 3.691553e-07
8.100000e+02 6.981139e-07
8.110000e+02 7.752040e-07
8.120000e+02 4.964616e-07
8.130000e+02 4.908941e-07
8.140000e+02 4.321110e-07
8.150000e+02 6.907082e-07
8.160000e+02 1.617325e-06
8.170000e+02 5.470083e-07
8.180000e+02 6.612158e-07
8.190000e+02 6.083789e-07
8.200000e+02 1.069712e-06
8.210000e+02 6.918374e-07
8.220000e+02 8.832308e-07
8.230000e+02 1.098557e-06
8.240000e+02 1.073902e-06
8.250000e+02 7.804169e-07
8.260000e+02 8.180802e-07
8.270000e+02 1.196868e-06
8.280000e+02 9.558237e-07
8.290000e+02 9.663300e-07
8.300000e+02 7.715693e-07
8.310000e+02 1.363897e-06
8.320000e+02 4.090432e-07
8.330000e+02 4.863440e-07
8.340000e+02 2.221849e-07
8.350000e+02 3.014474e-07
8.360000e+02 5.587191e-07
8.370000e+02 1.217024e-06
8.380000e+02 1.029418e-06
8.390000e+02 5.953483e-07
8.400000e+02 1.150728e-06
8.410000e+02 7.421457e-07
8.420000e+02 5.534019e-07
8.430000e+02 1.976902e-07
8.440000e+02 8.177908e-07
8.450000e+02 1.564040e-07
8.460000e+02 4.933324e-07
8.470000e+02 6.547014e-07
8.480000e+02 3.432411e-07
8.490000e+02 1.442167e-06
8.500000e+02 4.702528e-07
8.510000e+02 3.310114e-07
8.520000e+02 1.532941e-06
8.530000e+02 5.803164e-07
8.540000e+02 4.993726e-07
8.550000e+02 3.934006e-07
8.560000e+02 7.866436e-07
8.570000e+02 3.159483e-07
8.580000e+02 9.421592e-07
8.590000e+02 8.486383e-07
8.600000e+02 5.024593e-07
8.610000e+02 3.311108e-07
8.620000e+02 1.027568e-06
8.630000e+02 5.528124e-07
8.640000e+02 9.936792e-07
8.650000e+02 5.312274e-07
8.660000e+02 2.903496e-07
8.670000e+02 2.956182e-07
8.680000e+02 5.080192e-07
8.690000e+02 5.748814e-07
8.700000e+02 1.117930e-06
8.710000e+02 7.397379e-07
8.720000e+02 3.779542e-07
8.730000e+02 7.014084e-07
8.740000e+02 3.582781e-07
8.750000e+02 3.115570e-07
8.760000e+02 7.469718e-07
8.770000e+02 1.053444e-06
8.780000e+02 3.669092e-07
8.790000e+02 8.165340e-07
8.800000e+02 3.670129e-07
8.810000e+02 2.649742e-07
8.820000e+02 6.150617e-07
8.830000e+02 4.423721e-07
8.840000e+02 1.010871e-06
8.850000e+02 7.535159e-07
8.860000e+02 4.098051e-07
8.870000e+02 8.117887e-07
8.880000e+02 6.914523e-07
8.890000e+02 8.840106e-07
8.900000e+02 4.316411e-07
8.910000e+02 1.322473e-06
8.920000e+02 7.409522e-07
8.930000e+02 3.082395e-07
8.940000e+02 7.350714e-07
8.950000e+02 2.605863e-07
8.960000e+02 7.175971e-07
8.970000e+02 2.836649e-07
8.980000e+02 3.268026e-07
8.990000e+02 2.852235e-07
9.000000e+02 5.664435e-07
9.010000e+02 2.482462e-07
9.020000e+02 5.188015e-07
9.030000e+02 7.146341e-07
9.040000e+02 2.598900e-07
9.050000e+02 3.291177e-07
9.060000e+02 5.547388e-07
9.070000e+02 6.161836e-07
9.080000e+02 4.428536e-07
9.090000e+02 5.240383e-07
9.100000e+02 3.505406e-07
9.110000e+02 3.658661e-07
9.120000e+02 5.294699e-07
9.130000e+02 4.388317e-07
9.140000e+02 2.446533e-07
9.150000e+02 8.098567e-07
9.160000e+02 4.149142e-07
9.170000e+02 4.857593e-07
9.180000e+02 9.224560e-07
9.190000e+02 4.486113e-07
9.200000e+02 5.575657e-07
9.210000e+02 6.301730e-07
9.220000e+02 1.626819e-07
9.230000e+02 2.388978e-07
9.240000e+02 5.133101e-07
9.250000e+02 3.551755e-07
9.260000e+02 3.515994e-07
9.270000e+02 4.195644e-07
9.280000e+02 2.921559e-07
9.290000e+02 8.352604e-07
9.300000e+02 5.983049e-07
9.310000e+02 6.060485e-07
9.320000e+02 6.581022e-07
9.330000e+02 2.525322e-07
9.340000e+02 2.454309e-07
9.350000e+02 2.470405e-07
9.360000e+02 1.495723e-07
9.370000e+02 1.650388e-07
9.380000e+02 2.950075e-07
9.390000e+02 2.541025e-07
9.400000e+02 2.646773e-07
9.410000e+02 5.460710e-07
9.420000e+02 4.242513e-07
9.430000e+02 7.728330e-07
9.440000e+02 4.614595e-07
9.450000e+02 5.771051e-07
9.460000e+02 2.814107e-07
9.470000e+02 4.663150e-07
9.480000e+02 2.653159e-07
9.490000e+02 2.289649e-07
9.500000e+02 3.458760e-07
9.510000e+02 3.100980e-07
9.520000e+02 2.942698e-07
9.530000e+02 1.014412e-06
9.540000e+02 4.082917e-07
9.550000e+02 2.326465e-07
9.560000e+02 9.939332e-07
9.570000e+02 4.118287e-07
9.580000e+02 1.526228e-07
9.590000e+02 9.034421e-07
9.600000e+02 9.384190e-07
9.610000e+02 3.155184e-07
9.620000e+02 9.634071e-07
9.630000e+02 8.984891e-07
9.640000e+02 8.095757e-07
9.650000e+02 3.325861e-07
9.660000e+02 8.928932e-07
9.670000e+02 1.082205e-06
9.680000e+02 2.715509e-07
9.690000e+02 9.809741e-07
9.700000e+02 8.786321e-07
9.710000e+02 7.305614e-07
9.720000e+02 2.672136e-07
9.730000e+02 1.046880e-06
9.740000e+02 9.024224e-07
9.750000e+02 6.441231e-07
9.760000e+02 2.355215e-07
9.770000e+02 7.884469e-07
9.780000e+02 9.044947e-07
9.790000e+02 1.278490e-06
9.800000e+02 8.037711e-07
9.810000e+02 9.558924e-07
9.820000e+02 7.911910e-07
9.830000e+02 1.328299e-06
9.840000e+02 6.131606e-07
9.850000e+02 6.161250e-07
9.860000e+02 4.653538e-07
9.870000e+02 1.403286e-06
9.880000e+02 8.411570e-07
9.890000e+02 6.281337e-07
9.900000e+02 5.417743e-07
9.910000e+02 2.385960e-07
9.920000e+02 9.025402e-07
9.930000e+02 4.455768e-07
9.940000e+02 1.273105e-06
9.950000e+02 7.075360e-07
9.960000e+02 4.516628e-07
9.970000e+02 4.009547e-07
9.980000e+02 1.133373e-06
9.990000e+02 5.990530e-07
1.000000e+03 4.146001e-07
1.001000e+03 4.194725e-07
1.002000e+03 1.057749e-06
1.003000e+03 7.551848e-07
1.004000e+03 4.203885e-07
1.005000e+03 4.084226e-07
1.006000e+03 1.264536e-06
1.007000e+03 5.459687e-07
1.008000e+03 3.701055e-07
1.009000e+03 3.580930e-07
1.010000e+03 1.192961e-06
1.011000e+03 4.546968e-07
1.012000e+03 4.167265e-07
1.013000e+03 4.660725e-07
1.014000e+03 1.075521e-06
1.015000e+03 4.033972e-07
1.016000e+03 4.116438e-07
1.017000e+03 2.126984e-07
1.018000e+03 1.182390e-06
1.019000e+03 2.636472e-07
1.020000e+03 3.154828e-07
1.021000e+03 2.349306e-07
1.022000e+03 9.041223e-07
1.023000e+03 3.489128e-07
1.024000e+03 3.662311e-07
1.025000e+03 4.109686e-07
1.026000e+03 1.150099e-06
1.027000e+03 2.410938e-07
1.028000e+03 3.051418e-07
1.029000e+03 2.511986e-07
1.030000e+03 9.064207e-07
1.031000e+03 3.349510e-07
1.032000e+03 2.921612e-07
1.033000e+03 2.223648e-07
1.034000e+03 1.095730e-06
1.035000e+03 4.648493e-07
1.036000e+03 3.409591e-07
1.037000e+03 3.347927e-07
1.038000e+03 1.527476e-06
1.039000e+03 3.266018e-07
1.040000e+03 2.822142e-07
1.041000e+03 2.314964e-07
1.042000e+03 8.877768e-07
1.043000e+03 2.806577e-07
1.044000e+03 2.388760e-07
1.045000e+03 1.814887e-07
1.046000e+03 8.449112e-07
1.047000e+03 2.279859e-07
1.048000e+03 2.395981e-07
1.049000e+03 2.024823e-07
1.050000e+03 1.692543e-07
1.051000e+03 8.178358e-07
1.052000e+03 2.437159e-07
1.053000e+03 2.689360e-07
1.054000e+03 8.931614e-07
1.055000e+03 2.465694e-07
1.056000e+03 2.796943e-07
1.057000e+03 2.935853e-07
1.058000e+03 2.023401e-07
1.059000e+03 8.259925e-07
1.060000e+03 2.539714e-07
1.061000e+03 2.106072e-07
1.062000e+03 1.993172e-07
1.063000e+03 7.206615e-07
1.064000e+03 2.653877e-07
1.065000e+03 2.637312e-07
1.066000e+03 2.041515e-07
1.067000e+03 1.924765e-07
1.068000e+03 1.008731e-06
1.069000e+03 2.465361e-07
1.070000e+03 2.311741e-07
1.071000e+03 2.805646e-07
1.072000e+03 5.457635e-07
1.073000e+03 4.161760e-07
1.074000e+03 2.851167e-07
1.075000e+03 2.088164e-07
1.076000e+03 1.425609e-07
1.077000e+03 1.038572e-06
1.078000e+03 2.371114e-07
1.079000e+03 2.136062e-07
1.080000e+03 1.622799e-07
1.081000e+03 5.340025e-07
1.082000e+03 2.388022e-07
1.083000e+03 2.334454e-07
1.084000e+03 1.791156e-07
1.085000e+03 1.149701e-07
1.086000e+03 1.588966e-07
1.087000e+03 1.997218e-07
1.088000e+03 1.889814e-07
1.089000e+03 1.365230e-07
1.090000e+03 9.375124e-07
1.091000e+03 1.953673e-07
1.092000e+03 3.485118e-07
1.093000e+03 2.106945e-07
1.094000e+03 1.558892e-07
1.095000e+03 1.226320e-07
1.096000e+03 6.195615e-07
1.097000e+03 2.786966e-07
1.098000e+03 2.204408e-07
1.099000e+03 2.031503e-07
1.100000e+03 1.927878e-07
1.101000e+03 8.692511e-07
1.102000e+03 2.817846e-07
1.103000e+03 2.491876e-07
1.104000e+03 2.197544e-07
1.105000e+03 1.946874e-07
1.106000e+03 7.380014e-07
1.107000e+03 3.312439e-07
1.108000e+03 3.430712e-07
1.109000e+03 2.060079e-07
1.110000e+03 1.809008e-07
1.111000e+03 2.170657e-07
1.112000e+03 1.317407e-06
1.113000e+03 4.373059e-07
1.114000e+03 2.717283e-07
1.115000e+03 3.089345e-07
1.116000e+03 2.601644e-07
1.117000e+03 2.386858e-07
1.118000e+03 8.089665e-07
1.119000e+03 4.364035e-07
1.120000e+03 4.344970e-07
1.121000e+03 2.692281e-07
1.122000e+03 2.388691e-07
1.123000e+03 1.928214e-07
1.124000e+03 2.866270e-08
1.125000e+03 4.338460e-07
1.126000e+03 2.613259e-07
1.127000e+03 2.157866e-07
1.128000e+03 1.544346e-07
1.129000e+03 1.908487e-07
1.130000e+03 1.986960e-07
1.131000e+03 1.167401e-06
1.132000e+03 2.819948e-07
1.133000e+03 3.825271e-07
1.134000e+03 1.942430e-07
1.135000e+03 1.898455e-07
1.136000e+03 1.468149e-07
1.137000e+03 1.319214e-07
1.138000e+03 1.480426e-07
1.139000e+03 2.400121e-07
1.140000e+03 3.896775e-07
1.141000e+03 2.465060e-07
1.142000e+03 1.723400e-07
1.143000e+03 1.488412e-07
1.144000e+03 1.204657e-07
1.145000e+03 1.242825e-07
1.146000e+03 1.040258e-07
1.147000e+03 7.957008e-07
1.148000e+03 2.318275e-07
1.149000e+03 1.872154e-07
1.150000e+03 1.482687e-07
1.151000e+03 1.195911e-07
1.152000e+03 1.583123e-07
1.153000e+03 9.477605e-08
1.154000e+03 8.964603e-08
1.155000e+03 7.809521e-08
1.156000e+03 7.334399e-08
1.157000e+03 6.898850e-07
1.158000e+03 2.380463e-07
1.159000e+03 2.489824e-07
1.160000e+03 1.433632e-07
1.161000e+03 1.353019e-07
1.162000e+03 9.908214e-08
1.163000e+03 8.714849e-08
1.164000e+03 7.717552e-08
1.165000e+03 6.890126e-08
1.166000e+03 4.240948e-07
1.167000e+03 5.269705e-08
1.168000e+03 4.660093e-08
1.169000e+03 1.061412e-06
1.170000e+03 3.290558e-07
1.171000e+03 1.836895e-07
1.172000e+03 1.438237e-07
1.173000e+03 1.145894e-07
1.174000e+03 8.857885e-08
1.175000e+03 7.318387e-08
1.176000e+03 9.211770e-08
1.177000e+03 6.381403e-08
1.178000e+03 5.448927e-08
1.179000e+03 7.620069e-08
1.180000e+03 5.444223e-08
1.181000e+03 5.950787e-08
1.182000e+03 5.027153e-07
1.183000e+03 2.347718e-07
1.184000e+03 2.006973e-07
1.185000e+03 1.416512e-07
1.186000e+03 1.071876e-07
1.187000e+03 9.719948e-08
1.188000e+03 7.532671e-08
1.189000e+03 7.078779e-08
1.190000e+03 7.176910e-08
1.191000e+03 4.565195e-08
1.192000e+03 4.565526e-08
1.193000e+03 3.942086e-08
1.194000e+03 3.315516e-08
1.195000e+03 2.878426e-08
1.196000e+03 2.915103e-08
1.197000e+03 3.286134e-08
1.198000e+03 7.802642e-07
1.199000e+03 1.960083e-07
1.200000e+03 2.104661e-07
1.201000e+03 1.676576e-07
1.202000e+03 1.227613e-07
1.203000e+03 8.813029e-08
1.204000e+03 8.941911e-08
1.205000e+03 7.435804e-08
1.206000e+03 6.555450e-08
1.207000e+03 5.012921e-08
1.208000e+03 4.928742e-08
1.209000e+03 4.266644e-08
1.210000e+03 4.678083e-08
1.211000e+03 2.756616e-08
1.212000e+03 3.270376e-08
1.213000e+03 2.863233e-08
1.214000e+03 2.659148e-08
1.215000e+03 7.971751e-07
1.216000e+03 1.513716e-07
1.217000e+03 2.157278e-07
1.218000e+03 1.863893e-07
1.219000e+03 9.460188e-08
1.220000e+03 6.598709e-08
1.221000e+03 6.164223e-08
1.222000e+03 6.613255e-08
1.223000e+03 5.735913e-08
1.224000e+03 4.690903e-08
1.225000e+03 5.221042e-08
1.226000e+03 3.185383e-08
1.227000e+03 3.349833e-08
1.228000e+03 3.501029e-08
1.229000e+03 4.147718e-08
1.230000e+03 5.758625e-08
1.231000e+03 3.073461e-08
1.232000e+03 2.076981e-08
1.233000e+03 6.823149e-07
1.234000e+03 2.485508e-07
1.235000e+03 1.927340e-07
1.236000e+03 1.084687e-07
1.237000e+03 9.772547e-08
1.238000e+03 8.299613e-08
1.239000e+03 6.925128e-08
1.240000e+03 5.709702e-08
1.241000e+03 4.748343e-08
1.242000e+03 4.040085e-08
1.243000e+03 3.573979e-08
1.244000e+03 3.626337e-08
1.245000e+03 3.376316e-08
1.246000e+03 5.098857e-08
1.247000e+03 2.726742e-08
1.248000e+03 2.851669e-08
1.249000e+03 6.794616e-07
1.250000e+03 1.867074e-07
1.251000e+03 1.537125e-07
1.252000e+03 1.272249e-07
1.253000e+03 9.733742e-08
1.254000e+03 7.468780e-08
1.255000e+03 5.973017e-08
1.256000e+03 4.920260e-08
1.257000e+03 4.144581e-08
1.258000e+03 4.246072e-08
1.259000e+03 3.307159e-08
1.260000e+03 3.748124e-08
1.261000e+03 4.876304e-08
1.262000e+03 3.988586e-08
1.263000e+03 4.451981e-08
1.264000e+03 6.659479e-07
1.265000e+03 1.689029e-07
1.266000e+03 1.291654e-07
1.267000e+03 1.143743e-07
1.268000e+03 7.963265e-08
1.269000e+03 5.524481e-08
1.270000e+03 4.561474e-08
1.271000e+03 5.454037e-08
1.272000e+03 4.729385e-08
1.273000e+03 4.668472e-08
1.274000e+03 3.740044e-08
1.275000e+03 4.278975e-08
1.276000e+03 4.391215e-08
1.277000e+03 5.063062e-07
1.278000e+03 1.900504e-07
1.279000e+03 1.260167e-07
1.280000e+03 9.525980e-08
1.281000e+03 7.265309e-08
1.282000e+03 6.092345e-08
1.283000e+03 5.923051e-08
1.284000e+03 5.291582e-08
1.285000e+03 5.371313e-08
1.286000e+03 3.811774e-08
1.287000e+03 4.250452e-08
1.288000e+03 6.339159e-08
1.289000e+03 7.711302e-08
1.290000e+03 1.685594e-07
1.291000e+03 2.372224e-07
1.292000e+03 1.434981e-07
1.293000e+03 1.195159e-07
1.294000e+03 9.414904e-08
1.295000e+03 7.562268e-08
1.296000e+03 6.452221e-08
1.297000e+03 4.834734e-08
1.298000e+03 4.578431e-08
1.299000e+03 3.089077e-07
1.300000e+03 3.966331e-08
1.301000e+03 7.867029e-07
1.302000e+03 2.342955e-07
1.303000e+03 2.021185e-07
1.304000e+03 1.545891e-07
1.305000e+03 1.149373e-07
1.306000e+03 8.562289e-08
1.307000e+03 5.944760e-08
1.308000e+03 4.892592e-08
1.309000e+03 5.904668e-08
1.310000e+03 5.582337e-08
1.311000e+03 7.043320e-07
1.312000e+03 1.921857e-07
1.313000e+03 1.926216e-07
1.314000e+03 1.369808e-07
1.315000e+03 1.069952e-07
1.316000e+03 9.051432e-08
1.317000e+03 5.962187e-08
1.318000e+03 5.205140e-08
1.319000e+03 4.689513e-08
1.320000e+03 5.609498e-08
1.321000e+03 6.307800e-07
1.322000e+03 1.856138e-07
1.323000e+03 1.536152e-07
1.324000e+03 1.116904e-07
1.325000e+03 7.679959e-08
1.326000e+03 7.813729e-08
1.327000e+03 6.967543e-08
1.328000e+03 5.509076e-08
1.329000e+03 5.516087e-07
1.330000e+03 1.927244e-07
1.331000e+03 1.387008e-07
1.332000e+03 1.010105e-07
1.333000e+03 9.436795e-08
1.334000e+03 7.757605e-08
1.335000e+03 7.178461e-08
1.336000e+03 8.693076e-08
1.337000e+03 6.311411e-08
1.338000e+03 6.619703e-07
1.339000e+03 2.397958e-07
1.340000e+03 2.167442e-07
1.341000e+03 1.680361e-07
1.342000e+03 1.249506e-07
1.343000e+03 9.763478e-08
1.344000e+03 9.593617e-08
1.345000e+03 5.589043e-08
1.346000e+03 8.100382e-07
1.347000e+03 2.091382e-07
1.348000e+03 1.764644e-07
1.349000e+03 1.302637e-07
1.350000e+03 1.107487e-07
1.351000e+03 9.855977e-08
1.352000e+03 7.348583e-08
1.353000e+03 6.781298e-07
1.354000e+03 2.147601e-07
1.355000e+03 1.713385e-07
1.356000e+03 2.478774e-07
1.357000e+03 2.291802e-07
1.358000e+03 2.456629e-07
1.359000e+03 1.310834e-07
1.360000e+03 1.310647e-06
1.361000e+03 1.808794e-07
1.362000e+03 2.504720e-07
1.363000e+03 1.328141e-07
1.364000e+03 9.087909e-08
1.365000e+03 1.259979e-07
1.366000e+03 8.778402e-08
1.367000e+03 5.714845e-07
1.368000e+03 2.187324e-07
1.369000e+03 2.080255e-07
1.370000e+03 1.574378e-07
1.371000e+03 1.011939e-07
1.372000e+03 8.421967e-08
1.373000e+03 8.495117e-08
1.374000e+03 6.309196e-07
1.375000e+03 3.357817e-07
1.376000e+03 1.625076e-07
1.377000e+03 1.273574e-07
1.378000e+03 1.009504e-07
1.379000e+03 9.567182e-08
1.380000e+03 1.034886e-07
1.381000e+03 1.371727e-07
1.382000e+03 2.693746e-07
1.383000e+03 1.960753e-07
1.384000e+03 1.405454e-07
1.385000e+03 1.058174e-07
1.386000e+03 7.268941e-08
1.387000e+03 8.469539e-08
1.388000e+03 7.121208e-07
1.389000e+03 1.871675e-07
1.390000e+03 1.308670e-07
1.391000e+03 1.131526e-07
1.392000e+03 8.030560e-08
1.393000e+03 7.915251e-08
1.394000e+03 1.256757e-07
1.395000e+03 1.827499e-07
1.396000e+03 1.353877e-07
1.397000e+03 9.338852e-08
1.398000e+03 8.363438e-08
1.399000e+03 7.120201e-08
1.400000e+03 6.428733e-08
1.401000e+03 7.052388e-07
1.402000e+03 1.750705e-07
1.403000e+03 1.596833e-07
1.404000e+03 1.140303e-07
1.405000e+03 1.107597e-07
1.406000e+03 1.293325e-07
1.407000e+03 1.876075e-07
1.408000e+03 2.397991e-07
1.409000e+03 1.379798e-07
1.410000e+03 8.120780e-08
1.411000e+03 6.631274e-08
1.412000e+03 6.950950e-08
1.413000e+03 7.396259e-08
1.414000e+03 7.221146e-07
1.415000e+03 1.264584e-07
1.416000e+03 1.194458e-07
1.417000e+03 1.105998e-07
1.418000e+03 8.720158e-08
1.419000e+03 6.299465e-07
1.420000e+03 2.588496e-07
1.421000e+03 1.327042e-07
1.422000e+03 8.865721e-08
1.423000e+03 8.073759e-08
1.424000e+03 7.562127e-08
1.425000e+03 5.965001e-08
1.426000e+03 5.262467e-08
1.427000e+03 8.149124e-08
1.428000e+03 7.247122e-07
1.429000e+03 1.672005e-07
1.430000e+03 1.216594e-07
1.431000e+03 9.093966e-08
1.432000e+03 9.036994e-08
1.433000e+03 8.781896e-08
1.434000e+03 5.525926e-08
1.435000e+03 5.121759e-07
1.436000e+03 1.119583e-07
1.437000e+03 8.502721e-08
1.438000e+03 6.945121e-08
1.439000e+03 7.249127e-08
1.440000e+03 6.628083e-08
1.441000e+03 5.500590e-08
1.442000e+03 5.714566e-07
1.443000e+03 1.412573e-07
1.444000e+03 1.068772e-07
1.445000e+03 9.531602e-08
1.446000e+03 7.254476e-08
1.447000e+03 7.254334e-08
1.448000e+03 8.968309e-08
1.449000e+03 6.163123e-07
1.450000e+03 1.408349e-07
1.451000e+03 1.414175e-07
1.452000e+03 9.715399e-08
1.453000e+03 8.653502e-08
1.454000e+03 7.868110e-08
1.455000e+03 7.528033e-08
1.456000e+03 6.487652e-08
1.457000e+03 4.337402e-07
1.458000e+03 1.357836e-07
1.459000e+03 9.767939e-08
1.460000e+03 7.633334e-08
1.461000e+03 7.122112e-08
1.462000e+03 6.584586e-08
1.463000e+03 5.839961e-08
1.464000e+03 5.371405e-08
1.465000e+03 6.646863e-07
1.466000e+03 1.274730e-07
1.467000e+03 1.078002e-07
1.468000e+03 8.817009e-08
1.469000e+03 7.874864e-08
1.470000e+03 7.687390e-08
1.471000e+03 7.481759e-08
1.472000e+03 3.271619e-07
1.473000e+03 5.719848e-07
1.474000e+03 1.242129e-07
1.475000e+03 8.904723e-08
1.476000e+03 1.013026e-07
1.477000e+03 8.899562e-08
1.478000e+03 7.340155e-08
1.479000e+03 3.209591e-07
1.480000e+03 2.875515e-07
1.481000e+03 4.219287e-07
1.482000e+03 1.063462e-07
1.483000e+03 9.417406e-08
1.484000e+03 8.098932e-08
1.485000e+03 7.930716e-08
1.486000e+03 5.497175e-08
1.487000e+03 6.482516e-08
1.488000e+03 2.987819e-07
1.489000e+03 2.866695e-07
1.490000e+03 4.875810e-07
1.491000e+03 1.210082e-07
1.492000e+03 9.636662e-08
1.493000e+03 7.930750e-08
1.494000e+03 1.246442e-07
1.495000e+03 1.279654e-07
1.496000e+03 7.330837e-08
1.497000e+03 7.327482e-08
1.498000e+03 6.852084e-08
1.499000e+03 7.030428e-07
1.500000e+03 1.341224e-07
1.501000e+03 1.462190e-07
1.502000e+03 1.298785e-07
1.503000e+03 9.400032e-08
1.504000e+03 6.262027e-08
1.505000e+03 5.651392e-08
1.506000e+03 6.713431e-08
1.507000e+03 6.916214e-08
1.508000e+03 6.504794e-08
1.509000e+03 6.381570e-07
1.510000e+03 1.400643e-07
1.511000e+03 1.413646e-07
1.512000e+03 1.183690e-07
1.513000e+03 1.054275e-07
1.514000e+03 9.525246e-08
1.515000e+03 7.602243e-08
1.516000e+03 6.911312e-08
1.517000e+03 5.147909e-07
1.518000e+03 1.586571e-07
1.519000e+03 1.508181e-07
1.520000e+03 1.332143e-07
1.521000e+03 1.262541e-07
1.522000e+03 1.047873e-07
1.523000e+03 9.364730e-08
1.524000e+03 7.041466e-08
1.525000e+03 7.504677e-08
1.526000e+03 7.002527e-08
1.527000e+03 2.475267e-07
1.528000e+03 2.447832e-07
1.529000e+03 2.280797e-07
1.530000e+03 2.129865e-07
1.531000e+03 1.963404e-07
1.532000e+03 7.023965e-07
1.533000e+03 1.219902e-07
1.534000e+03 1.049955e-07
1.535000e+03 9.494224e-08
1.536000e+03 8.657292e-08
1.537000e+03 8.683826e-08
1.538000e+03 7.861220e-08
1.539000e+03 7.170432e-08
1.540000e+03 6.560575e-08
1.541000e+03 5.892263e-08
1.542000e+03 2.245284e-07
1.543000e+03 2.267829e-07
1.544000e+03 1.085838e-06
1.545000e+03 1.450121e-07
1.546000e+03 1.201304e-07
1.547000e+03 1.414230e-07
1.548000e+03 1.321499e-07
1.549000e+03 1.140087e-07
1.550000e+03 9.793100e-08
1.551000e+03 8.798484e-08
1.552000e+03 7.859514e-08
1.553000e+03 2.290698e-07
1.554000e+03 2.349702e-07
1.555000e+03 2.236985e-07
1.556000e+03 2.095649e-07
1.557000e+03 1.977853e-07
1.558000e+03 9.295923e-07
1.559000e+03 1.708909e-07
1.560000e+03 1.194276e-07
1.561000e+03 1.017132e-07
1.562000e+03 8.513330e-08
1.563000e+03 9.543003e-08
1.564000e+03 8.898857e-08
1.565000e+03 8.225437e-08
1.566000e+03 4.599260e-08
1.567000e+03 1.969656e-07
1.568000e+03 5.843993e-08
1.569000e+03 1.809662e-07
1.570000e+03 1.790326e-07
1.571000e+03 1.668967e-07
1.572000e+03 7.427066e-07
1.573000e+03 1.148359e-07
1.574000e+03 1.016832e-07
1.575000e+03 9.539267e-08
1.576000e+03 7.881941e-08
1.577000e+03 7.361509e-08
1.578000e+03 6.581885e-08
1.579000e+03 6.000852e-08
1.580000e+03 2.054198e-07
1.581000e+03 6.246229e-08
1.582000e+03 1.682410e-07
1.583000e+03 1.817564e-07
1.584000e+03 1.715252e-07
1.585000e+03 1.619017e-07
1.586000e+03 1.447078e-07
1.587000e+03 1.397653e-07
1.588000e+03 7.214130e-07
1.589000e+03 1.304087e-07
1.590000e+03 9.195608e-08
1.591000e+03 7.856400e-08
1.592000e+03 7.538451e-08
1.593000e+03 6.867205e-08
1.594000e+03 6.086057e-08
1.595000e+03 5.358078e-08
1.596000e+03 5.111424e-08
1.597000e+03 1.690439e-07
1.598000e+03 4.627929e-08
1.599000e+03 1.314528e-07
1.600000e+03 1.420406e-07
1.601000e+03 1.377093e-07
1.602000e+03 1.281603e-07
1.603000e+03 1.215741e-07
1.604000e+03 1.184870e-07
1.605000e+03 1.126102e-07
1.606000e+03 7.495555e-07
1.607000e+03 1.507469e-07
1.608000e+03 1.371962e-07
1.609000e+03 1.007258e-07
1.610000e+03 7.266102e-08
1.611000e+03 6.102892e-08
1.612000e+03 5.084270e-08
1.613000e+03 4.919125e-08
1.614000e+03 3.935220e-08
1.615000e+03 3.203148e-08
1.616000e+03 1.437225e-07
1.617000e+03 4.123117e-08
1.618000e+03 1.220279e-07
1.619000e+03 1.249352e-07
1.620000e+03 1.398964e-07
1.621000e+03 1.379816e-07
1.622000e+03 1.292468e-07
1.623000e+03 1.209657e-07
1.624000e+03 7.246298e-07
1.625000e+03 9.623313e-08
1.626000e+03 9.641207e-08
1.627000e+03 8.284180e-08
1.628000e+03 6.899177e-08
1.629000e+03 5.123048e-08
1.630000e+03 5.214357e-08
1.631000e+03 4.643543e-08
1.632000e+03 4.049079e-08
1.633000e+03 3.887418e-08
1.634000e+03 3.511591e-08
1.635000e+03 1.229739e-07
1.636000e+03 1.243311e-07
1.637000e+03 3.218417e-08
1.638000e+03 1.035001e-07
1.639000e+03 2.552152e-08
1.640000e+03 9.971180e-08
1.641000e+03 1.007495e-07
1.642000e+03 9.738462e-08
1.643000e+03 8.981694e-08
1.644000e+03 5.534805e-07
1.645000e+03 1.008534e-07
1.646000e+03 8.690423e-08
1.647000e+03 6.768254e-08
1.648000e+03 5.593708e-08
1.649000e+03 4.826206e-08
1.650000e+03 3.696825e-08
1.651000e+03 4.008443e-08
1.652000e+03 3.573713e-08
1.653000e+03 3.144437e-08
1.654000e+03 4.390257e-08
1.655000e+03 1.260776e-07
1.656000e+03 3.580743e-08
1.657000e+03 1.074436e-07
1.658000e+03 1.121191e-07
1.659000e+03 1.094472e-07
1.660000e+03 1.062134e-07
1.661000e+03 2.950871e-08
1.662000e+03 9.387774e-08
1.663000e+03 8.081392e-07
1.664000e+03 1.352800e-07
1.665000e+03 8.402691e-08
1.666000e+03 6.152180e-08
1.667000e+03 5.003774e-08
1.668000e+03 4.474347e-08
1.669000e+03 3.785320e-08
1.670000e+03 4.554068e-08
1.671000e+03 3.816964e-08
1.672000e+03 1.478622e-07
1.673000e+03 1.444487e-07
1.674000e+03 1.303953e-07
1.675000e+03 1.200158e-07
1.676000e+03 1.142899e-07
1.677000e+03 1.038609e-07
1.678000e+03 9.523698e-08
1.679000e+03 8.642313e-08
1.680000e+03 8.196329e-08
1.681000e+03 7.846037e-08
1.682000e+03 7.522483e-08
1.683000e+03 7.947732e-08
1.684000e+03 7.766148e-08
1.685000e+03 7.698004e-08
1.686000e+03 8.583196e-07
1.687000e+03 1.285224e-07
1.688000e+03 1.082131e-07
1.689000e+03 7.379018e-08
1.690000e+03 5.633092e-08
1.691000e+03 4.931304e-08
1.692000e+03 3.842841e-08
1.693000e+03 4.778375e-08
1.694000e+03 4.125791e-08
1.695000e+03 1.376663e-07
1.696000e+03 1.379879e-07
1.697000e+03 1.259227e-07
1.698000e+03 1.186323e-07
1.699000e+03 1.080817e-07
1.700000e+03 9.080344e-08
1.701000e+03 8.746123e-08
1.702000e+03 8.372212e-08
1.703000e+03 8.647730e-08
1.704000e+03 8.376682e-08
1.705000e+03 7.935678e-08
1.706000e+03 7.623220e-08
1.707000e+03 7.352440e-08
1.708000e+03 7.271787e-08
1.709000e+03 6.647187e-07
1.710000e+03 1.224235e-07
1.711000e+03 1.103758e-07
1.712000e+03 9.033950e-08
1.713000e+03 7.405327e-08
1.714000e+03 6.661584e-08
1.715000e+03 5.686413e-08
1.716000e+03 4.172623e-08
1.717000e+03 3.613094e-08
1.718000e+03 2.824002e-08
1.719000e+03 1.266880e-07
1.720000e+03 1.288249e-07
1.721000e+03 1.233378e-07
1.722000e+03 1.163162e-07
1.723000e+03 1.087380e-07
1.724000e+03 1.009820e-07
1.725000e+03 9.468162e-08
1.726000e+03 8.172769e-08
1.727000e+03 7.579085e-08
1.728000e+03 7.122966e-08
1.729000e+03 7.301333e-08
1.730000e+03 7.019344e-08
1.731000e+03 6.836440e-08
1.732000e+03 6.619689e-08
1.733000e+03 7.145333e-07
1.734000e+03 1.388650e-07
1.735000e+03 1.256301e-07
1.736000e+03 8.469708e-08
1.737000e+03 6.738150e-08
1.738000e+03 5.884426e-08
1.739000e+03 5.206997e-08
1.740000e+03 4.137880e-08
1.741000e+03 3.251211e-08
1.742000e+03 2.995698e-08
1.743000e+03 2.937571e-08
1.744000e+03 1.169144e-07
1.745000e+03 1.206200e-07
1.746000e+03 1.121710e-07
1.747000e+03 9.342518e-08
1.748000e+03 8.573013e-08
1.749000e+03 8.158737e-08
1.750000e+03 7.794153e-08
1.751000e+03 7.672398e-08
1.752000e+03 7.295938e-08
1.753000e+03 6.808703e-08
1.754000e+03 6.647860e-08
1.755000e+03 6.315316e-08
1.756000e+03 6.157114e-08
1.757000e+03 6.167907e-08
1.758000e+03 6.110272e-08
1.759000e+03 8.442508e-07
1.760000e+03 1.191604e-07
1.761000e+03 1.133582e-07
1.762000e+03 8.435598e-08
1.763000e+03 6.838766e-08
1.764000e+03 5.809436e-08
1.765000e+03 5.034473e-08
1.766000e+03 4.411688e-08
1.767000e+03 4.002886e-08
1.768000e+03 4.199885e-08
1.769000e+03 3.917339e-08
1.770000e+03 3.446876e-08
1.771000e+03 3.062960e-08
1.772000e+03 2.807680e-08
1.773000e+03 9.235653e-08
1.774000e+03 9.187230e-08
1.775000e+03 8.703301e-08
1.776000e+03 8.121675e-08
1.777000e+03 7.685936e-08
1.778000e+03 7.435196e-08
1.779000e+03 7.085016e-08
1.780000e+03 6.823248e-08
1.781000e+03 6.415504e-08
1.782000e+03 6.017389e-08
1.783000e+03 5.796466e-08
1.784000e+03 6.371076e-07
1.785000e+03 1.253194e-07
1.786000e+03 9.833432e-08
1.787000e+03 8.116828e-08
1.788000e+03 6.782516e-08
1.789000e+03 5.039487e-08
1.790000e+03 4.233814e-08
1.791000e+03 3.658159e-08
1.792000e+03 3.145988e-08
1.793000e+03 2.767473e-08
1.794000e+03 2.446597e-08
1.795000e+03 1.009850e-07
1.796000e+03 9.953677e-08
1.797000e+03 9.482849e-08
1.798000e+03 9.004740e-08
1.799000e+03 8.335124e-08
1.800000e+03 8.231208e-08
1.801000e+03 7.782209e-08
1.802000e+03 7.298720e-08
1.803000e+03 6.912573e-08
1.804000e+03 6.379893e-08
1.805000e+03 5.873828e-08
1.806000e+03 5.740624e-08
1.807000e+03 5.697655e-08
1.808000e+03 5.603177e-08
1.809000e+03 5.522240e-08
1.810000e+03 5.365423e-08
1.811000e+03 5.286305e-08
1.812000e+03 5.116512e-08
1.813000e+03 5.175344e-08
1.814000e+03 5.697260e-08
1.815000e+03 7.260025e-07
1.816000e+03 1.128306e-07
1.817000e+03 8.436659e-08
1.818000e+03 7.574401e-08
1.819000e+03 7.706233e-08
1.820000e+03 6.897605e-08
1.821000e+03 6.001735e-08
1.822000e+03 5.204921e-08
1.823000e+03 3.668607e-08
1.824000e+03 3.039748e-08
1.825000e+03 2.419024e-08
1.826000e+03 9.780102e-08
1.827000e+03 9.998753e-08
1.828000e+03 9.746921e-08
1.829000e+03 8.682372e-08
1.830000e+03 7.684949e-08
1.831000e+03 7.005281e-08
1.832000e+03 6.883710e-08
1.833000e+03 6.904652e-08
1.834000e+03 6.780964e-08
1.835000e+03 6.477328e-08
1.836000e+03 6.234874e-08
1.837000e+03 5.998297e-08
1.838000e+03 5.802354e-08
1.839000e+03 5.665004e-08
1.840000e+03 5.734619e-08
1.841000e+03 5.514143e-08
1.842000e+03 5.268947e-08
1.843000e+03 5.113656e-08
1.844000e+03 5.038325e-08
1.845000e+03 5.042372e-08
1.846000e+03 4.977909e-08
1.847000e+03 4.864857e-08
1.848000e+03 4.855718e-08
1.849000e+03 4.783962e-08
1.850000e+03 6.925500e-07
1.851000e+03 1.261277e-07
1.852000e+03 1.113523e-07
1.853000e+03 8.090786e-08
1.854000e+03 6.960712e-08
1.855000e+03 5.845667e-08
1.856000e+03 5.016210e-08
1.857000e+03 4.257727e-08
1.858000e+03 2.622367e-08
1.859000e+03 2.394723e-08
1.860000e+03 1.018098e-07
1.861000e+03 1.027302e-07
1.862000e+03 9.402119e-08
1.863000e+03 8.511628e-08
1.864000e+03 8.119658e-08
1.865000e+03 7.441422e-08
1.866000e+03 6.834829e-08
1.867000e+03 6.007895e-08
1.868000e+03 5.630461e-08
1.869000e+03 5.370208e-08
1.870000e+03 4.904147e-08
1.871000e+03 4.646934e-08
1.872000e+03 4.646927e-08
1.873000e+03 4.402972e-08
1.874000e+03 4.279831e-08
1.875000e+03 4.188342e-08
1.876000e+03 4.065185e-08
1.877000e+03 4.203384e-08
1.878000e+03 4.148050e-08
1.879000e+03 4.139107e-08
1.880000e+03 4.262413e-08
1.881000e+03 4.249657e-08
1.882000e+03 4.251129e-08
1.883000e+03 4.208395e-08
1.884000e+03 4.370228e-08
1.885000e+03 4.361255e-08
1.886000e+03 4.166060e-08
1.887000e+03 4.227405e-08
1.888000e+03 4.448846e-08
1.889000e+03 7.362318e-07
1.890000e+03 7.012986e-08
1.891000e+03 5.660676e-08
1.892000e+03 6.059128e-08
1.893000e+03 4.853398e-08
1.894000e+03 3.750087e-08
1.895000e+03 3.030485e-08
1.896000e+03 2.465774e-08
1.897000e+03 2.094695e-08
1.898000e+03 1.874117e-08
1.899000e+03 1.046266e-07
1.900000e+03 1.010693e-07
1.901000e+03 9.003766e-08
1.902000e+03 8.295544e-08
1.903000e+03 7.617200e-08
1.904000e+03 6.679785e-08
1.905000e+03 6.320926e-08
1.906000e+03 5.630161e-08
1.907000e+03 5.305844e-08
1.908000e+03 5.046288e-08
1.909000e+03 4.630440e-08
1.910000e+03 4.506577e-08
1.911000e+03 4.598082e-08
1.912000e+03 4.735227e-08
1.913000e+03 4.554128e-08
1.914000e+03 4.328809e-08
1.915000e+03 3.894834e-08
1.916000e+03 3.909771e-08
1.917000e+03 3.875387e-08
1.918000e+03 3.738356e-08
1.919000e+03 3.690687e-08
1.920000e+03 3.667603e-08
1.921000e+03 3.608449e-08
1.922000e+03 3.587610e-08
1.923000e+03 3.581744e-08
1.924000e+03 3.646661e-08
1.925000e+03 3.564955e-08
1.926000e+03 3.519198e-08
1.927000e+03 3.513729e-08
1.928000e+03 3.478267e-08
1.929000e+03 3.419331e-08
1.930000e+03 3.666264e-08
1.931000e+03 3.659811e-08
1.932000e+03 3.548155e-08
1.933000e+03 4.991642e-07
1.934000e+03 8.946609e-08
1.935000e+03 7.224567e-08
1.936000e+03 5.202166e-08
1.937000e+03 5.515655e-08
1.938000e+03 4.854338e-08
1.939000e+03 1.715189e-07
1.940000e+03 1.636869e-07
1.941000e+03 1.460787e-07
1.942000e+03 1.282927e-07
1.943000e+03 1.173432e-07
1.944000e+03 1.075299e-07
1.945000e+03 8.539668e-08
1.946000e+03 7.753122e-08
1.947000e+03 6.820763e-08
1.948000e+03 6.180315e-08
1.949000e+03 5.549481e-08
1.950000e+03 5.225516e-08
1.951000e+03 5.035318e-08
1.952000e+03 4.692014e-08
1.953000e+03 4.405932e-08
1.954000e+03 4.108555e-08
1.955000e+03 4.157571e-08
1.956000e+03 4.147106e-08
1.957000e+03 4.031606e-08
1.958000e+03 3.930890e-08
1.959000e+03 3.821614e-08
1.960000e+03 3.766249e-08
1.961000e+03 3.671015e-08
1.962000e+03 3.632179e-08
1.963000e+03 3.587660e-08
1.964000e+03 3.560823e-08
1.965000e+03 3.524336e-08
1.966000e+03 3.497640e-08
1.967000e+03 3.487290e-08
1.968000e+03 3.536793e-08
1.969000e+03 3.504400e-08
1.970000e+03 3.342674e-08
1.971000e+03 3.288204e-08
1.972000e+03 3.266567e-08
1.973000e+03 3.209138e-08
1.974000e+03 3.164772e-08
1.975000e+03 3.168677e-08
1.976000e+03 3.038360e-08
1.977000e+03 3.028795e-08
1.978000e+03 3.142607e-08
1.979000e+03 3.045088e-08
1.980000e+03 3.029991e-08
1.981000e+03 3.140184e-08
1.982000e+03 6.631678e-07
1.983000e+03 1.227778e-07
1.984000e+03 1.010612e-07
1.985000e+03 8.084837e-08
1.986000e+03 5.200617e-08
1.987000e+03 4.341211e-08
1.988000e+03 3.807332e-08
1.989000e+03 3.038037e-08
1.990000e+03 2.508291e-08
1.991000e+03 1.081446e-07
1.992000e+03 1.045944e-07
1.993000e+03 9.770433e-08
1.994000e+03 8.391910e-08
1.995000e+03 6.957666e-08
1.996000e+03 6.357475e-08
1.997000e+03 5.866775e-08
1.998000e+03 5.424515e-08
1.999000e+03 5.006255e-08
2.000000e+03 4.605281e-08
2.001000e+03 4.359518e-08
2.002000e+03 4.072055e-08
2.003000e+03 3.860377e-08
2.004000e+03 3.656694e-08
2.005000e+03 3.545642e-08
2.006000e+03 3.511337e-08
2.007000e+03 3.500093e-08
2.008000e+03 3.429143e-08
2.009000e+03 3.334020e-08
2.010000e+03 3.388806e-08
2.011000e+03 3.124012e-08
2.012000e+03 3.097020e-08
2.013000e+03 3.081886e-08
2.014000e+03 3.214833e-08
2.015000e+03 3.105622e-08
2.016000e+03 3.419645e-08
2.017000e+03 3.330457e-08
2.018000e+03 3.245553e-08
2.019000e+03 3.151886e-08
2.020000e+03 3.054834e-08
2.021000e+03 3.072776e-08
2.022000e+03 3.150440e-08
2.023000e+03 3.061670e-08
2.024000e+03 3.011974e-08
2.025000e+03 3.057827e-08
2.026000e+03 2.993910e-08
2.027000e+03 2.971850e-08
2.028000e+03 3.065358e-08
2.029000e+03 3.079936e-08
2.030000e+03 3.026319e-08
2.031000e+03 3.040837e-08
2.032000e+03 3.089509e-08
2.033000e+03 3.087630e-08
2.034000e+03 3.008953e-08
2.035000e+03 3.055917e-08
2.036000e+03 3.079259e-08
2.037000e+03 3.030107e-08
2.038000e+03 3.021726e-08
2.039000e+03 7.018670e-07
2.040000e+03 1.212765e-07
2.041000e+03 1.032373e-07
2.042000e+03 8.060465e-08
2.043000e+03 6.228774e-08
2.044000e+03 5.181459e-08
2.045000e+03 4.233586e-08
2.046000e+03 4.365719e-08
2.047000e+03 3.535070e-08
2.048000e+03 2.716036e-08
2.049000e+03 2.028223e-08
2.050000e+03 2.218483e-08
2.051000e+03 7.212340e-08
2.052000e+03 7.195841e-08
2.053000e+03 6.553033e-08
2.054000e+03 5.795960e-08
2.055000e+03 5.168766e-08
2.056000e+03 4.704798e-08
2.057000e+03 5.473349e-08
2.058000e+03 5.549649e-08
2.059000e+03 4.403045e-08
2.060000e+03 3.893836e-08
2.061000e+03 3.702905e-08
2.062000e+03 3.555197e-08
2.063000e+03 3.349527e-08
2.064000e+03 3.523034e-08
2.065000e+03 3.388979e-08
2.066000e+03 3.284405e-08
2.067000e+03 3.172732e-08
2.068000e+03 3.166915e-08
2.069000e+03 3.084250e-08
2.070000e+03 3.067173e-08
2.071000e+03 2.905446e-08
2.072000e+03 2.907053e-08
2.073000e+03 2.798394e-08
2.074000e+03 2.762829e-08
2.075000e+03 2.701865e-08
2.076000e+03 2.738000e-08
2.077000e+03 2.713928e-08
2.078000e+03 2.679141e-08
2.079000e+03 2.678983e-08
2.080000e+03 2.620305e-08
2.081000e+03 2.614297e-08
2.082000e+03 2.670107e-08
2.083000e+03 2.664948e-08
2.084000e+03 2.685103e-08
2.085000e+03 2.693455e-08
2.086000e+03 2.716907e-08
2.087000e+03 2.755782e-08
2.088000e+03 2.770361e-08
2.089000e+03 2.530254e-08
2.090000e+03 2.548364e-08
2.091000e+03 2.604945e-08
2.092000e+03 2.557301e-08
2.093000e+03 2.559969e-08
2.094000e+03 2.550348e-08
2.095000e+03 2.583127e-08
2.096000e+03 2.683456e-08
2.097000e+03 2.719505e-08
2.098000e+03 2.705357e-08
2.099000e+03 2.578924e-08
2.100000e+03 2.565332e-08
2.101000e+03 2.556772e-08
2.102000e+03 5.315333e-07
2.103000e+03 1.431102e-07
2.104000e+03 7.803513e-08
2.105000e+03 5.771683e-08
2.106000e+03 4.955669e-08
2.107000e+03 4.231338e-08
2.108000e+03 3.742167e-08
2.109000e+03 3.183922e-08
2.110000e+03 2.711494e-08
2.111000e+03 2.206779e-08
2.112000e+03 1.824006e-08
2.113000e+03 7.360518e-08
2.114000e+03 6.874364e-08
2.115000e+03 6.121814e-08
2.116000e+03 5.426046e-08
2.117000e+03 5.262316e-08
2.118000e+03 4.833064e-08
2.119000e+03 4.396811e-08
2.120000e+03 4.044798e-08
2.121000e+03 3.777146e-08
2.122000e+03 3.526731e-08
2.123000e+03 3.331400e-08
2.124000e+03 3.188919e-08
2.125000e+03 2.951686e-08
2.126000e+03 2.874257e-08
2.127000e+03 2.856493e-08
2.128000e+03 2.712836e-08
2.129000e+03 2.683494e-08
2.130000e+03 2.699014e-08
2.131000e+03 2.773279e-08
2.132000e+03 2.758082e-08
2.133000e+03 2.827944e-08
2.134000e+03 2.772009e-08
2.135000e+03 2.741609e-08
2.136000e+03 2.796810e-08
2.137000e+03 2.925185e-08
2.138000e+03 2.788001e-08
2.139000e+03 2.681222e-08
2.140000e+03 2.528972e-08
2.141000e+03 2.347497e-08
2.142000e+03 2.405702e-08
2.143000e+03 2.403792e-08
2.144000e+03 2.404488e-08
2.145000e+03 2.351836e-08
2.146000e+03 2.295438e-08
2.147000e+03 2.634456e-08
2.148000e+03 2.396677e-08
2.149000e+03 2.132005e-08
2.150000e+03 2.122717e-08
2.151000e+03 2.260526e-08
2.152000e+03 2.149671e-08
2.153000e+03 2.230279e-08
2.154000e+03 2.225594e-08
2.155000e+03 2.237555e-08
2.156000e+03 2.186010e-08
2.157000e+03 2.095632e-08
2.158000e+03 2.027619e-08
2.159000e+03 2.029022e-08
2.160000e+03 2.183507e-08
2.161000e+03 2.142715e-08
2.162000e+03 2.129623e-08
2.163000e+03 2.119448e-08
2.164000e+03 2.068130e-08
2.165000e+03 2.062242e-08
2.166000e+03 2.061654e-08
2.167000e+03 2.072485e-08
2.168000e+03 2.157564e-08
2.169000e+03 2.167317e-08
2.170000e+03 2.130627e-08
2.171000e+03 2.228524e-08
2.172000e+03 2.131458e-08
2.173000e+03 2.348843e-08
2.174000e+03 2.307913e-08
2.175000e+03 2.299916e-08
2.176000e+03 2.245573e-08
2.177000e+03 2.150245e-08
2.178000e+03 2.214356e-08
2.179000e+03 2.212827e-08
2.180000e+03 2.261974e-08
2.181000e+03 2.258046e-08
2.182000e+03 2.299487e-08
2.183000e+03 2.175137e-08
2.184000e+03 2.126052e-08
2.185000e+03 2.065189e-08
2.186000e+03 2.145130e-08
2.187000e+03 2.167650e-08
2.188000e+03 2.131964e-08
2.189000e+03 2.119049e-08
2.190000e+03 7.144423e-07
2.191000e+03 1.199820e-07
2.192000e+03 9.555015e-08
2.193000e+03 8.022415e-08
2.194000e+03 6.355914e-08
2.195000e+03 4.991758e-08
2.196000e+03 3.760462e-08
2.197000e+03 3.127437e-08
2.198000e+03 2.430496e-08
2.199000e+03 2.117322e-08
2.200000e+03 4.292312e-08
2.201000e+03 4.007203e-08
2.202000e+03 3.746279e-08
2.203000e+03 3.267678e-08
2.204000e+03 6.073966e-08
2.205000e+03 1.598627e-08
2.206000e+03 4.635296e-08
2.207000e+03 4.545861e-08
2.208000e+03 4.161122e-08
2.209000e+03 3.796913e-08
2.210000e+03 3.466077e-08
2.211000e+03 3.215873e-08
2.212000e+03 2.986517e-08
2.213000e+03 2.740950e-08
2.214000e+03 2.601112e-08
2.215000e+03 2.449949e-08
2.216000e+03 2.362436e-08
2.217000e+03 2.289175e-08
2.218000e+03 2.223586e-08
2.219000e+03 2.164054e-08
2.220000e+03 2.105412e-08
2.221000e+03 2.289772e-08
2.222000e+03 2.234503e-08
2.223000e+03 2.242460e-08
2.224000e+03 2.141387e-08
2.225000e+03 2.083058e-08
2.226000e+03 2.028510e-08
2.227000e+03 2.185177e-08
2.228000e+03 2.159217e-08
2.229000e+03 2.129124e-08
2.230000e+03 2.132315e-08
2.231000e+03 2.097729e-08
2.232000e+03 2.155450e-08
2.233000e+03 2.174967e-08
2.234000e+03 2.199673e-08
2.235000e+03 2.205764e-08
2.236000e+03 2.119069e-08
2.237000e+03 2.106111e-08
2.238000e+03 2.092148e-08
2.239000e+03 2.080450e-08
2.240000e+03 2.043268e-08
2.241000e+03 2.095480e-08
2.242000e+03 2.033919e-08
2.243000e+03 1.927213e-08
2.244000e+03 2.063448e-08
2.245000e+03 2.014994e-08
2.246000e+03 1.945028e-08
2.247000e+03 1.964423e-08
2.248000e+03 2.048508e-08
2.249000e+03 1.948844e-08
2.250000e+03 2.077592e-08
2.251000e+03 2.046166e-08
2.252000e+03 1.804106e-09
2.253000e+03 1.666303e-09
2.254000e+03 1.987251e-08
2.255000e+03 1.983058e-08
2.256000e+03 1.986501e-08
2.257000e+03 2.043272e-08
2.258000e+03 2.081886e-08
2.259000e+03 2.079507e-08
2.260000e+03 1.873139e-08
2.261000e+03 2.097485e-09
2.262000e+03 1.973212e-09
2.263000e+03 1.933303e-09
2.264000e+03 1.844135e-09
2.265000e+03 1.861231e-09
2.266000e+03 1.865039e-09
2.267000e+03 1.784833e-09
2.268000e+03 1.937274e-09
2.269000e+03 2.165150e-08
2.270000e+03 2.235725e-08
2.271000e+03 2.156951e-08
2.272000e+03 1.996212e-08
2.273000e+03 1.994535e-08
2.274000e+03 2.055034e-08
2.275000e+03 2.067969e-08
2.276000e+03 2.069945e-08
2.277000e+03 2.117622e-08
2.278000e+03 2.256006e-08
2.279000e+03 2.201610e-08
2.280000e+03 2.261571e-08
2.281000e+03 9.044947e-07
2.282000e+03 1.520159e-07
2.283000e+03 1.515577e-07
2.284000e+03 1.103062e-07
2.285000e+03 8.170922e-08
2.286000e+03 6.617586e-08
2.287000e+03 5.583416e-08
2.288000e+03 4.683218e-08
2.289000e+03 3.903425e-08
2.290000e+03 3.233009e-08
2.291000e+03 2.866831e-08
2.292000e+03 2.482599e-08
2.293000e+03 7.980747e-08
2.294000e+03 2.210604e-08
2.295000e+03 1.603204e-08
2.296000e+03 4.910191e-08
2.297000e+03 4.716765e-08
2.298000e+03 4.215606e-08
2.299000e+03 3.758527e-08
2.300000e+03 3.386955e-08
2.301000e+03 3.072544e-08
2.302000e+03 2.794747e-08
2.303000e+03 2.587021e-08
2.304000e+03 2.459964e-08
2.305000e+03 2.319626e-08
2.306000e+03 2.309030e-08
2.307000e+03 2.424744e-08
2.308000e+03 2.281544e-08
2.309000e+03 2.251947e-08
2.310000e+03 2.212550e-08
2.311000e+03 2.171139e-08
2.312000e+03 3.271168e-09
2.313000e+03 3.218887e-09
2.314000e+03 3.107947e-09
2.315000e+03 3.024758e-09
2.316000e+03 2.081260e-08
2.317000e+03 2.145166e-08
2.318000e+03 2.118691e-08
2.319000e+03 2.800018e-09
2.320000e+03 1.979883e-08
2.321000e+03 1.994740e-08
2.322000e+03 2.009617e-08
2.323000e+03 1.949492e-08
2.324000e+03 2.530074e-09
2.325000e+03 2.245328e-09
2.326000e+03 1.876017e-08
2.327000e+03 1.892233e-08
2.328000e+03 1.877547e-08
2.329000e+03 1.751078e-08
2.330000e+03 1.812270e-08
2.331000e+03 1.758401e-08
2.332000e+03 1.734790e-08
2.333000e+03 1.685047e-08
2.334000e+03 1.644823e-08
2.335000e+03 1.684095e-08
2.336000e+03 1.714443e-08
2.337000e+03 1.750245e-08
2.338000e+03 1.620807e-08
2.339000e+03 1.669018e-08
2.340000e+03 1.695775e-08
2.341000e+03 1.647065e-08
2.342000e+03 1.643522e-08
2.343000e+03 1.681747e-08
2.344000e+03 1.627314e-08
2.345000e+03 1.638592e-08
2.346000e+03 1.619890e-08
2.347000e+03 1.597880e-08
2.348000e+03 1.604963e-08
2.349000e+03 1.616627e-08
2.350000e+03 1.582730e-08
2.351000e+03 1.556963e-08
2.352000e+03 1.560136e-08
2.353000e+03 1.522979e-08
2.354000e+03 1.598154e-08
2.355000e+03 1.586037e-08
2.356000e+03 1.642596e-08
2.357000e+03 1.581735e-08
2.358000e+03 1.521897e-08
2.359000e+03 1.566731e-08
2.360000e+03 1.553265e-08
2.361000e+03 1.631972e-08
2.362000e+03 1.595247e-08
2.363000e+03 1.545974e-08
2.364000e+03 1.539088e-08
2.365000e+03 1.547213e-08
2.366000e+03 1.558772e-08
2.367000e+03 1.602080e-08
2.368000e+03 1.550083e-08
2.369000e+03 1.523230e-08
2.370000e+03 1.520483e-08
2.371000e+03 1.499094e-08
2.372000e+03 1.500547e-08
2.373000e+03 1.517645e-08
2.374000e+03 1.467201e-08
2.375000e+03 1.511613e-08
2.376000e+03 1.440928e-08
2.377000e+03 1.485795e-08
2.378000e+03 1.512117e-08
2.379000e+03 1.460060e-08
2.380000e+03 1.524335e-08
2.381000e+03 1.548233e-08
2.382000e+03 1.487325e-08
2.383000e+03 1.535888e-08
2.384000e+03 1.507313e-08
2.385000e+03 1.551918e-08
2.386000e+03 1.470855e-08
2.387000e+03 1.391174e-08
2.388000e+03 1.427081e-08
2.389000e+03 1.434513e-08
2.390000e+03 1.446114e-08
2.391000e+03 1.458336e-08
2.392000e+03 1.482861e-08
2.393000e+03 1.420696e-08
2.394000e+03 1.431172e-08
2.395000e+03 1.407853e-08
2.396000e+03 1.434958e-08
2.397000e+03 1.432634e-08
2.398000e+03 1.427232e-08
2.399000e+03 1.410316e-08
2.400000e+03 1.409247e-08
2.401000e+03 1.400252e-08
2.402000e+03 1.425889e-08
2.403000e+03 1.444293e-08
2.404000e+03 1.433406e-08
2.405000e+03 1.438696e-08
2.406000e+03 1.436542e-08
2.407000e+03 1.435939e-08
2.408000e+03 1.446282e-08
2.409000e+03 1.460860e-08
2.410000e+03 1.464141e-08
2.411000e+03 1.423918e-08
2.412000e+03 1.461509e-08
2.413000e+03 1.438705e-08
2.414000e+03 1.537529e-08
2.415000e+03 4.194040e-07
2.416000e+03 1.224763e-07
2.417000e+03 8.455240e-08
2.418000e+03 8.025356e-08
2.419000e+03 7.116195e-08
2.420000e+03 6.107607e-08
2.421000e+03 5.042257e-08
2.422000e+03 4.310617e-08
2.423000e+03 1.360104e-07
2.424000e+03 2.977723e-08
2.425000e+03 1.014106e-07
2.426000e+03 2.724173e-08
2.427000e+03 7.662706e-08
2.428000e+03 7.665621e-08
2.429000e+03 6.825841e-08
2.430000e+03 5.981635e-08
2.431000e+03 5.158740e-08
2.432000e+03 4.483340e-08
2.433000e+03 3.984055e-08
2.434000e+03 3.545210e-08
2.435000e+03 3.122538e-08
2.436000e+03 2.829186e-08
2.437000e+03 2.568863e-08
2.438000e+03 2.356508e-08
2.439000e+03 2.132947e-08
2.440000e+03 1.976046e-08
2.441000e+03 2.028576e-08
2.442000e+03 1.924748e-08
2.443000e+03 2.901157e-09
2.444000e+03 2.355134e-09
2.445000e+03 2.280318e-09
2.446000e+03 2.219213e-09
2.447000e+03 2.135338e-09
2.448000e+03 2.178810e-09
2.449000e+03 2.028866e-09
2.450000e+03 1.619565e-08
2.451000e+03 2.488206e-09
2.452000e+03 2.054704e-09
2.453000e+03 1.975590e-09
2.454000e+03 2.003133e-09
2.455000e+03 1.968781e-09
2.456000e+03 1.907400e-09
2.457000e+03 2.051545e-09
2.458000e+03 1.903759e-09
2.459000e+03 1.795226e-09
2.460000e+03 1.826756e-09
2.461000e+03 1.777285e-09
2.462000e+03 1.738746e-09
2.463000e+03 1.557666e-08
2.464000e+03 1.684393e-08
2.465000e+03 1.555196e-08
2.466000e+03 1.582032e-08
2.467000e+03 1.642490e-08
2.468000e+03 1.836805e-09
2.469000e+03 1.627704e-09
2.470000e+03 1.645457e-09
2.471000e+03 1.593592e-09
2.472000e+03 1.492385e-08
2.473000e+03 1.627019e-09
2.474000e+03 1.691864e-09
2.475000e+03 1.802911e-09
2.476000e+03 1.653526e-09
2.477000e+03 1.579091e-09
2.478000e+03 1.561034e-09
2.479000e+03 1.542811e-09
2.480000e+03 1.534388e-09
2.481000e+03 1.559883e-09
2.482000e+03 1.360352e-09
2.483000e+03 1.361857e-09
2.484000e+03 1.437265e-09
2.485000e+03 1.310165e-09
2.486000e+03 1.418070e-09
2.487000e+03 1.472893e-08
2.488000e+03 1.448954e-08
2.489000e+03 1.351957e-08
2.490000e+03 1.385637e-08
2.491000e+03 1.441181e-08
2.492000e+03 1.386558e-08
2.493000e+03 1.384712e-09
2.494000e+03 1.322505e-08
2.495000e+03 1.444626e-08
2.496000e+03 1.416733e-08
2.497000e+03 1.293926e-09
2.498000e+03 1.332352e-08
2.499000e+03 1.338933e-08
2.500000e+03 1.423367e-08
2.501000e+03 1.212512e-09
2.502000e+03 1.139879e-09
2.503000e+03 1.091166e-09
2.504000e+03 1.225408e-09
2.505000e+03 1.130637e-09
2.506000e+03 1.298758e-09
2.507000e+03 1.229996e-09
2.508000e+03 1.184189e-09
2.509000e+03 1.197031e-09
2.510000e+03 1.138617e-09
2.511000e+03 1.451333e-08
2.512000e+03 1.400066e-08
2.513000e+03 1.283089e-08
2.514000e+03 1.294083e-08
2.515000e+03 1.369501e-08
2.516000e+03 1.267380e-08
2.517000e+03 1.415625e-08
2.518000e+03 1.355755e-08
2.519000e+03 1.367745e-08
2.520000e+03 1.302416e-09
2.521000e+03 1.291612e-08
2.522000e+03 1.210073e-09
2.523000e+03 1.348661e-08
2.524000e+03 1.168274e-09
2.525000e+03 1.119831e-09
2.526000e+03 1.041025e-09
2.527000e+03 1.049387e-09
2.528000e+03 1.063902e-09
2.529000e+03 1.184860e-09
2.530000e+03 1.082591e-09
2.531000e+03 1.083891e-09
2.532000e+03 1.073300e-09
2.533000e+03 1.041672e-09
2.534000e+03 1.050779e-09
2.535000e+03 1.291183e-08
2.536000e+03 1.347397e-08
2.537000e+03 1.326549e-08
2.538000e+03 1.350096e-08
2.539000e+03 1.359849e-08
2.540000e+03 1.404490e-08
2.541000e+03 1.372725e-08
2.542000e+03 1.376780e-08
2.543000e+03 1.314895e-08
2.544000e+03 1.260116e-08
2.545000e+03 1.265150e-08
2.546000e+03 1.287654e-08
2.547000e+03 1.306530e-08
2.548000e+03 1.307047e-08
2.549000e+03 1.307800e-08
2.550000e+03 1.314950e-08
2.551000e+03 1.695920e-08
2.552000e+03 1.489911e-08
2.553000e+03 1.288998e-08
2.554000e+03 1.225744e-08
2.555000e+03 1.339497e-08
2.556000e+03 1.260366e-08
2.557000e+03 1.291687e-08
2.558000e+03 1.226648e-08
2.559000e+03 1.219607e-08
2.560000e+03 1.329317e-08
2.561000e+03 1.240543e-08
2.562000e+03 1.137837e-08
2.563000e+03 1.088957e-08
2.564000e+03 1.219980e-08
2.565000e+03 1.207049e-08
2.566000e+03 1.195220e-08
2.567000e+03 1.173725e-08
2.568000e+03 1.122509e-08
2.569000e+03 9.034108e-10
2.570000e+03 8.654733e-10
2.571000e+03 9.276376e-10
2.572000e+03 8.777587e-10
2.573000e+03 1.198190e-08
2.574000e+03 9.475392e-10
2.575000e+03 8.215309e-10
2.576000e+03 1.130335e-08
2.577000e+03 1.191645e-08
2.578000e+03 1.115955e-08
2.579000e+03 1.129629e-08
2.580000e+03 9.179136e-10
2.581000e+03 7.926719e-10
2.582000e+03 8.335743e-10
2.583000e+03 9.305212e-10
2.584000e+03 8.478834e-10
2.585000e+03 7.824984e-10
2.586000e+03 1.065074e-08
2.587000e+03 7.515246e-10
2.588000e+03 7.583571e-10
2.589000e+03 7.983240e-10
2.590000e+03 6.959789e-10
2.591000e+03 8.270571e-10
2.592000e+03 9.680978e-10
2.593000e+03 7.927841e-10
2.594000e+03 8.775389e-10
2.595000e+03 7.875530e-10
2.596000e+03 1.117013e-08
2.597000e+03 1.071541e-08
2.598000e+03 8.382563e-10
2.599000e+03 1.195142e-08
2.600000e+03 1.150709e-08
2.601000e+03 1.083376e-08
2.602000e+03 1.047579e-08
2.603000e+03 1.136900e-08
2.604000e+03 1.074257e-08
2.605000e+03 1.137877e-08
2.606000e+03 1.131701e-08
2.607000e+03 9.009063e-10
2.608000e+03 1.058581e-08
2.609000e+03 1.177909e-08
2.610000e+03 1.103659e-08
2.611000e+03 1.051962e-08
2.612000e+03 1.034341e-08
2.613000e+03 1.005075e-08
2.614000e+03 1.035803e-08
2.615000e+03 8.211978e-10
2.616000e+03 7.476483e-10
2.617000e+03 1.015393e-08
2.618000e+03 1.029696e-08
2.619000e+03 9.372686e-10
2.620000e+03 1.015204e-08
2.621000e+03 1.030865e-08
2.622000e+03 8.691129e-10
2.623000e+03 1.149645e-08
2.624000e+03 1.119725e-08
2.625000e+03 9.953564e-09
2.626000e+03 9.754057e-09
2.627000e+03 1.038063e-08
2.628000e+03 9.938098e-09
2.629000e+03 1.043949e-08
2.630000e+03 9.948272e-09
2.631000e+03 1.140171e-08
2.632000e+03 1.024664e-08
2.633000e+03 1.034960e-08
2.634000e+03 9.802219e-09
2.635000e+03 9.335843e-09
2.636000e+03 1.017403e-08
2.637000e+03 8.638248e-10
2.638000e+03 7.616947e-10
2.639000e+03 7.048615e-10
2.640000e+03 7.629056e-10
2.641000e+03 7.378681e-10
2.642000e+03 7.333286e-10
2.643000e+03 7.852967e-10
2.644000e+03 1.096727e-08
2.645000e+03 8.190205e-10
2.646000e+03 8.040689e-10
2.647000e+03 1.167569e-08
2.648000e+03 1.074668e-08
2.649000e+03 9.639169e-09
2.650000e+03 5.415972e-07
2.651000e+03 8.356245e-08
2.652000e+03 6.678056e-08
2.653000e+03 5.638138e-08
2.654000e+03 4.730646e-08
2.655000e+03 3.990927e-08
2.656000e+03 3.351100e-08
2.657000e+03 2.929105e-08
2.658000e+03 2.528223e-08
2.659000e+03 1.071174e-07
2.660000e+03 2.165805e-08
2.661000e+03 7.487498e-08
2.662000e+03 7.018259e-08
2.663000e+03 6.389081e-08
2.664000e+03 5.666694e-08
2.665000e+03 4.923065e-08
2.666000e+03 4.287620e-08
2.667000e+03 3.917571e-08
2.668000e+03 3.489185e-08
2.669000e+03 3.095634e-08
2.670000e+03 2.752088e-08
2.671000e+03 2.401459e-08
2.672000e+03 2.155689e-08
2.673000e+03 1.997529e-08
2.674000e+03 1.820927e-08
2.675000e+03 1.687513e-08
2.676000e+03 1.587486e-08
2.677000e+03 1.502376e-08
2.678000e+03 1.454143e-08
2.679000e+03 1.446524e-08
2.680000e+03 1.458783e-08
2.681000e+03 1.385967e-08
2.682000e+03 1.380828e-08
2.683000e+03 1.328448e-08
2.684000e+03 1.330963e-08
2.685000e+03 1.761297e-08
2.686000e+03 1.493570e-08
2.687000e+03 1.338656e-08
2.688000e+03 1.276524e-08
2.689000e+03 1.310709e-08
2.690000e+03 1.294335e-08
2.691000e+03 1.380100e-08
2.692000e+03 1.255574e-08
2.693000e+03 1.205972e-08
2.694000e+03 1.235602e-08
2.695000e+03 1.218241e-08
2.696000e+03 1.117862e-08
2.697000e+03 1.184686e-08
2.698000e+03 1.217643e-08
2.699000e+03 1.145792e-08
2.700000e+03 1.201996e-08
2.701000e+03 1.152667e-08
2.702000e+03 1.125581e-08
2.703000e+03 1.196114e-08
2.704000e+03 1.552848e-09
2.705000e+03 1.429847e-09
2.706000e+03 1.347484e-09
2.707000e+03 1.335328e-09
2.708000e+03 1.313398e-09
2.709000e+03 1.380102e-09
2.710000e+03 1.116180e-08
2.711000e+03 1.124336e-08
2.712000e+03 1.045856e-08
2.713000e+03 1.054193e-08
2.714000e+03 1.099263e-08
2.715000e+03 1.089481e-08
2.716000e+03 1.144960e-08
2.717000e+03 1.257935e-09
2.718000e+03 1.171692e-09
2.719000e+03 1.135199e-09
2.720000e+03 9.855378e-09
2.721000e+03 1.072274e-08
2.722000e+03 1.006041e-08
2.723000e+03 1.023864e-08
2.724000e+03 1.078452e-09
2.725000e+03 9.590484e-09
2.726000e+03 1.078878e-09
2.727000e+03 1.102382e-09
2.728000e+03 9.985452e-10
2.729000e+03 8.988527e-10
2.730000e+03 8.787069e-10
2.731000e+03 9.128763e-09
2.732000e+03 8.920332e-10
2.733000e+03 1.099544e-08
2.734000e+03 1.012457e-08
2.735000e+03 9.185746e-09
2.736000e+03 9.319326e-09
2.737000e+03 9.998737e-09
2.738000e+03 9.636850e-09
2.739000e+03 1.043890e-08
2.740000e+03 9.753171e-09
2.741000e+03 9.866684e-09
2.742000e+03 9.182605e-09
2.743000e+03 9.645974e-09
2.744000e+03 9.227642e-09
2.745000e+03 9.838826e-09
2.746000e+03 9.495697e-09
2.747000e+03 9.118190e-09
2.748000e+03 8.073174e-10
2.749000e+03 7.458860e-10
2.750000e+03 7.237921e-10
2.751000e+03 7.630440e-10
2.752000e+03 9.335912e-09
2.753000e+03 8.995684e-09
2.754000e+03 7.922730e-10
2.755000e+03 8.829895e-09
2.756000e+03 8.557131e-10
2.757000e+03 1.057619e-08
2.758000e+03 9.731093e-09
2.759000e+03 8.689959e-09
2.760000e+03 8.615925e-09
2.761000e+03 9.658477e-09
2.762000e+03 9.372498e-09
2.763000e+03 1.007938e-08
2.764000e+03 9.076292e-09
2.765000e+03 9.642627e-09
2.766000e+03 9.044915e-09
2.767000e+03 9.148692e-09
2.768000e+03 8.946658e-09
2.769000e+03 7.021626e-10
2.770000e+03 6.634649e-10
2.771000e+03 7.422748e-10
2.772000e+03 8.750931e-10
2.773000e+03 7.286557e-10
2.774000e+03 8.038741e-10
2.775000e+03 9.742973e-09
2.776000e+03 7.242807e-10
2.777000e+03 7.690348e-10
2.778000e+03 6.658696e-10
2.779000e+03 6.791309e-10
2.780000e+03 6.821369e-10
2.781000e+03 1.122327e-08
2.782000e+03 9.853026e-09
2.783000e+03 8.958424e-09
2.784000e+03 8.741347e-09
2.785000e+03 9.709652e-09
2.786000e+03 8.796989e-09
2.787000e+03 9.906217e-09
2.788000e+03 9.767643e-09
2.789000e+03 9.115829e-09
2.790000e+03 8.382901e-10
2.791000e+03 9.181109e-09
2.792000e+03 9.260353e-09
2.793000e+03 7.612260e-10
2.794000e+03 8.057846e-10
2.795000e+03 7.446682e-10
2.796000e+03 6.823396e-10
2.797000e+03 6.739516e-10
2.798000e+03 7.317575e-10
2.799000e+03 7.911457e-10
2.800000e+03 7.251912e-10
2.801000e+03 6.860188e-10
2.802000e+03 7.264505e-10
2.803000e+03 7.127079e-10
2.804000e+03 6.922832e-10
2.805000e+03 8.631070e-09
2.806000e+03 8.567040e-09
2.807000e+03 8.580766e-09
2.808000e+03 8.882595e-09
2.809000e+03 8.845558e-09
2.810000e+03 8.990764e-09
2.811000e+03 9.445743e-09
2.812000e+03 8.986838e-09
2.813000e+03 9.004905e-09
2.814000e+03 9.083936e-09
2.815000e+03 9.091110e-09
2.816000e+03 9.322093e-09
2.817000e+03 1.006929e-08
2.818000e+03 9.783713e-09
2.819000e+03 9.956870e-09
2.820000e+03 1.472582e-08
2.821000e+03 1.189389e-08
2.822000e+03 1.049289e-08
2.823000e+03 1.017997e-08
2.824000e+03 1.045242e-08
2.825000e+03 9.786618e-09
2.826000e+03 1.010906e-08
2.827000e+03 8.863276e-09
2.828000e+03 8.878045e-09
2.829000e+03 9.034693e-09
2.830000e+03 9.196037e-09
2.831000e+03 8.233878e-09
2.832000e+03 8.907772e-09
2.833000e+03 8.772532e-09
2.834000e+03 8.223445e-09
2.835000e+03 8.548697e-09
2.836000e+03 8.648655e-09
2.837000e+03 8.031802e-09
2.838000e+03 6.355611e-10
2.839000e+03 6.000454e-10
2.840000e+03 6.037558e-10
2.841000e+03 6.841507e-10
2.842000e+03 6.562992e-10
2.843000e+03 6.280069e-10
2.844000e+03 7.406990e-10
2.845000e+03 8.721678e-09
2.846000e+03 8.650710e-09
2.847000e+03 8.256100e-09
2.848000e+03 7.643096e-09
2.849000e+03 8.329915e-09
2.850000e+03 6.314671e-10
2.851000e+03 5.760874e-10
2.852000e+03 5.521922e-10
2.853000e+03 7.200158e-10
2.854000e+03 6.745610e-10
2.855000e+03 7.353513e-09
2.856000e+03 8.087148e-09
2.857000e+03 7.788499e-09
2.858000e+03 6.154406e-10
2.859000e+03 6.600190e-10
2.860000e+03 8.140464e-09
2.861000e+03 6.080381e-10
2.862000e+03 6.688020e-10
2.863000e+03 6.161641e-10
2.864000e+03 6.599279e-10
2.865000e+03 5.700794e-10
2.866000e+03 6.624630e-10
2.867000e+03 6.201442e-10
2.868000e+03 9.756613e-09
2.869000e+03 8.520634e-09
2.870000e+03 7.756291e-09
2.871000e+03 7.820516e-09
2.872000e+03 8.474161e-09
2.873000e+03 8.184977e-09
2.874000e+03 8.515738e-09
2.875000e+03 7.996014e-09
2.876000e+03 5.262160e-10
2.877000e+03 8.185137e-09
2.878000e+03 8.112290e-09
2.879000e+03 7.488776e-09
2.880000e+03 8.070874e-09
2.881000e+03 8.176479e-09
2.882000e+03 8.033017e-09
2.883000e+03 8.620520e-09
2.884000e+03 6.181667e-10
2.885000e+03 6.314557e-10
2.886000e+03 5.635121e-10
2.887000e+03 5.918380e-10
2.888000e+03 6.012123e-10
2.889000e+03 7.235752e-10
2.890000e+03 6.551018e-10
2.891000e+03 6.238907e-10
2.892000e+03 9.427881e-09
2.893000e+03 8.206019e-09
2.894000e+03 7.829467e-09
2.895000e+03 7.853670e-09
2.896000e+03 9.024223e-09
2.897000e+03 8.434173e-09
2.898000e+03 7.612561e-10
2.899000e+03 8.165369e-09
2.900000e+03 8.399543e-09
2.901000e+03 8.055148e-09
2.902000e+03 7.579081e-09
2.903000e+03 7.797009e-09
2.904000e+03 8.061099e-09
2.905000e+03 7.895692e-09
2.906000e+03 6.672532e-10
2.907000e+03 7.556650e-10
2.908000e+03 6.642484e-10
2.909000e+03 6.014478e-10
2.910000e+03 5.925518e-10
2.911000e+03 5.597723e-10
2.912000e+03 5.475785e-10
2.913000e+03 6.072415e-10
2.914000e+03 5.952165e-10
2.915000e+03 5.945473e-10
2.916000e+03 9.894909e-09
2.917000e+03 8.291055e-09
2.918000e+03 7.732610e-09
2.919000e+03 7.774292e-09
2.920000e+03 8.081248e-09
2.921000e+03 8.022021e-09
2.922000e+03 7.376253e-09
2.923000e+03 7.554272e-09
2.924000e+03 7.309571e-09
2.925000e+03 7.878215e-09
2.926000e+03 7.787493e-09
2.927000e+03 7.202400e-09
2.928000e+03 5.784841e-10
2.929000e+03 5.707821e-10
2.930000e+03 5.638116e-10
2.931000e+03 6.055333e-10
2.932000e+03 7.874696e-09
2.933000e+03 6.089072e-10
2.934000e+03 6.131581e-10
2.935000e+03 5.772557e-10
2.936000e+03 6.731693e-10
2.937000e+03 5.959613e-10
2.938000e+03 6.385322e-10
2.939000e+03 5.456707e-10
2.940000e+03 5.734604e-10
2.941000e+03 7.157853e-09
2.942000e+03 7.395636e-09
2.943000e+03 7.723068e-09
2.944000e+03 7.542308e-09
2.945000e+03 7.611384e-09
2.946000e+03 7.784647e-09
2.947000e+03 7.811609e-09
2.948000e+03 7.830064e-09
2.949000e+03 8.018331e-09
2.950000e+03 7.933116e-09
2.951000e+03 8.093100e-09
2.952000e+03 8.497156e-09
2.953000e+03 8.280954e-09
2.954000e+03 7.377202e-07
2.955000e+03 9.937557e-08
2.956000e+03 7.621356e-08
2.957000e+03 5.847174e-08
2.958000e+03 5.143272e-08
2.959000e+03 4.120594e-08
2.960000e+03 3.208445e-08
2.961000e+03 2.627090e-08
2.962000e+03 2.197119e-08
2.963000e+03 1.888382e-08
2.964000e+03 1.573391e-08
2.965000e+03 8.508336e-08
2.966000e+03 7.743728e-08
2.967000e+03 6.701300e-08
2.968000e+03 5.621562e-08
2.969000e+03 4.819771e-08
2.970000e+03 4.119906e-08
2.971000e+03 3.492145e-08
2.972000e+03 3.133192e-08
2.973000e+03 2.750046e-08
2.974000e+03 2.429198e-08
2.975000e+03 2.125311e-08
2.976000e+03 1.859195e-08
2.977000e+03 1.657628e-08
2.978000e+03 1.527215e-08
2.979000e+03 1.483320e-08
2.980000e+03 1.363752e-08
2.981000e+03 1.181990e-08
2.982000e+03 1.140523e-08
2.983000e+03 1.163937e-08
2.984000e+03 1.938735e-09
2.985000e+03 1.705969e-09
2.986000e+03 1.540100e-09
2.987000e+03 1.474363e-09
2.988000e+03 1.525184e-09
2.989000e+03 9.380323e-09
2.990000e+03 1.410738e-09
2.991000e+03 1.023585e-08
2.992000e+03 1.410317e-09
2.993000e+03 1.312424e-09
2.994000e+03 1.216888e-09
2.995000e+03 1.313253e-09
2.996000e+03 1.048316e-09
2.997000e+03 1.125249e-09
2.998000e+03 1.038206e-09
2.999000e+03 9.625344e-10
3.000000e+03 9.497032e-10
3.001000e+03 9.192089e-10
3.002000e+03 1.031058e-08
3.003000e+03 9.137183e-09
3.004000e+03 9.082262e-09
3.005000e+03 8.247620e-09
3.006000e+03 8.762736e-09
3.007000e+03 8.636495e-09
3.008000e+03 9.252150e-09
3.009000e+03 8.429287e-09
3.010000e+03 8.403860e-09
3.011000e+03 8.330756e-09
3.012000e+03 8.043048e-09
3.013000e+03 8.271910e-09
3.014000e+03 1.102802e-09
3.015000e+03 1.077949e-09
3.016000e+03 1.005258e-09
3.017000e+03 9.413097e-10
3.018000e+03 9.110144e-10
3.019000e+03 8.768017e-10
3.020000e+03 8.452169e-10
3.021000e+03 8.618370e-10
3.022000e+03 8.412497e-10
3.023000e+03 8.389017e-10
3.024000e+03 9.181419e-10
3.025000e+03 7.958550e-10
3.026000e+03 9.714652e-09
3.027000e+03 9.044581e-09
3.028000e+03 7.715421e-09
3.029000e+03 7.388272e-09
3.030000e+03 7.918053e-09
3.031000e+03 7.925715e-09
3.032000e+03 7.910647e-09
3.033000e+03 7.480635e-09
3.034000e+03 6.869974e-09
3.035000e+03 6.695868e-09
3.036000e+03 7.316990e-09
3.037000e+03 7.137413e-09
3.038000e+03 6.924231e-10
3.039000e+03 6.873636e-10
3.040000e+03 7.690497e-09
3.041000e+03 6.948892e-10
3.042000e+03 7.341152e-10
3.043000e+03 6.664858e-10
3.044000e+03 6.669697e-10
3.045000e+03 6.030525e-10
3.046000e+03 6.291474e-10
3.047000e+03 6.075240e-10
3.048000e+03 5.714469e-10
3.049000e+03 5.744990e-10
3.050000e+03 9.150403e-09
3.051000e+03 7.804271e-09
3.052000e+03 7.315649e-09
3.053000e+03 7.087802e-09
3.054000e+03 7.558861e-09
3.055000e+03 7.228113e-09
3.056000e+03 7.409427e-09
3.057000e+03 6.834945e-09
3.058000e+03 6.715116e-09
3.059000e+03 7.227304e-09
3.060000e+03 8.451912e-10
3.061000e+03 6.267401e-10
3.062000e+03 6.866823e-10
3.063000e+03 7.529987e-09
3.064000e+03 6.263123e-10
3.065000e+03 6.842263e-10
3.066000e+03 5.573394e-10
3.067000e+03 5.838350e-10
3.068000e+03 5.431938e-10
3.069000e+03 6.579991e-10
3.070000e+03 5.509295e-10
3.071000e+03 5.544643e-10
3.072000e+03 5.679736e-10
3.073000e+03 5.393617e-10
3.074000e+03 5.409265e-10
3.075000e+03 6.484841e-10
3.076000e+03 6.934370e-09
3.077000e+03 6.662091e-09
3.078000e+03 7.020274e-09
3.079000e+03 6.832754e-09
3.080000e+03 7.029221e-09
3.081000e+03 6.987843e-09
3.082000e+03 6.895776e-09
3.083000e+03 6.856591e-09
3.084000e+03 7.026288e-09
3.085000e+03 6.965694e-09
3.086000e+03 7.258565e-09
3.087000e+03 7.531006e-09
3.088000e+03 7.148494e-09
3.089000e+03 7.171378e-09
3.090000e+03 1.122955e-08
3.091000e+03 9.055897e-09
3.092000e+03 7.490440e-09
3.093000e+03 7.193870e-09
3.094000e+03 7.079784e-09
3.095000e+03 7.250028e-09
3.096000e+03 7.624718e-09
3.097000e+03 6.341130e-09
3.098000e+03 6.435351e-09
3.099000e+03 6.508049e-09
3.100000e+03 7.506061e-09
3.101000e+03 6.452823e-09
3.102000e+03 7.273762e-09
3.103000e+03 6.688422e-09
3.104000e+03 6.200648e-09
3.105000e+03 6.481861e-09
3.106000e+03 6.626555e-09
3.107000e+03 6.281530e-09
3.108000e+03 5.449916e-10
3.109000e+03 5.275438e-10
3.110000e+03 5.088853e-10
3.111000e+03 5.629200e-10
3.112000e+03 5.301823e-10
3.113000e+03 6.418967e-09
3.114000e+03 5.972348e-10
3.115000e+03 7.253451e-09
3.116000e+03 6.654164e-09
3.117000e+03 6.045817e-09
3.118000e+03 6.053320e-09
3.119000e+03 6.602661e-09
3.120000e+03 6.388827e-10
3.121000e+03 5.947597e-10
3.122000e+03 5.665193e-10
3.123000e+03 6.581273e-10
3.124000e+03 6.225695e-10
3.125000e+03 6.544619e-09
3.126000e+03 6.570269e-09
3.127000e+03 6.197912e-09
3.128000e+03 5.983428e-10
3.129000e+03 6.748834e-10
3.130000e+03 5.991177e-10
3.131000e+03 6.196824e-10
3.132000e+03 7.457648e-10
3.133000e+03 6.013905e-10
3.134000e+03 6.599812e-10
3.135000e+03 6.770892e-09
3.136000e+03 5.620917e-10
3.137000e+03 6.043995e-10
3.138000e+03 8.723502e-09
3.139000e+03 7.390737e-09
3.140000e+03 6.775835e-09
3.141000e+03 6.883128e-09
3.142000e+03 6.865149e-09
3.143000e+03 6.818435e-09
3.144000e+03 6.882823e-09
3.145000e+03 6.200733e-09
3.146000e+03 6.189634e-09
3.147000e+03 6.954409e-09
3.148000e+03 7.504846e-09
3.149000e+03 6.163620e-09
3.150000e+03 6.357246e-09
3.151000e+03 6.531987e-09
3.152000e+03 6.446199e-10
3.153000e+03 5.616739e-10
3.154000e+03 6.193602e-10
3.155000e+03 5.276427e-10
3.156000e+03 4.892824e-10
3.157000e+03 5.030760e-10
3.158000e+03 5.522793e-10
3.159000e+03 6.203244e-10
3.160000e+03 5.402071e-10
3.161000e+03 4.827591e-10
3.162000e+03 8.402699e-09
3.163000e+03 7.048148e-09
3.164000e+03 5.802189e-09
3.165000e+03 5.829656e-09
3.166000e+03 6.187556e-09
3.167000e+03 6.214249e-09
3.168000e+03 6.525423e-09
3.169000e+03 5.786481e-09
3.170000e+03 5.846405e-09
3.171000e+03 6.314179e-09
3.172000e+03 5.956991e-09
3.173000e+03 5.969628e-09
3.174000e+03 5.612425e-09
3.175000e+03 5.132574e-10
3.176000e+03 4.953700e-10
3.177000e+03 6.691422e-10
3.178000e+03 5.700380e-10
3.179000e+03 4.981943e-10
3.180000e+03 4.938670e-10
3.181000e+03 4.848501e-10
3.182000e+03 4.635593e-10
3.183000e+03 5.303110e-10
3.184000e+03 6.184917e-09
3.185000e+03 5.294897e-10
3.186000e+03 8.233467e-09
3.187000e+03 6.930000e-09
3.188000e+03 6.327587e-09
3.189000e+03 5.930948e-09
3.190000e+03 6.167735e-09
3.191000e+03 6.391904e-09
3.192000e+03 6.137284e-09
3.193000e+03 5.388854e-09
3.194000e+03 5.400734e-09
3.195000e+03 5.989896e-09
3.196000e+03 6.112911e-09
3.197000e+03 5.836086e-09
3.198000e+03 4.430455e-10
3.199000e+03 4.383454e-10
3.200000e+03 4.397949e-10
3.201000e+03 5.011427e-10
3.202000e+03 5.515279e-09
3.203000e+03 5.397195e-10
3.204000e+03 5.727922e-10
3.205000e+03 4.470253e-10
3.206000e+03 5.448021e-10
3.207000e+03 5.748241e-09
3.208000e+03 4.010558e-10
3.209000e+03 4.468509e-10
3.210000e+03 7.488721e-09
3.211000e+03 6.200644e-09
3.212000e+03 5.615829e-09
3.213000e+03 5.782182e-09
3.214000e+03 5.619651e-09
3.215000e+03 6.059221e-09
3.216000e+03 5.292679e-09
3.217000e+03 5.117212e-09
3.218000e+03 5.276251e-09
3.219000e+03 5.739794e-09
3.220000e+03 6.094161e-09
3.221000e+03 5.664544e-09
3.222000e+03 5.703692e-10
3.223000e+03 4.796670e-10
3.224000e+03 5.503999e-10
3.225000e+03 4.481564e-10
3.226000e+03 5.235570e-10
3.227000e+03 4.315754e-10
3.228000e+03 3.796630e-10
3.229000e+03 4.040029e-10
3.230000e+03 3.731487e-10
3.231000e+03 4.583776e-10
3.232000e+03 3.995561e-10
3.233000e+03 3.907662e-10
3.234000e+03 4.077104e-10
3.235000e+03 5.091319e-09
3.236000e+03 5.254932e-09
3.237000e+03 5.462007e-09
3.238000e+03 5.425178e-09
3.239000e+03 5.414578e-09
3.240000e+03 5.673913e-09
3.241000e+03 5.293185e-09
3.242000e+03 5.540942e-09
3.243000e+03 5.791931e-09
3.244000e+03 5.468727e-09
3.245000e+03 5.541568e-09
3.246000e+03 5.555137e-09
3.247000e+03 5.556992e-09
3.248000e+03 5.678632e-09
3.249000e+03 6.059915e-09
3.250000e+03 5.506677e-09
3.251000e+03 5.451629e-09
3.252000e+03 5.418982e-09
3.253000e+03 5.406068e-09
3.254000e+03 1.222815e-08
3.255000e+03 8.450763e-09
3.256000e+03 7.752098e-09
3.257000e+03 7.049798e-09
3.258000e+03 7.006406e-09
3.259000e+03 6.963931e-09
3.260000e+03 6.530819e-09
3.261000e+03 5.267537e-09
3.262000e+03 5.095664e-09
3.263000e+03 5.272104e-09
3.264000e+03 5.733288e-09
3.265000e+03 5.119232e-09
3.266000e+03 4.803406e-09
3.267000e+03 5.120004e-09
3.268000e+03 5.090283e-09
3.269000e+03 4.990201e-09
3.270000e+03 4.851997e-09
3.271000e+03 4.697144e-09
3.272000e+03 4.724529e-09
3.273000e+03 4.095971e-10
3.274000e+03 5.057752e-09
3.275000e+03 4.428719e-10
3.276000e+03 4.984174e-10
3.277000e+03 4.739018e-09
3.278000e+03 4.896310e-09
3.279000e+03 5.214684e-09
3.280000e+03 5.028932e-09
3.281000e+03 5.110487e-09
3.282000e+03 5.177219e-09
3.283000e+03 5.095437e-09
3.284000e+03 5.146364e-09
3.285000e+03 5.414292e-09
3.286000e+03 5.016036e-09
3.287000e+03 6.925968e-09
3.288000e+03 5.722763e-09
3.289000e+03 5.215362e-09
3.290000e+03 5.155274e-09
3.291000e+03 5.425711e-09
3.292000e+03 5.682516e-09
3.293000e+03 5.572487e-09
3.294000e+03 5.084467e-09
3.295000e+03 4.835399e-09
3.296000e+03 5.292011e-09
3.297000e+03 5.009071e-10
3.298000e+03 9.293089e-09
3.299000e+03 6.925590e-09
3.300000e+03 6.079074e-09
3.301000e+03 6.097871e-09
3.302000e+03 5.635425e-09
3.303000e+03 6.004548e-09
3.304000e+03 5.741319e-09
3.305000e+03 4.728394e-09
3.306000e+03 4.613042e-09
3.307000e+03 4.806583e-09
3.308000e+03 5.126955e-09
3.309000e+03 4.777109e-09
3.310000e+03 4.621835e-09
3.311000e+03 5.202479e-09
3.312000e+03 5.483016e-09
3.313000e+03 4.840237e-09
3.314000e+03 4.995343e-09
3.315000e+03 5.249040e-09
3.316000e+03 4.847262e-09
3.317000e+03 4.976629e-09
3.318000e+03 4.235996e-10
3.319000e+03 4.288181e-10
3.320000e+03 4.256703e-10
3.321000e+03 5.543553e-10
3.322000e+03 4.783533e-09
3.323000e+03 6.800346e-09
3.324000e+03 5.460500e-09
3.325000e+03 5.088541e-09
3.326000e+03 4.923097e-09
3.327000e+03 5.382019e-09
3.328000e+03 5.619168e-09
3.329000e+03 5.479872e-09
3.330000e+03 5.142526e-09
3.331000e+03 4.927923e-09
3.332000e+03 5.333492e-09
3.333000e+03 4.930809e-09
3.334000e+03 4.748537e-09
3.335000e+03 4.776464e-09
3.336000e+03 4.985725e-09
3.337000e+03 4.930489e-09
3.338000e+03 4.224432e-10
3.339000e+03 4.813537e-10
3.340000e+03 3.757030e-10
3.341000e+03 3.654575e-10
3.342000e+03 3.527982e-10
3.343000e+03 3.200064e-10
3.344000e+03 3.449172e-10
3.345000e+03 4.103293e-10
3.346000e+03 4.087243e-10
3.347000e+03 7.612968e-09
3.348000e+03 6.385045e-09
3.349000e+03 5.487855e-09
3.350000e+03 5.487213e-09
3.351000e+03 5.569758e-09
3.352000e+03 5.305061e-09
3.353000e+03 5.370252e-09
3.354000e+03 5.564757e-09
3.355000e+03 4.802895e-09
3.356000e+03 4.719703e-09
3.357000e+03 4.928767e-09
3.358000e+03 5.017455e-09
3.359000e+03 4.611283e-09
3.360000e+03 4.776285e-09
3.361000e+03 4.723948e-09
3.362000e+03 3.636979e-10
3.363000e+03 3.869466e-10
3.364000e+03 5.290017e-09
3.365000e+03 4.780103e-09
3.366000e+03 4.296108e-10
3.367000e+03 3.784393e-10
3.368000e+03 4.697386e-10
3.369000e+03 3.485839e-10
3.370000e+03 4.138813e-10
3.371000e+03 6.534946e-09
3.372000e+03 5.332036e-09
3.373000e+03 4.982422e-09
3.374000e+03 4.797539e-09
3.375000e+03 5.299048e-09
3.376000e+03 4.840913e-09
3.377000e+03 4.903150e-09
3.378000e+03 4.391005e-09
3.379000e+03 4.427964e-09
3.380000e+03 4.729605e-09
3.381000e+03 3.986295e-10
3.382000e+03 3.746127e-10
3.383000e+03 3.927905e-10
3.384000e+03 4.710474e-10
3.385000e+03 3.331552e-10
3.386000e+03 4.760601e-10
3.387000e+03 4.866942e-09
3.388000e+03 3.119479e-10
3.389000e+03 3.384505e-10
3.390000e+03 3.190498e-10
3.391000e+03 3.112825e-10
3.392000e+03 3.043977e-10
3.393000e+03 4.475750e-10
3.394000e+03 3.818053e-10
3.395000e+03 3.777608e-10
3.396000e+03 3.543857e-10
3.397000e+03 4.536597e-09
3.398000e+03 4.785567e-10
3.399000e+03 5.023754e-10
3.400000e+03 5.332329e-09
3.401000e+03 4.965939e-09
3.402000e+03 5.123368e-09
3.403000e+03 4.907644e-09
3.404000e+03 5.115832e-09
3.405000e+03 4.956194e-09
3.406000e+03 5.026778e-09
3.407000e+03 4.990653e-09
3.408000e+03 5.007487e-09
3.409000e+03 5.044242e-09
3.410000e+03 5.189813e-09
3.411000e+03 5.273936e-09
3.412000e+03 4.994719e-09
3.413000e+03 5.005681e-09
3.414000e+03 5.095468e-09
3.415000e+03 5.052324e-09
3.416000e+03 9.802595e-09
3.417000e+03 7.401210e-09
3.418000e+03 6.724802e-09
3.419000e+03 6.606980e-09
3.420000e+03 6.638030e-09
3.421000e+03 6.432143e-09
3.422000e+03 6.143365e-09
3.423000e+03 5.079982e-09
3.424000e+03 5.942332e-09
3.425000e+03 5.444377e-09
3.426000e+03 5.483682e-09
3.427000e+03 4.948840e-09
3.428000e+03 4.585020e-09
3.429000e+03 6.764776e-09
3.430000e+03 5.675323e-09
3.431000e+03 5.078716e-09
3.432000e+03 4.965825e-09
3.433000e+03 5.068826e-09
3.434000e+03 4.840215e-09
3.435000e+03 5.171694e-09
3.436000e+03 4.869853e-09
3.437000e+03 5.469445e-09
3.438000e+03 5.108965e-10
3.439000e+03 4.584814e-10
3.440000e+03 4.641093e-09
3.441000e+03 6.271474e-09
3.442000e+03 5.299367e-09
3.443000e+03 4.887205e-09
3.444000e+03 4.700237e-09
3.445000e+03 5.055713e-09
3.446000e+03 4.521218e-10
3.447000e+03 5.847360e-10
3.448000e+03 4.208132e-10
3.449000e+03 3.612996e-10
3.450000e+03 3.864356e-10
3.451000e+03 3.973313e-10
3.452000e+03 4.810646e-09
3.453000e+03 4.773259e-09
3.454000e+03 4.650339e-09
3.455000e+03 4.573954e-10
3.456000e+03 5.839592e-10
3.457000e+03 4.055008e-10
3.458000e+03 5.145035e-10
3.459000e+03 5.027073e-09
3.460000e+03 4.554513e-10
3.461000e+03 4.514263e-10
3.462000e+03 4.093317e-10
3.463000e+03 3.904300e-10
3.464000e+03 7.064207e-09
3.465000e+03 6.047628e-09
3.466000e+03 5.368494e-09
3.467000e+03 5.115772e-09
3.468000e+03 4.944055e-09
3.469000e+03 5.053079e-09
3.470000e+03 4.981342e-09
3.471000e+03 4.427402e-09
3.472000e+03 5.287048e-09
3.473000e+03 5.230004e-09
3.474000e+03 4.954430e-09
3.475000e+03 4.618908e-09
3.476000e+03 4.674844e-09
3.477000e+03 4.660188e-09
3.478000e+03 4.776069e-09
3.479000e+03 4.240331e-10
3.480000e+03 3.986961e-10
3.481000e+03 4.027240e-10
3.482000e+03 4.654167e-10
3.483000e+03 5.177641e-10
3.484000e+03 4.488245e-10
3.485000e+03 4.015098e-10
3.486000e+03 3.890407e-10
3.487000e+03 3.445398e-10
3.488000e+03 6.429391e-09
3.489000e+03 5.331275e-09
3.490000e+03 4.887452e-09
3.491000e+03 4.736337e-09
3.492000e+03 5.097390e-09
3.493000e+03 4.807154e-09
3.494000e+03 4.810095e-09
3.495000e+03 5.725856e-09
3.496000e+03 4.676489e-09
3.497000e+03 4.689748e-09
3.498000e+03 4.267691e-09
3.499000e+03 4.508777e-09
3.500000e+03 4.213641e-09
