Title ="THE FLUX ERR"
Variables=
iter
residual
1.000000e+00 1.856985e-03
2.000000e+00 3.622541e-04
3.000000e+00 1.137910e-03
4.000000e+00 4.734738e-04
5.000000e+00 3.000805e-04
6.000000e+00 1.695092e-04
7.000000e+00 5.930940e-04
8.000000e+00 7.943675e-04
9.000000e+00 4.612416e-04
1.000000e+01 2.710723e-04
1.100000e+01 4.860083e-04
1.200000e+01 3.248033e-04
1.300000e+01 1.550149e-04
1.400000e+01 1.746487e-04
1.500000e+01 1.430360e-04
1.600000e+01 7.664315e-05
1.700000e+01 9.164790e-05
1.800000e+01 8.469278e-05
1.900000e+01 1.766210e-04
2.000000e+01 1.388840e-04
2.100000e+01 1.135644e-04
2.200000e+01 9.555508e-05
2.300000e+01 1.548910e-04
2.400000e+01 8.763720e-05
2.500000e+01 1.963682e-05
2.600000e+01 1.432889e-05
2.700000e+01 5.967214e-05
2.800000e+01 1.503245e-05
2.900000e+01 7.563006e-06
3.000000e+01 1.102018e-05
3.100000e+01 4.243647e-05
3.200000e+01 2.364014e-05
3.300000e+01 1.890888e-05
3.400000e+01 1.904743e-05
3.500000e+01 2.648997e-05
3.600000e+01 2.746285e-05
3.700000e+01 7.896071e-06
3.800000e+01 1.051792e-05
3.900000e+01 5.469400e-06
4.000000e+01 3.190398e-06
4.100000e+01 9.147480e-06
4.200000e+01 6.156092e-06
4.300000e+01 5.429037e-06
4.400000e+01 1.516475e-05
4.500000e+01 3.487214e-06
4.600000e+01 1.555667e-05
4.700000e+01 1.871509e-05
4.800000e+01 1.640133e-05
4.900000e+01 1.267519e-05
5.000000e+01 1.142787e-05
5.100000e+01 1.886920e-05
5.200000e+01 1.502681e-05
5.300000e+01 1.570925e-05
5.400000e+01 1.721217e-05
5.500000e+01 1.291510e-05
5.600000e+01 2.190080e-05
5.700000e+01 1.573046e-05
5.800000e+01 1.535774e-05
5.900000e+01 1.549458e-05
6.000000e+01 2.010365e-05
6.100000e+01 7.773610e-06
6.200000e+01 2.329652e-05
6.300000e+01 1.427248e-05
6.400000e+01 1.668556e-05
6.500000e+01 3.822131e-06
6.600000e+01 1.824694e-05
6.700000e+01 1.874614e-05
6.800000e+01 4.779960e-06
6.900000e+01 9.703771e-07
7.000000e+01 2.112451e-06
7.100000e+01 1.377309e-05
7.200000e+01 1.200939e-06
7.300000e+01 2.246139e-06
7.400000e+01 4.555086e-06
7.500000e+01 4.579943e-06
7.600000e+01 2.043103e-06
7.700000e+01 1.027827e-05
7.800000e+01 1.712794e-06
7.900000e+01 1.412269e-06
8.000000e+01 1.990701e-06
8.100000e+01 1.170743e-05
8.200000e+01 1.385974e-05
8.300000e+01 9.241933e-06
8.400000e+01 1.046208e-06
8.500000e+01 2.151016e-06
8.600000e+01 7.437780e-06
8.700000e+01 1.288421e-05
8.800000e+01 6.455097e-06
8.900000e+01 1.212076e-05
9.000000e+01 9.765991e-06
9.100000e+01 1.938576e-06
9.200000e+01 7.836829e-06
9.300000e+01 6.485922e-06
9.400000e+01 5.230434e-06
9.500000e+01 6.018733e-06
9.600000e+01 5.365400e-06
9.700000e+01 1.001685e-05
9.800000e+01 1.030812e-05
9.900000e+01 6.122337e-06
1.000000e+02 8.911671e-06
1.010000e+02 3.789268e-06
1.020000e+02 1.100496e-05
1.030000e+02 5.677474e-06
1.040000e+02 6.748587e-06
1.050000e+02 6.251046e-06
1.060000e+02 8.995854e-06
1.070000e+02 8.266851e-06
1.080000e+02 4.238732e-06
1.090000e+02 5.948516e-06
1.100000e+02 7.675011e-06
1.110000e+02 5.313066e-06
1.120000e+02 4.800277e-06
1.130000e+02 7.459965e-06
1.140000e+02 6.713606e-06
1.150000e+02 5.456979e-06
1.160000e+02 3.896029e-06
1.170000e+02 2.674549e-06
1.180000e+02 7.075129e-06
1.190000e+02 4.119431e-06
1.200000e+02 8.389932e-06
1.210000e+02 3.952160e-06
1.220000e+02 6.089125e-06
1.230000e+02 3.800046e-06
1.240000e+02 4.764655e-06
1.250000e+02 4.788756e-06
1.260000e+02 3.295486e-06
1.270000e+02 2.637519e-06
1.280000e+02 4.179247e-06
1.290000e+02 6.830113e-06
1.300000e+02 4.010661e-06
1.310000e+02 3.779621e-06
1.320000e+02 3.719177e-07
1.330000e+02 1.943421e-06
1.340000e+02 8.679636e-06
1.350000e+02 5.982390e-06
1.360000e+02 1.825730e-06
1.370000e+02 3.800163e-06
1.380000e+02 9.140729e-06
1.390000e+02 6.492992e-06
1.400000e+02 1.958647e-06
1.410000e+02 6.315779e-06
1.420000e+02 1.566049e-05
1.430000e+02 2.873168e-06
1.440000e+02 4.518479e-06
1.450000e+02 6.680847e-06
1.460000e+02 5.193588e-06
1.470000e+02 7.887587e-06
1.480000e+02 9.747518e-06
1.490000e+02 4.781787e-06
1.500000e+02 4.798604e-06
1.510000e+02 6.447670e-06
1.520000e+02 5.712840e-06
1.530000e+02 4.822983e-06
1.540000e+02 6.730588e-06
1.550000e+02 5.357530e-06
1.560000e+02 1.506938e-05
1.570000e+02 3.502517e-06
1.580000e+02 1.154125e-05
1.590000e+02 1.833043e-06
1.600000e+02 6.158909e-06
1.610000e+02 1.927714e-05
1.620000e+02 2.880178e-06
1.630000e+02 4.447450e-06
1.640000e+02 1.148794e-05
1.650000e+02 1.833329e-05
1.660000e+02 2.175294e-05
1.670000e+02 1.716826e-05
1.680000e+02 2.389773e-06
1.690000e+02 2.276188e-05
1.700000e+02 1.479861e-05
1.710000e+02 1.573613e-05
1.720000e+02 1.950398e-05
1.730000e+02 1.720735e-05
1.740000e+02 1.843458e-05
1.750000e+02 1.498502e-05
1.760000e+02 1.592611e-05
1.770000e+02 1.752607e-05
1.780000e+02 2.495678e-05
1.790000e+02 2.538987e-05
1.800000e+02 1.744349e-05
1.810000e+02 1.409541e-05
1.820000e+02 1.747794e-05
1.830000e+02 2.941001e-05
1.840000e+02 1.994063e-05
1.850000e+02 8.479366e-06
1.860000e+02 8.570985e-06
1.870000e+02 1.341726e-05
1.880000e+02 9.201812e-06
1.890000e+02 1.087394e-05
1.900000e+02 7.747269e-06
1.910000e+02 1.497768e-05
1.920000e+02 1.401987e-05
1.930000e+02 4.291462e-05
1.940000e+02 1.358439e-05
1.950000e+02 1.325208e-05
1.960000e+02 1.081520e-05
1.970000e+02 1.403927e-05
1.980000e+02 8.373031e-06
1.990000e+02 7.597114e-06
2.000000e+02 8.640918e-06
2.010000e+02 9.303356e-06
2.020000e+02 9.540673e-06
2.030000e+02 9.300896e-06
2.040000e+02 1.313133e-05
2.050000e+02 5.182605e-05
2.060000e+02 5.471323e-05
2.070000e+02 1.311125e-05
2.080000e+02 4.693367e-05
2.090000e+02 4.556851e-05
2.100000e+02 4.784060e-05
2.110000e+02 4.864897e-05
2.120000e+02 5.066304e-05
2.130000e+02 5.028211e-05
2.140000e+02 5.037019e-05
2.150000e+02 4.875445e-05
2.160000e+02 4.900363e-05
2.170000e+02 5.109773e-05
2.180000e+02 4.985260e-05
2.190000e+02 4.970933e-05
2.200000e+02 4.835700e-05
2.210000e+02 4.548323e-05
2.220000e+02 4.850067e-05
2.230000e+02 4.766555e-05
2.240000e+02 4.256041e-05
2.250000e+02 4.874187e-05
2.260000e+02 4.910975e-05
2.270000e+02 5.694127e-05
2.280000e+02 4.645750e-05
2.290000e+02 5.783337e-05
2.300000e+02 5.266530e-05
2.310000e+02 5.449526e-05
2.320000e+02 5.313746e-05
2.330000e+02 4.745970e-05
2.340000e+02 5.041028e-05
2.350000e+02 5.331680e-05
2.360000e+02 6.307208e-05
2.370000e+02 6.170723e-05
2.380000e+02 5.504218e-05
2.390000e+02 5.112717e-05
2.400000e+02 6.132606e-05
2.410000e+02 5.608847e-05
2.420000e+02 5.204907e-05
2.430000e+02 5.554787e-05
2.440000e+02 5.330297e-05
2.450000e+02 5.899990e-05
2.460000e+02 5.643668e-05
2.470000e+02 5.707708e-05
2.480000e+02 6.438254e-05
2.490000e+02 6.365659e-05
2.500000e+02 5.616718e-05
2.510000e+02 5.638462e-05
2.520000e+02 5.348495e-05
2.530000e+02 6.050801e-05
2.540000e+02 6.252135e-05
2.550000e+02 7.070715e-05
2.560000e+02 7.313613e-05
2.570000e+02 6.628418e-05
2.580000e+02 5.563657e-05
2.590000e+02 6.209544e-05
2.600000e+02 6.620518e-05
2.610000e+02 6.127467e-05
2.620000e+02 5.369661e-05
2.630000e+02 6.070587e-05
2.640000e+02 6.702382e-05
2.650000e+02 6.251463e-05
2.660000e+02 6.053625e-05
2.670000e+02 5.745434e-05
2.680000e+02 5.725202e-05
2.690000e+02 5.396083e-05
2.700000e+02 5.503029e-05
2.710000e+02 4.861641e-05
2.720000e+02 5.058945e-05
2.730000e+02 5.922925e-05
2.740000e+02 5.797855e-05
2.750000e+02 5.134601e-05
2.760000e+02 4.551377e-05
2.770000e+02 4.962796e-05
2.780000e+02 5.026740e-05
2.790000e+02 5.219865e-05
2.800000e+02 4.710421e-05
2.810000e+02 4.668938e-05
2.820000e+02 5.033479e-05
2.830000e+02 4.221096e-05
2.840000e+02 5.034943e-05
2.850000e+02 4.631504e-05
2.860000e+02 4.309089e-05
2.870000e+02 4.193598e-05
2.880000e+02 4.137989e-05
2.890000e+02 4.463254e-05
2.900000e+02 4.096873e-05
2.910000e+02 3.632280e-05
2.920000e+02 4.274577e-05
2.930000e+02 4.168411e-05
2.940000e+02 4.119242e-05
2.950000e+02 3.679152e-05
2.960000e+02 3.764110e-05
2.970000e+02 4.248747e-05
2.980000e+02 3.994887e-05
2.990000e+02 3.520869e-05
3.000000e+02 3.647877e-05
3.010000e+02 3.597070e-05
3.020000e+02 4.150415e-05
3.030000e+02 4.063138e-05
3.040000e+02 3.503076e-05
3.050000e+02 3.983481e-05
3.060000e+02 4.424181e-05
3.070000e+02 4.352489e-05
3.080000e+02 3.907489e-05
3.090000e+02 4.898721e-05
3.100000e+02 4.242926e-05
3.110000e+02 4.491188e-05
3.120000e+02 4.589094e-05
3.130000e+02 4.586065e-05
3.140000e+02 5.342588e-05
3.150000e+02 5.643496e-05
3.160000e+02 5.304164e-05
3.170000e+02 5.989985e-05
3.180000e+02 5.924199e-05
3.190000e+02 6.150336e-05
3.200000e+02 6.716383e-05
3.210000e+02 6.167749e-05
3.220000e+02 6.582488e-05
3.230000e+02 7.845049e-05
3.240000e+02 6.980263e-05
3.250000e+02 6.376889e-05
3.260000e+02 6.001754e-05
3.270000e+02 7.883055e-05
3.280000e+02 7.399900e-05
3.290000e+02 6.474449e-05
3.300000e+02 6.126260e-05
3.310000e+02 5.792488e-05
3.320000e+02 6.198178e-05
3.330000e+02 9.655922e-05
3.340000e+02 7.393740e-05
3.350000e+02 7.557974e-05
3.360000e+02 8.740724e-05
3.370000e+02 6.913075e-05
3.380000e+02 3.171917e-05
3.390000e+02 6.158654e-05
3.400000e+02 2.468874e-05
3.410000e+02 7.124422e-05
3.420000e+02 1.905264e-05
3.430000e+02 6.828424e-05
3.440000e+02 1.794379e-05
3.450000e+02 6.833246e-05
3.460000e+02 1.498990e-05
3.470000e+02 1.641530e-05
3.480000e+02 7.071586e-05
3.490000e+02 1.685923e-05
3.500000e+02 1.164015e-05
3.510000e+02 1.544733e-05
3.520000e+02 2.466213e-05
3.530000e+02 9.769514e-06
3.540000e+02 5.896241e-05
3.550000e+02 1.138796e-05
3.560000e+02 1.218838e-05
3.570000e+02 1.425449e-05
3.580000e+02 1.417435e-05
3.590000e+02 7.094830e-06
3.600000e+02 1.117323e-05
3.610000e+02 1.643819e-05
3.620000e+02 1.830112e-05
3.630000e+02 1.187295e-05
3.640000e+02 1.158014e-05
3.650000e+02 8.702751e-06
3.660000e+02 1.328525e-05
3.670000e+02 8.499719e-06
3.680000e+02 2.278392e-05
3.690000e+02 2.002923e-05
3.700000e+02 1.478040e-05
3.710000e+02 2.616764e-05
3.720000e+02 8.740308e-06
3.730000e+02 1.801752e-05
3.740000e+02 1.568265e-05
3.750000e+02 2.365717e-05
3.760000e+02 1.232525e-05
3.770000e+02 1.328538e-05
3.780000e+02 6.796691e-06
3.790000e+02 1.464392e-05
3.800000e+02 1.296592e-05
3.810000e+02 1.141701e-05
3.820000e+02 1.203678e-05
3.830000e+02 1.742466e-05
3.840000e+02 1.188840e-05
3.850000e+02 1.157031e-05
3.860000e+02 1.235845e-05
3.870000e+02 1.498866e-05
3.880000e+02 9.004908e-06
3.890000e+02 7.018836e-06
3.900000e+02 1.013197e-05
3.910000e+02 1.239172e-05
3.920000e+02 6.921644e-06
3.930000e+02 8.969148e-06
3.940000e+02 8.116260e-06
3.950000e+02 1.040160e-05
3.960000e+02 8.620084e-06
3.970000e+02 6.116194e-06
3.980000e+02 8.406838e-06
3.990000e+02 8.938449e-06
4.000000e+02 1.222684e-05
4.010000e+02 8.005240e-06
4.020000e+02 6.545589e-06
4.030000e+02 6.600798e-06
4.040000e+02 7.203448e-06
4.050000e+02 5.644030e-06
4.060000e+02 5.520583e-06
4.070000e+02 9.106423e-06
4.080000e+02 3.284353e-05
4.090000e+02 5.448831e-06
4.100000e+02 6.398946e-06
4.110000e+02 3.310096e-05
4.120000e+02 7.913901e-06
4.130000e+02 3.304605e-05
4.140000e+02 6.738681e-06
4.150000e+02 7.508722e-06
4.160000e+02 7.574152e-06
4.170000e+02 7.819872e-06
4.180000e+02 8.073514e-06
4.190000e+02 9.803513e-06
4.200000e+02 7.412128e-06
4.210000e+02 1.024450e-05
4.220000e+02 1.167990e-05
4.230000e+02 1.028061e-05
4.240000e+02 9.443307e-06
4.250000e+02 1.190085e-05
4.260000e+02 1.514565e-05
4.270000e+02 7.455655e-06
4.280000e+02 1.085052e-05
4.290000e+02 1.148814e-05
4.300000e+02 1.172378e-05
4.310000e+02 3.721386e-06
4.320000e+02 1.519324e-05
4.330000e+02 9.850803e-06
4.340000e+02 7.561232e-06
4.350000e+02 9.445522e-06
4.360000e+02 1.095096e-05
4.370000e+02 1.386394e-05
4.380000e+02 1.374351e-05
4.390000e+02 1.600352e-05
4.400000e+02 1.441983e-05
4.410000e+02 8.632882e-06
4.420000e+02 9.912606e-06
4.430000e+02 1.835621e-05
4.440000e+02 1.058169e-05
4.450000e+02 1.017619e-05
4.460000e+02 3.213392e-06
4.470000e+02 1.191816e-05
4.480000e+02 1.131759e-05
4.490000e+02 8.431896e-06
4.500000e+02 1.128180e-05
4.510000e+02 3.606492e-06
4.520000e+02 1.222710e-05
4.530000e+02 4.043920e-06
4.540000e+02 4.989402e-06
4.550000e+02 4.929181e-06
4.560000e+02 5.129123e-06
4.570000e+02 5.565814e-06
4.580000e+02 2.870497e-06
4.590000e+02 2.267670e-06
4.600000e+02 1.271719e-05
4.610000e+02 4.896086e-06
4.620000e+02 1.111233e-05
4.630000e+02 1.123749e-05
4.640000e+02 1.035466e-05
4.650000e+02 6.514654e-06
4.660000e+02 7.079418e-06
4.670000e+02 5.081135e-06
4.680000e+02 7.581686e-06
4.690000e+02 4.926101e-06
4.700000e+02 9.526357e-06
4.710000e+02 8.672559e-06
4.720000e+02 3.363127e-06
4.730000e+02 4.267232e-06
4.740000e+02 6.894826e-06
4.750000e+02 9.274031e-06
4.760000e+02 3.294230e-06
4.770000e+02 3.901404e-06
4.780000e+02 5.166811e-06
4.790000e+02 1.949542e-06
4.800000e+02 7.454062e-06
4.810000e+02 1.425141e-05
4.820000e+02 2.594486e-06
4.830000e+02 2.940872e-06
4.840000e+02 5.199692e-06
4.850000e+02 3.135198e-06
4.860000e+02 1.830290e-05
4.870000e+02 1.521555e-05
4.880000e+02 1.095627e-05
4.890000e+02 3.479254e-06
4.900000e+02 9.348031e-06
4.910000e+02 1.620663e-05
4.920000e+02 1.020871e-05
4.930000e+02 1.211735e-05
4.940000e+02 7.299979e-06
4.950000e+02 1.136121e-05
4.960000e+02 3.131031e-06
4.970000e+02 3.686239e-06
4.980000e+02 9.976062e-06
4.990000e+02 9.453524e-06
5.000000e+02 1.145962e-05
5.010000e+02 5.962979e-06
5.020000e+02 1.335902e-05
5.030000e+02 3.202636e-06
5.040000e+02 7.861880e-06
5.050000e+02 8.243646e-06
5.060000e+02 4.741014e-07
5.070000e+02 5.902600e-06
5.080000e+02 3.865839e-06
5.090000e+02 8.486222e-06
5.100000e+02 9.018876e-06
5.110000e+02 8.687540e-06
5.120000e+02 6.383683e-06
5.130000e+02 7.695145e-06
5.140000e+02 2.582657e-06
5.150000e+02 8.066830e-06
5.160000e+02 9.427915e-06
5.170000e+02 4.642139e-06
5.180000e+02 5.181142e-06
5.190000e+02 3.604190e-06
5.200000e+02 3.740816e-06
5.210000e+02 5.250195e-06
5.220000e+02 4.683942e-06
5.230000e+02 4.862086e-06
5.240000e+02 2.401331e-06
5.250000e+02 2.391107e-06
5.260000e+02 3.121556e-06
5.270000e+02 3.441781e-06
5.280000e+02 2.532946e-06
5.290000e+02 3.640081e-06
5.300000e+02 2.786478e-06
5.310000e+02 2.564248e-06
5.320000e+02 2.808932e-06
5.330000e+02 2.621681e-06
5.340000e+02 3.001676e-06
5.350000e+02 2.328148e-06
5.360000e+02 1.799562e-06
5.370000e+02 2.519030e-06
5.380000e+02 2.008087e-06
5.390000e+02 2.007359e-06
5.400000e+02 2.934476e-06
5.410000e+02 2.381638e-06
5.420000e+02 1.111509e-05
5.430000e+02 4.397038e-06
5.440000e+02 1.061499e-05
5.450000e+02 2.282424e-06
5.460000e+02 2.092651e-06
5.470000e+02 1.147340e-05
5.480000e+02 1.949833e-06
5.490000e+02 1.118391e-05
5.500000e+02 2.490242e-06
5.510000e+02 1.092178e-05
5.520000e+02 1.074077e-05
5.530000e+02 1.152857e-05
5.540000e+02 1.016577e-05
5.550000e+02 1.161620e-05
5.560000e+02 5.729172e-06
5.570000e+02 3.663045e-06
5.580000e+02 3.021208e-06
5.590000e+02 1.010158e-05
5.600000e+02 1.047487e-05
5.610000e+02 1.206040e-05
5.620000e+02 1.170104e-05
5.630000e+02 3.762674e-06
5.640000e+02 1.053537e-05
5.650000e+02 1.053873e-05
5.660000e+02 1.180095e-05
5.670000e+02 1.090224e-05
5.680000e+02 1.032249e-05
5.690000e+02 1.074252e-05
5.700000e+02 3.334966e-06
5.710000e+02 1.009411e-05
5.720000e+02 3.096042e-06
5.730000e+02 1.184274e-05
5.740000e+02 3.539817e-06
5.750000e+02 1.066296e-05
5.760000e+02 1.207468e-05
5.770000e+02 3.648430e-06
5.780000e+02 9.927314e-06
5.790000e+02 1.029554e-05
5.800000e+02 2.826921e-06
5.810000e+02 9.558770e-06
5.820000e+02 2.376351e-06
5.830000e+02 9.392759e-06
5.840000e+02 3.345140e-06
5.850000e+02 1.204598e-05
5.860000e+02 4.857529e-06
5.870000e+02 1.106612e-05
5.880000e+02 3.001694e-06
5.890000e+02 2.745519e-06
5.900000e+02 1.171506e-05
5.910000e+02 1.082682e-05
5.920000e+02 2.854979e-06
5.930000e+02 2.788799e-06
5.940000e+02 3.507596e-06
5.950000e+02 1.079407e-05
5.960000e+02 2.949281e-06
5.970000e+02 3.677445e-06
5.980000e+02 3.512281e-06
5.990000e+02 3.554262e-06
6.000000e+02 2.826441e-06
6.010000e+02 1.151945e-05
6.020000e+02 2.557453e-06
6.030000e+02 2.571065e-06
6.040000e+02 2.638960e-06
6.050000e+02 2.090155e-06
6.060000e+02 2.650210e-06
6.070000e+02 2.076652e-06
6.080000e+02 2.585423e-06
6.090000e+02 2.765968e-06
6.100000e+02 2.608078e-06
6.110000e+02 2.965607e-06
6.120000e+02 2.613372e-06
6.130000e+02 3.236390e-06
6.140000e+02 4.809948e-06
6.150000e+02 2.814249e-06
6.160000e+02 2.513852e-06
6.170000e+02 3.658127e-06
6.180000e+02 2.390908e-06
6.190000e+02 1.988517e-06
6.200000e+02 3.186006e-06
6.210000e+02 4.216431e-06
6.220000e+02 3.178982e-06
6.230000e+02 2.816851e-06
6.240000e+02 3.845046e-06
6.250000e+02 2.904169e-06
6.260000e+02 3.940272e-06
6.270000e+02 4.939684e-06
6.280000e+02 3.905382e-06
6.290000e+02 3.193000e-06
6.300000e+02 2.237554e-06
6.310000e+02 7.111765e-06
6.320000e+02 1.807861e-06
6.330000e+02 2.448884e-06
6.340000e+02 2.566437e-06
6.350000e+02 2.258752e-06
6.360000e+02 2.759233e-06
6.370000e+02 3.315417e-06
6.380000e+02 6.689356e-06
6.390000e+02 2.660421e-06
6.400000e+02 5.188562e-06
6.410000e+02 4.685362e-06
6.420000e+02 2.816070e-06
6.430000e+02 2.623054e-06
6.440000e+02 4.758895e-06
6.450000e+02 5.240265e-06
6.460000e+02 4.045477e-06
6.470000e+02 3.639123e-06
6.480000e+02 4.215225e-06
6.490000e+02 3.828236e-06
6.500000e+02 3.520744e-06
6.510000e+02 4.154433e-06
6.520000e+02 3.678503e-06
6.530000e+02 4.980394e-06
6.540000e+02 3.988528e-06
6.550000e+02 3.405852e-06
6.560000e+02 3.604408e-06
6.570000e+02 4.667374e-06
6.580000e+02 4.748313e-06
6.590000e+02 4.526446e-06
6.600000e+02 4.469419e-06
6.610000e+02 3.473855e-06
6.620000e+02 4.413191e-06
6.630000e+02 4.712438e-06
6.640000e+02 4.948194e-06
6.650000e+02 5.147485e-06
6.660000e+02 5.131721e-06
6.670000e+02 4.404195e-06
6.680000e+02 4.686447e-06
6.690000e+02 4.575331e-06
6.700000e+02 4.082247e-06
6.710000e+02 3.346151e-06
6.720000e+02 4.711980e-06
6.730000e+02 2.713433e-06
6.740000e+02 5.885481e-06
6.750000e+02 2.224286e-06
6.760000e+02 3.794278e-06
6.770000e+02 2.535347e-06
6.780000e+02 1.964704e-06
6.790000e+02 4.593640e-06
6.800000e+02 3.799741e-06
6.810000e+02 4.933267e-06
6.820000e+02 3.883774e-06
6.830000e+02 4.329327e-06
6.840000e+02 1.810642e-06
6.850000e+02 1.683308e-06
6.860000e+02 4.920920e-06
6.870000e+02 2.730743e-06
6.880000e+02 2.678651e-06
6.890000e+02 3.039380e-06
6.900000e+02 2.887740e-06
6.910000e+02 3.918613e-06
6.920000e+02 2.075261e-06
6.930000e+02 2.498258e-06
6.940000e+02 4.491943e-06
6.950000e+02 4.053547e-06
6.960000e+02 4.637180e-06
6.970000e+02 2.585909e-06
6.980000e+02 1.875534e-06
6.990000e+02 1.660365e-06
7.000000e+02 3.950674e-06
7.010000e+02 4.231530e-06
7.020000e+02 3.921460e-06
7.030000e+02 3.212657e-06
7.040000e+02 3.679842e-06
7.050000e+02 2.533259e-06
7.060000e+02 1.964631e-06
7.070000e+02 4.386593e-06
7.080000e+02 2.804404e-06
7.090000e+02 2.247332e-06
7.100000e+02 2.121305e-06
7.110000e+02 1.829515e-06
7.120000e+02 2.362514e-06
7.130000e+02 1.895517e-06
7.140000e+02 1.477578e-06
7.150000e+02 1.790826e-06
7.160000e+02 1.836141e-06
7.170000e+02 1.812987e-06
7.180000e+02 1.075588e-06
7.190000e+02 2.612394e-06
7.200000e+02 1.146820e-06
7.210000e+02 1.653283e-06
7.220000e+02 1.275845e-06
7.230000e+02 1.264933e-06
7.240000e+02 1.156899e-06
7.250000e+02 9.708387e-07
7.260000e+02 1.177939e-06
7.270000e+02 1.168281e-06
7.280000e+02 1.336001e-06
7.290000e+02 1.373935e-06
7.300000e+02 1.318970e-06
7.310000e+02 1.437960e-06
7.320000e+02 1.351183e-06
7.330000e+02 1.130867e-06
7.340000e+02 6.413335e-06
7.350000e+02 1.201287e-06
7.360000e+02 1.585281e-06
7.370000e+02 2.049371e-06
7.380000e+02 2.240520e-06
7.390000e+02 1.574541e-06
7.400000e+02 1.552606e-06
7.410000e+02 1.268120e-06
7.420000e+02 1.075385e-06
7.430000e+02 1.114953e-06
7.440000e+02 1.334470e-06
7.450000e+02 7.505279e-07
7.460000e+02 9.401720e-07
7.470000e+02 7.394017e-07
7.480000e+02 4.805289e-06
7.490000e+02 5.989243e-06
7.500000e+02 1.347624e-06
7.510000e+02 9.110235e-07
7.520000e+02 8.881929e-07
7.530000e+02 1.120103e-06
7.540000e+02 9.227828e-07
7.550000e+02 9.786408e-07
7.560000e+02 7.109105e-07
7.570000e+02 6.673694e-07
7.580000e+02 4.026472e-06
7.590000e+02 8.104009e-07
7.600000e+02 4.094736e-06
7.610000e+02 9.157707e-07
7.620000e+02 7.137140e-07
7.630000e+02 8.058205e-07
7.640000e+02 7.521621e-07
7.650000e+02 4.270477e-06
7.660000e+02 8.922847e-07
7.670000e+02 3.794905e-06
7.680000e+02 3.857441e-06
7.690000e+02 3.739575e-06
7.700000e+02 4.002282e-06
7.710000e+02 3.837374e-06
7.720000e+02 3.476064e-06
7.730000e+02 3.469774e-06
7.740000e+02 3.691293e-06
7.750000e+02 3.404439e-06
7.760000e+02 3.854123e-06
7.770000e+02 3.689902e-06
7.780000e+02 3.905050e-06
7.790000e+02 1.196503e-06
7.800000e+02 8.786700e-07
7.810000e+02 3.006438e-06
7.820000e+02 3.749291e-06
7.830000e+02 3.276833e-06
7.840000e+02 3.566920e-06
7.850000e+02 1.052448e-06
7.860000e+02 2.907284e-06
7.870000e+02 6.111470e-07
7.880000e+02 2.793971e-06
7.890000e+02 3.033050e-06
7.900000e+02 6.756671e-07
7.910000e+02 3.215785e-06
7.920000e+02 8.465574e-07
7.930000e+02 2.929570e-06
7.940000e+02 5.650279e-07
7.950000e+02 2.780173e-06
7.960000e+02 5.965094e-07
7.970000e+02 6.631362e-07
7.980000e+02 4.921976e-07
7.990000e+02 1.718644e-06
8.000000e+02 1.351863e-06
8.010000e+02 1.008167e-06
8.020000e+02 7.566096e-07
8.030000e+02 1.153793e-06
8.040000e+02 1.334760e-06
8.050000e+02 2.403051e-06
8.060000e+02 2.321848e-06
8.070000e+02 7.169861e-07
8.080000e+02 1.375000e-06
8.090000e+02 2.117627e-06
8.100000e+02 1.021505e-06
8.110000e+02 7.346063e-07
8.120000e+02 1.602701e-06
8.130000e+02 6.050285e-07
8.140000e+02 9.143356e-07
8.150000e+02 7.339577e-07
8.160000e+02 2.370569e-07
8.170000e+02 1.123201e-06
8.180000e+02 1.135973e-06
8.190000e+02 2.991577e-07
8.200000e+02 4.778648e-07
8.210000e+02 6.369097e-07
8.220000e+02 1.412208e-06
8.230000e+02 1.570392e-06
8.240000e+02 1.047997e-06
8.250000e+02 2.193609e-06
8.260000e+02 9.512750e-07
8.270000e+02 9.116136e-07
8.280000e+02 4.761600e-07
8.290000e+02 6.896024e-07
8.300000e+02 5.582600e-07
8.310000e+02 7.119110e-07
8.320000e+02 7.052135e-07
8.330000e+02 1.051344e-06
8.340000e+02 4.807690e-07
8.350000e+02 6.847197e-07
8.360000e+02 4.409669e-07
8.370000e+02 5.783744e-07
8.380000e+02 6.368057e-07
8.390000e+02 1.639917e-06
8.400000e+02 2.106109e-07
8.410000e+02 4.141227e-07
8.420000e+02 5.064387e-07
8.430000e+02 3.652146e-07
8.440000e+02 5.141226e-07
8.450000e+02 1.262959e-07
8.460000e+02 6.716827e-08
8.470000e+02 6.490128e-07
8.480000e+02 9.491721e-07
8.490000e+02 8.135729e-07
8.500000e+02 9.178991e-07
8.510000e+02 1.172031e-06
8.520000e+02 6.427299e-07
8.530000e+02 4.278447e-07
8.540000e+02 7.468181e-07
8.550000e+02 3.250816e-07
8.560000e+02 7.842789e-07
8.570000e+02 3.343257e-07
8.580000e+02 1.024315e-07
8.590000e+02 3.716431e-07
8.600000e+02 2.771172e-07
8.610000e+02 2.538573e-07
8.620000e+02 4.814837e-07
8.630000e+02 2.637637e-07
8.640000e+02 7.078858e-07
8.650000e+02 4.467586e-07
8.660000e+02 7.327588e-07
8.670000e+02 2.710849e-07
8.680000e+02 5.582045e-07
8.690000e+02 3.678551e-07
8.700000e+02 3.748638e-07
8.710000e+02 4.924642e-07
8.720000e+02 1.452391e-06
8.730000e+02 5.311553e-07
8.740000e+02 4.661392e-07
8.750000e+02 5.560411e-07
8.760000e+02 9.102394e-07
8.770000e+02 3.630966e-07
8.780000e+02 8.009367e-07
8.790000e+02 3.583194e-07
8.800000e+02 7.297898e-07
8.810000e+02 9.854974e-07
8.820000e+02 6.883843e-07
8.830000e+02 6.616363e-07
8.840000e+02 7.215511e-07
8.850000e+02 3.750982e-07
8.860000e+02 6.821767e-07
8.870000e+02 6.158722e-07
8.880000e+02 5.055174e-07
8.890000e+02 4.635337e-07
8.900000e+02 3.755099e-07
8.910000e+02 8.013624e-07
8.920000e+02 6.601749e-07
8.930000e+02 7.303500e-07
8.940000e+02 5.093654e-07
8.950000e+02 6.836696e-07
8.960000e+02 4.606503e-07
8.970000e+02 2.754351e-07
8.980000e+02 4.298004e-07
8.990000e+02 4.382074e-07
9.000000e+02 6.764503e-07
9.010000e+02 7.959931e-07
9.020000e+02 1.299318e-06
9.030000e+02 6.390783e-07
9.040000e+02 8.687918e-07
9.050000e+02 2.718908e-07
9.060000e+02 3.763686e-07
9.070000e+02 4.221839e-07
9.080000e+02 4.251768e-07
9.090000e+02 6.031896e-07
9.100000e+02 3.594821e-07
9.110000e+02 3.321625e-07
9.120000e+02 4.587831e-07
9.130000e+02 2.486949e-07
9.140000e+02 1.713763e-07
9.150000e+02 8.663424e-07
9.160000e+02 2.895518e-07
9.170000e+02 1.311264e-06
9.180000e+02 1.118935e-06
9.190000e+02 1.031310e-06
9.200000e+02 4.852278e-07
9.210000e+02 1.231006e-06
9.220000e+02 1.021730e-06
9.230000e+02 2.707282e-07
9.240000e+02 2.491724e-07
9.250000e+02 3.118865e-07
9.260000e+02 1.091659e-06
9.270000e+02 2.578322e-07
9.280000e+02 4.145134e-07
9.290000e+02 1.249200e-06
9.300000e+02 4.902026e-07
9.310000e+02 5.067477e-07
9.320000e+02 2.489001e-07
9.330000e+02 3.145785e-07
9.340000e+02 3.523588e-07
9.350000e+02 4.177170e-07
9.360000e+02 3.042445e-07
9.370000e+02 2.588520e-07
9.380000e+02 1.192888e-06
9.390000e+02 4.744010e-07
9.400000e+02 3.137234e-07
9.410000e+02 1.308155e-06
9.420000e+02 1.639845e-06
9.430000e+02 3.705756e-07
9.440000e+02 2.562976e-07
9.450000e+02 2.878830e-07
9.460000e+02 2.794198e-07
9.470000e+02 2.919896e-07
9.480000e+02 2.410733e-07
9.490000e+02 2.379435e-07
9.500000e+02 2.264425e-07
9.510000e+02 1.864251e-06
9.520000e+02 1.100719e-06
9.530000e+02 1.218324e-06
9.540000e+02 4.525110e-07
9.550000e+02 1.207842e-06
9.560000e+02 2.217124e-07
9.570000e+02 1.818375e-06
9.580000e+02 1.183763e-06
9.590000e+02 3.525639e-07
9.600000e+02 1.147980e-06
9.610000e+02 2.189606e-06
9.620000e+02 9.516571e-07
9.630000e+02 3.529779e-07
9.640000e+02 6.876814e-07
9.650000e+02 1.008690e-06
9.660000e+02 9.612169e-07
9.670000e+02 1.717922e-06
9.680000e+02 1.041871e-06
9.690000e+02 9.840042e-07
9.700000e+02 8.583692e-07
9.710000e+02 1.560800e-06
9.720000e+02 9.531683e-07
9.730000e+02 9.747393e-07
9.740000e+02 1.725302e-06
9.750000e+02 1.073569e-06
9.760000e+02 8.973370e-07
9.770000e+02 1.004502e-06
9.780000e+02 1.355342e-06
9.790000e+02 9.867431e-07
9.800000e+02 9.957721e-07
9.810000e+02 1.705081e-06
9.820000e+02 8.499061e-07
9.830000e+02 1.021722e-06
9.840000e+02 8.127830e-07
9.850000e+02 1.621832e-06
9.860000e+02 6.951430e-07
9.870000e+02 5.317285e-07
9.880000e+02 4.469530e-07
9.890000e+02 1.643948e-06
9.900000e+02 7.343609e-07
9.910000e+02 7.722626e-07
9.920000e+02 1.382485e-06
9.930000e+02 4.590009e-07
9.940000e+02 5.835212e-07
9.950000e+02 4.885159e-07
9.960000e+02 1.631713e-06
9.970000e+02 4.906023e-07
9.980000e+02 6.438430e-07
9.990000e+02 3.752552e-07
1.000000e+03 1.480603e-06
1.001000e+03 6.123076e-07
1.002000e+03 7.042615e-07
1.003000e+03 4.827374e-07
1.004000e+03 1.426978e-06
1.005000e+03 8.056254e-07
1.006000e+03 5.214169e-07
1.007000e+03 3.546818e-07
1.008000e+03 1.347363e-06
1.009000e+03 4.755354e-07
1.010000e+03 4.461299e-07
1.011000e+03 4.215252e-07
1.012000e+03 1.194410e-06
1.013000e+03 5.832090e-07
1.014000e+03 3.278805e-07
1.015000e+03 1.749598e-06
1.016000e+03 1.431475e-06
1.017000e+03 4.870483e-07
1.018000e+03 4.277975e-07
1.019000e+03 3.642690e-07
1.020000e+03 1.728106e-06
1.021000e+03 8.254319e-07
1.022000e+03 4.287330e-07
1.023000e+03 3.125849e-07
1.024000e+03 1.429100e-06
1.025000e+03 3.348944e-07
1.026000e+03 2.978982e-07
1.027000e+03 3.304379e-07
1.028000e+03 1.042682e-06
1.029000e+03 4.915768e-07
1.030000e+03 4.196394e-07
1.031000e+03 1.711930e-06
1.032000e+03 8.487841e-07
1.033000e+03 3.717013e-07
1.034000e+03 3.570863e-07
1.035000e+03 1.780492e-06
1.036000e+03 1.025299e-06
1.037000e+03 4.227014e-07
1.038000e+03 3.600825e-07
1.039000e+03 1.789172e-06
1.040000e+03 7.918718e-07
1.041000e+03 4.150083e-07
1.042000e+03 4.028142e-07
1.043000e+03 1.658864e-06
1.044000e+03 1.562084e-06
1.045000e+03 8.731012e-07
1.046000e+03 3.585932e-07
1.047000e+03 1.661038e-06
1.048000e+03 1.742119e-06
1.049000e+03 1.372310e-06
1.050000e+03 4.529772e-07
1.051000e+03 1.605896e-06
1.052000e+03 1.647370e-06
1.053000e+03 1.395892e-06
1.054000e+03 6.890843e-07
1.055000e+03 3.346357e-07
1.056000e+03 1.733642e-06
1.057000e+03 1.630693e-06
1.058000e+03 1.413729e-06
1.059000e+03 3.284169e-07
1.060000e+03 3.225272e-07
1.061000e+03 1.502584e-06
1.062000e+03 1.574018e-06
1.063000e+03 8.687691e-07
1.064000e+03 3.517900e-07
1.065000e+03 2.789362e-07
1.066000e+03 4.258845e-07
1.067000e+03 1.307739e-06
1.068000e+03 1.039454e-06
1.069000e+03 3.951271e-07
1.070000e+03 3.238719e-07
1.071000e+03 2.504613e-07
1.072000e+03 1.374975e-06
1.073000e+03 1.346025e-06
1.074000e+03 8.065872e-07
1.075000e+03 2.960614e-07
1.076000e+03 3.090788e-07
1.077000e+03 2.731322e-07
1.078000e+03 3.152431e-07
1.079000e+03 1.356462e-06
1.080000e+03 3.812421e-07
1.081000e+03 3.333119e-07
1.082000e+03 4.281284e-07
1.083000e+03 3.909849e-07
1.084000e+03 3.163400e-07
1.085000e+03 1.196918e-06
1.086000e+03 3.660768e-07
1.087000e+03 3.686810e-07
1.088000e+03 3.485537e-07
1.089000e+03 2.386613e-07
1.090000e+03 1.054759e-06
1.091000e+03 9.638149e-07
1.092000e+03 1.063352e-06
1.093000e+03 4.862963e-07
1.094000e+03 3.785107e-07
1.095000e+03 3.005433e-07
1.096000e+03 1.051643e-06
1.097000e+03 2.365236e-07
1.098000e+03 2.049672e-07
1.099000e+03 1.037640e-06
1.100000e+03 3.222195e-07
1.101000e+03 3.661755e-07
1.102000e+03 2.337537e-07
1.103000e+03 2.326839e-07
1.104000e+03 1.379539e-07
1.105000e+03 2.056323e-07
1.106000e+03 1.519435e-07
1.107000e+03 1.017176e-06
1.108000e+03 4.118855e-07
1.109000e+03 2.474921e-07
1.110000e+03 2.490326e-07
1.111000e+03 2.090871e-07
1.112000e+03 1.609529e-07
1.113000e+03 1.944511e-07
1.114000e+03 8.175168e-07
1.115000e+03 7.862237e-07
1.116000e+03 1.641872e-07
1.117000e+03 8.967067e-07
1.118000e+03 2.924742e-07
1.119000e+03 2.146041e-07
1.120000e+03 1.776947e-07
1.121000e+03 1.405260e-07
1.122000e+03 1.182436e-07
1.123000e+03 1.991138e-07
1.124000e+03 1.182353e-07
1.125000e+03 6.458149e-07
1.126000e+03 5.624791e-07
1.127000e+03 5.555400e-07
1.128000e+03 1.226866e-06
1.129000e+03 2.389945e-07
1.130000e+03 1.997201e-07
1.131000e+03 1.520786e-07
1.132000e+03 1.446057e-07
1.133000e+03 1.227604e-07
1.134000e+03 1.089875e-07
1.135000e+03 6.207048e-07
1.136000e+03 9.719763e-08
1.137000e+03 5.948180e-07
1.138000e+03 1.013657e-07
1.139000e+03 9.441717e-08
1.140000e+03 6.902283e-08
1.141000e+03 5.101497e-07
1.142000e+03 1.287310e-06
1.143000e+03 2.676168e-07
1.144000e+03 2.265898e-07
1.145000e+03 1.878552e-07
1.146000e+03 1.063696e-07
1.147000e+03 1.995588e-07
1.148000e+03 9.070738e-08
1.149000e+03 7.560196e-08
1.150000e+03 7.680416e-08
1.151000e+03 5.957996e-08
1.152000e+03 5.550385e-08
1.153000e+03 6.246940e-08
1.154000e+03 5.779034e-08
1.155000e+03 4.527242e-07
1.156000e+03 5.080258e-08
1.157000e+03 4.235023e-07
1.158000e+03 4.547014e-07
1.159000e+03 4.704023e-08
1.160000e+03 1.062520e-06
1.161000e+03 2.028389e-07
1.162000e+03 1.574926e-07
1.163000e+03 1.030036e-07
1.164000e+03 9.111646e-08
1.165000e+03 1.213162e-07
1.166000e+03 1.258409e-07
1.167000e+03 7.967626e-08
1.168000e+03 7.426590e-08
1.169000e+03 7.448804e-08
1.170000e+03 5.429114e-08
1.171000e+03 5.061665e-08
1.172000e+03 4.505040e-08
1.173000e+03 5.574705e-08
1.174000e+03 4.351928e-08
1.175000e+03 4.238336e-08
1.176000e+03 5.387957e-08
1.177000e+03 3.875362e-07
1.178000e+03 5.226434e-08
1.179000e+03 5.350811e-08
1.180000e+03 5.914813e-08
1.181000e+03 6.274886e-08
1.182000e+03 4.364348e-08
1.183000e+03 3.748600e-08
1.184000e+03 8.295072e-07
1.185000e+03 2.117824e-07
1.186000e+03 1.928702e-07
1.187000e+03 1.104207e-07
1.188000e+03 8.989904e-08
1.189000e+03 7.834063e-08
1.190000e+03 6.693616e-08
1.191000e+03 6.840498e-08
1.192000e+03 6.970603e-08
1.193000e+03 6.875608e-08
1.194000e+03 5.758483e-08
1.195000e+03 3.911897e-07
1.196000e+03 4.953712e-08
1.197000e+03 4.718168e-08
1.198000e+03 4.999343e-08
1.199000e+03 4.407510e-08
1.200000e+03 3.786464e-08
1.201000e+03 3.216467e-08
1.202000e+03 5.057166e-08
1.203000e+03 5.986548e-08
1.204000e+03 4.475707e-08
1.205000e+03 5.817550e-08
1.206000e+03 3.678450e-08
1.207000e+03 6.508390e-08
1.208000e+03 5.149198e-08
1.209000e+03 5.837530e-08
1.210000e+03 5.900300e-08
1.211000e+03 5.312007e-08
1.212000e+03 4.497810e-08
1.213000e+03 5.516384e-08
1.214000e+03 1.335754e-06
1.215000e+03 2.194622e-07
1.216000e+03 2.068500e-07
1.217000e+03 1.328158e-07
1.218000e+03 1.078034e-07
1.219000e+03 7.280034e-08
1.220000e+03 6.763586e-08
1.221000e+03 6.025176e-08
1.222000e+03 4.857911e-08
1.223000e+03 5.467009e-08
1.224000e+03 5.588798e-08
1.225000e+03 6.006920e-08
1.226000e+03 5.899675e-08
1.227000e+03 5.624987e-08
1.228000e+03 5.696149e-08
1.229000e+03 6.364615e-08
1.230000e+03 6.133122e-08
1.231000e+03 7.601600e-08
1.232000e+03 6.414985e-08
1.233000e+03 7.386098e-08
1.234000e+03 6.470994e-08
1.235000e+03 7.039799e-08
1.236000e+03 8.192332e-08
1.237000e+03 4.887708e-08
1.238000e+03 4.497177e-08
1.239000e+03 4.407109e-08
1.240000e+03 4.744599e-08
1.241000e+03 7.669733e-08
1.242000e+03 3.534362e-07
1.243000e+03 2.583534e-07
1.244000e+03 2.660016e-07
1.245000e+03 2.010876e-07
1.246000e+03 1.528622e-07
1.247000e+03 1.119868e-07
1.248000e+03 1.218883e-07
1.249000e+03 1.120962e-07
1.250000e+03 8.595483e-08
1.251000e+03 9.581938e-08
1.252000e+03 5.429879e-08
1.253000e+03 5.270850e-08
1.254000e+03 7.529067e-08
1.255000e+03 4.824797e-08
1.256000e+03 5.340007e-08
1.257000e+03 4.740180e-08
1.258000e+03 4.483008e-08
1.259000e+03 7.822725e-08
1.260000e+03 4.039986e-08
1.261000e+03 4.020658e-08
1.262000e+03 5.301651e-08
1.263000e+03 1.095998e-06
1.264000e+03 2.649757e-07
1.265000e+03 2.145033e-07
1.266000e+03 2.122795e-07
1.267000e+03 1.543869e-07
1.268000e+03 1.588611e-07
1.269000e+03 1.362231e-07
1.270000e+03 7.599985e-08
1.271000e+03 6.996416e-08
1.272000e+03 1.478570e-07
1.273000e+03 1.475984e-07
1.274000e+03 8.023567e-08
1.275000e+03 7.769644e-08
1.276000e+03 7.886869e-08
1.277000e+03 5.578301e-08
1.278000e+03 5.835044e-08
1.279000e+03 7.370439e-08
1.280000e+03 4.744303e-07
1.281000e+03 2.679593e-07
1.282000e+03 1.800854e-07
1.283000e+03 1.328491e-07
1.284000e+03 3.047635e-07
1.285000e+03 1.321832e-07
1.286000e+03 1.014330e-07
1.287000e+03 9.627531e-08
1.288000e+03 8.502008e-08
1.289000e+03 9.193590e-08
1.290000e+03 9.876988e-08
1.291000e+03 7.209418e-08
1.292000e+03 1.143990e-06
1.293000e+03 2.205073e-07
1.294000e+03 1.840819e-07
1.295000e+03 1.518173e-07
1.296000e+03 1.131586e-07
1.297000e+03 1.047063e-07
1.298000e+03 9.870856e-08
1.299000e+03 9.529384e-08
1.300000e+03 9.515183e-08
1.301000e+03 9.411259e-08
1.302000e+03 9.255707e-08
1.303000e+03 1.037090e-06
1.304000e+03 2.644276e-07
1.305000e+03 1.871514e-07
1.306000e+03 1.551195e-07
1.307000e+03 1.228512e-07
1.308000e+03 1.095316e-07
1.309000e+03 1.142719e-07
1.310000e+03 9.753652e-08
1.311000e+03 8.712051e-08
1.312000e+03 1.089389e-06
1.313000e+03 3.628391e-07
1.314000e+03 2.671989e-07
1.315000e+03 2.384176e-07
1.316000e+03 1.848401e-07
1.317000e+03 1.249145e-07
1.318000e+03 1.388558e-07
1.319000e+03 1.262034e-07
1.320000e+03 1.172350e-06
1.321000e+03 3.375000e-07
1.322000e+03 3.430490e-07
1.323000e+03 2.968898e-07
1.324000e+03 1.999773e-07
1.325000e+03 1.261717e-07
1.326000e+03 1.498871e-07
1.327000e+03 1.178392e-07
1.328000e+03 9.558086e-07
1.329000e+03 4.632402e-07
1.330000e+03 3.079862e-07
1.331000e+03 2.024868e-07
1.332000e+03 1.421976e-07
1.333000e+03 1.743290e-07
1.334000e+03 1.176396e-07
1.335000e+03 2.250665e-07
1.336000e+03 3.583423e-07
1.337000e+03 2.691900e-07
1.338000e+03 2.576761e-07
1.339000e+03 1.840225e-07
1.340000e+03 1.467678e-07
1.341000e+03 2.031336e-07
1.342000e+03 5.494383e-07
1.343000e+03 4.427613e-07
1.344000e+03 4.009484e-07
1.345000e+03 2.521310e-07
1.346000e+03 1.960083e-07
1.347000e+03 2.072305e-07
1.348000e+03 1.722522e-07
1.349000e+03 1.482503e-06
1.350000e+03 3.767481e-07
1.351000e+03 3.653725e-07
1.352000e+03 2.505616e-07
1.353000e+03 1.975458e-07
1.354000e+03 1.556893e-07
1.355000e+03 1.237334e-06
1.356000e+03 3.575903e-07
1.357000e+03 2.679044e-07
1.358000e+03 2.171976e-07
1.359000e+03 1.516879e-07
1.360000e+03 1.326956e-07
1.361000e+03 1.179921e-07
1.362000e+03 1.022384e-06
1.363000e+03 3.000052e-07
1.364000e+03 2.678512e-07
1.365000e+03 2.262387e-07
1.366000e+03 2.051238e-07
1.367000e+03 1.559587e-07
1.368000e+03 1.187022e-07
1.369000e+03 1.058490e-06
1.370000e+03 2.983058e-07
1.371000e+03 2.557858e-07
1.372000e+03 2.034889e-07
1.373000e+03 1.817993e-07
1.374000e+03 1.540804e-07
1.375000e+03 1.406900e-07
1.376000e+03 1.545611e-07
1.377000e+03 4.110632e-07
1.378000e+03 2.969646e-07
1.379000e+03 2.431507e-07
1.380000e+03 2.156831e-07
1.381000e+03 1.300186e-07
1.382000e+03 1.193440e-07
1.383000e+03 9.682116e-07
1.384000e+03 3.568845e-07
1.385000e+03 3.533451e-07
1.386000e+03 4.308450e-07
1.387000e+03 2.898682e-07
1.388000e+03 2.140881e-07
1.389000e+03 2.240062e-07
1.390000e+03 1.312179e-06
1.391000e+03 4.075706e-07
1.392000e+03 3.583470e-07
1.393000e+03 3.002495e-07
1.394000e+03 2.469588e-07
1.395000e+03 2.051516e-07
1.396000e+03 1.843614e-07
1.397000e+03 1.267237e-06
1.398000e+03 3.625773e-07
1.399000e+03 2.856659e-07
1.400000e+03 2.447275e-07
1.401000e+03 1.628107e-07
1.402000e+03 1.593254e-07
1.403000e+03 1.680542e-07
1.404000e+03 1.228300e-07
1.405000e+03 1.154785e-06
1.406000e+03 3.304708e-07
1.407000e+03 3.341549e-07
1.408000e+03 2.535193e-07
1.409000e+03 1.986505e-07
1.410000e+03 1.792792e-07
1.411000e+03 1.570015e-07
1.412000e+03 1.377231e-07
1.413000e+03 1.474478e-06
1.414000e+03 2.820011e-07
1.415000e+03 2.147295e-07
1.416000e+03 1.713676e-07
1.417000e+03 1.500570e-07
1.418000e+03 1.241140e-07
1.419000e+03 1.407009e-07
1.420000e+03 1.050051e-07
1.421000e+03 1.098888e-06
1.422000e+03 2.619358e-07
1.423000e+03 2.330723e-07
1.424000e+03 2.010401e-07
1.425000e+03 1.194290e-07
1.426000e+03 1.304069e-07
1.427000e+03 1.055828e-07
1.428000e+03 4.887507e-07
1.429000e+03 8.250416e-08
1.430000e+03 1.105439e-06
1.431000e+03 1.960427e-07
1.432000e+03 1.774838e-07
1.433000e+03 1.685515e-07
1.434000e+03 1.590408e-07
1.435000e+03 1.340708e-07
1.436000e+03 1.391793e-07
1.437000e+03 1.144915e-07
1.438000e+03 8.876580e-08
1.439000e+03 1.061803e-06
1.440000e+03 2.420179e-07
1.441000e+03 2.043936e-07
1.442000e+03 1.655795e-07
1.443000e+03 1.213841e-07
1.444000e+03 9.729908e-08
1.445000e+03 9.716478e-08
1.446000e+03 1.152291e-07
1.447000e+03 4.383892e-07
1.448000e+03 9.879735e-07
1.449000e+03 2.095077e-07
1.450000e+03 1.966894e-07
1.451000e+03 1.935183e-07
1.452000e+03 1.444387e-07
1.453000e+03 1.237354e-07
1.454000e+03 4.772498e-07
1.455000e+03 4.935855e-07
1.456000e+03 5.015870e-07
1.457000e+03 4.709614e-07
1.458000e+03 1.256072e-06
1.459000e+03 2.627446e-07
1.460000e+03 2.100149e-07
1.461000e+03 1.853636e-07
1.462000e+03 1.509955e-07
1.463000e+03 1.133016e-07
1.464000e+03 1.028896e-07
1.465000e+03 9.639766e-08
1.466000e+03 3.864658e-07
1.467000e+03 3.892868e-07
1.468000e+03 3.542865e-07
1.469000e+03 1.142934e-06
1.470000e+03 1.821821e-07
1.471000e+03 1.680427e-07
1.472000e+03 1.368232e-07
1.473000e+03 1.309264e-07
1.474000e+03 9.447274e-08
1.475000e+03 4.152395e-07
1.476000e+03 9.313321e-08
1.477000e+03 3.646528e-07
1.478000e+03 3.269312e-07
1.479000e+03 3.148804e-07
1.480000e+03 2.685507e-07
1.481000e+03 2.387147e-07
1.482000e+03 9.319998e-07
1.483000e+03 1.657388e-07
1.484000e+03 1.183515e-07
1.485000e+03 1.126086e-07
1.486000e+03 9.685574e-08
1.487000e+03 1.243219e-07
1.488000e+03 8.538427e-08
1.489000e+03 3.335095e-07
1.490000e+03 3.398860e-07
1.491000e+03 3.198412e-07
1.492000e+03 2.608672e-07
1.493000e+03 2.433421e-07
1.494000e+03 9.360619e-07
1.495000e+03 1.772239e-07
1.496000e+03 1.477811e-07
1.497000e+03 9.898609e-08
1.498000e+03 8.828632e-08
1.499000e+03 9.448145e-08
1.500000e+03 1.049650e-07
1.501000e+03 9.327016e-08
1.502000e+03 3.259498e-07
1.503000e+03 3.158688e-07
1.504000e+03 2.649681e-07
1.505000e+03 2.385006e-07
1.506000e+03 2.070033e-07
1.507000e+03 1.897424e-07
1.508000e+03 1.688127e-07
1.509000e+03 1.585024e-07
1.510000e+03 9.176008e-07
1.511000e+03 1.590138e-07
1.512000e+03 1.519546e-07
1.513000e+03 9.841564e-08
1.514000e+03 7.983264e-08
1.515000e+03 6.962805e-08
1.516000e+03 3.392665e-07
1.517000e+03 3.315389e-07
1.518000e+03 7.485499e-08
1.519000e+03 3.007023e-07
1.520000e+03 2.276850e-07
1.521000e+03 1.927181e-07
1.522000e+03 1.734021e-07
1.523000e+03 1.552594e-07
1.524000e+03 1.526366e-07
1.525000e+03 1.312220e-07
1.526000e+03 1.255787e-07
1.527000e+03 1.088541e-06
1.528000e+03 1.836662e-07
1.529000e+03 1.535277e-07
1.530000e+03 1.212431e-07
1.531000e+03 8.407901e-08
1.532000e+03 7.089110e-08
1.533000e+03 5.356821e-08
1.534000e+03 2.905560e-07
1.535000e+03 2.665071e-07
1.536000e+03 2.341127e-07
1.537000e+03 2.065502e-07
1.538000e+03 2.049609e-07
1.539000e+03 2.015651e-07
1.540000e+03 1.864300e-07
1.541000e+03 1.702450e-07
1.542000e+03 1.532008e-07
1.543000e+03 1.549604e-07
1.544000e+03 1.479274e-07
1.545000e+03 1.346715e-07
1.546000e+03 1.201667e-06
1.547000e+03 2.038603e-07
1.548000e+03 1.535105e-07
1.549000e+03 1.385639e-07
1.550000e+03 8.794397e-08
1.551000e+03 6.654351e-08
1.552000e+03 6.024827e-08
1.553000e+03 5.953506e-08
1.554000e+03 4.791944e-08
1.555000e+03 2.082900e-07
1.556000e+03 2.171690e-07
1.557000e+03 2.051337e-07
1.558000e+03 1.775003e-07
1.559000e+03 1.550295e-07
1.560000e+03 1.399513e-07
1.561000e+03 1.292426e-07
1.562000e+03 1.216662e-07
1.563000e+03 1.163589e-07
1.564000e+03 1.102960e-07
1.565000e+03 1.128966e-07
1.566000e+03 1.132397e-06
1.567000e+03 1.586884e-07
1.568000e+03 1.444943e-07
1.569000e+03 8.384122e-08
1.570000e+03 6.678971e-08
1.571000e+03 5.569621e-08
1.572000e+03 5.232692e-08
1.573000e+03 5.103088e-08
1.574000e+03 4.646819e-08
1.575000e+03 4.277792e-08
1.576000e+03 1.855826e-07
1.577000e+03 1.768145e-07
1.578000e+03 1.622134e-07
1.579000e+03 1.673844e-07
1.580000e+03 1.627783e-07
1.581000e+03 1.311116e-07
1.582000e+03 1.179608e-07
1.583000e+03 1.129198e-07
1.584000e+03 1.107447e-07
1.585000e+03 1.075446e-07
1.586000e+03 1.063330e-07
1.587000e+03 1.030336e-07
1.588000e+03 1.208423e-06
1.589000e+03 1.837818e-07
1.590000e+03 1.411306e-07
1.591000e+03 1.455433e-07
1.592000e+03 1.180584e-07
1.593000e+03 9.991775e-08
1.594000e+03 8.575469e-08
1.595000e+03 7.435701e-08
1.596000e+03 8.714548e-08
1.597000e+03 7.852087e-08
1.598000e+03 6.969084e-08
1.599000e+03 1.820819e-07
1.600000e+03 1.734741e-07
1.601000e+03 1.673195e-07
1.602000e+03 1.535581e-07
1.603000e+03 1.392856e-07
1.604000e+03 1.285232e-07
1.605000e+03 1.193144e-07
1.606000e+03 1.044060e-07
1.607000e+03 1.025042e-07
1.608000e+03 9.924327e-08
1.609000e+03 9.913043e-08
1.610000e+03 9.578150e-08
1.611000e+03 1.015069e-06
1.612000e+03 2.153423e-07
1.613000e+03 1.792620e-07
1.614000e+03 1.232483e-07
1.615000e+03 1.018218e-07
1.616000e+03 8.721212e-08
1.617000e+03 7.628608e-08
1.618000e+03 6.602505e-08
1.619000e+03 5.582321e-08
1.620000e+03 5.058460e-08
1.621000e+03 4.589970e-08
1.622000e+03 4.609692e-08
1.623000e+03 1.615024e-07
1.624000e+03 4.194977e-08
1.625000e+03 1.368456e-07
1.626000e+03 1.529461e-07
1.627000e+03 1.509872e-07
1.628000e+03 1.453116e-07
1.629000e+03 1.030525e-07
1.630000e+03 9.704394e-08
1.631000e+03 9.450078e-08
1.632000e+03 9.393808e-08
1.633000e+03 9.289712e-08
1.634000e+03 9.057629e-08
1.635000e+03 1.185436e-06
1.636000e+03 1.968221e-07
1.637000e+03 1.895024e-07
1.638000e+03 1.547347e-07
1.639000e+03 1.229501e-07
1.640000e+03 1.053215e-07
1.641000e+03 8.450111e-08
1.642000e+03 7.222556e-08
1.643000e+03 6.418116e-08
1.644000e+03 5.355829e-08
1.645000e+03 4.990029e-08
1.646000e+03 1.711835e-07
1.647000e+03 1.755528e-07
1.648000e+03 6.517875e-08
1.649000e+03 1.600783e-07
1.650000e+03 1.515908e-07
1.651000e+03 1.484433e-07
1.652000e+03 1.421724e-07
1.653000e+03 1.309129e-07
1.654000e+03 1.226112e-07
1.655000e+03 1.117039e-07
1.656000e+03 9.867269e-08
1.657000e+03 9.380069e-08
1.658000e+03 8.545959e-08
1.659000e+03 8.230592e-08
1.660000e+03 9.545740e-07
1.661000e+03 2.296950e-07
1.662000e+03 1.816987e-07
1.663000e+03 1.451234e-07
1.664000e+03 1.297850e-07
1.665000e+03 1.160354e-07
1.666000e+03 1.018587e-07
1.667000e+03 8.660677e-08
1.668000e+03 5.858221e-08
1.669000e+03 4.230858e-08
1.670000e+03 3.776135e-08
1.671000e+03 4.015981e-08
1.672000e+03 1.551778e-07
1.673000e+03 1.467062e-07
1.674000e+03 1.349984e-07
1.675000e+03 1.269913e-07
1.676000e+03 1.185034e-07
1.677000e+03 1.093258e-07
1.678000e+03 1.064535e-07
1.679000e+03 9.787815e-08
1.680000e+03 9.232209e-08
1.681000e+03 8.848082e-08
1.682000e+03 8.151185e-08
1.683000e+03 7.784450e-08
1.684000e+03 7.558933e-08
1.685000e+03 7.362236e-08
1.686000e+03 7.185585e-08
1.687000e+03 8.851169e-07
1.688000e+03 1.368165e-07
1.689000e+03 8.620216e-08
1.690000e+03 6.996802e-08
1.691000e+03 5.969042e-08
1.692000e+03 5.047886e-08
1.693000e+03 4.488366e-08
1.694000e+03 4.017132e-08
1.695000e+03 3.326171e-08
1.696000e+03 3.362660e-08
1.697000e+03 3.639706e-08
1.698000e+03 1.540787e-07
1.699000e+03 1.588386e-07
1.700000e+03 1.527962e-07
1.701000e+03 1.435036e-07
1.702000e+03 1.325978e-07
1.703000e+03 1.258702e-07
1.704000e+03 1.169175e-07
1.705000e+03 1.085482e-07
1.706000e+03 1.016791e-07
1.707000e+03 1.006547e-07
1.708000e+03 9.555885e-08
1.709000e+03 9.371956e-08
1.710000e+03 9.128219e-08
1.711000e+03 8.874386e-08
1.712000e+03 8.642992e-08
1.713000e+03 8.339412e-08
1.714000e+03 8.233204e-08
1.715000e+03 7.914369e-08
1.716000e+03 1.142876e-06
1.717000e+03 1.778543e-07
1.718000e+03 1.422167e-07
1.719000e+03 1.214682e-07
1.720000e+03 9.556905e-08
1.721000e+03 7.710548e-08
1.722000e+03 6.741418e-08
1.723000e+03 6.081370e-08
1.724000e+03 5.327660e-08
1.725000e+03 4.761317e-08
1.726000e+03 4.042974e-08
1.727000e+03 3.699991e-08
1.728000e+03 3.363955e-08
1.729000e+03 1.359640e-07
1.730000e+03 1.292227e-07
1.731000e+03 1.217625e-07
1.732000e+03 1.150298e-07
1.733000e+03 1.072283e-07
1.734000e+03 9.730585e-08
1.735000e+03 9.167398e-08
1.736000e+03 8.913874e-08
1.737000e+03 8.586461e-08
1.738000e+03 8.082382e-08
1.739000e+03 7.476178e-08
1.740000e+03 7.249350e-08
1.741000e+03 7.090789e-08
1.742000e+03 6.899597e-08
1.743000e+03 7.113800e-08
1.744000e+03 7.141661e-08
1.745000e+03 7.091784e-08
1.746000e+03 6.837978e-08
1.747000e+03 6.558658e-08
1.748000e+03 6.598200e-08
1.749000e+03 6.567598e-08
1.750000e+03 9.741164e-07
1.751000e+03 1.569293e-07
1.752000e+03 1.193067e-07
1.753000e+03 9.425767e-08
1.754000e+03 8.082482e-08
1.755000e+03 7.490652e-08
1.756000e+03 6.521157e-08
1.757000e+03 4.934086e-08
1.758000e+03 4.463332e-08
1.759000e+03 4.272847e-08
1.760000e+03 3.812135e-08
1.761000e+03 3.551153e-08
1.762000e+03 1.407525e-07
1.763000e+03 1.463426e-07
1.764000e+03 1.345119e-07
1.765000e+03 1.197860e-07
1.766000e+03 1.093398e-07
1.767000e+03 9.490764e-08
1.768000e+03 8.881304e-08
1.769000e+03 8.510717e-08
1.770000e+03 7.848767e-08
1.771000e+03 7.653381e-08
1.772000e+03 7.272431e-08
1.773000e+03 7.089185e-08
1.774000e+03 6.907486e-08
1.775000e+03 6.627836e-08
1.776000e+03 6.336776e-08
1.777000e+03 6.306578e-08
1.778000e+03 6.235212e-08
1.779000e+03 6.173444e-08
1.780000e+03 6.023064e-08
1.781000e+03 6.027859e-08
1.782000e+03 5.958735e-08
1.783000e+03 5.902343e-08
1.784000e+03 5.780203e-08
1.785000e+03 5.756993e-08
1.786000e+03 5.918562e-08
1.787000e+03 9.924731e-07
1.788000e+03 1.807666e-07
1.789000e+03 1.166879e-07
1.790000e+03 8.965766e-08
1.791000e+03 8.487502e-08
1.792000e+03 7.228001e-08
1.793000e+03 6.477124e-08
1.794000e+03 5.527259e-08
1.795000e+03 5.408979e-08
1.796000e+03 4.692215e-08
1.797000e+03 3.851968e-08
1.798000e+03 1.421823e-07
1.799000e+03 3.529770e-08
1.800000e+03 1.136822e-07
1.801000e+03 1.195649e-07
1.802000e+03 1.118008e-07
1.803000e+03 1.022121e-07
1.804000e+03 9.543672e-08
1.805000e+03 8.860222e-08
1.806000e+03 8.281023e-08
1.807000e+03 7.998929e-08
1.808000e+03 7.511518e-08
1.809000e+03 7.406512e-08
1.810000e+03 7.237197e-08
1.811000e+03 7.043780e-08
1.812000e+03 6.795025e-08
1.813000e+03 6.232058e-08
1.814000e+03 5.958799e-08
1.815000e+03 5.794028e-08
1.816000e+03 5.714485e-08
1.817000e+03 6.080155e-08
1.818000e+03 6.145926e-08
1.819000e+03 6.148463e-08
1.820000e+03 6.076896e-08
1.821000e+03 5.932056e-08
1.822000e+03 5.973564e-08
1.823000e+03 5.858747e-08
1.824000e+03 5.810936e-08
1.825000e+03 5.758092e-08
1.826000e+03 5.474105e-08
1.827000e+03 5.333919e-08
1.828000e+03 5.296413e-08
1.829000e+03 5.096568e-08
1.830000e+03 1.417184e-06
1.831000e+03 1.807226e-07
1.832000e+03 1.294125e-07
1.833000e+03 1.019416e-07
1.834000e+03 7.716851e-08
1.835000e+03 1.662600e-07
1.836000e+03 1.587442e-07
1.837000e+03 1.337304e-07
1.838000e+03 1.142829e-07
1.839000e+03 9.883307e-08
1.840000e+03 8.649453e-08
1.841000e+03 3.056486e-08
1.842000e+03 1.195063e-07
1.843000e+03 1.187375e-07
1.844000e+03 1.093926e-07
1.845000e+03 1.032283e-07
1.846000e+03 9.598425e-08
1.847000e+03 8.930052e-08
1.848000e+03 8.430320e-08
1.849000e+03 7.906265e-08
1.850000e+03 7.300941e-08
1.851000e+03 6.834129e-08
1.852000e+03 6.444521e-08
1.853000e+03 6.332351e-08
1.854000e+03 6.138440e-08
1.855000e+03 5.962506e-08
1.856000e+03 5.793109e-08
1.857000e+03 5.728766e-08
1.858000e+03 5.770559e-08
1.859000e+03 5.402262e-08
1.860000e+03 5.221485e-08
1.861000e+03 5.008127e-08
1.862000e+03 5.043517e-08
1.863000e+03 4.969396e-08
1.864000e+03 4.984804e-08
1.865000e+03 4.969513e-08
1.866000e+03 4.967739e-08
1.867000e+03 4.920998e-08
1.868000e+03 4.837671e-08
1.869000e+03 4.681086e-08
1.870000e+03 4.660301e-08
1.871000e+03 4.671584e-08
1.872000e+03 4.573698e-08
1.873000e+03 4.500989e-08
1.874000e+03 4.470530e-08
1.875000e+03 4.570665e-08
1.876000e+03 4.544089e-08
1.877000e+03 4.452652e-08
1.878000e+03 4.473133e-08
1.879000e+03 4.595730e-08
1.880000e+03 9.573178e-07
1.881000e+03 1.758865e-07
1.882000e+03 1.358379e-07
1.883000e+03 9.817466e-08
1.884000e+03 7.302350e-08
1.885000e+03 6.015094e-08
1.886000e+03 5.783501e-08
1.887000e+03 4.919763e-08
1.888000e+03 4.223672e-08
1.889000e+03 3.633230e-08
1.890000e+03 3.546703e-08
1.891000e+03 3.100816e-08
1.892000e+03 1.173988e-07
1.893000e+03 2.882708e-08
1.894000e+03 9.686411e-08
1.895000e+03 9.825284e-08
1.896000e+03 9.157674e-08
1.897000e+03 8.454248e-08
1.898000e+03 7.822113e-08
1.899000e+03 7.048474e-08
1.900000e+03 6.499869e-08
1.901000e+03 5.819796e-08
1.902000e+03 5.354864e-08
1.903000e+03 5.125854e-08
1.904000e+03 4.944053e-08
1.905000e+03 4.850832e-08
1.906000e+03 4.746737e-08
1.907000e+03 4.619185e-08
1.908000e+03 4.556766e-08
1.909000e+03 4.376210e-08
1.910000e+03 4.428654e-08
1.911000e+03 4.420876e-08
1.912000e+03 4.386384e-08
1.913000e+03 4.415291e-08
1.914000e+03 4.319242e-08
1.915000e+03 4.206141e-08
1.916000e+03 4.196855e-08
1.917000e+03 4.218369e-08
1.918000e+03 4.180830e-08
1.919000e+03 4.213078e-08
1.920000e+03 4.121207e-08
1.921000e+03 4.246910e-08
1.922000e+03 4.072358e-08
1.923000e+03 3.793012e-08
1.924000e+03 4.013227e-08
1.925000e+03 4.001392e-08
1.926000e+03 3.902080e-08
1.927000e+03 4.054133e-08
1.928000e+03 3.833376e-08
1.929000e+03 3.804729e-08
1.930000e+03 3.931488e-08
1.931000e+03 3.761789e-08
1.932000e+03 3.641747e-08
1.933000e+03 3.467570e-08
1.934000e+03 3.513931e-08
1.935000e+03 3.484549e-08
1.936000e+03 3.492942e-08
1.937000e+03 3.465327e-08
1.938000e+03 9.106101e-07
1.939000e+03 1.920408e-07
1.940000e+03 1.311674e-07
1.941000e+03 1.559522e-07
1.942000e+03 1.381389e-07
1.943000e+03 1.064783e-07
1.944000e+03 9.481531e-08
1.945000e+03 4.379294e-08
1.946000e+03 3.691457e-08
1.947000e+03 3.215796e-08
1.948000e+03 2.830795e-08
1.949000e+03 2.444029e-08
1.950000e+03 1.063377e-07
1.951000e+03 1.065832e-07
1.952000e+03 9.364916e-08
1.953000e+03 8.510663e-08
1.954000e+03 7.776014e-08
1.955000e+03 7.013067e-08
1.956000e+03 6.442024e-08
1.957000e+03 5.993253e-08
1.958000e+03 5.548189e-08
1.959000e+03 5.128341e-08
1.960000e+03 4.825809e-08
1.961000e+03 4.600116e-08
1.962000e+03 4.356500e-08
1.963000e+03 4.154974e-08
1.964000e+03 4.007340e-08
1.965000e+03 3.932435e-08
1.966000e+03 4.251128e-08
1.967000e+03 4.054705e-08
1.968000e+03 3.940443e-08
1.969000e+03 3.920514e-08
1.970000e+03 3.917293e-08
1.971000e+03 3.877772e-08
1.972000e+03 3.800086e-08
1.973000e+03 3.728015e-08
1.974000e+03 3.741291e-08
1.975000e+03 3.829103e-08
1.976000e+03 3.821380e-08
1.977000e+03 3.801997e-08
1.978000e+03 3.763217e-08
1.979000e+03 3.636739e-08
1.980000e+03 3.582002e-08
1.981000e+03 3.459303e-08
1.982000e+03 3.557332e-08
1.983000e+03 3.548374e-08
1.984000e+03 3.560667e-08
1.985000e+03 3.574451e-08
1.986000e+03 3.555071e-08
1.987000e+03 3.573055e-08
1.988000e+03 3.555121e-08
1.989000e+03 3.558044e-08
1.990000e+03 3.530007e-08
1.991000e+03 3.373596e-08
1.992000e+03 3.641625e-08
1.993000e+03 3.547859e-08
1.994000e+03 3.450796e-08
1.995000e+03 3.417331e-08
1.996000e+03 3.420357e-08
1.997000e+03 3.399392e-08
1.998000e+03 3.386790e-08
1.999000e+03 3.395283e-08
2.000000e+03 3.365342e-08
2.001000e+03 3.345161e-08
2.002000e+03 3.675583e-08
2.003000e+03 3.606177e-08
2.004000e+03 3.517237e-08
2.005000e+03 9.239225e-07
2.006000e+03 1.582952e-07
2.007000e+03 1.231056e-07
2.008000e+03 9.537201e-08
2.009000e+03 8.280562e-08
2.010000e+03 6.049126e-08
2.011000e+03 5.394660e-08
2.012000e+03 4.644671e-08
2.013000e+03 4.018720e-08
2.014000e+03 3.369846e-08
2.015000e+03 2.955508e-08
2.016000e+03 2.659808e-08
2.017000e+03 2.359808e-08
2.018000e+03 9.742057e-08
2.019000e+03 2.255801e-08
2.020000e+03 8.241363e-08
2.021000e+03 8.449363e-08
2.022000e+03 7.833618e-08
2.023000e+03 7.057628e-08
2.024000e+03 5.863806e-08
2.025000e+03 5.337225e-08
2.026000e+03 5.003027e-08
2.027000e+03 4.723277e-08
2.028000e+03 4.527783e-08
2.029000e+03 4.346801e-08
2.030000e+03 3.853747e-08
2.031000e+03 3.841905e-08
2.032000e+03 3.745622e-08
2.033000e+03 3.749108e-08
2.034000e+03 3.775154e-08
2.035000e+03 3.781650e-08
2.036000e+03 3.708383e-08
2.037000e+03 3.655204e-08
2.038000e+03 3.733289e-08
2.039000e+03 3.789413e-08
2.040000e+03 3.625550e-08
2.041000e+03 3.599818e-08
2.042000e+03 3.452646e-08
2.043000e+03 3.382988e-08
2.044000e+03 3.363536e-08
2.045000e+03 3.352689e-08
2.046000e+03 3.328152e-08
2.047000e+03 3.269290e-08
2.048000e+03 3.303995e-08
2.049000e+03 3.295690e-08
2.050000e+03 3.250853e-08
2.051000e+03 3.213848e-08
2.052000e+03 3.183720e-08
2.053000e+03 3.217522e-08
2.054000e+03 3.234841e-08
2.055000e+03 3.231580e-08
2.056000e+03 2.911676e-08
2.057000e+03 3.017108e-08
2.058000e+03 3.024158e-08
2.059000e+03 2.884992e-08
2.060000e+03 3.028761e-08
2.061000e+03 3.039035e-08
2.062000e+03 3.019600e-08
2.063000e+03 3.025137e-08
2.064000e+03 3.009356e-08
2.065000e+03 3.013133e-08
2.066000e+03 3.032525e-08
2.067000e+03 3.022154e-08
2.068000e+03 2.986833e-08
2.069000e+03 2.978127e-08
2.070000e+03 2.969678e-08
2.071000e+03 2.979141e-08
2.072000e+03 3.009067e-08
2.073000e+03 3.079530e-08
2.074000e+03 3.090884e-08
2.075000e+03 3.026967e-08
2.076000e+03 2.948988e-08
2.077000e+03 2.937988e-08
2.078000e+03 3.139566e-08
2.079000e+03 3.129710e-08
2.080000e+03 3.119176e-08
2.081000e+03 2.688767e-08
2.082000e+03 2.776554e-08
2.083000e+03 2.750461e-08
2.084000e+03 2.748910e-08
2.085000e+03 2.760401e-08
2.086000e+03 2.822268e-08
2.087000e+03 2.823079e-08
2.088000e+03 1.263949e-06
2.089000e+03 1.293526e-07
2.090000e+03 1.604298e-07
2.091000e+03 1.611765e-07
2.092000e+03 1.379107e-07
2.093000e+03 8.879129e-08
2.094000e+03 7.369165e-08
2.095000e+03 6.301091e-08
2.096000e+03 4.998789e-08
2.097000e+03 4.381233e-08
2.098000e+03 4.634051e-08
2.099000e+03 4.057944e-08
2.100000e+03 3.547394e-08
2.101000e+03 3.079122e-08
2.102000e+03 2.738209e-08
2.103000e+03 7.717701e-08
2.104000e+03 7.036146e-08
2.105000e+03 6.185734e-08
2.106000e+03 5.578535e-08
2.107000e+03 5.170039e-08
2.108000e+03 4.790223e-08
2.109000e+03 4.494273e-08
2.110000e+03 4.314992e-08
2.111000e+03 4.045956e-08
2.112000e+03 3.797542e-08
2.113000e+03 3.627681e-08
2.114000e+03 3.498392e-08
2.115000e+03 3.848601e-08
2.116000e+03 3.973946e-08
2.117000e+03 3.967326e-08
2.118000e+03 3.906211e-08
2.119000e+03 3.879089e-08
2.120000e+03 3.760527e-08
2.121000e+03 3.346260e-08
2.122000e+03 3.138423e-08
2.123000e+03 3.034638e-08
2.124000e+03 2.997374e-08
2.125000e+03 2.963860e-08
2.126000e+03 2.963632e-08
2.127000e+03 2.959649e-08
2.128000e+03 2.863064e-08
2.129000e+03 2.790134e-08
2.130000e+03 2.712974e-08
2.131000e+03 2.726795e-08
2.132000e+03 2.673634e-08
2.133000e+03 2.700184e-08
2.134000e+03 2.736070e-08
2.135000e+03 2.754428e-08
2.136000e+03 2.734414e-08
2.137000e+03 2.746684e-08
2.138000e+03 2.697908e-08
2.139000e+03 2.667279e-08
2.140000e+03 2.649079e-08
2.141000e+03 2.652910e-08
2.142000e+03 2.597930e-08
2.143000e+03 2.581769e-08
2.144000e+03 2.560522e-08
2.145000e+03 2.513078e-08
2.146000e+03 2.686712e-08
2.147000e+03 2.620976e-08
2.148000e+03 2.509205e-08
2.149000e+03 2.494500e-08
2.150000e+03 2.492170e-08
2.151000e+03 2.482231e-08
2.152000e+03 2.430160e-08
2.153000e+03 2.391156e-08
2.154000e+03 2.387012e-08
2.155000e+03 2.403853e-08
2.156000e+03 2.264903e-08
2.157000e+03 2.270465e-08
2.158000e+03 2.235499e-08
2.159000e+03 2.314551e-08
2.160000e+03 2.329011e-08
2.161000e+03 2.387874e-08
2.162000e+03 2.518075e-08
2.163000e+03 2.513991e-08
2.164000e+03 2.354160e-08
2.165000e+03 2.337825e-08
2.166000e+03 2.365549e-08
2.167000e+03 2.350555e-08
2.168000e+03 2.318475e-08
2.169000e+03 2.316599e-08
2.170000e+03 2.219992e-08
2.171000e+03 2.327607e-08
2.172000e+03 2.299440e-08
2.173000e+03 2.305248e-08
2.174000e+03 2.293464e-08
2.175000e+03 2.398282e-08
2.176000e+03 2.402987e-08
2.177000e+03 2.485268e-08
2.178000e+03 2.484740e-08
2.179000e+03 2.492440e-08
2.180000e+03 2.467787e-08
2.181000e+03 2.253563e-08
2.182000e+03 2.490216e-08
2.183000e+03 2.436982e-08
2.184000e+03 2.417785e-08
2.185000e+03 2.446713e-08
2.186000e+03 2.499996e-08
2.187000e+03 2.464979e-08
2.188000e+03 2.445170e-08
2.189000e+03 2.466042e-08
2.190000e+03 2.438011e-08
2.191000e+03 9.215063e-07
2.192000e+03 1.357419e-07
2.193000e+03 1.075412e-07
2.194000e+03 8.554093e-08
2.195000e+03 7.131336e-08
2.196000e+03 5.825713e-08
2.197000e+03 4.938974e-08
2.198000e+03 4.205361e-08
2.199000e+03 3.514669e-08
2.200000e+03 2.998382e-08
2.201000e+03 2.596280e-08
2.202000e+03 2.324044e-08
2.203000e+03 2.712878e-08
2.204000e+03 2.385801e-08
2.205000e+03 8.629199e-08
2.206000e+03 2.142981e-08
2.207000e+03 6.661583e-08
2.208000e+03 7.011346e-08
2.209000e+03 6.298460e-08
2.210000e+03 5.592819e-08
2.211000e+03 5.085983e-08
2.212000e+03 4.571644e-08
2.213000e+03 4.159605e-08
2.214000e+03 3.794320e-08
2.215000e+03 3.524155e-08
2.216000e+03 3.441306e-08
2.217000e+03 3.303081e-08
2.218000e+03 3.262841e-08
2.219000e+03 3.062558e-08
2.220000e+03 2.989088e-08
2.221000e+03 2.951664e-08
2.222000e+03 2.837191e-08
2.223000e+03 2.684897e-08
2.224000e+03 2.726995e-08
2.225000e+03 2.693144e-08
2.226000e+03 2.555758e-08
2.227000e+03 2.559629e-08
2.228000e+03 2.526391e-08
2.229000e+03 2.520479e-08
2.230000e+03 2.271592e-08
2.231000e+03 2.357657e-08
2.232000e+03 2.349798e-08
2.233000e+03 2.433787e-08
2.234000e+03 2.484683e-08
2.235000e+03 2.478492e-08
2.236000e+03 2.428920e-08
2.237000e+03 2.424942e-08
2.238000e+03 2.401046e-08
2.239000e+03 2.348741e-08
2.240000e+03 2.321221e-08
2.241000e+03 2.480392e-08
2.242000e+03 2.473642e-08
2.243000e+03 2.378585e-08
2.244000e+03 2.445831e-08
2.245000e+03 2.481351e-08
2.246000e+03 2.465037e-08
2.247000e+03 2.385895e-08
2.248000e+03 2.316142e-08
2.249000e+03 2.306054e-08
2.250000e+03 2.286367e-08
2.251000e+03 2.314577e-08
2.252000e+03 2.272445e-08
2.253000e+03 2.234181e-08
2.254000e+03 2.367505e-08
2.255000e+03 2.292718e-08
2.256000e+03 2.059505e-08
2.257000e+03 1.964261e-08
2.258000e+03 1.998203e-08
2.259000e+03 2.182575e-08
2.260000e+03 2.233634e-08
2.261000e+03 2.211250e-08
2.262000e+03 2.182487e-08
2.263000e+03 2.149052e-08
2.264000e+03 2.095567e-08
2.265000e+03 1.950927e-08
2.266000e+03 1.991477e-08
2.267000e+03 1.959267e-08
2.268000e+03 1.849404e-08
2.269000e+03 1.946976e-08
2.270000e+03 1.937374e-08
2.271000e+03 2.038974e-08
2.272000e+03 1.983792e-08
2.273000e+03 1.999193e-08
2.274000e+03 2.019992e-08
2.275000e+03 2.018603e-08
2.276000e+03 2.007565e-08
2.277000e+03 1.946792e-08
2.278000e+03 1.937042e-08
2.279000e+03 1.941092e-08
2.280000e+03 2.018016e-08
2.281000e+03 2.042572e-08
2.282000e+03 1.806756e-08
2.283000e+03 1.715552e-08
2.284000e+03 1.702501e-08
2.285000e+03 1.814846e-08
2.286000e+03 1.877397e-08
2.287000e+03 1.908466e-08
2.288000e+03 1.901801e-08
2.289000e+03 1.886038e-08
2.290000e+03 2.030905e-08
2.291000e+03 2.044567e-08
2.292000e+03 1.877731e-08
2.293000e+03 1.888567e-08
2.294000e+03 1.932446e-08
2.295000e+03 1.925471e-08
2.296000e+03 1.924607e-08
2.297000e+03 1.929144e-08
2.298000e+03 1.923928e-08
2.299000e+03 1.960606e-08
2.300000e+03 1.934739e-08
2.301000e+03 1.908426e-08
2.302000e+03 1.912697e-08
2.303000e+03 1.825105e-08
2.304000e+03 1.763646e-08
2.305000e+03 1.779645e-08
2.306000e+03 1.759914e-08
2.307000e+03 1.791000e-08
2.308000e+03 1.728153e-08
2.309000e+03 1.603527e-08
2.310000e+03 1.611679e-08
2.311000e+03 1.725039e-08
2.312000e+03 1.772060e-08
2.313000e+03 1.812674e-08
2.314000e+03 1.819005e-08
2.315000e+03 1.739067e-08
2.316000e+03 1.776028e-08
2.317000e+03 1.779650e-08
2.318000e+03 1.758968e-08
2.319000e+03 1.783147e-08
2.320000e+03 1.774788e-08
2.321000e+03 1.790126e-08
2.322000e+03 1.766882e-08
2.323000e+03 1.762124e-08
2.324000e+03 1.723975e-08
2.325000e+03 1.695659e-08
2.326000e+03 9.684539e-07
2.327000e+03 1.347838e-07
2.328000e+03 1.023783e-07
2.329000e+03 8.202469e-08
2.330000e+03 6.809816e-08
2.331000e+03 5.701391e-08
2.332000e+03 4.808546e-08
2.333000e+03 4.048895e-08
2.334000e+03 1.760504e-07
2.335000e+03 3.102132e-08
2.336000e+03 2.405094e-08
2.337000e+03 2.064965e-08
2.338000e+03 1.823050e-08
2.339000e+03 8.129071e-08
2.340000e+03 1.594035e-08
2.341000e+03 6.534719e-08
2.342000e+03 6.366225e-08
2.343000e+03 5.722638e-08
2.344000e+03 5.261372e-08
2.345000e+03 4.826614e-08
2.346000e+03 4.383685e-08
2.347000e+03 4.016323e-08
2.348000e+03 3.594255e-08
2.349000e+03 3.217218e-08
2.350000e+03 2.999343e-08
2.351000e+03 2.829106e-08
2.352000e+03 2.634432e-08
2.353000e+03 2.523134e-08
2.354000e+03 2.391580e-08
2.355000e+03 2.312893e-08
2.356000e+03 2.256082e-08
2.357000e+03 2.219300e-08
2.358000e+03 2.184132e-08
2.359000e+03 2.161447e-08
2.360000e+03 2.149354e-08
2.361000e+03 2.033878e-08
2.362000e+03 2.195168e-08
2.363000e+03 2.135582e-08
2.364000e+03 2.102813e-08
2.365000e+03 2.065450e-08
2.366000e+03 2.118976e-08
2.367000e+03 2.040096e-08
2.368000e+03 2.010200e-08
2.369000e+03 2.008802e-08
2.370000e+03 1.977939e-08
2.371000e+03 2.010510e-08
2.372000e+03 1.961010e-08
2.373000e+03 1.931490e-08
2.374000e+03 1.949244e-08
2.375000e+03 1.822117e-08
2.376000e+03 1.823696e-08
2.377000e+03 1.877437e-08
2.378000e+03 1.853791e-08
2.379000e+03 1.803361e-08
2.380000e+03 1.769556e-08
2.381000e+03 1.831987e-08
2.382000e+03 1.799046e-08
2.383000e+03 1.804168e-08
2.384000e+03 1.776835e-08
2.385000e+03 1.673746e-08
2.386000e+03 1.694784e-08
2.387000e+03 1.673755e-08
2.388000e+03 1.711025e-08
2.389000e+03 1.714462e-08
2.390000e+03 1.726862e-08
2.391000e+03 1.771607e-08
2.392000e+03 1.704855e-08
2.393000e+03 1.677260e-08
2.394000e+03 1.656103e-08
2.395000e+03 1.673529e-08
2.396000e+03 1.650538e-08
2.397000e+03 1.645906e-08
2.398000e+03 1.802920e-08
2.399000e+03 1.753512e-08
2.400000e+03 1.637946e-08
2.401000e+03 1.659249e-08
2.402000e+03 1.643040e-08
2.403000e+03 1.605974e-08
2.404000e+03 1.594012e-08
2.405000e+03 1.603675e-08
2.406000e+03 1.582442e-08
2.407000e+03 1.583862e-08
2.408000e+03 1.568329e-08
2.409000e+03 1.470360e-08
2.410000e+03 1.431213e-08
2.411000e+03 1.469408e-08
2.412000e+03 1.510957e-08
2.413000e+03 1.555867e-08
2.414000e+03 1.464684e-08
2.415000e+03 1.543842e-08
2.416000e+03 1.646260e-08
2.417000e+03 1.632025e-08
2.418000e+03 1.541734e-08
2.419000e+03 1.612778e-08
2.420000e+03 1.582230e-08
2.421000e+03 1.556780e-08
2.422000e+03 1.528414e-08
2.423000e+03 1.539853e-08
2.424000e+03 1.550875e-08
2.425000e+03 1.502487e-08
2.426000e+03 1.478074e-08
2.427000e+03 1.501259e-08
2.428000e+03 1.483869e-08
2.429000e+03 1.477406e-08
2.430000e+03 1.471969e-08
2.431000e+03 1.492511e-08
2.432000e+03 1.467063e-08
2.433000e+03 1.444679e-08
2.434000e+03 1.605355e-08
2.435000e+03 1.379839e-08
2.436000e+03 1.315726e-08
2.437000e+03 1.375942e-08
2.438000e+03 1.458519e-08
2.439000e+03 1.413213e-08
2.440000e+03 1.429101e-08
2.441000e+03 1.501952e-08
2.442000e+03 1.452306e-08
2.443000e+03 1.528941e-08
2.444000e+03 1.507587e-08
2.445000e+03 1.505285e-08
2.446000e+03 1.490853e-08
2.447000e+03 1.530555e-08
2.448000e+03 1.506849e-08
2.449000e+03 1.571755e-08
2.450000e+03 1.534203e-08
2.451000e+03 1.540690e-08
2.452000e+03 1.475583e-08
2.453000e+03 1.477424e-08
2.454000e+03 1.495875e-08
2.455000e+03 1.529382e-08
2.456000e+03 1.524587e-08
2.457000e+03 1.510588e-08
2.458000e+03 1.497511e-08
2.459000e+03 1.407682e-08
2.460000e+03 1.423498e-08
2.461000e+03 1.479943e-08
2.462000e+03 1.467226e-08
2.463000e+03 1.473210e-08
2.464000e+03 1.420380e-08
2.465000e+03 1.468247e-08
2.466000e+03 1.532201e-08
2.467000e+03 1.469554e-08
2.468000e+03 1.445305e-08
2.469000e+03 1.425149e-08
2.470000e+03 1.605938e-08
2.471000e+03 1.599681e-08
2.472000e+03 1.516803e-08
2.473000e+03 1.512303e-08
2.474000e+03 1.518623e-08
2.475000e+03 1.495528e-08
2.476000e+03 1.475491e-08
2.477000e+03 1.461698e-08
2.478000e+03 1.458787e-08
2.479000e+03 1.482725e-08
2.480000e+03 1.461035e-08
2.481000e+03 1.443135e-08
2.482000e+03 1.421649e-08
2.483000e+03 1.349848e-08
2.484000e+03 1.301262e-08
2.485000e+03 1.319872e-08
2.486000e+03 1.378396e-08
2.487000e+03 1.448657e-08
2.488000e+03 1.430821e-08
2.489000e+03 1.401401e-08
2.490000e+03 1.415271e-08
2.491000e+03 1.482707e-08
2.492000e+03 1.433569e-08
2.493000e+03 1.421829e-08
2.494000e+03 1.401524e-08
2.495000e+03 1.417540e-08
2.496000e+03 1.426058e-08
2.497000e+03 1.444976e-08
2.498000e+03 1.425969e-08
2.499000e+03 1.456981e-08
2.500000e+03 1.402113e-08
2.501000e+03 1.415495e-08
2.502000e+03 1.387412e-08
2.503000e+03 1.375427e-08
2.504000e+03 1.376274e-08
2.505000e+03 1.375238e-08
2.506000e+03 1.486169e-08
2.507000e+03 1.451041e-08
2.508000e+03 9.208006e-07
2.509000e+03 1.829397e-07
2.510000e+03 1.581279e-07
2.511000e+03 9.948848e-08
2.512000e+03 9.423244e-08
2.513000e+03 7.955044e-08
2.514000e+03 6.767921e-08
2.515000e+03 5.735235e-08
2.516000e+03 4.705249e-08
2.517000e+03 4.188956e-08
2.518000e+03 3.584086e-08
2.519000e+03 3.007316e-08
2.520000e+03 2.644644e-08
2.521000e+03 2.119756e-08
2.522000e+03 1.856647e-08
2.523000e+03 7.021197e-08
2.524000e+03 1.671395e-08
2.525000e+03 5.332047e-08
2.526000e+03 5.264635e-08
2.527000e+03 4.752807e-08
2.528000e+03 4.211046e-08
2.529000e+03 3.598570e-08
2.530000e+03 3.214527e-08
2.531000e+03 2.915160e-08
2.532000e+03 2.641900e-08
2.533000e+03 2.354251e-08
2.534000e+03 2.159480e-08
2.535000e+03 2.046765e-08
2.536000e+03 2.016836e-08
2.537000e+03 2.008524e-08
2.538000e+03 1.957753e-08
2.539000e+03 1.889896e-08
2.540000e+03 1.865311e-08
2.541000e+03 1.877136e-08
2.542000e+03 1.947848e-08
2.543000e+03 1.852489e-08
2.544000e+03 1.762196e-08
2.545000e+03 1.675875e-08
2.546000e+03 1.671256e-08
2.547000e+03 1.648528e-08
2.548000e+03 1.629276e-08
2.549000e+03 1.636072e-08
2.550000e+03 1.593344e-08
2.551000e+03 1.617384e-08
2.552000e+03 1.552939e-08
2.553000e+03 1.529414e-08
2.554000e+03 1.513753e-08
2.555000e+03 1.515172e-08
2.556000e+03 1.503490e-08
2.557000e+03 1.468641e-08
2.558000e+03 1.421113e-08
2.559000e+03 1.588486e-08
2.560000e+03 1.572054e-08
2.561000e+03 1.637090e-08
2.562000e+03 1.611884e-08
2.563000e+03 1.584109e-08
2.564000e+03 1.570364e-08
2.565000e+03 1.577941e-08
2.566000e+03 1.572226e-08
2.567000e+03 1.650015e-08
2.568000e+03 1.645453e-08
2.569000e+03 1.659509e-08
2.570000e+03 1.625247e-08
2.571000e+03 1.627019e-08
2.572000e+03 1.587115e-08
2.573000e+03 1.530527e-08
2.574000e+03 1.561069e-08
2.575000e+03 1.538020e-08
2.576000e+03 1.529335e-08
2.577000e+03 1.456091e-08
2.578000e+03 1.574097e-08
2.579000e+03 1.557285e-08
2.580000e+03 1.441236e-08
2.581000e+03 1.398216e-08
2.582000e+03 1.348553e-08
2.583000e+03 1.328457e-08
2.584000e+03 1.370796e-08
2.585000e+03 1.397806e-08
2.586000e+03 1.584344e-08
2.587000e+03 1.631450e-08
2.588000e+03 1.688819e-08
2.589000e+03 1.674571e-08
2.590000e+03 1.657070e-08
2.591000e+03 1.733286e-08
2.592000e+03 1.515376e-08
2.593000e+03 1.480408e-08
2.594000e+03 1.460302e-08
2.595000e+03 1.472222e-08
2.596000e+03 1.438989e-08
2.597000e+03 1.381620e-08
2.598000e+03 1.354099e-08
2.599000e+03 1.396582e-08
2.600000e+03 1.328245e-08
2.601000e+03 1.324277e-08
2.602000e+03 1.300698e-08
2.603000e+03 1.449838e-08
2.604000e+03 1.419736e-08
2.605000e+03 1.328790e-08
2.606000e+03 1.186461e-08
2.607000e+03 1.188618e-08
2.608000e+03 1.270605e-08
2.609000e+03 1.324398e-08
2.610000e+03 1.331717e-08
2.611000e+03 1.405905e-08
2.612000e+03 1.303950e-08
2.613000e+03 1.354374e-08
2.614000e+03 1.466204e-08
2.615000e+03 1.401599e-08
2.616000e+03 1.375959e-08
2.617000e+03 1.356219e-08
2.618000e+03 1.372261e-08
2.619000e+03 1.360242e-08
2.620000e+03 1.381445e-08
2.621000e+03 1.393909e-08
2.622000e+03 1.399499e-08
2.623000e+03 1.410217e-08
2.624000e+03 1.424777e-08
2.625000e+03 1.408690e-08
2.626000e+03 1.403815e-08
2.627000e+03 1.401000e-08
2.628000e+03 1.395019e-08
2.629000e+03 1.307888e-08
2.630000e+03 1.249974e-08
2.631000e+03 1.298711e-08
2.632000e+03 1.317730e-08
2.633000e+03 1.366275e-08
2.634000e+03 1.356948e-08
2.635000e+03 1.402348e-08
2.636000e+03 1.382665e-08
2.637000e+03 1.339702e-08
2.638000e+03 1.387601e-08
2.639000e+03 1.404716e-08
2.640000e+03 1.394294e-08
2.641000e+03 1.445394e-08
2.642000e+03 1.419696e-08
2.643000e+03 1.342311e-08
2.644000e+03 1.323506e-08
2.645000e+03 1.270541e-08
2.646000e+03 1.258865e-08
2.647000e+03 1.291312e-08
2.648000e+03 1.263618e-08
2.649000e+03 1.251020e-08
2.650000e+03 1.374572e-08
2.651000e+03 1.346111e-08
2.652000e+03 1.220501e-08
2.653000e+03 1.142791e-08
2.654000e+03 1.123924e-08
2.655000e+03 1.122525e-08
2.656000e+03 1.159545e-08
2.657000e+03 1.214155e-08
2.658000e+03 1.226631e-08
2.659000e+03 1.241626e-08
2.660000e+03 1.218947e-08
2.661000e+03 1.220300e-08
2.662000e+03 1.176734e-08
2.663000e+03 1.198731e-08
2.664000e+03 1.213513e-08
2.665000e+03 1.222314e-08
2.666000e+03 1.235522e-08
2.667000e+03 1.248620e-08
2.668000e+03 1.214491e-08
2.669000e+03 1.225202e-08
2.670000e+03 1.208483e-08
2.671000e+03 1.219774e-08
2.672000e+03 1.182064e-08
2.673000e+03 1.168559e-08
2.674000e+03 1.177062e-08
2.675000e+03 1.177544e-08
2.676000e+03 1.183821e-08
2.677000e+03 1.108633e-08
2.678000e+03 1.085142e-08
2.679000e+03 1.104704e-08
2.680000e+03 1.152690e-08
2.681000e+03 1.208653e-08
2.682000e+03 1.169169e-08
2.683000e+03 1.186075e-08
2.684000e+03 1.151312e-08
2.685000e+03 1.165384e-08
2.686000e+03 1.276770e-08
2.687000e+03 1.214822e-08
2.688000e+03 1.164830e-08
2.689000e+03 1.194172e-08
2.690000e+03 1.214941e-08
2.691000e+03 1.252773e-08
2.692000e+03 1.199549e-08
2.693000e+03 1.194372e-08
2.694000e+03 1.185151e-08
2.695000e+03 1.181695e-08
2.696000e+03 1.164704e-08
2.697000e+03 1.154705e-08
2.698000e+03 1.152225e-08
2.699000e+03 1.196395e-08
2.700000e+03 1.185469e-08
2.701000e+03 1.122388e-08
2.702000e+03 1.056344e-08
2.703000e+03 9.942513e-09
2.704000e+03 1.031208e-08
2.705000e+03 1.071543e-08
2.706000e+03 1.073193e-08
2.707000e+03 1.109531e-08
2.708000e+03 1.067075e-08
2.709000e+03 1.088043e-08
2.710000e+03 1.075125e-08
2.711000e+03 1.090127e-08
2.712000e+03 1.034742e-08
2.713000e+03 1.095404e-08
2.714000e+03 1.068716e-08
2.715000e+03 1.051294e-08
2.716000e+03 1.084724e-08
2.717000e+03 1.080441e-08
2.718000e+03 1.080135e-08
2.719000e+03 1.074915e-08
2.720000e+03 1.064521e-08
2.721000e+03 1.075839e-08
2.722000e+03 1.188495e-08
2.723000e+03 1.140481e-08
2.724000e+03 1.081269e-08
2.725000e+03 9.757036e-09
2.726000e+03 9.740242e-09
2.727000e+03 9.586184e-09
2.728000e+03 1.018381e-08
2.729000e+03 1.058653e-08
2.730000e+03 1.061094e-08
2.731000e+03 1.091673e-08
2.732000e+03 1.037803e-08
2.733000e+03 1.039604e-08
2.734000e+03 1.043378e-08
2.735000e+03 1.065382e-08
2.736000e+03 1.071966e-08
2.737000e+03 1.064203e-08
2.738000e+03 1.088924e-08
2.739000e+03 1.114013e-08
2.740000e+03 1.082022e-08
2.741000e+03 1.114101e-08
2.742000e+03 1.081259e-08
2.743000e+03 1.080130e-08
2.744000e+03 1.051836e-08
2.745000e+03 1.053464e-08
2.746000e+03 1.053956e-08
2.747000e+03 1.060642e-08
2.748000e+03 1.074452e-08
2.749000e+03 1.017827e-08
2.750000e+03 9.590463e-09
2.751000e+03 9.669376e-09
2.752000e+03 9.919391e-09
2.753000e+03 1.021530e-08
2.754000e+03 1.026613e-08
2.755000e+03 1.058979e-08
2.756000e+03 1.048470e-08
2.757000e+03 1.076614e-08
2.758000e+03 1.194478e-08
2.759000e+03 1.157499e-08
2.760000e+03 1.053223e-08
2.761000e+03 1.072733e-08
2.762000e+03 1.094518e-08
2.763000e+03 1.072272e-08
2.764000e+03 1.054117e-08
2.765000e+03 1.049624e-08
2.766000e+03 1.080334e-08
2.767000e+03 1.082487e-08
2.768000e+03 1.078020e-08
2.769000e+03 1.074225e-08
2.770000e+03 1.064862e-08
2.771000e+03 1.095822e-08
2.772000e+03 1.082973e-08
2.773000e+03 1.063637e-08
2.774000e+03 1.001562e-08
2.775000e+03 9.830924e-09
2.776000e+03 1.084003e-08
2.777000e+03 1.099671e-08
2.778000e+03 1.104148e-08
2.779000e+03 1.103534e-08
2.780000e+03 1.077172e-08
2.781000e+03 1.075115e-08
2.782000e+03 1.051761e-08
2.783000e+03 1.055248e-08
2.784000e+03 1.062386e-08
2.785000e+03 1.049262e-08
2.786000e+03 1.054345e-08
2.787000e+03 1.082848e-08
2.788000e+03 8.622426e-07
2.789000e+03 1.348619e-07
2.790000e+03 9.888925e-08
2.791000e+03 7.545001e-08
2.792000e+03 6.616872e-08
2.793000e+03 5.514664e-08
2.794000e+03 4.642102e-08
2.795000e+03 4.876757e-08
2.796000e+03 4.132956e-08
2.797000e+03 1.698561e-07
2.798000e+03 4.079368e-08
2.799000e+03 3.032084e-08
2.800000e+03 2.630076e-08
2.801000e+03 2.279054e-08
2.802000e+03 8.291487e-08
2.803000e+03 2.020756e-08
2.804000e+03 6.311932e-08
2.805000e+03 5.706610e-08
2.806000e+03 5.033948e-08
2.807000e+03 4.387047e-08
2.808000e+03 3.830403e-08
2.809000e+03 3.185209e-08
2.810000e+03 2.811510e-08
2.811000e+03 2.571923e-08
2.812000e+03 2.274441e-08
2.813000e+03 2.105890e-08
2.814000e+03 2.259775e-08
2.815000e+03 2.237868e-08
2.816000e+03 2.159649e-08
2.817000e+03 2.051877e-08
2.818000e+03 1.973973e-08
2.819000e+03 1.946247e-08
2.820000e+03 1.887711e-08
2.821000e+03 1.781767e-08
2.822000e+03 1.637916e-08
2.823000e+03 1.601829e-08
2.824000e+03 1.647815e-08
2.825000e+03 1.636215e-08
2.826000e+03 1.583205e-08
2.827000e+03 1.607865e-08
2.828000e+03 1.574436e-08
2.829000e+03 1.457190e-08
2.830000e+03 1.525886e-08
2.831000e+03 1.490297e-08
2.832000e+03 1.376824e-08
2.833000e+03 1.330308e-08
2.834000e+03 1.370070e-08
2.835000e+03 1.343826e-08
2.836000e+03 1.318633e-08
2.837000e+03 1.311220e-08
2.838000e+03 1.298808e-08
2.839000e+03 1.319011e-08
2.840000e+03 1.287083e-08
2.841000e+03 1.304253e-08
2.842000e+03 1.219606e-08
2.843000e+03 1.225847e-08
2.844000e+03 1.212509e-08
2.845000e+03 1.151472e-08
2.846000e+03 1.102475e-08
2.847000e+03 1.086323e-08
2.848000e+03 1.137752e-08
2.849000e+03 1.213522e-08
2.850000e+03 1.179425e-08
2.851000e+03 1.224470e-08
2.852000e+03 1.184226e-08
2.853000e+03 1.161648e-08
2.854000e+03 1.161373e-08
2.855000e+03 1.147371e-08
2.856000e+03 1.147162e-08
2.857000e+03 1.165546e-08
2.858000e+03 1.093615e-08
2.859000e+03 1.145311e-08
2.860000e+03 1.167270e-08
2.861000e+03 1.135280e-08
2.862000e+03 1.110054e-08
2.863000e+03 1.113189e-08
2.864000e+03 1.084683e-08
2.865000e+03 1.097500e-08
2.866000e+03 1.221005e-08
2.867000e+03 1.212167e-08
2.868000e+03 1.106129e-08
2.869000e+03 1.024370e-08
2.870000e+03 9.620327e-09
2.871000e+03 9.647889e-09
2.872000e+03 9.956794e-09
2.873000e+03 1.020825e-08
2.874000e+03 1.059762e-08
2.875000e+03 1.053660e-08
2.876000e+03 1.036024e-08
2.877000e+03 1.040872e-08
2.878000e+03 1.024212e-08
2.879000e+03 1.037069e-08
2.880000e+03 1.033569e-08
2.881000e+03 1.054207e-08
2.882000e+03 1.032790e-08
2.883000e+03 9.962986e-09
2.884000e+03 1.019494e-08
2.885000e+03 1.025705e-08
2.886000e+03 1.000681e-08
2.887000e+03 1.005266e-08
2.888000e+03 1.005564e-08
2.889000e+03 1.040473e-08
2.890000e+03 1.009622e-08
2.891000e+03 1.066351e-08
2.892000e+03 1.042844e-08
2.893000e+03 9.592478e-09
2.894000e+03 8.672703e-09
2.895000e+03 8.628848e-09
2.896000e+03 9.344977e-09
2.897000e+03 9.433383e-09
2.898000e+03 1.003271e-08
2.899000e+03 1.000582e-08
2.900000e+03 9.725678e-09
2.901000e+03 9.788878e-09
2.902000e+03 1.095205e-08
2.903000e+03 1.070289e-08
2.904000e+03 9.723020e-09
2.905000e+03 9.653715e-09
2.906000e+03 9.828502e-09
2.907000e+03 9.756934e-09
2.908000e+03 9.234855e-09
2.909000e+03 9.706567e-09
2.910000e+03 9.797037e-09
2.911000e+03 1.009905e-08
2.912000e+03 9.495416e-09
2.913000e+03 9.443802e-09
2.914000e+03 9.489579e-09
2.915000e+03 9.403896e-09
2.916000e+03 9.745502e-09
2.917000e+03 9.236643e-09
2.918000e+03 8.555521e-09
2.919000e+03 8.577619e-09
2.920000e+03 8.776882e-09
2.921000e+03 9.448676e-09
2.922000e+03 9.548308e-09
2.923000e+03 9.610885e-09
2.924000e+03 9.496496e-09
2.925000e+03 9.497927e-09
2.926000e+03 9.482109e-09
2.927000e+03 9.478640e-09
2.928000e+03 9.573747e-09
2.929000e+03 9.795994e-09
2.930000e+03 9.581989e-09
2.931000e+03 9.781104e-09
2.932000e+03 9.479631e-09
2.933000e+03 9.175635e-09
2.934000e+03 9.346351e-09
2.935000e+03 9.748208e-09
2.936000e+03 9.523201e-09
2.937000e+03 9.474116e-09
2.938000e+03 1.056430e-08
2.939000e+03 1.061022e-08
2.940000e+03 9.603407e-09
2.941000e+03 9.854531e-09
2.942000e+03 8.792646e-09
2.943000e+03 8.429354e-09
2.944000e+03 8.683919e-09
2.945000e+03 9.375988e-09
2.946000e+03 9.456787e-09
2.947000e+03 9.718731e-09
2.948000e+03 9.658356e-09
2.949000e+03 9.504623e-09
2.950000e+03 9.378501e-09
2.951000e+03 9.596296e-09
2.952000e+03 9.526657e-09
2.953000e+03 9.543178e-09
2.954000e+03 9.463810e-09
2.955000e+03 9.847462e-09
2.956000e+03 9.455956e-09
2.957000e+03 9.328988e-09
2.958000e+03 8.708636e-09
2.959000e+03 9.425154e-09
2.960000e+03 9.357414e-09
2.961000e+03 9.129036e-09
2.962000e+03 8.932398e-09
2.963000e+03 9.188858e-09
2.964000e+03 9.299493e-09
2.965000e+03 8.676793e-09
2.966000e+03 8.427553e-09
2.967000e+03 8.289881e-09
2.968000e+03 8.884452e-09
2.969000e+03 9.325895e-09
2.970000e+03 9.333749e-09
2.971000e+03 9.304732e-09
2.972000e+03 8.994965e-09
2.973000e+03 9.017611e-09
2.974000e+03 9.973170e-09
2.975000e+03 9.841883e-09
2.976000e+03 9.317853e-09
2.977000e+03 9.446194e-09
2.978000e+03 9.611406e-09
2.979000e+03 9.388661e-09
2.980000e+03 9.167895e-09
2.981000e+03 9.197735e-09
2.982000e+03 9.060357e-09
2.983000e+03 8.774871e-09
2.984000e+03 8.865053e-09
2.985000e+03 8.918929e-09
2.986000e+03 8.675925e-09
2.987000e+03 8.696519e-09
2.988000e+03 8.864824e-09
2.989000e+03 8.274842e-09
2.990000e+03 7.486270e-09
2.991000e+03 8.420178e-09
2.992000e+03 8.251945e-09
2.993000e+03 8.505572e-09
2.994000e+03 8.445372e-09
2.995000e+03 8.580356e-09
2.996000e+03 8.582611e-09
2.997000e+03 8.625748e-09
2.998000e+03 8.660204e-09
2.999000e+03 9.262444e-09
3.000000e+03 8.955762e-09
3.001000e+03 9.363885e-09
3.002000e+03 9.071825e-09
3.003000e+03 8.949198e-09
3.004000e+03 8.711927e-09
3.005000e+03 8.696265e-09
3.006000e+03 8.584427e-09
3.007000e+03 8.102545e-09
3.008000e+03 8.349964e-09
3.009000e+03 8.351541e-09
3.010000e+03 9.250058e-09
3.011000e+03 9.429204e-09
3.012000e+03 8.314907e-09
3.013000e+03 7.566773e-09
3.014000e+03 7.131604e-09
3.015000e+03 7.342680e-09
3.016000e+03 8.150724e-09
3.017000e+03 8.486654e-09
3.018000e+03 8.564493e-09
3.019000e+03 8.753575e-09
3.020000e+03 8.597162e-09
3.021000e+03 8.881407e-09
3.022000e+03 8.546294e-09
3.023000e+03 8.534613e-09
3.024000e+03 9.255654e-09
3.025000e+03 9.433216e-09
3.026000e+03 9.404151e-09
3.027000e+03 9.473181e-09
3.028000e+03 9.285930e-09
3.029000e+03 9.318128e-09
3.030000e+03 9.135817e-09
3.031000e+03 8.836639e-09
3.032000e+03 8.809970e-09
3.033000e+03 8.869334e-09
3.034000e+03 8.709649e-09
3.035000e+03 8.867040e-09
3.036000e+03 8.989640e-09
3.037000e+03 8.499013e-09
3.038000e+03 7.764820e-09
3.039000e+03 7.977203e-09
3.040000e+03 8.135792e-09
3.041000e+03 8.710790e-09
3.042000e+03 8.891095e-09
3.043000e+03 9.107537e-09
3.044000e+03 8.818590e-09
3.045000e+03 8.336213e-09
3.046000e+03 9.136027e-09
3.047000e+03 9.210189e-09
3.048000e+03 8.418439e-09
3.049000e+03 8.741301e-09
3.050000e+03 8.763282e-09
3.051000e+03 8.784921e-09
3.052000e+03 8.544553e-09
3.053000e+03 8.404364e-09
3.054000e+03 8.359190e-09
3.055000e+03 8.032065e-09
3.056000e+03 8.194903e-09
3.057000e+03 8.254732e-09
3.058000e+03 8.232074e-09
3.059000e+03 8.457409e-09
3.060000e+03 8.460647e-09
3.061000e+03 8.144983e-09
3.062000e+03 7.251865e-09
3.063000e+03 7.306853e-09
3.064000e+03 7.523893e-09
3.065000e+03 8.487618e-09
3.066000e+03 8.420969e-09
3.067000e+03 8.797685e-09
3.068000e+03 8.471088e-09
3.069000e+03 8.355747e-09
3.070000e+03 8.364798e-09
3.071000e+03 8.473007e-09
3.072000e+03 8.373189e-09
3.073000e+03 8.709213e-09
3.074000e+03 8.603893e-09
3.075000e+03 8.608477e-09
3.076000e+03 8.511031e-09
3.077000e+03 8.477111e-09
3.078000e+03 8.499345e-09
3.079000e+03 7.970717e-09
3.080000e+03 8.306379e-09
3.081000e+03 8.491259e-09
3.082000e+03 9.018235e-09
3.083000e+03 8.924170e-09
3.084000e+03 8.287698e-09
3.085000e+03 7.593240e-09
3.086000e+03 7.092237e-09
3.087000e+03 7.177005e-09
3.088000e+03 7.544155e-09
3.089000e+03 8.010354e-09
3.090000e+03 8.043599e-09
3.091000e+03 8.523784e-09
3.092000e+03 8.088984e-09
3.093000e+03 7.975014e-09
3.094000e+03 8.057658e-09
3.095000e+03 7.952709e-09
3.096000e+03 7.940778e-09
3.097000e+03 8.078451e-09
3.098000e+03 8.188215e-09
3.099000e+03 8.718963e-09
3.100000e+03 8.250069e-09
3.101000e+03 8.309852e-09
3.102000e+03 8.074494e-09
3.103000e+03 8.133285e-09
3.104000e+03 7.285718e-09
3.105000e+03 7.716114e-09
3.106000e+03 7.880514e-09
3.107000e+03 7.774747e-09
3.108000e+03 7.953220e-09
3.109000e+03 7.420213e-09
3.110000e+03 7.209258e-09
3.111000e+03 7.425665e-09
3.112000e+03 7.421259e-09
3.113000e+03 7.814784e-09
3.114000e+03 7.979374e-09
3.115000e+03 7.954907e-09
3.116000e+03 8.144585e-09
3.117000e+03 8.141021e-09
3.118000e+03 8.961135e-09
3.119000e+03 8.931565e-09
3.120000e+03 8.105789e-09
3.121000e+03 8.463147e-09
3.122000e+03 8.512272e-09
3.123000e+03 8.207624e-09
3.124000e+03 8.193887e-09
3.125000e+03 8.285916e-09
3.126000e+03 7.766327e-09
3.127000e+03 7.836132e-09
3.128000e+03 7.837521e-09
3.129000e+03 7.223738e-09
3.130000e+03 7.688545e-09
3.131000e+03 8.522391e-09
3.132000e+03 8.083704e-09
3.133000e+03 7.566313e-09
3.134000e+03 6.729693e-09
3.135000e+03 6.641490e-09
3.136000e+03 6.676975e-09
3.137000e+03 7.105042e-09
3.138000e+03 7.209291e-09
3.139000e+03 7.348352e-09
3.140000e+03 7.386939e-09
3.141000e+03 7.657320e-09
3.142000e+03 7.503744e-09
3.143000e+03 7.626958e-09
3.144000e+03 7.633106e-09
3.145000e+03 7.760970e-09
3.146000e+03 7.892881e-09
3.147000e+03 7.818188e-09
3.148000e+03 7.772439e-09
3.149000e+03 7.791123e-09
3.150000e+03 7.672911e-09
3.151000e+03 8.053292e-09
3.152000e+03 7.600285e-09
3.153000e+03 7.097597e-09
3.154000e+03 8.018522e-09
3.155000e+03 8.199750e-09
3.156000e+03 7.396893e-09
3.157000e+03 6.699768e-09
3.158000e+03 6.534367e-09
3.159000e+03 6.354650e-09
3.160000e+03 6.688671e-09
3.161000e+03 7.170092e-09
3.162000e+03 7.097702e-09
3.163000e+03 7.314526e-09
3.164000e+03 7.147686e-09
3.165000e+03 7.142988e-09
3.166000e+03 7.470809e-09
3.167000e+03 7.154826e-09
3.168000e+03 7.249431e-09
3.169000e+03 7.500577e-09
3.170000e+03 7.649482e-09
3.171000e+03 7.806586e-09
3.172000e+03 7.263129e-09
3.173000e+03 7.530602e-09
3.174000e+03 7.566603e-09
3.175000e+03 7.598147e-09
3.176000e+03 7.245917e-09
3.177000e+03 6.780515e-09
3.178000e+03 7.149445e-09
3.179000e+03 7.463698e-09
3.180000e+03 7.367780e-09
3.181000e+03 7.377779e-09
3.182000e+03 6.610238e-09
3.183000e+03 6.410130e-09
3.184000e+03 6.566857e-09
3.185000e+03 6.816899e-09
3.186000e+03 6.912205e-09
3.187000e+03 6.834975e-09
3.188000e+03 6.884906e-09
3.189000e+03 6.793133e-09
3.190000e+03 8.067987e-09
3.191000e+03 8.084775e-09
3.192000e+03 6.974477e-09
3.193000e+03 7.243923e-09
3.194000e+03 7.469377e-09
3.195000e+03 7.114939e-09
3.196000e+03 7.071512e-09
3.197000e+03 7.329817e-09
3.198000e+03 7.150551e-09
3.199000e+03 7.239121e-09
3.200000e+03 7.023485e-09
3.201000e+03 7.046237e-09
3.202000e+03 6.438268e-09
3.203000e+03 7.124213e-09
3.204000e+03 7.315225e-09
3.205000e+03 7.059292e-09
3.206000e+03 6.300962e-09
3.207000e+03 6.286493e-09
3.208000e+03 6.380697e-09
3.209000e+03 6.679637e-09
3.210000e+03 6.876168e-09
3.211000e+03 7.156445e-09
3.212000e+03 6.957469e-09
3.213000e+03 6.946749e-09
3.214000e+03 6.841812e-09
3.215000e+03 7.103457e-09
3.216000e+03 7.391910e-09
3.217000e+03 7.373746e-09
3.218000e+03 7.275341e-09
3.219000e+03 7.410252e-09
3.220000e+03 7.129785e-09
3.221000e+03 7.081904e-09
3.222000e+03 7.006775e-09
3.223000e+03 7.136030e-09
3.224000e+03 7.228193e-09
3.225000e+03 7.095407e-09
3.226000e+03 7.937251e-09
3.227000e+03 7.518607e-09
3.228000e+03 6.869972e-09
3.229000e+03 6.878185e-09
3.230000e+03 6.274478e-09
3.231000e+03 5.879602e-09
3.232000e+03 6.009484e-09
3.233000e+03 6.595916e-09
3.234000e+03 6.767871e-09
3.235000e+03 7.088287e-09
3.236000e+03 6.793051e-09
3.237000e+03 6.646004e-09
3.238000e+03 6.844670e-09
3.239000e+03 6.607020e-09
3.240000e+03 6.716521e-09
3.241000e+03 7.301586e-09
3.242000e+03 7.299148e-09
3.243000e+03 7.517341e-09
3.244000e+03 7.096091e-09
3.245000e+03 7.252077e-09
3.246000e+03 7.061653e-09
3.247000e+03 6.890771e-09
3.248000e+03 6.670223e-09
3.249000e+03 6.820902e-09
3.250000e+03 6.833877e-09
3.251000e+03 6.826109e-09
3.252000e+03 6.318613e-09
3.253000e+03 7.034785e-09
3.254000e+03 6.098217e-09
3.255000e+03 6.089755e-09
3.256000e+03 5.922842e-09
3.257000e+03 6.114988e-09
3.258000e+03 6.257475e-09
3.259000e+03 6.335198e-09
3.260000e+03 6.427897e-09
3.261000e+03 6.546269e-09
3.262000e+03 7.548845e-09
3.263000e+03 7.838934e-09
3.264000e+03 6.580252e-09
3.265000e+03 7.002738e-09
3.266000e+03 7.188134e-09
3.267000e+03 6.901483e-09
3.268000e+03 6.653632e-09
3.269000e+03 6.621369e-09
3.270000e+03 6.685265e-09
3.271000e+03 6.516747e-09
3.272000e+03 6.599348e-09
3.273000e+03 6.546893e-09
3.274000e+03 6.636535e-09
3.275000e+03 6.974051e-09
3.276000e+03 9.427592e-07
3.277000e+03 1.159275e-07
3.278000e+03 1.495645e-07
3.279000e+03 1.234962e-07
3.280000e+03 1.037396e-07
3.281000e+03 8.815609e-08
3.282000e+03 7.514370e-08
3.283000e+03 6.030102e-08
3.284000e+03 3.975419e-08
3.285000e+03 3.403607e-08
3.286000e+03 1.632254e-07
3.287000e+03 2.820368e-08
3.288000e+03 1.182838e-07
3.289000e+03 1.765572e-08
3.290000e+03 7.784297e-08
3.291000e+03 7.359595e-08
3.292000e+03 6.445370e-08
3.293000e+03 5.534555e-08
3.294000e+03 4.759867e-08
3.295000e+03 4.121996e-08
3.296000e+03 3.529532e-08
3.297000e+03 3.050419e-08
3.298000e+03 2.739307e-08
3.299000e+03 2.382842e-08
3.300000e+03 2.092762e-08
3.301000e+03 1.837095e-08
3.302000e+03 1.753372e-08
3.303000e+03 1.517696e-08
3.304000e+03 1.425116e-08
3.305000e+03 1.338813e-08
3.306000e+03 1.305870e-08
3.307000e+03 1.338651e-08
3.308000e+03 1.215758e-08
3.309000e+03 1.168517e-08
3.310000e+03 1.235262e-08
3.311000e+03 1.179361e-08
3.312000e+03 1.181348e-08
3.313000e+03 1.204575e-08
3.314000e+03 1.220715e-08
3.315000e+03 1.248473e-08
3.316000e+03 1.208713e-08
3.317000e+03 1.190273e-08
3.318000e+03 1.156741e-08
3.319000e+03 1.129479e-08
3.320000e+03 1.114619e-08
3.321000e+03 1.095256e-08
3.322000e+03 1.025516e-08
3.323000e+03 1.090831e-08
3.324000e+03 1.108164e-08
3.325000e+03 1.059280e-08
3.326000e+03 1.090786e-08
3.327000e+03 1.091659e-08
3.328000e+03 1.047832e-08
3.329000e+03 9.679653e-09
3.330000e+03 9.552619e-09
3.331000e+03 9.256107e-09
3.332000e+03 9.298169e-09
3.333000e+03 9.471231e-09
3.334000e+03 1.096940e-08
3.335000e+03 1.042184e-08
3.336000e+03 9.216709e-09
3.337000e+03 9.615761e-09
3.338000e+03 9.449529e-09
3.339000e+03 8.826846e-09
3.340000e+03 9.162646e-09
3.341000e+03 9.395154e-09
3.342000e+03 9.233074e-09
3.343000e+03 9.347534e-09
3.344000e+03 9.257397e-09
3.345000e+03 9.298896e-09
3.346000e+03 8.319364e-09
3.347000e+03 8.922574e-09
3.348000e+03 8.644827e-09
3.349000e+03 8.676982e-09
3.350000e+03 8.017741e-09
3.351000e+03 9.044855e-09
3.352000e+03 8.702666e-09
3.353000e+03 8.411641e-09
3.354000e+03 7.571358e-09
3.355000e+03 7.814828e-09
3.356000e+03 7.687421e-09
3.357000e+03 7.934734e-09
3.358000e+03 7.623300e-09
3.359000e+03 7.663762e-09
3.360000e+03 7.754905e-09
3.361000e+03 7.711422e-09
3.362000e+03 7.627955e-09
3.363000e+03 7.700445e-09
3.364000e+03 7.660892e-09
3.365000e+03 7.764157e-09
3.366000e+03 7.999409e-09
3.367000e+03 7.972194e-09
3.368000e+03 7.645204e-09
3.369000e+03 7.572518e-09
3.370000e+03 8.212088e-09
3.371000e+03 7.909889e-09
3.372000e+03 7.289217e-09
3.373000e+03 7.673273e-09
3.374000e+03 7.735061e-09
3.375000e+03 7.068040e-09
3.376000e+03 7.221309e-09
3.377000e+03 6.901013e-09
3.378000e+03 6.149010e-09
3.379000e+03 6.131341e-09
3.380000e+03 6.095362e-09
3.381000e+03 6.450437e-09
3.382000e+03 6.630907e-09
3.383000e+03 6.775173e-09
3.384000e+03 6.768465e-09
3.385000e+03 7.121422e-09
3.386000e+03 6.916690e-09
3.387000e+03 7.019595e-09
3.388000e+03 6.616551e-09
3.389000e+03 6.629278e-09
3.390000e+03 6.805337e-09
3.391000e+03 6.829000e-09
3.392000e+03 6.785410e-09
3.393000e+03 6.731938e-09
3.394000e+03 6.021777e-09
3.395000e+03 7.104722e-09
3.396000e+03 6.708289e-09
3.397000e+03 6.911247e-09
3.398000e+03 6.607476e-09
3.399000e+03 6.431283e-09
3.400000e+03 5.747319e-09
3.401000e+03 6.013011e-09
3.402000e+03 5.299083e-09
3.403000e+03 5.434153e-09
3.404000e+03 5.402754e-09
3.405000e+03 5.729975e-09
3.406000e+03 7.289913e-09
3.407000e+03 6.910499e-09
3.408000e+03 5.906321e-09
3.409000e+03 5.955008e-09
3.410000e+03 6.024005e-09
3.411000e+03 5.829813e-09
3.412000e+03 5.865205e-09
3.413000e+03 5.975464e-09
3.414000e+03 6.215612e-09
3.415000e+03 6.608893e-09
3.416000e+03 6.490738e-09
3.417000e+03 6.767076e-09
3.418000e+03 6.365669e-09
3.419000e+03 5.514256e-09
3.420000e+03 6.141765e-09
3.421000e+03 6.177738e-09
3.422000e+03 6.335676e-09
3.423000e+03 6.532622e-09
3.424000e+03 6.236990e-09
3.425000e+03 6.301003e-09
3.426000e+03 5.649786e-09
3.427000e+03 5.570718e-09
3.428000e+03 5.236786e-09
3.429000e+03 5.489564e-09
3.430000e+03 5.728814e-09
3.431000e+03 5.598556e-09
3.432000e+03 5.780280e-09
3.433000e+03 6.042910e-09
3.434000e+03 6.034975e-09
3.435000e+03 6.108691e-09
3.436000e+03 5.898308e-09
3.437000e+03 6.051200e-09
3.438000e+03 6.028348e-09
3.439000e+03 6.405404e-09
3.440000e+03 6.337196e-09
3.441000e+03 6.237138e-09
3.442000e+03 7.106552e-09
3.443000e+03 6.579228e-09
3.444000e+03 6.081455e-09
3.445000e+03 6.345836e-09
3.446000e+03 6.406881e-09
3.447000e+03 6.251773e-09
3.448000e+03 6.067657e-09
3.449000e+03 5.741983e-09
3.450000e+03 5.410878e-09
3.451000e+03 5.295389e-09
3.452000e+03 5.333480e-09
3.453000e+03 5.510283e-09
3.454000e+03 5.579354e-09
3.455000e+03 5.827794e-09
3.456000e+03 5.884108e-09
3.457000e+03 6.037412e-09
3.458000e+03 6.021586e-09
3.459000e+03 6.115055e-09
3.460000e+03 5.831434e-09
3.461000e+03 6.068551e-09
3.462000e+03 5.835340e-09
3.463000e+03 6.212727e-09
3.464000e+03 6.070981e-09
3.465000e+03 5.986858e-09
3.466000e+03 5.927087e-09
3.467000e+03 6.134570e-09
3.468000e+03 5.989465e-09
3.469000e+03 5.982487e-09
3.470000e+03 5.922839e-09
3.471000e+03 5.814082e-09
3.472000e+03 5.766966e-09
3.473000e+03 5.685248e-09
3.474000e+03 5.406223e-09
3.475000e+03 5.324462e-09
3.476000e+03 5.085701e-09
3.477000e+03 5.203287e-09
3.478000e+03 6.824009e-09
3.479000e+03 6.042364e-09
3.480000e+03 5.439496e-09
3.481000e+03 5.365601e-09
3.482000e+03 5.717011e-09
3.483000e+03 5.764626e-09
3.484000e+03 5.248872e-09
3.485000e+03 5.294618e-09
3.486000e+03 5.414044e-09
3.487000e+03 5.494504e-09
3.488000e+03 5.232488e-09
3.489000e+03 5.302267e-09
3.490000e+03 4.792396e-09
3.491000e+03 5.475490e-09
3.492000e+03 5.623551e-09
3.493000e+03 5.597676e-09
3.494000e+03 5.496819e-09
3.495000e+03 5.524735e-09
3.496000e+03 5.263955e-09
3.497000e+03 5.333335e-09
3.498000e+03 4.500461e-09
3.499000e+03 4.810371e-09
3.500000e+03 4.740383e-09
