Title ="THE FLUX ERR"
Variables=
iter
residual
1.000000e+00 3.916065e-03
2.000000e+00 1.196212e-03
3.000000e+00 7.229265e-04
4.000000e+00 1.544744e-03
5.000000e+00 1.076890e-03
6.000000e+00 1.111932e-03
7.000000e+00 1.218117e-03
8.000000e+00 7.840114e-04
9.000000e+00 9.046183e-04
1.000000e+01 3.260821e-04
1.100000e+01 2.783415e-04
1.200000e+01 3.397530e-04
1.300000e+01 2.930070e-04
1.400000e+01 2.979007e-04
1.500000e+01 8.769124e-05
1.600000e+01 2.679085e-04
1.700000e+01 1.795626e-04
1.800000e+01 1.203237e-04
1.900000e+01 1.914927e-04
2.000000e+01 2.230018e-04
2.100000e+01 2.310659e-04
2.200000e+01 2.454213e-04
2.300000e+01 5.156817e-05
2.400000e+01 8.095550e-05
2.500000e+01 1.382897e-04
2.600000e+01 1.272225e-04
2.700000e+01 9.543603e-05
2.800000e+01 1.120373e-04
2.900000e+01 1.021318e-04
3.000000e+01 2.061964e-05
3.100000e+01 1.812441e-05
3.200000e+01 4.006781e-05
3.300000e+01 2.217899e-05
3.400000e+01 1.555392e-05
3.500000e+01 1.956682e-05
3.600000e+01 4.490525e-05
3.700000e+01 4.418517e-05
3.800000e+01 6.141902e-06
3.900000e+01 3.335270e-05
4.000000e+01 3.418886e-05
4.100000e+01 1.363597e-05
4.200000e+01 9.018128e-06
4.300000e+01 4.389596e-05
4.400000e+01 8.730295e-06
4.500000e+01 3.061496e-05
4.600000e+01 2.639180e-05
4.700000e+01 1.220348e-05
4.800000e+01 2.904806e-05
4.900000e+01 2.341393e-05
5.000000e+01 2.869909e-05
5.100000e+01 2.816010e-05
5.200000e+01 2.772133e-05
5.300000e+01 3.122910e-05
5.400000e+01 5.189346e-06
5.500000e+01 2.532099e-05
5.600000e+01 3.305381e-05
5.700000e+01 2.245758e-05
5.800000e+01 1.310516e-05
5.900000e+01 3.412102e-05
6.000000e+01 1.139151e-05
6.100000e+01 8.447335e-06
6.200000e+01 2.959969e-05
6.300000e+01 2.726027e-05
6.400000e+01 2.355165e-05
6.500000e+01 2.468515e-05
6.600000e+01 2.211962e-05
6.700000e+01 1.063119e-05
6.800000e+01 2.505293e-05
6.900000e+01 1.223283e-06
7.000000e+01 1.115302e-05
7.100000e+01 2.107501e-05
7.200000e+01 9.818484e-07
7.300000e+01 2.299296e-05
7.400000e+01 2.146777e-05
7.500000e+01 5.886624e-06
7.600000e+01 2.662710e-06
7.700000e+01 1.490982e-05
7.800000e+01 2.108889e-05
7.900000e+01 1.137660e-05
8.000000e+01 7.606842e-06
8.100000e+01 2.566372e-06
8.200000e+01 1.896093e-05
8.300000e+01 6.110238e-06
8.400000e+01 1.220621e-05
8.500000e+01 7.344340e-06
8.600000e+01 1.687924e-05
8.700000e+01 2.157291e-05
8.800000e+01 2.175179e-05
8.900000e+01 1.724879e-06
9.000000e+01 7.082853e-06
9.100000e+01 3.182343e-06
9.200000e+01 6.692062e-06
9.300000e+01 9.191070e-06
9.400000e+01 1.576079e-05
9.500000e+01 5.932568e-06
9.600000e+01 7.494798e-06
9.700000e+01 1.019428e-05
9.800000e+01 1.699451e-05
9.900000e+01 7.925614e-06
1.000000e+02 1.022893e-05
1.010000e+02 7.347196e-06
1.020000e+02 1.309900e-05
1.030000e+02 8.520965e-06
1.040000e+02 6.466987e-06
1.050000e+02 8.196937e-06
1.060000e+02 4.508382e-06
1.070000e+02 1.153994e-05
1.080000e+02 1.094404e-05
1.090000e+02 7.921208e-06
1.100000e+02 4.741180e-06
1.110000e+02 7.796179e-06
1.120000e+02 7.478803e-06
1.130000e+02 1.011266e-05
1.140000e+02 8.116841e-06
1.150000e+02 1.630509e-05
1.160000e+02 3.062694e-06
1.170000e+02 1.455956e-05
1.180000e+02 6.306383e-06
1.190000e+02 7.709811e-06
1.200000e+02 3.575988e-06
1.210000e+02 1.373634e-05
1.220000e+02 6.942197e-06
1.230000e+02 5.905718e-06
1.240000e+02 1.509785e-05
1.250000e+02 7.488496e-06
1.260000e+02 1.025873e-05
1.270000e+02 7.348193e-06
1.280000e+02 1.097593e-05
1.290000e+02 6.577733e-06
1.300000e+02 7.922481e-06
1.310000e+02 1.012329e-05
1.320000e+02 1.358940e-05
1.330000e+02 5.211850e-06
1.340000e+02 7.335007e-06
1.350000e+02 6.904254e-06
1.360000e+02 1.494419e-05
1.370000e+02 8.255357e-06
1.380000e+02 2.417156e-06
1.390000e+02 7.820428e-06
1.400000e+02 6.348201e-06
1.410000e+02 6.333141e-06
1.420000e+02 1.052550e-05
1.430000e+02 1.439311e-05
1.440000e+02 6.965332e-06
1.450000e+02 1.192785e-05
1.460000e+02 5.564144e-06
1.470000e+02 8.627346e-06
1.480000e+02 5.063925e-06
1.490000e+02 8.146034e-06
1.500000e+02 4.993597e-06
1.510000e+02 1.703816e-05
1.520000e+02 5.371721e-06
1.530000e+02 3.683271e-06
1.540000e+02 2.668904e-05
1.550000e+02 2.986373e-06
1.560000e+02 4.459464e-06
1.570000e+02 1.704918e-05
1.580000e+02 5.148596e-06
1.590000e+02 2.870012e-05
1.600000e+02 2.638865e-05
1.610000e+02 2.856562e-05
1.620000e+02 3.250073e-05
1.630000e+02 2.919288e-05
1.640000e+02 2.074045e-05
1.650000e+02 3.144065e-05
1.660000e+02 2.280799e-05
1.670000e+02 4.166222e-05
1.680000e+02 2.852382e-05
1.690000e+02 2.598327e-05
1.700000e+02 1.817437e-05
1.710000e+02 2.472461e-05
1.720000e+02 1.375978e-05
1.730000e+02 2.046713e-05
1.740000e+02 2.409503e-05
1.750000e+02 1.537995e-05
1.760000e+02 1.647485e-05
1.770000e+02 1.661086e-05
1.780000e+02 1.694607e-05
1.790000e+02 1.380905e-05
1.800000e+02 1.442681e-05
1.810000e+02 1.832040e-05
1.820000e+02 1.275339e-05
1.830000e+02 2.114414e-05
1.840000e+02 1.565279e-05
1.850000e+02 1.668622e-05
1.860000e+02 1.572878e-05
1.870000e+02 2.727488e-05
1.880000e+02 2.421750e-05
1.890000e+02 1.222281e-05
1.900000e+02 1.108198e-05
1.910000e+02 1.179188e-05
1.920000e+02 2.191706e-05
1.930000e+02 1.178275e-05
1.940000e+02 1.341675e-05
1.950000e+02 1.425774e-05
1.960000e+02 1.329341e-05
1.970000e+02 1.914124e-05
1.980000e+02 6.589253e-05
1.990000e+02 1.741598e-05
2.000000e+02 6.836809e-05
2.010000e+02 7.233489e-05
2.020000e+02 1.320818e-05
2.030000e+02 6.181835e-05
2.040000e+02 6.641905e-05
2.050000e+02 7.791017e-05
2.060000e+02 7.770511e-05
2.070000e+02 7.307181e-05
2.080000e+02 8.165192e-05
2.090000e+02 7.455544e-05
2.100000e+02 7.576601e-05
2.110000e+02 7.505834e-05
2.120000e+02 7.183807e-05
2.130000e+02 7.014505e-05
2.140000e+02 6.955959e-05
2.150000e+02 7.724601e-05
2.160000e+02 7.619299e-05
2.170000e+02 7.647620e-05
2.180000e+02 7.593290e-05
2.190000e+02 7.713986e-05
2.200000e+02 7.643082e-05
2.210000e+02 7.892124e-05
2.220000e+02 7.416175e-05
2.230000e+02 8.474003e-05
2.240000e+02 7.823844e-05
2.250000e+02 7.826336e-05
2.260000e+02 7.144981e-05
2.270000e+02 6.171925e-05
2.280000e+02 6.772056e-05
2.290000e+02 7.016386e-05
2.300000e+02 7.294711e-05
2.310000e+02 8.078833e-05
2.320000e+02 9.126687e-05
2.330000e+02 8.540415e-05
2.340000e+02 7.944022e-05
2.350000e+02 8.094917e-05
2.360000e+02 8.854808e-05
2.370000e+02 7.460192e-05
2.380000e+02 8.562038e-05
2.390000e+02 7.284013e-05
2.400000e+02 7.845147e-05
2.410000e+02 7.871282e-05
2.420000e+02 8.054241e-05
2.430000e+02 8.314310e-05
2.440000e+02 8.733210e-05
2.450000e+02 8.376423e-05
2.460000e+02 8.046422e-05
2.470000e+02 8.956335e-05
2.480000e+02 8.881911e-05
2.490000e+02 8.979755e-05
2.500000e+02 1.008621e-04
2.510000e+02 1.023427e-04
2.520000e+02 1.032037e-04
2.530000e+02 1.133652e-04
2.540000e+02 1.080487e-04
2.550000e+02 9.473167e-05
2.560000e+02 9.214994e-05
2.570000e+02 9.122362e-05
2.580000e+02 8.607058e-05
2.590000e+02 7.645183e-05
2.600000e+02 7.515334e-05
2.610000e+02 8.374722e-05
2.620000e+02 8.009087e-05
2.630000e+02 8.788976e-05
2.640000e+02 8.034752e-05
2.650000e+02 8.507130e-05
2.660000e+02 8.822494e-05
2.670000e+02 8.219415e-05
2.680000e+02 1.032814e-04
2.690000e+02 9.137704e-05
2.700000e+02 8.424037e-05
2.710000e+02 8.671733e-05
2.720000e+02 7.397115e-05
2.730000e+02 7.280855e-05
2.740000e+02 6.805411e-05
2.750000e+02 7.924472e-05
2.760000e+02 7.474568e-05
2.770000e+02 7.032810e-05
2.780000e+02 7.690738e-05
2.790000e+02 7.560829e-05
2.800000e+02 7.022745e-05
2.810000e+02 7.585708e-05
2.820000e+02 7.503416e-05
2.830000e+02 7.442010e-05
2.840000e+02 6.736955e-05
2.850000e+02 6.913053e-05
2.860000e+02 7.580309e-05
2.870000e+02 6.502509e-05
2.880000e+02 6.139343e-05
2.890000e+02 6.650992e-05
2.900000e+02 6.152539e-05
2.910000e+02 6.848966e-05
2.920000e+02 5.594442e-05
2.930000e+02 5.356125e-05
2.940000e+02 5.429185e-05
2.950000e+02 5.454160e-05
2.960000e+02 5.518434e-05
2.970000e+02 5.435086e-05
2.980000e+02 5.446234e-05
2.990000e+02 5.875324e-05
3.000000e+02 5.739146e-05
3.010000e+02 6.017730e-05
3.020000e+02 5.652827e-05
3.030000e+02 5.927282e-05
3.040000e+02 6.804784e-05
3.050000e+02 6.135144e-05
3.060000e+02 6.134498e-05
3.070000e+02 6.416167e-05
3.080000e+02 6.368383e-05
3.090000e+02 7.483944e-05
3.100000e+02 6.751285e-05
3.110000e+02 6.904819e-05
3.120000e+02 5.824249e-05
3.130000e+02 6.886648e-05
3.140000e+02 6.328445e-05
3.150000e+02 8.191057e-05
3.160000e+02 7.965745e-05
3.170000e+02 7.776600e-05
3.180000e+02 1.116509e-04
3.190000e+02 9.285071e-05
3.200000e+02 8.270221e-05
3.210000e+02 8.576914e-05
3.220000e+02 1.018242e-04
3.230000e+02 9.607803e-05
3.240000e+02 9.260882e-05
3.250000e+02 8.671683e-05
3.260000e+02 9.545099e-05
3.270000e+02 1.109409e-04
3.280000e+02 9.031039e-05
3.290000e+02 1.044534e-04
3.300000e+02 1.089635e-04
3.310000e+02 1.116852e-04
3.320000e+02 1.248680e-04
3.330000e+02 1.525086e-04
3.340000e+02 1.208455e-04
3.350000e+02 1.090780e-04
3.360000e+02 1.086615e-04
3.370000e+02 1.210052e-04
3.380000e+02 1.391393e-04
3.390000e+02 1.311761e-04
3.400000e+02 1.417547e-04
3.410000e+02 1.430956e-04
3.420000e+02 1.412803e-04
3.430000e+02 2.635214e-05
3.440000e+02 1.048772e-04
3.450000e+02 1.351936e-04
3.460000e+02 2.593548e-05
3.470000e+02 1.040410e-04
3.480000e+02 2.312948e-05
3.490000e+02 1.132610e-04
3.500000e+02 2.772906e-05
3.510000e+02 1.101882e-04
3.520000e+02 1.036432e-04
3.530000e+02 2.310584e-05
3.540000e+02 1.896500e-05
3.550000e+02 1.826621e-05
3.560000e+02 2.732572e-05
3.570000e+02 2.388928e-05
3.580000e+02 1.935697e-05
3.590000e+02 9.200623e-05
3.600000e+02 2.230916e-05
3.610000e+02 9.525088e-05
3.620000e+02 1.939111e-05
3.630000e+02 8.963107e-05
3.640000e+02 1.517771e-05
3.650000e+02 1.775183e-05
3.660000e+02 3.301250e-05
3.670000e+02 8.730902e-05
3.680000e+02 2.135619e-05
3.690000e+02 1.908022e-05
3.700000e+02 1.553680e-05
3.710000e+02 1.453452e-05
3.720000e+02 2.750611e-05
3.730000e+02 1.452861e-05
3.740000e+02 1.254121e-05
3.750000e+02 1.655868e-05
3.760000e+02 2.639051e-05
3.770000e+02 1.822237e-05
3.780000e+02 1.868322e-05
3.790000e+02 2.510403e-05
3.800000e+02 2.359999e-05
3.810000e+02 1.299269e-05
3.820000e+02 1.500178e-05
3.830000e+02 1.652364e-05
3.840000e+02 1.788719e-05
3.850000e+02 1.543558e-05
3.860000e+02 1.107697e-05
3.870000e+02 1.152655e-05
3.880000e+02 1.805666e-05
3.890000e+02 1.941908e-05
3.900000e+02 3.723711e-05
3.910000e+02 1.249153e-05
3.920000e+02 1.172077e-05
3.930000e+02 1.215715e-05
3.940000e+02 1.269850e-05
3.950000e+02 2.023461e-05
3.960000e+02 1.775430e-05
3.970000e+02 1.477257e-05
3.980000e+02 1.235201e-05
3.990000e+02 7.252215e-05
4.000000e+02 9.833509e-06
4.010000e+02 1.987637e-05
4.020000e+02 1.048946e-05
4.030000e+02 6.329860e-05
4.040000e+02 1.268125e-05
4.050000e+02 6.090316e-05
4.060000e+02 1.079893e-05
4.070000e+02 5.835270e-05
4.080000e+02 5.791531e-05
4.090000e+02 7.296699e-06
4.100000e+02 7.338524e-06
4.110000e+02 5.124126e-05
4.120000e+02 5.263628e-05
4.130000e+02 1.328968e-05
4.140000e+02 5.061227e-05
4.150000e+02 1.294935e-05
4.160000e+02 5.140268e-05
4.170000e+02 1.106959e-05
4.180000e+02 1.195904e-05
4.190000e+02 1.273924e-05
4.200000e+02 5.433625e-05
4.210000e+02 1.403683e-05
4.220000e+02 9.666936e-06
4.230000e+02 1.684373e-05
4.240000e+02 1.439387e-05
4.250000e+02 2.033554e-05
4.260000e+02 5.440843e-05
4.270000e+02 1.244641e-05
4.280000e+02 1.799370e-05
4.290000e+02 1.391411e-05
4.300000e+02 1.280089e-05
4.310000e+02 1.005168e-05
4.320000e+02 1.865822e-05
4.330000e+02 1.399105e-05
4.340000e+02 2.816467e-05
4.350000e+02 1.795525e-05
4.360000e+02 1.110808e-06
4.370000e+02 2.277325e-05
4.380000e+02 9.676586e-06
4.390000e+02 1.936854e-05
4.400000e+02 1.057776e-05
4.410000e+02 2.407133e-05
4.420000e+02 1.120688e-05
4.430000e+02 9.756110e-06
4.440000e+02 2.382518e-05
4.450000e+02 6.177271e-06
4.460000e+02 1.612712e-05
4.470000e+02 1.514776e-05
4.480000e+02 2.547358e-05
4.490000e+02 1.693950e-05
4.500000e+02 2.173739e-05
4.510000e+02 2.477017e-05
4.520000e+02 2.564414e-05
4.530000e+02 1.240468e-05
4.540000e+02 3.794469e-06
4.550000e+02 3.021409e-05
4.560000e+02 4.486761e-06
4.570000e+02 3.283495e-06
4.580000e+02 4.357816e-06
4.590000e+02 4.619348e-06
4.600000e+02 4.479312e-06
4.610000e+02 7.751866e-06
4.620000e+02 1.225077e-05
4.630000e+02 4.233417e-06
4.640000e+02 7.057223e-06
4.650000e+02 5.188365e-06
4.660000e+02 7.661569e-06
4.670000e+02 1.909525e-05
4.680000e+02 6.098675e-06
4.690000e+02 5.595819e-06
4.700000e+02 4.721838e-06
4.710000e+02 7.889769e-06
4.720000e+02 2.251425e-05
4.730000e+02 8.699259e-06
4.740000e+02 6.272515e-06
4.750000e+02 9.454960e-06
4.760000e+02 1.597732e-05
4.770000e+02 9.047840e-06
4.780000e+02 1.036374e-05
4.790000e+02 6.507249e-06
4.800000e+02 3.516443e-05
4.810000e+02 4.801199e-06
4.820000e+02 1.569472e-05
4.830000e+02 1.376823e-05
4.840000e+02 9.224194e-06
4.850000e+02 1.365160e-05
4.860000e+02 2.229802e-05
4.870000e+02 2.525614e-05
4.880000e+02 1.738241e-05
4.890000e+02 2.361734e-05
4.900000e+02 1.762409e-05
4.910000e+02 1.284048e-05
4.920000e+02 7.696296e-06
4.930000e+02 1.479613e-05
4.940000e+02 4.930427e-06
4.950000e+02 1.901018e-05
4.960000e+02 1.119548e-05
4.970000e+02 1.743695e-05
4.980000e+02 7.178705e-06
4.990000e+02 1.851859e-05
5.000000e+02 2.004911e-05
5.010000e+02 1.446205e-05
5.020000e+02 1.270856e-05
5.030000e+02 9.378712e-06
5.040000e+02 4.389412e-06
5.050000e+02 9.687953e-06
5.060000e+02 9.126754e-06
5.070000e+02 1.399302e-05
5.080000e+02 3.372240e-06
5.090000e+02 1.312387e-05
5.100000e+02 4.456632e-06
5.110000e+02 6.336992e-06
5.120000e+02 9.483781e-06
5.130000e+02 9.246754e-06
5.140000e+02 1.033159e-05
5.150000e+02 1.120377e-05
5.160000e+02 9.894862e-06
5.170000e+02 1.496245e-05
5.180000e+02 6.652797e-06
5.190000e+02 4.255819e-06
5.200000e+02 4.095980e-06
5.210000e+02 4.646076e-06
5.220000e+02 4.112249e-06
5.230000e+02 2.796428e-06
5.240000e+02 3.451098e-06
5.250000e+02 3.241120e-06
5.260000e+02 5.718365e-06
5.270000e+02 6.230049e-06
5.280000e+02 5.187461e-06
5.290000e+02 5.975975e-06
5.300000e+02 5.505516e-06
5.310000e+02 3.444432e-06
5.320000e+02 3.273169e-06
5.330000e+02 3.659756e-06
5.340000e+02 2.829197e-06
5.350000e+02 4.062895e-06
5.360000e+02 2.820670e-06
5.370000e+02 3.225368e-06
5.380000e+02 2.955713e-06
5.390000e+02 1.682595e-05
5.400000e+02 3.454373e-06
5.410000e+02 1.527012e-05
5.420000e+02 3.425589e-06
5.430000e+02 2.843828e-06
5.440000e+02 1.580287e-05
5.450000e+02 1.495501e-05
5.460000e+02 1.554085e-05
5.470000e+02 1.506698e-05
5.480000e+02 1.540779e-05
5.490000e+02 1.596536e-05
5.500000e+02 1.624974e-05
5.510000e+02 3.895296e-06
5.520000e+02 1.507825e-05
5.530000e+02 4.471887e-06
5.540000e+02 1.354907e-05
5.550000e+02 1.523051e-05
5.560000e+02 6.724582e-06
5.570000e+02 1.626302e-05
5.580000e+02 2.218310e-05
5.590000e+02 1.977805e-05
5.600000e+02 1.807363e-05
5.610000e+02 1.927541e-05
5.620000e+02 1.884908e-05
5.630000e+02 1.563403e-05
5.640000e+02 1.659710e-05
5.650000e+02 1.822366e-05
5.660000e+02 1.682782e-05
5.670000e+02 1.870003e-05
5.680000e+02 1.510518e-05
5.690000e+02 1.318843e-05
5.700000e+02 1.696763e-05
5.710000e+02 1.855730e-05
5.720000e+02 5.820919e-06
5.730000e+02 1.731300e-05
5.740000e+02 7.063933e-06
5.750000e+02 2.112504e-05
5.760000e+02 1.613751e-05
5.770000e+02 1.640632e-05
5.780000e+02 1.785683e-05
5.790000e+02 1.465071e-05
5.800000e+02 1.644694e-05
5.810000e+02 1.905798e-05
5.820000e+02 1.661889e-05
5.830000e+02 1.432673e-05
5.840000e+02 1.760079e-05
5.850000e+02 1.963067e-05
5.860000e+02 1.985074e-05
5.870000e+02 1.751930e-05
5.880000e+02 1.813847e-05
5.890000e+02 1.695069e-05
5.900000e+02 1.927301e-05
5.910000e+02 2.326818e-05
5.920000e+02 2.968379e-06
5.930000e+02 1.453102e-05
5.940000e+02 4.762805e-06
5.950000e+02 1.730618e-05
5.960000e+02 4.394614e-06
5.970000e+02 4.694495e-06
5.980000e+02 1.578469e-05
5.990000e+02 4.270796e-06
6.000000e+02 1.568770e-05
6.010000e+02 4.654255e-06
6.020000e+02 3.994882e-06
6.030000e+02 5.469066e-06
6.040000e+02 3.365292e-06
6.050000e+02 3.407903e-06
6.060000e+02 4.762880e-06
6.070000e+02 3.748145e-06
6.080000e+02 4.920259e-06
6.090000e+02 3.276716e-06
6.100000e+02 1.977927e-05
6.110000e+02 5.854740e-06
6.120000e+02 4.776695e-06
6.130000e+02 2.952031e-06
6.140000e+02 2.407518e-06
6.150000e+02 3.752104e-06
6.160000e+02 3.377470e-06
6.170000e+02 3.627001e-06
6.180000e+02 3.873251e-06
6.190000e+02 2.173972e-06
6.200000e+02 4.343793e-06
6.210000e+02 6.067263e-06
6.220000e+02 4.143437e-06
6.230000e+02 4.893483e-06
6.240000e+02 5.069934e-06
6.250000e+02 5.046759e-06
6.260000e+02 5.632743e-06
6.270000e+02 5.125693e-06
6.280000e+02 3.646324e-06
6.290000e+02 4.117273e-06
6.300000e+02 4.029322e-06
6.310000e+02 3.364454e-06
6.320000e+02 3.767074e-06
6.330000e+02 5.654216e-06
6.340000e+02 6.395727e-06
6.350000e+02 6.641545e-06
6.360000e+02 5.493561e-06
6.370000e+02 4.648499e-06
6.380000e+02 5.087913e-06
6.390000e+02 4.900212e-06
6.400000e+02 2.910522e-06
6.410000e+02 5.292458e-06
6.420000e+02 3.222082e-06
6.430000e+02 4.204264e-06
6.440000e+02 5.251274e-06
6.450000e+02 5.111341e-06
6.460000e+02 5.563032e-06
6.470000e+02 3.448305e-06
6.480000e+02 3.673343e-06
6.490000e+02 5.194560e-06
6.500000e+02 7.349901e-06
6.510000e+02 5.651310e-06
6.520000e+02 5.910826e-06
6.530000e+02 5.603113e-06
6.540000e+02 6.044891e-06
6.550000e+02 3.516132e-06
6.560000e+02 5.687932e-06
6.570000e+02 5.539342e-06
6.580000e+02 4.116152e-06
6.590000e+02 5.463886e-06
6.600000e+02 6.570978e-06
6.610000e+02 7.488616e-06
6.620000e+02 6.488115e-06
6.630000e+02 6.257983e-06
6.640000e+02 6.202457e-06
6.650000e+02 6.102274e-06
6.660000e+02 6.431851e-06
6.670000e+02 5.790566e-06
6.680000e+02 5.590196e-06
6.690000e+02 5.404958e-06
6.700000e+02 6.105870e-06
6.710000e+02 6.697162e-06
6.720000e+02 5.963532e-06
6.730000e+02 4.786993e-06
6.740000e+02 7.240905e-06
6.750000e+02 6.902947e-06
6.760000e+02 3.663756e-06
6.770000e+02 7.036236e-06
6.780000e+02 6.254537e-06
6.790000e+02 6.280000e-06
6.800000e+02 5.977729e-06
6.810000e+02 6.413787e-06
6.820000e+02 4.006838e-06
6.830000e+02 5.009608e-06
6.840000e+02 5.473022e-06
6.850000e+02 4.623729e-06
6.860000e+02 3.873824e-06
6.870000e+02 2.896239e-06
6.880000e+02 3.555651e-06
6.890000e+02 4.670340e-06
6.900000e+02 6.836188e-06
6.910000e+02 6.021146e-06
6.920000e+02 6.300519e-06
6.930000e+02 6.701451e-06
6.940000e+02 6.421630e-06
6.950000e+02 5.800480e-06
6.960000e+02 5.474588e-06
6.970000e+02 3.683359e-06
6.980000e+02 2.994360e-06
6.990000e+02 3.906546e-06
7.000000e+02 2.970355e-06
7.010000e+02 4.429677e-06
7.020000e+02 5.363262e-06
7.030000e+02 5.472820e-06
7.040000e+02 5.325381e-06
7.050000e+02 3.792381e-06
7.060000e+02 2.175682e-06
7.070000e+02 2.306067e-06
7.080000e+02 2.618501e-06
7.090000e+02 2.794057e-06
7.100000e+02 2.395540e-06
7.110000e+02 2.903870e-06
7.120000e+02 3.760466e-06
7.130000e+02 1.928656e-06
7.140000e+02 3.676322e-06
7.150000e+02 2.980035e-06
7.160000e+02 3.404812e-06
7.170000e+02 3.342240e-06
7.180000e+02 2.205418e-06
7.190000e+02 1.839967e-06
7.200000e+02 1.794788e-06
7.210000e+02 1.869707e-06
7.220000e+02 2.559191e-06
7.230000e+02 1.390619e-06
7.240000e+02 2.119063e-06
7.250000e+02 1.615325e-06
7.260000e+02 1.523736e-06
7.270000e+02 1.949615e-06
7.280000e+02 1.148342e-06
7.290000e+02 2.300373e-06
7.300000e+02 2.592402e-06
7.310000e+02 2.737784e-06
7.320000e+02 2.853186e-06
7.330000e+02 2.553936e-06
7.340000e+02 2.618641e-06
7.350000e+02 2.506639e-06
7.360000e+02 2.432236e-06
7.370000e+02 2.073340e-06
7.380000e+02 1.815278e-06
7.390000e+02 1.386741e-06
7.400000e+02 1.495352e-06
7.410000e+02 1.399133e-06
7.420000e+02 1.575212e-06
7.430000e+02 1.486515e-06
7.440000e+02 7.886048e-06
7.450000e+02 7.716467e-06
7.460000e+02 1.202522e-06
7.470000e+02 1.206702e-06
7.480000e+02 1.111675e-06
7.490000e+02 1.109225e-06
7.500000e+02 1.124477e-06
7.510000e+02 1.151896e-06
7.520000e+02 1.087676e-06
7.530000e+02 6.570038e-06
7.540000e+02 1.021173e-06
7.550000e+02 1.076665e-06
7.560000e+02 6.030018e-06
7.570000e+02 1.089405e-06
7.580000e+02 9.451547e-07
7.590000e+02 5.870839e-06
7.600000e+02 1.273536e-06
7.610000e+02 1.031341e-06
7.620000e+02 1.253639e-06
7.630000e+02 5.337764e-06
7.640000e+02 1.761792e-06
7.650000e+02 1.140167e-06
7.660000e+02 5.725417e-06
7.670000e+02 8.173262e-07
7.680000e+02 9.273544e-07
7.690000e+02 5.040032e-06
7.700000e+02 5.134665e-06
7.710000e+02 5.276299e-06
7.720000e+02 5.192447e-06
7.730000e+02 4.735021e-06
7.740000e+02 4.473483e-06
7.750000e+02 5.017402e-06
7.760000e+02 8.853288e-07
7.770000e+02 4.724093e-06
7.780000e+02 5.022145e-06
7.790000e+02 5.350588e-06
7.800000e+02 5.031016e-06
7.810000e+02 1.128746e-06
7.820000e+02 4.687627e-06
7.830000e+02 9.877208e-07
7.840000e+02 4.757437e-06
7.850000e+02 4.675312e-06
7.860000e+02 9.546861e-07
7.870000e+02 8.827158e-07
7.880000e+02 4.366424e-06
7.890000e+02 9.767337e-07
7.900000e+02 4.222931e-06
7.910000e+02 9.186704e-07
7.920000e+02 8.766531e-07
7.930000e+02 1.998231e-06
7.940000e+02 1.319149e-06
7.950000e+02 3.251211e-06
7.960000e+02 1.394420e-06
7.970000e+02 1.099227e-06
7.980000e+02 1.716074e-06
7.990000e+02 2.120669e-06
8.000000e+02 2.091531e-06
8.010000e+02 1.695736e-07
8.020000e+02 2.195824e-06
8.030000e+02 2.213004e-06
8.040000e+02 1.178894e-07
8.050000e+02 7.908901e-07
8.060000e+02 1.011274e-06
8.070000e+02 7.621724e-07
8.080000e+02 1.635673e-06
8.090000e+02 2.788811e-06
8.100000e+02 2.432188e-06
8.110000e+02 2.519837e-06
8.120000e+02 2.241184e-06
8.130000e+02 1.828396e-06
8.140000e+02 3.002732e-06
8.150000e+02 2.400722e-06
8.160000e+02 2.079732e-06
8.170000e+02 4.788496e-07
8.180000e+02 9.246501e-07
8.190000e+02 3.041049e-07
8.200000e+02 2.696192e-06
8.210000e+02 1.512384e-07
8.220000e+02 7.220304e-07
8.230000e+02 2.922018e-07
8.240000e+02 1.459901e-06
8.250000e+02 7.009260e-07
8.260000e+02 2.474827e-07
8.270000e+02 1.312063e-07
8.280000e+02 1.709461e-06
8.290000e+02 3.368064e-07
8.300000e+02 1.853933e-07
8.310000e+02 2.699258e-07
8.320000e+02 2.628330e-07
8.330000e+02 9.761835e-07
8.340000e+02 9.295178e-07
8.350000e+02 6.951255e-07
8.360000e+02 7.186202e-07
8.370000e+02 8.303769e-07
8.380000e+02 1.428529e-07
8.390000e+02 2.687334e-06
8.400000e+02 1.276775e-06
8.410000e+02 8.049629e-08
8.420000e+02 1.144935e-06
8.430000e+02 2.755156e-06
8.440000e+02 9.342854e-08
8.450000e+02 1.245195e-06
8.460000e+02 6.283843e-07
8.470000e+02 1.886892e-06
8.480000e+02 1.888325e-06
8.490000e+02 1.446969e-06
8.500000e+02 2.987033e-07
8.510000e+02 8.514803e-07
8.520000e+02 2.367460e-06
8.530000e+02 2.296775e-06
8.540000e+02 3.883089e-07
8.550000e+02 1.072824e-06
8.560000e+02 9.657609e-07
8.570000e+02 8.688095e-07
8.580000e+02 3.825460e-07
8.590000e+02 7.061126e-07
8.600000e+02 2.320225e-07
8.610000e+02 9.222021e-07
8.620000e+02 1.735600e-06
8.630000e+02 1.501628e-06
8.640000e+02 1.145467e-06
8.650000e+02 5.341888e-07
8.660000e+02 1.445602e-06
8.670000e+02 2.217524e-06
8.680000e+02 4.982964e-07
8.690000e+02 7.264901e-07
8.700000e+02 8.386176e-07
8.710000e+02 2.185621e-06
8.720000e+02 2.486827e-06
8.730000e+02 3.851011e-07
8.740000e+02 9.665049e-07
8.750000e+02 6.676646e-07
8.760000e+02 6.218523e-07
8.770000e+02 8.221970e-07
8.780000e+02 4.022392e-07
8.790000e+02 2.002062e-06
8.800000e+02 4.118503e-07
8.810000e+02 2.240148e-06
8.820000e+02 4.185464e-07
8.830000e+02 3.487335e-07
8.840000e+02 9.203430e-07
8.850000e+02 2.244438e-06
8.860000e+02 7.836892e-07
8.870000e+02 3.258866e-07
8.880000e+02 4.627797e-07
8.890000e+02 8.231800e-07
8.900000e+02 7.281450e-07
8.910000e+02 6.593724e-07
8.920000e+02 6.421783e-07
8.930000e+02 6.837464e-07
8.940000e+02 9.198185e-07
8.950000e+02 2.407169e-07
8.960000e+02 4.446056e-07
8.970000e+02 2.412298e-06
8.980000e+02 3.020690e-07
8.990000e+02 3.859390e-07
9.000000e+02 4.012888e-07
9.010000e+02 2.174714e-06
9.020000e+02 5.030276e-07
9.030000e+02 2.292585e-06
9.040000e+02 3.734897e-07
9.050000e+02 2.069415e-06
9.060000e+02 1.459615e-06
9.070000e+02 1.851529e-06
9.080000e+02 2.202378e-06
9.090000e+02 2.911561e-07
9.100000e+02 6.335074e-07
9.110000e+02 4.037502e-07
9.120000e+02 1.671609e-06
9.130000e+02 2.717070e-06
9.140000e+02 9.753008e-07
9.150000e+02 7.872140e-07
9.160000e+02 7.082956e-07
9.170000e+02 1.475426e-06
9.180000e+02 1.917227e-06
9.190000e+02 6.312258e-07
9.200000e+02 2.307595e-06
9.210000e+02 8.507084e-07
9.220000e+02 3.407461e-07
9.230000e+02 1.270546e-06
9.240000e+02 4.129289e-07
9.250000e+02 2.116265e-06
9.260000e+02 4.508777e-07
9.270000e+02 3.638649e-07
9.280000e+02 3.014857e-07
9.290000e+02 7.792816e-07
9.300000e+02 7.158546e-07
9.310000e+02 4.047014e-07
9.320000e+02 8.932085e-07
9.330000e+02 1.789560e-06
9.340000e+02 7.826127e-07
9.350000e+02 6.873216e-07
9.360000e+02 2.121342e-06
9.370000e+02 1.751776e-06
9.380000e+02 5.212718e-07
9.390000e+02 4.506339e-07
9.400000e+02 1.647186e-06
9.410000e+02 1.976971e-06
9.420000e+02 3.739069e-07
9.430000e+02 1.927690e-06
9.440000e+02 7.623993e-07
9.450000e+02 2.586150e-06
9.460000e+02 2.051870e-06
9.470000e+02 3.983458e-07
9.480000e+02 2.179067e-06
9.490000e+02 3.525614e-07
9.500000e+02 2.038704e-06
9.510000e+02 2.418502e-06
9.520000e+02 1.918775e-06
9.530000e+02 1.323406e-06
9.540000e+02 5.907470e-07
9.550000e+02 1.819023e-06
9.560000e+02 3.961344e-07
9.570000e+02 1.097806e-06
9.580000e+02 1.606239e-06
9.590000e+02 1.282242e-06
9.600000e+02 1.023734e-06
9.610000e+02 9.148153e-07
9.620000e+02 2.819876e-06
9.630000e+02 9.526773e-07
9.640000e+02 1.132288e-06
9.650000e+02 1.067613e-06
9.660000e+02 2.598868e-06
9.670000e+02 1.556601e-06
9.680000e+02 1.526338e-06
9.690000e+02 1.672784e-06
9.700000e+02 5.325761e-07
9.710000e+02 1.478948e-06
9.720000e+02 1.327400e-06
9.730000e+02 1.134181e-06
9.740000e+02 2.239814e-06
9.750000e+02 1.219253e-06
9.760000e+02 1.268045e-06
9.770000e+02 7.903760e-07
9.780000e+02 2.215343e-06
9.790000e+02 1.205885e-06
9.800000e+02 8.036516e-07
9.810000e+02 8.058219e-07
9.820000e+02 2.755362e-06
9.830000e+02 1.144522e-06
9.840000e+02 1.074409e-06
9.850000e+02 7.768912e-07
9.860000e+02 6.137990e-07
9.870000e+02 3.013398e-06
9.880000e+02 1.069994e-06
9.890000e+02 1.176363e-06
9.900000e+02 5.848169e-07
9.910000e+02 6.644822e-07
9.920000e+02 2.454775e-06
9.930000e+02 8.049356e-07
9.940000e+02 6.974429e-07
9.950000e+02 6.296350e-07
9.960000e+02 2.463925e-06
9.970000e+02 1.131652e-06
9.980000e+02 1.421288e-06
9.990000e+02 1.154315e-06
1.000000e+03 5.506488e-07
1.001000e+03 2.668076e-06
1.002000e+03 1.043031e-06
1.003000e+03 1.030153e-06
1.004000e+03 7.413198e-07
1.005000e+03 6.011538e-07
1.006000e+03 2.137134e-06
1.007000e+03 1.148338e-06
1.008000e+03 1.034686e-06
1.009000e+03 5.711120e-07
1.010000e+03 5.599272e-07
1.011000e+03 4.981878e-07
1.012000e+03 1.588325e-06
1.013000e+03 6.682575e-07
1.014000e+03 4.483611e-07
1.015000e+03 4.036454e-07
1.016000e+03 2.120019e-06
1.017000e+03 1.778993e-06
1.018000e+03 5.454656e-07
1.019000e+03 6.554544e-07
1.020000e+03 7.502352e-07
1.021000e+03 2.120399e-06
1.022000e+03 5.504747e-07
1.023000e+03 2.122057e-06
1.024000e+03 5.553034e-07
1.025000e+03 5.589381e-07
1.026000e+03 5.576967e-07
1.027000e+03 4.316381e-07
1.028000e+03 1.832354e-06
1.029000e+03 2.415153e-06
1.030000e+03 5.239677e-07
1.031000e+03 5.156781e-07
1.032000e+03 3.353028e-07
1.033000e+03 1.924366e-06
1.034000e+03 1.943111e-06
1.035000e+03 1.845623e-06
1.036000e+03 1.644228e-06
1.037000e+03 5.130677e-07
1.038000e+03 3.934890e-07
1.039000e+03 4.771937e-07
1.040000e+03 3.341435e-07
1.041000e+03 1.660232e-06
1.042000e+03 1.567595e-06
1.043000e+03 3.388326e-07
1.044000e+03 4.280029e-07
1.045000e+03 1.854124e-06
1.046000e+03 1.894859e-06
1.047000e+03 3.107304e-07
1.048000e+03 1.478766e-06
1.049000e+03 1.559607e-06
1.050000e+03 2.094970e-06
1.051000e+03 2.880753e-07
1.052000e+03 3.609681e-07
1.053000e+03 5.438852e-07
1.054000e+03 3.038625e-07
1.055000e+03 1.669181e-06
1.056000e+03 1.592505e-06
1.057000e+03 1.388830e-06
1.058000e+03 1.687822e-06
1.059000e+03 3.858309e-07
1.060000e+03 3.190244e-07
1.061000e+03 3.078847e-07
1.062000e+03 2.762863e-07
1.063000e+03 1.489885e-06
1.064000e+03 3.521701e-07
1.065000e+03 1.469299e-06
1.066000e+03 1.262688e-06
1.067000e+03 3.189744e-07
1.068000e+03 2.806083e-07
1.069000e+03 2.452757e-07
1.070000e+03 2.363039e-07
1.071000e+03 2.477833e-07
1.072000e+03 1.314223e-06
1.073000e+03 1.221592e-06
1.074000e+03 1.268804e-06
1.075000e+03 1.178247e-06
1.076000e+03 1.224930e-06
1.077000e+03 2.919479e-07
1.078000e+03 2.638644e-07
1.079000e+03 2.422953e-07
1.080000e+03 1.380997e-06
1.081000e+03 1.908268e-07
1.082000e+03 1.197988e-06
1.083000e+03 2.594119e-07
1.084000e+03 1.257204e-06
1.085000e+03 2.632905e-07
1.086000e+03 1.040658e-06
1.087000e+03 1.908783e-06
1.088000e+03 3.187030e-07
1.089000e+03 4.639726e-07
1.090000e+03 2.665093e-07
1.091000e+03 2.551544e-07
1.092000e+03 2.296285e-07
1.093000e+03 2.448310e-07
1.094000e+03 1.031968e-06
1.095000e+03 1.029986e-06
1.096000e+03 1.040176e-06
1.097000e+03 1.049013e-06
1.098000e+03 9.550650e-07
1.099000e+03 9.053604e-07
1.100000e+03 8.107073e-07
1.101000e+03 1.965178e-06
1.102000e+03 2.616359e-07
1.103000e+03 1.868268e-07
1.104000e+03 2.105379e-07
1.105000e+03 1.936435e-07
1.106000e+03 1.996101e-07
1.107000e+03 1.827045e-07
1.108000e+03 9.789700e-07
1.109000e+03 9.549200e-07
1.110000e+03 9.109411e-07
1.111000e+03 8.172391e-07
1.112000e+03 8.193854e-07
1.113000e+03 7.789023e-07
1.114000e+03 6.658853e-07
1.115000e+03 6.379977e-07
1.116000e+03 7.152495e-07
1.117000e+03 6.794163e-07
1.118000e+03 6.003478e-07
1.119000e+03 1.647684e-06
1.120000e+03 4.123685e-07
1.121000e+03 2.055456e-07
1.122000e+03 1.984829e-07
1.123000e+03 1.395524e-07
1.124000e+03 9.223569e-07
1.125000e+03 1.423675e-07
1.126000e+03 7.947180e-07
1.127000e+03 7.663890e-07
1.128000e+03 7.281754e-07
1.129000e+03 6.926479e-07
1.130000e+03 6.595654e-07
1.131000e+03 6.692839e-07
1.132000e+03 6.486137e-07
1.133000e+03 5.372752e-07
1.134000e+03 4.965203e-07
1.135000e+03 1.249999e-07
1.136000e+03 5.216012e-07
1.137000e+03 5.394312e-07
1.138000e+03 4.989039e-07
1.139000e+03 4.860105e-07
1.140000e+03 4.667563e-07
1.141000e+03 5.181125e-07
1.142000e+03 4.955672e-07
1.143000e+03 4.757293e-07
1.144000e+03 4.784657e-07
1.145000e+03 5.588558e-07
1.146000e+03 5.569815e-07
1.147000e+03 5.334352e-07
1.148000e+03 4.855271e-07
1.149000e+03 5.347642e-07
1.150000e+03 5.640575e-07
1.151000e+03 1.398174e-07
1.152000e+03 1.727860e-06
1.153000e+03 2.809954e-07
1.154000e+03 1.895271e-07
1.155000e+03 1.491506e-07
1.156000e+03 1.534650e-07
1.157000e+03 1.074945e-07
1.158000e+03 1.189096e-07
1.159000e+03 1.096731e-07
1.160000e+03 9.644254e-08
1.161000e+03 1.096408e-07
1.162000e+03 6.171014e-07
1.163000e+03 6.659512e-07
1.164000e+03 1.209319e-07
1.165000e+03 1.034300e-07
1.166000e+03 8.181264e-08
1.167000e+03 6.303043e-08
1.168000e+03 9.087094e-08
1.169000e+03 5.071248e-07
1.170000e+03 6.751576e-08
1.171000e+03 5.268049e-07
1.172000e+03 4.364640e-08
1.173000e+03 4.595592e-07
1.174000e+03 6.965071e-08
1.175000e+03 7.760656e-08
1.176000e+03 4.456581e-07
1.177000e+03 6.442487e-08
1.178000e+03 1.011384e-07
1.179000e+03 6.162056e-08
1.180000e+03 8.914767e-08
1.181000e+03 9.459705e-08
1.182000e+03 7.572560e-08
1.183000e+03 7.710817e-08
1.184000e+03 8.129722e-08
1.185000e+03 7.901212e-08
1.186000e+03 8.700675e-08
1.187000e+03 8.612176e-08
1.188000e+03 8.994618e-08
1.189000e+03 9.151851e-08
1.190000e+03 9.430649e-08
1.191000e+03 6.416630e-08
1.192000e+03 7.759169e-08
1.193000e+03 7.040041e-08
1.194000e+03 7.198144e-08
1.195000e+03 6.634396e-08
1.196000e+03 7.238013e-08
1.197000e+03 7.856041e-08
1.198000e+03 4.900656e-07
1.199000e+03 5.579298e-08
1.200000e+03 6.649348e-08
1.201000e+03 7.634721e-08
1.202000e+03 6.667807e-08
1.203000e+03 7.035075e-08
1.204000e+03 7.785030e-08
1.205000e+03 7.988624e-08
1.206000e+03 8.485079e-08
1.207000e+03 6.005175e-07
1.208000e+03 3.534102e-07
1.209000e+03 2.680956e-07
1.210000e+03 2.420792e-07
1.211000e+03 1.929182e-07
1.212000e+03 1.780176e-07
1.213000e+03 1.372491e-07
1.214000e+03 1.470029e-07
1.215000e+03 1.646683e-07
1.216000e+03 1.116563e-07
1.217000e+03 9.282379e-08
1.218000e+03 1.179530e-07
1.219000e+03 1.244464e-07
1.220000e+03 1.162393e-07
1.221000e+03 1.072910e-07
1.222000e+03 1.267450e-07
1.223000e+03 1.246574e-07
1.224000e+03 1.224360e-07
1.225000e+03 1.095783e-07
1.226000e+03 7.005083e-08
1.227000e+03 1.152308e-07
1.228000e+03 8.375611e-08
1.229000e+03 1.037801e-07
1.230000e+03 8.591134e-08
1.231000e+03 7.902907e-08
1.232000e+03 8.103841e-08
1.233000e+03 8.472174e-08
1.234000e+03 7.946301e-08
1.235000e+03 9.735445e-08
1.236000e+03 9.436663e-08
1.237000e+03 1.858478e-06
1.238000e+03 3.876828e-07
1.239000e+03 1.774062e-07
1.240000e+03 2.140331e-07
1.241000e+03 1.970805e-07
1.242000e+03 1.728151e-07
1.243000e+03 1.545954e-07
1.244000e+03 1.549890e-07
1.245000e+03 1.563137e-07
1.246000e+03 1.297573e-07
1.247000e+03 1.111247e-07
1.248000e+03 1.167042e-07
1.249000e+03 1.165438e-07
1.250000e+03 1.797003e-07
1.251000e+03 1.710299e-07
1.252000e+03 1.627514e-07
1.253000e+03 1.525655e-07
1.254000e+03 9.921854e-08
1.255000e+03 6.860802e-08
1.256000e+03 1.247798e-06
1.257000e+03 3.510024e-07
1.258000e+03 2.441287e-07
1.259000e+03 2.135428e-07
1.260000e+03 1.757091e-07
1.261000e+03 1.662477e-07
1.262000e+03 1.628585e-07
1.263000e+03 1.543307e-07
1.264000e+03 1.355408e-07
1.265000e+03 1.920245e-07
1.266000e+03 1.802674e-07
1.267000e+03 1.772287e-07
1.268000e+03 1.050815e-07
1.269000e+03 1.062985e-07
1.270000e+03 1.485754e-06
1.271000e+03 3.403776e-07
1.272000e+03 3.122463e-07
1.273000e+03 2.563908e-07
1.274000e+03 2.487561e-07
1.275000e+03 2.564668e-07
1.276000e+03 2.237153e-07
1.277000e+03 2.014985e-07
1.278000e+03 1.950070e-07
1.279000e+03 1.508117e-07
1.280000e+03 1.074789e-07
1.281000e+03 1.245495e-07
1.282000e+03 3.931464e-07
1.283000e+03 5.119078e-07
1.284000e+03 4.164517e-07
1.285000e+03 3.152154e-07
1.286000e+03 3.512584e-07
1.287000e+03 1.802657e-07
1.288000e+03 1.670288e-07
1.289000e+03 1.671427e-07
1.290000e+03 1.384381e-07
1.291000e+03 1.373210e-07
1.292000e+03 5.137807e-07
1.293000e+03 5.279649e-07
1.294000e+03 4.025737e-07
1.295000e+03 2.783965e-07
1.296000e+03 3.952964e-07
1.297000e+03 1.703098e-07
1.298000e+03 1.878497e-07
1.299000e+03 1.616711e-07
1.300000e+03 1.857611e-07
1.301000e+03 5.817058e-07
1.302000e+03 6.254144e-07
1.303000e+03 4.420140e-07
1.304000e+03 3.603831e-07
1.305000e+03 2.576770e-07
1.306000e+03 2.254729e-07
1.307000e+03 1.900413e-07
1.308000e+03 1.760323e-07
1.309000e+03 3.685455e-07
1.310000e+03 5.198749e-07
1.311000e+03 4.053568e-07
1.312000e+03 2.987151e-07
1.313000e+03 2.594871e-07
1.314000e+03 2.243087e-07
1.315000e+03 1.576773e-07
1.316000e+03 1.396598e-07
1.317000e+03 4.825007e-07
1.318000e+03 3.879595e-07
1.319000e+03 2.945097e-07
1.320000e+03 2.348321e-07
1.321000e+03 1.762360e-07
1.322000e+03 1.699948e-07
1.323000e+03 1.350029e-07
1.324000e+03 1.352134e-07
1.325000e+03 1.502669e-06
1.326000e+03 3.732150e-07
1.327000e+03 2.664438e-07
1.328000e+03 2.545732e-07
1.329000e+03 1.642206e-07
1.330000e+03 1.506653e-07
1.331000e+03 1.357589e-07
1.332000e+03 1.151526e-06
1.333000e+03 4.202117e-07
1.334000e+03 3.202764e-07
1.335000e+03 2.377757e-07
1.336000e+03 2.288267e-07
1.337000e+03 2.182947e-07
1.338000e+03 1.892790e-07
1.339000e+03 1.648895e-07
1.340000e+03 1.430550e-06
1.341000e+03 3.451833e-07
1.342000e+03 3.137374e-07
1.343000e+03 3.406575e-07
1.344000e+03 3.218992e-07
1.345000e+03 2.803772e-07
1.346000e+03 2.414065e-07
1.347000e+03 2.162012e-07
1.348000e+03 1.139021e-06
1.349000e+03 4.297381e-07
1.350000e+03 3.419713e-07
1.351000e+03 3.069276e-07
1.352000e+03 2.815355e-07
1.353000e+03 1.606261e-07
1.354000e+03 1.193384e-07
1.355000e+03 1.330987e-07
1.356000e+03 1.051860e-06
1.357000e+03 4.214051e-07
1.358000e+03 3.565121e-07
1.359000e+03 2.714609e-07
1.360000e+03 2.167208e-07
1.361000e+03 1.848654e-07
1.362000e+03 1.428066e-07
1.363000e+03 1.116072e-07
1.364000e+03 1.176732e-06
1.365000e+03 3.822268e-07
1.366000e+03 2.582978e-07
1.367000e+03 2.208841e-07
1.368000e+03 2.118943e-07
1.369000e+03 1.681990e-07
1.370000e+03 1.327911e-07
1.371000e+03 1.131161e-07
1.372000e+03 1.049991e-07
1.373000e+03 1.135862e-06
1.374000e+03 4.424084e-07
1.375000e+03 3.200684e-07
1.376000e+03 2.594895e-07
1.377000e+03 2.080277e-07
1.378000e+03 1.747966e-07
1.379000e+03 1.863376e-07
1.380000e+03 1.852268e-07
1.381000e+03 1.894910e-07
1.382000e+03 1.741722e-06
1.383000e+03 5.121671e-07
1.384000e+03 4.946679e-07
1.385000e+03 2.898168e-07
1.386000e+03 2.205453e-07
1.387000e+03 1.959851e-07
1.388000e+03 1.635108e-07
1.389000e+03 1.327473e-07
1.390000e+03 1.174791e-07
1.391000e+03 1.013565e-07
1.392000e+03 2.500173e-07
1.393000e+03 5.695821e-07
1.394000e+03 4.175134e-07
1.395000e+03 3.542440e-07
1.396000e+03 2.834254e-07
1.397000e+03 1.725982e-07
1.398000e+03 1.548371e-07
1.399000e+03 1.094520e-07
1.400000e+03 5.878534e-07
1.401000e+03 5.636286e-07
1.402000e+03 5.235260e-07
1.403000e+03 4.451848e-07
1.404000e+03 1.817250e-06
1.405000e+03 4.572941e-07
1.406000e+03 4.016503e-07
1.407000e+03 3.229548e-07
1.408000e+03 2.547050e-07
1.409000e+03 1.798242e-07
1.410000e+03 1.508508e-07
1.411000e+03 6.478941e-07
1.412000e+03 6.404252e-07
1.413000e+03 5.264131e-07
1.414000e+03 4.546115e-07
1.415000e+03 4.132543e-07
1.416000e+03 3.388119e-07
1.417000e+03 1.702423e-06
1.418000e+03 2.631754e-07
1.419000e+03 3.410213e-07
1.420000e+03 1.846482e-07
1.421000e+03 1.923761e-07
1.422000e+03 6.510036e-07
1.423000e+03 1.572372e-07
1.424000e+03 5.730599e-07
1.425000e+03 5.401924e-07
1.426000e+03 4.762724e-07
1.427000e+03 3.820359e-07
1.428000e+03 3.277124e-07
1.429000e+03 2.597254e-07
1.430000e+03 2.493296e-07
1.431000e+03 1.655908e-06
1.432000e+03 2.496883e-07
1.433000e+03 2.541240e-07
1.434000e+03 1.569267e-07
1.435000e+03 1.436397e-07
1.436000e+03 1.421448e-07
1.437000e+03 5.662226e-07
1.438000e+03 5.457088e-07
1.439000e+03 4.449419e-07
1.440000e+03 3.896575e-07
1.441000e+03 3.431381e-07
1.442000e+03 2.993482e-07
1.443000e+03 2.696295e-07
1.444000e+03 2.454191e-07
1.445000e+03 2.298602e-07
1.446000e+03 1.901075e-07
1.447000e+03 1.750540e-07
1.448000e+03 1.228716e-06
1.449000e+03 3.021205e-07
1.450000e+03 2.137227e-07
1.451000e+03 1.450392e-07
1.452000e+03 1.192176e-07
1.453000e+03 9.473300e-08
1.454000e+03 4.766863e-07
1.455000e+03 4.313967e-07
1.456000e+03 3.830004e-07
1.457000e+03 3.338384e-07
1.458000e+03 2.909663e-07
1.459000e+03 2.545250e-07
1.460000e+03 2.410029e-07
1.461000e+03 2.195480e-07
1.462000e+03 1.908583e-07
1.463000e+03 1.808384e-07
1.464000e+03 1.705718e-07
1.465000e+03 1.644060e-07
1.466000e+03 1.583142e-07
1.467000e+03 1.520298e-07
1.468000e+03 1.404634e-06
1.469000e+03 2.415968e-07
1.470000e+03 2.342503e-07
1.471000e+03 1.990038e-07
1.472000e+03 1.596376e-07
1.473000e+03 1.265750e-07
1.474000e+03 1.051135e-07
1.475000e+03 7.790802e-08
1.476000e+03 3.807753e-07
1.477000e+03 3.569701e-07
1.478000e+03 3.026044e-07
1.479000e+03 2.484045e-07
1.480000e+03 2.434573e-07
1.481000e+03 2.103249e-07
1.482000e+03 1.914029e-07
1.483000e+03 1.753598e-07
1.484000e+03 1.710427e-07
1.485000e+03 1.661003e-07
1.486000e+03 1.601373e-07
1.487000e+03 1.580335e-07
1.488000e+03 1.568860e-07
1.489000e+03 1.524243e-07
1.490000e+03 1.223832e-06
1.491000e+03 2.448797e-07
1.492000e+03 2.274789e-07
1.493000e+03 2.237163e-07
1.494000e+03 1.031704e-07
1.495000e+03 1.207165e-07
1.496000e+03 9.423911e-08
1.497000e+03 4.908121e-08
1.498000e+03 3.126158e-07
1.499000e+03 2.853746e-07
1.500000e+03 2.426780e-07
1.501000e+03 2.196753e-07
1.502000e+03 2.018594e-07
1.503000e+03 1.933359e-07
1.504000e+03 1.873026e-07
1.505000e+03 2.424175e-08
1.506000e+03 1.833479e-08
1.507000e+03 2.063253e-08
1.508000e+03 1.556719e-08
1.509000e+03 2.035897e-08
1.510000e+03 1.362465e-08
1.511000e+03 1.422222e-08
1.512000e+03 1.400538e-07
1.513000e+03 1.348466e-07
1.514000e+03 1.214534e-08
1.515000e+03 1.303861e-08
1.516000e+03 1.076309e-06
1.517000e+03 2.834915e-07
1.518000e+03 2.081106e-07
1.519000e+03 1.507586e-07
1.520000e+03 1.140155e-07
1.521000e+03 1.034476e-07
1.522000e+03 7.986809e-08
1.523000e+03 6.793155e-08
1.524000e+03 4.664350e-08
1.525000e+03 4.813612e-08
1.526000e+03 2.617869e-07
1.527000e+03 2.408756e-07
1.528000e+03 2.116252e-07
1.529000e+03 1.904197e-07
1.530000e+03 1.779728e-07
1.531000e+03 1.680139e-07
1.532000e+03 1.447367e-07
1.533000e+03 1.608109e-07
1.534000e+03 1.347582e-07
1.535000e+03 1.292401e-07
1.536000e+03 1.274861e-07
1.537000e+03 1.240848e-07
1.538000e+03 1.151548e-07
1.539000e+03 1.271239e-07
1.540000e+03 1.255377e-07
1.541000e+03 1.216079e-07
1.542000e+03 1.222332e-07
1.543000e+03 1.053667e-06
1.544000e+03 1.996313e-07
1.545000e+03 1.677426e-07
1.546000e+03 1.233496e-07
1.547000e+03 1.061230e-07
1.548000e+03 7.994050e-08
1.549000e+03 7.223788e-08
1.550000e+03 5.722013e-08
1.551000e+03 2.971294e-07
1.552000e+03 2.787645e-07
1.553000e+03 2.471469e-07
1.554000e+03 2.178547e-07
1.555000e+03 1.969762e-07
1.556000e+03 1.829526e-07
1.557000e+03 1.693186e-07
1.558000e+03 1.515963e-07
1.559000e+03 1.479793e-07
1.560000e+03 2.180524e-08
1.561000e+03 1.367842e-07
1.562000e+03 1.333196e-07
1.563000e+03 1.257485e-07
1.564000e+03 1.230129e-07
1.565000e+03 1.205243e-07
1.566000e+03 1.180165e-07
1.567000e+03 1.183734e-07
1.568000e+03 1.176153e-07
1.569000e+03 1.153944e-07
1.570000e+03 1.326593e-06
1.571000e+03 2.096402e-07
1.572000e+03 1.499503e-07
1.573000e+03 1.268692e-07
1.574000e+03 1.015785e-07
1.575000e+03 7.900537e-08
1.576000e+03 6.103078e-08
1.577000e+03 5.454760e-08
1.578000e+03 5.601891e-08
1.579000e+03 4.852170e-08
1.580000e+03 4.302020e-08
1.581000e+03 2.034703e-07
1.582000e+03 1.998659e-07
1.583000e+03 1.794562e-07
1.584000e+03 1.616772e-07
1.585000e+03 1.646763e-07
1.586000e+03 1.500837e-07
1.587000e+03 1.870909e-08
1.588000e+03 1.411694e-08
1.589000e+03 1.281941e-08
1.590000e+03 1.658921e-08
1.591000e+03 1.198772e-07
1.592000e+03 1.267449e-08
1.593000e+03 1.142772e-08
1.594000e+03 1.150503e-08
1.595000e+03 1.123088e-08
1.596000e+03 9.731457e-09
1.597000e+03 1.140051e-07
1.598000e+03 1.009253e-08
1.599000e+03 1.188175e-06
1.600000e+03 1.786267e-07
1.601000e+03 1.590713e-07
1.602000e+03 1.205444e-07
1.603000e+03 7.382656e-08
1.604000e+03 1.065861e-07
1.605000e+03 8.015167e-08
1.606000e+03 6.109217e-08
1.607000e+03 5.307637e-08
1.608000e+03 4.571623e-08
1.609000e+03 4.375536e-08
1.610000e+03 4.179127e-08
1.611000e+03 3.220088e-08
1.612000e+03 1.776594e-07
1.613000e+03 1.707046e-07
1.614000e+03 1.710433e-07
1.615000e+03 1.465830e-07
1.616000e+03 1.425386e-07
1.617000e+03 1.360726e-07
1.618000e+03 1.312930e-07
1.619000e+03 1.250527e-07
1.620000e+03 1.161944e-07
1.621000e+03 1.126567e-07
1.622000e+03 1.094833e-07
1.623000e+03 1.202225e-08
1.624000e+03 1.037838e-07
1.625000e+03 1.055827e-07
1.626000e+03 1.027976e-07
1.627000e+03 1.019937e-07
1.628000e+03 1.020058e-07
1.629000e+03 1.037346e-06
1.630000e+03 2.436687e-07
1.631000e+03 2.178606e-07
1.632000e+03 1.728341e-07
1.633000e+03 1.415421e-07
1.634000e+03 1.090166e-07
1.635000e+03 8.863733e-08
1.636000e+03 7.009145e-08
1.637000e+03 6.612758e-08
1.638000e+03 4.021260e-08
1.639000e+03 3.393467e-08
1.640000e+03 3.619663e-08
1.641000e+03 3.308931e-08
1.642000e+03 2.937775e-08
1.643000e+03 2.740034e-08
1.644000e+03 1.453929e-07
1.645000e+03 1.407992e-07
1.646000e+03 2.270499e-08
1.647000e+03 1.858946e-08
1.648000e+03 1.682808e-08
1.649000e+03 1.622562e-08
1.650000e+03 1.501250e-08
1.651000e+03 1.385953e-08
1.652000e+03 1.246085e-08
1.653000e+03 1.303876e-08
1.654000e+03 1.277268e-08
1.655000e+03 1.504013e-08
1.656000e+03 1.342317e-08
1.657000e+03 1.306064e-08
1.658000e+03 1.278618e-08
1.659000e+03 1.221931e-06
1.660000e+03 2.504037e-07
1.661000e+03 1.657928e-07
1.662000e+03 1.267116e-07
1.663000e+03 1.241390e-07
1.664000e+03 7.655653e-08
1.665000e+03 6.179360e-08
1.666000e+03 5.710319e-08
1.667000e+03 5.111530e-08
1.668000e+03 4.958148e-08
1.669000e+03 4.504563e-08
1.670000e+03 4.116444e-08
1.671000e+03 1.854751e-07
1.672000e+03 1.916057e-07
1.673000e+03 1.705816e-07
1.674000e+03 1.633369e-07
1.675000e+03 1.515979e-07
1.676000e+03 1.426499e-07
1.677000e+03 1.339249e-07
1.678000e+03 1.277102e-07
1.679000e+03 1.233683e-07
1.680000e+03 1.198392e-07
1.681000e+03 1.096004e-07
1.682000e+03 9.548590e-08
1.683000e+03 9.133006e-08
1.684000e+03 8.855451e-08
1.685000e+03 8.625383e-08
1.686000e+03 8.466753e-08
1.687000e+03 7.742187e-08
1.688000e+03 8.012454e-08
1.689000e+03 7.600334e-08
1.690000e+03 8.164615e-08
1.691000e+03 8.187861e-08
1.692000e+03 8.115442e-08
1.693000e+03 9.038794e-08
1.694000e+03 1.226808e-08
1.695000e+03 7.686402e-09
1.696000e+03 7.942661e-08
1.697000e+03 8.056855e-08
1.698000e+03 8.685746e-08
1.699000e+03 1.225188e-06
1.700000e+03 3.016230e-07
1.701000e+03 2.508472e-07
1.702000e+03 1.898277e-07
1.703000e+03 1.486125e-07
1.704000e+03 1.089150e-07
1.705000e+03 1.046320e-07
1.706000e+03 5.675532e-08
1.707000e+03 4.749996e-08
1.708000e+03 4.095888e-08
1.709000e+03 4.234330e-08
1.710000e+03 3.837199e-08
1.711000e+03 4.717713e-08
1.712000e+03 4.560719e-08
1.713000e+03 3.326475e-08
1.714000e+03 1.396871e-07
1.715000e+03 1.320024e-07
1.716000e+03 2.939508e-08
1.717000e+03 1.126625e-07
1.718000e+03 1.930806e-08
1.719000e+03 9.965320e-08
1.720000e+03 9.732632e-08
1.721000e+03 9.462392e-08
1.722000e+03 9.421215e-08
1.723000e+03 9.131705e-08
1.724000e+03 8.071702e-08
1.725000e+03 7.869132e-08
1.726000e+03 8.468065e-08
1.727000e+03 8.629972e-08
1.728000e+03 8.525833e-08
1.729000e+03 8.422533e-08
1.730000e+03 8.286465e-08
1.731000e+03 8.102426e-08
1.732000e+03 7.581541e-08
1.733000e+03 7.322828e-08
1.734000e+03 7.444878e-08
1.735000e+03 7.202088e-08
1.736000e+03 7.105969e-08
1.737000e+03 7.073927e-08
1.738000e+03 6.980560e-08
1.739000e+03 7.404003e-08
1.740000e+03 7.413504e-08
1.741000e+03 6.581418e-08
1.742000e+03 6.738238e-08
1.743000e+03 1.561100e-06
1.744000e+03 2.849010e-07
1.745000e+03 2.265207e-07
1.746000e+03 1.726481e-07
1.747000e+03 1.123669e-07
1.748000e+03 9.292377e-08
1.749000e+03 7.680602e-08
1.750000e+03 6.944683e-08
1.751000e+03 5.909183e-08
1.752000e+03 5.147000e-08
1.753000e+03 4.492676e-08
1.754000e+03 3.588918e-08
1.755000e+03 1.739290e-07
1.756000e+03 1.686075e-07
1.757000e+03 1.534144e-07
1.758000e+03 1.402047e-07
1.759000e+03 1.268351e-07
1.760000e+03 1.200162e-07
1.761000e+03 1.137473e-07
1.762000e+03 1.061287e-07
1.763000e+03 9.475678e-08
1.764000e+03 8.771630e-08
1.765000e+03 8.452047e-08
1.766000e+03 8.536336e-08
1.767000e+03 7.608068e-08
1.768000e+03 7.231097e-08
1.769000e+03 6.104041e-08
1.770000e+03 6.706885e-08
1.771000e+03 7.024839e-08
1.772000e+03 6.961838e-08
1.773000e+03 6.837690e-08
1.774000e+03 6.692977e-08
1.775000e+03 6.671394e-08
1.776000e+03 6.636481e-08
1.777000e+03 6.520323e-08
1.778000e+03 6.539868e-08
1.779000e+03 6.655891e-08
1.780000e+03 6.725917e-08
1.781000e+03 6.998861e-08
1.782000e+03 6.949466e-08
1.783000e+03 6.978879e-08
1.784000e+03 6.801682e-08
1.785000e+03 7.009740e-08
1.786000e+03 6.902019e-08
1.787000e+03 7.061219e-08
1.788000e+03 7.016675e-08
1.789000e+03 7.252355e-08
1.790000e+03 6.521759e-08
1.791000e+03 6.655600e-08
1.792000e+03 6.588973e-08
1.793000e+03 6.685781e-08
1.794000e+03 6.705621e-08
1.795000e+03 6.807351e-08
1.796000e+03 6.735788e-08
1.797000e+03 1.405591e-06
1.798000e+03 3.124731e-07
1.799000e+03 2.974151e-07
1.800000e+03 2.567405e-07
1.801000e+03 2.096482e-07
1.802000e+03 1.656303e-07
1.803000e+03 1.273616e-07
1.804000e+03 9.805894e-08
1.805000e+03 7.363009e-08
1.806000e+03 6.031500e-08
1.807000e+03 4.413100e-08
1.808000e+03 3.804063e-08
1.809000e+03 1.556715e-07
1.810000e+03 1.487384e-07
1.811000e+03 1.324012e-07
1.812000e+03 1.178766e-07
1.813000e+03 1.058770e-07
1.814000e+03 9.530988e-08
1.815000e+03 8.882973e-08
1.816000e+03 8.315145e-08
1.817000e+03 7.831612e-08
1.818000e+03 7.431912e-08
1.819000e+03 7.061236e-08
1.820000e+03 7.094026e-08
1.821000e+03 7.200936e-08
1.822000e+03 7.092738e-08
1.823000e+03 7.030711e-08
1.824000e+03 6.457284e-08
1.825000e+03 6.711312e-08
1.826000e+03 6.691756e-08
1.827000e+03 6.647279e-08
1.828000e+03 6.653532e-08
1.829000e+03 6.325438e-08
1.830000e+03 6.298738e-08
1.831000e+03 6.233013e-08
1.832000e+03 6.298199e-08
1.833000e+03 6.230378e-08
1.834000e+03 6.161729e-08
1.835000e+03 6.196426e-08
1.836000e+03 6.100167e-08
1.837000e+03 5.943960e-08
1.838000e+03 5.969695e-08
1.839000e+03 5.975270e-08
1.840000e+03 5.851749e-08
1.841000e+03 5.861699e-08
1.842000e+03 5.764897e-08
1.843000e+03 5.748364e-08
1.844000e+03 5.813161e-08
1.845000e+03 5.805620e-08
1.846000e+03 5.710897e-08
1.847000e+03 5.650381e-08
1.848000e+03 5.622089e-08
1.849000e+03 5.643332e-08
1.850000e+03 5.858827e-08
1.851000e+03 4.915414e-08
1.852000e+03 5.485778e-08
1.853000e+03 5.970445e-08
1.854000e+03 6.008986e-08
1.855000e+03 5.779033e-08
1.856000e+03 5.727493e-08
1.857000e+03 5.733544e-08
1.858000e+03 5.623957e-08
1.859000e+03 5.379335e-08
1.860000e+03 1.341657e-06
1.861000e+03 2.868553e-07
1.862000e+03 2.486719e-07
1.863000e+03 2.011401e-07
1.864000e+03 1.654353e-07
1.865000e+03 1.526778e-07
1.866000e+03 1.253228e-07
1.867000e+03 1.001805e-07
1.868000e+03 8.151765e-08
1.869000e+03 6.366591e-08
1.870000e+03 4.290464e-08
1.871000e+03 4.282725e-08
1.872000e+03 3.749233e-08
1.873000e+03 1.244454e-07
1.874000e+03 1.234261e-07
1.875000e+03 1.123099e-07
1.876000e+03 9.854920e-08
1.877000e+03 8.936578e-08
1.878000e+03 8.224730e-08
1.879000e+03 7.152998e-08
1.880000e+03 7.152721e-08
1.881000e+03 6.864742e-08
1.882000e+03 6.359138e-08
1.883000e+03 6.217071e-08
1.884000e+03 5.899164e-08
1.885000e+03 5.781555e-08
1.886000e+03 5.655000e-08
1.887000e+03 5.771769e-08
1.888000e+03 5.646737e-08
1.889000e+03 5.509161e-08
1.890000e+03 5.477105e-08
1.891000e+03 5.437222e-08
1.892000e+03 5.434041e-08
1.893000e+03 5.290479e-08
1.894000e+03 5.263529e-08
1.895000e+03 5.289421e-08
1.896000e+03 5.090994e-08
1.897000e+03 5.153777e-08
1.898000e+03 5.006755e-08
1.899000e+03 5.261543e-08
1.900000e+03 5.227602e-08
1.901000e+03 5.278941e-08
1.902000e+03 5.238430e-08
1.903000e+03 5.214520e-08
1.904000e+03 5.196128e-08
1.905000e+03 5.088680e-08
1.906000e+03 4.524068e-08
1.907000e+03 4.807808e-08
1.908000e+03 5.238777e-08
1.909000e+03 5.120874e-08
1.910000e+03 4.878626e-08
1.911000e+03 4.895137e-08
1.912000e+03 4.807252e-08
1.913000e+03 4.896250e-08
1.914000e+03 5.265766e-08
1.915000e+03 5.215257e-08
1.916000e+03 4.966719e-08
1.917000e+03 5.148323e-08
1.918000e+03 5.132742e-08
1.919000e+03 5.158662e-08
1.920000e+03 5.146643e-08
1.921000e+03 5.124276e-08
1.922000e+03 5.075462e-08
1.923000e+03 5.117900e-08
1.924000e+03 5.031226e-08
1.925000e+03 4.557708e-08
1.926000e+03 4.634297e-08
1.927000e+03 4.560634e-08
1.928000e+03 4.628602e-08
1.929000e+03 4.738388e-08
1.930000e+03 4.566215e-08
1.931000e+03 4.635131e-08
1.932000e+03 4.577791e-08
1.933000e+03 9.581971e-07
1.934000e+03 3.328144e-07
1.935000e+03 1.797171e-07
1.936000e+03 1.229652e-07
1.937000e+03 9.396588e-08
1.938000e+03 7.626630e-08
1.939000e+03 6.622761e-08
1.940000e+03 6.222276e-08
1.941000e+03 5.287536e-08
1.942000e+03 4.500822e-08
1.943000e+03 3.887612e-08
1.944000e+03 3.382539e-08
1.945000e+03 2.474850e-08
1.946000e+03 1.202138e-07
1.947000e+03 1.175148e-07
1.948000e+03 1.079423e-07
1.949000e+03 9.873786e-08
1.950000e+03 8.669363e-08
1.951000e+03 8.098779e-08
1.952000e+03 7.378430e-08
1.953000e+03 6.909381e-08
1.954000e+03 6.521813e-08
1.955000e+03 6.141050e-08
1.956000e+03 5.826977e-08
1.957000e+03 5.498376e-08
1.958000e+03 5.281237e-08
1.959000e+03 5.430501e-08
1.960000e+03 5.313351e-08
1.961000e+03 4.672234e-08
1.962000e+03 4.929945e-08
1.963000e+03 4.894631e-08
1.964000e+03 4.766885e-08
1.965000e+03 4.659866e-08
1.966000e+03 4.522527e-08
1.967000e+03 4.581438e-08
1.968000e+03 4.577066e-08
1.969000e+03 4.461469e-08
1.970000e+03 4.506364e-08
1.971000e+03 4.482332e-08
1.972000e+03 4.627445e-08
1.973000e+03 4.555732e-08
1.974000e+03 4.466204e-08
1.975000e+03 4.556320e-08
1.976000e+03 4.441449e-08
1.977000e+03 4.517563e-08
1.978000e+03 4.424215e-08
1.979000e+03 4.462392e-08
1.980000e+03 4.458300e-08
1.981000e+03 4.451970e-08
1.982000e+03 4.332921e-08
1.983000e+03 4.382872e-08
1.984000e+03 4.274641e-08
1.985000e+03 4.365906e-08
1.986000e+03 4.401728e-08
1.987000e+03 4.359017e-08
1.988000e+03 4.313632e-08
1.989000e+03 3.428862e-08
1.990000e+03 3.775924e-08
1.991000e+03 3.962776e-08
1.992000e+03 4.059759e-08
1.993000e+03 4.111601e-08
1.994000e+03 4.111640e-08
1.995000e+03 4.043104e-08
1.996000e+03 3.843333e-08
1.997000e+03 3.865995e-08
1.998000e+03 3.819045e-08
1.999000e+03 3.832401e-08
2.000000e+03 3.874534e-08
2.001000e+03 3.919144e-08
2.002000e+03 3.834082e-08
2.003000e+03 3.862649e-08
2.004000e+03 3.853829e-08
2.005000e+03 3.893786e-08
2.006000e+03 3.736887e-08
2.007000e+03 3.748574e-08
2.008000e+03 3.688650e-08
2.009000e+03 3.765989e-08
2.010000e+03 3.742292e-08
2.011000e+03 3.697259e-08
2.012000e+03 3.696819e-08
2.013000e+03 3.645487e-08
2.014000e+03 3.641730e-08
2.015000e+03 3.667917e-08
2.016000e+03 3.623085e-08
2.017000e+03 3.116539e-08
2.018000e+03 3.253824e-08
2.019000e+03 3.382497e-08
2.020000e+03 1.492280e-06
2.021000e+03 2.609094e-07
2.022000e+03 1.748793e-07
2.023000e+03 1.336166e-07
2.024000e+03 1.090030e-07
2.025000e+03 9.123046e-08
2.026000e+03 7.422687e-08
2.027000e+03 6.482676e-08
2.028000e+03 5.446391e-08
2.029000e+03 4.598404e-08
2.030000e+03 3.675048e-08
2.031000e+03 3.922110e-08
2.032000e+03 3.485697e-08
2.033000e+03 3.034954e-08
2.034000e+03 2.726366e-08
2.035000e+03 1.029991e-07
2.036000e+03 1.015738e-07
2.037000e+03 9.378519e-08
2.038000e+03 8.484923e-08
2.039000e+03 7.742602e-08
2.040000e+03 7.078270e-08
2.041000e+03 5.866490e-08
2.042000e+03 5.376390e-08
2.043000e+03 5.092628e-08
2.044000e+03 4.938641e-08
2.045000e+03 4.137668e-08
2.046000e+03 4.264731e-08
2.047000e+03 4.272913e-08
2.048000e+03 4.296652e-08
2.049000e+03 4.204826e-08
2.050000e+03 4.157739e-08
2.051000e+03 4.115955e-08
2.052000e+03 4.209645e-08
2.053000e+03 4.525155e-08
2.054000e+03 4.311739e-08
2.055000e+03 4.440801e-08
2.056000e+03 4.303304e-08
2.057000e+03 4.361493e-08
2.058000e+03 4.409325e-08
2.059000e+03 4.422438e-08
2.060000e+03 4.424770e-08
2.061000e+03 4.351028e-08
2.062000e+03 4.218464e-08
2.063000e+03 4.177008e-08
2.064000e+03 4.182962e-08
2.065000e+03 4.300508e-08
2.066000e+03 4.309753e-08
2.067000e+03 4.254994e-08
2.068000e+03 4.294250e-08
2.069000e+03 4.199100e-08
2.070000e+03 4.113089e-08
2.071000e+03 4.134952e-08
2.072000e+03 3.862739e-08
2.073000e+03 2.952838e-08
2.074000e+03 3.242860e-08
2.075000e+03 3.589697e-08
2.076000e+03 3.620240e-08
2.077000e+03 3.717176e-08
2.078000e+03 3.671619e-08
2.079000e+03 3.737722e-08
2.080000e+03 3.493910e-08
2.081000e+03 3.719563e-08
2.082000e+03 3.716860e-08
2.083000e+03 3.770428e-08
2.084000e+03 3.508537e-08
2.085000e+03 3.432481e-08
2.086000e+03 3.921398e-08
2.087000e+03 4.076769e-08
2.088000e+03 3.672112e-08
2.089000e+03 3.732163e-08
2.090000e+03 3.872259e-08
2.091000e+03 3.825036e-08
2.092000e+03 3.814545e-08
2.093000e+03 3.732010e-08
2.094000e+03 3.539291e-08
2.095000e+03 3.531988e-08
2.096000e+03 3.788028e-08
2.097000e+03 3.704996e-08
2.098000e+03 3.734881e-08
2.099000e+03 3.648969e-08
2.100000e+03 3.685601e-08
2.101000e+03 2.914916e-08
2.102000e+03 3.172933e-08
2.103000e+03 3.340321e-08
2.104000e+03 3.297637e-08
2.105000e+03 3.455791e-08
2.106000e+03 3.323604e-08
2.107000e+03 3.046667e-08
2.108000e+03 3.381284e-08
2.109000e+03 3.329712e-08
2.110000e+03 3.326530e-08
2.111000e+03 3.313302e-08
2.112000e+03 3.383572e-08
2.113000e+03 3.298280e-08
2.114000e+03 3.291967e-08
2.115000e+03 3.310893e-08
2.116000e+03 3.315417e-08
2.117000e+03 3.249770e-08
2.118000e+03 3.253128e-08
2.119000e+03 3.252855e-08
2.120000e+03 3.243438e-08
2.121000e+03 3.259665e-08
2.122000e+03 3.248097e-08
2.123000e+03 3.255738e-08
2.124000e+03 3.219148e-08
2.125000e+03 1.597412e-06
2.126000e+03 3.124043e-07
2.127000e+03 2.220482e-07
2.128000e+03 1.796191e-07
2.129000e+03 1.455575e-07
2.130000e+03 1.254500e-07
2.131000e+03 1.040572e-07
2.132000e+03 7.465156e-08
2.133000e+03 5.404929e-08
2.134000e+03 5.481435e-08
2.135000e+03 3.905270e-08
2.136000e+03 3.221925e-08
2.137000e+03 4.606194e-08
2.138000e+03 2.509169e-08
2.139000e+03 2.432875e-08
2.140000e+03 2.143193e-08
2.141000e+03 1.887891e-08
2.142000e+03 1.672128e-08
2.143000e+03 7.115785e-08
2.144000e+03 6.921615e-08
2.145000e+03 6.390427e-08
2.146000e+03 5.889126e-08
2.147000e+03 5.491968e-08
2.148000e+03 5.077939e-08
2.149000e+03 4.812695e-08
2.150000e+03 4.544771e-08
2.151000e+03 3.983365e-08
2.152000e+03 3.773529e-08
2.153000e+03 3.840965e-08
2.154000e+03 3.848475e-08
2.155000e+03 3.960805e-08
2.156000e+03 3.795125e-08
2.157000e+03 3.195750e-08
2.158000e+03 3.426407e-08
2.159000e+03 3.631012e-08
2.160000e+03 3.568163e-08
2.161000e+03 3.638253e-08
2.162000e+03 3.645406e-08
2.163000e+03 3.556769e-08
2.164000e+03 3.728513e-08
2.165000e+03 3.576505e-08
2.166000e+03 3.478420e-08
2.167000e+03 3.373174e-08
2.168000e+03 3.350361e-08
2.169000e+03 3.387528e-08
2.170000e+03 3.283804e-08
2.171000e+03 3.288543e-08
2.172000e+03 3.290178e-08
2.173000e+03 3.251290e-08
2.174000e+03 3.170846e-08
2.175000e+03 3.205807e-08
2.176000e+03 3.115243e-08
2.177000e+03 3.030436e-08
2.178000e+03 3.142565e-08
2.179000e+03 3.140260e-08
2.180000e+03 3.135174e-08
2.181000e+03 3.085990e-08
2.182000e+03 3.052490e-08
2.183000e+03 3.175855e-08
2.184000e+03 2.556817e-08
2.185000e+03 2.879529e-08
2.186000e+03 2.872347e-08
2.187000e+03 2.896717e-08
2.188000e+03 2.893384e-08
2.189000e+03 2.931276e-08
2.190000e+03 2.969711e-08
2.191000e+03 3.091056e-08
2.192000e+03 3.086739e-08
2.193000e+03 3.050798e-08
2.194000e+03 2.987585e-08
2.195000e+03 2.987476e-08
2.196000e+03 2.979067e-08
2.197000e+03 3.015657e-08
2.198000e+03 2.934421e-08
2.199000e+03 2.961458e-08
2.200000e+03 2.788486e-08
2.201000e+03 2.929580e-08
2.202000e+03 2.933757e-08
2.203000e+03 2.907438e-08
2.204000e+03 2.676934e-08
2.205000e+03 2.863798e-08
2.206000e+03 2.790601e-08
2.207000e+03 2.840381e-08
2.208000e+03 2.800398e-08
2.209000e+03 2.809001e-08
2.210000e+03 2.731660e-08
2.211000e+03 2.365626e-08
2.212000e+03 2.456891e-08
2.213000e+03 2.424919e-08
2.214000e+03 2.516470e-08
2.215000e+03 2.545864e-08
2.216000e+03 2.573383e-08
2.217000e+03 2.607343e-08
2.218000e+03 2.620988e-08
2.219000e+03 2.723438e-08
2.220000e+03 2.625811e-08
2.221000e+03 2.712830e-08
2.222000e+03 2.715843e-08
2.223000e+03 2.696374e-08
2.224000e+03 2.590474e-08
2.225000e+03 2.848587e-08
2.226000e+03 2.849195e-08
2.227000e+03 2.818855e-08
2.228000e+03 2.952393e-08
2.229000e+03 2.943300e-08
2.230000e+03 2.916925e-08
2.231000e+03 2.858341e-08
2.232000e+03 2.833787e-08
2.233000e+03 2.878296e-08
2.234000e+03 2.869246e-08
2.235000e+03 2.825875e-08
2.236000e+03 2.603642e-08
2.237000e+03 2.686722e-08
2.238000e+03 2.641595e-08
2.239000e+03 2.397469e-08
2.240000e+03 2.331897e-08
2.241000e+03 2.460297e-08
2.242000e+03 2.393548e-08
2.243000e+03 2.465030e-08
2.244000e+03 2.457827e-08
2.245000e+03 2.470173e-08
2.246000e+03 2.558997e-08
2.247000e+03 2.681406e-08
2.248000e+03 2.525403e-08
2.249000e+03 2.658065e-08
2.250000e+03 2.653075e-08
2.251000e+03 2.661136e-08
2.252000e+03 2.678467e-08
2.253000e+03 2.609774e-08
2.254000e+03 2.574447e-08
2.255000e+03 2.656104e-08
2.256000e+03 2.686458e-08
2.257000e+03 2.543793e-08
2.258000e+03 1.238452e-06
2.259000e+03 2.893820e-07
2.260000e+03 1.679731e-07
2.261000e+03 1.552163e-07
2.262000e+03 1.221380e-07
2.263000e+03 1.127200e-07
2.264000e+03 9.075879e-08
2.265000e+03 7.265447e-08
2.266000e+03 5.980416e-08
2.267000e+03 3.853330e-08
2.268000e+03 3.949410e-08
2.269000e+03 3.447507e-08
2.270000e+03 3.014124e-08
2.271000e+03 2.683402e-08
2.272000e+03 2.134854e-08
2.273000e+03 2.012645e-08
2.274000e+03 1.801919e-08
2.275000e+03 8.226909e-08
2.276000e+03 8.105664e-08
2.277000e+03 7.411849e-08
2.278000e+03 6.688666e-08
2.279000e+03 6.074782e-08
2.280000e+03 5.513242e-08
2.281000e+03 5.075381e-08
2.282000e+03 4.581482e-08
2.283000e+03 4.093465e-08
2.284000e+03 3.944154e-08
2.285000e+03 3.729789e-08
2.286000e+03 3.551650e-08
2.287000e+03 3.454152e-08
2.288000e+03 3.426917e-08
2.289000e+03 3.444471e-08
2.290000e+03 3.446185e-08
2.291000e+03 3.229854e-08
2.292000e+03 3.330229e-08
2.293000e+03 3.287820e-08
2.294000e+03 3.094104e-08
2.295000e+03 3.244544e-08
2.296000e+03 3.170491e-08
2.297000e+03 3.348557e-08
2.298000e+03 3.282013e-08
2.299000e+03 3.239702e-08
2.300000e+03 3.197902e-08
2.301000e+03 3.196044e-08
2.302000e+03 3.160656e-08
2.303000e+03 3.119960e-08
2.304000e+03 3.039696e-08
2.305000e+03 2.987315e-08
2.306000e+03 2.952954e-08
2.307000e+03 2.872154e-08
2.308000e+03 2.779208e-08
2.309000e+03 2.574290e-08
2.310000e+03 2.723481e-08
2.311000e+03 2.801530e-08
2.312000e+03 2.798084e-08
2.313000e+03 2.803728e-08
2.314000e+03 2.627715e-08
2.315000e+03 2.679615e-08
2.316000e+03 2.686716e-08
2.317000e+03 2.691770e-08
2.318000e+03 2.459891e-08
2.319000e+03 2.560200e-08
2.320000e+03 2.426606e-08
2.321000e+03 2.289694e-08
2.322000e+03 2.251893e-08
2.323000e+03 2.315100e-08
2.324000e+03 2.400863e-08
2.325000e+03 2.421419e-08
2.326000e+03 2.394756e-08
2.327000e+03 2.430870e-08
2.328000e+03 2.276319e-08
2.329000e+03 2.396263e-08
2.330000e+03 2.392541e-08
2.331000e+03 2.510261e-08
2.332000e+03 2.510348e-08
2.333000e+03 2.477779e-08
2.334000e+03 2.440070e-08
2.335000e+03 2.457769e-08
2.336000e+03 2.212014e-08
2.337000e+03 2.385063e-08
2.338000e+03 2.359945e-08
2.339000e+03 2.433965e-08
2.340000e+03 2.462314e-08
2.341000e+03 2.442422e-08
2.342000e+03 2.397601e-08
2.343000e+03 2.234534e-08
2.344000e+03 2.021496e-08
2.345000e+03 2.179233e-08
2.346000e+03 2.075777e-08
2.347000e+03 2.214630e-08
2.348000e+03 2.122978e-08
2.349000e+03 1.971896e-08
2.350000e+03 1.803544e-08
2.351000e+03 1.915107e-08
2.352000e+03 1.936337e-08
2.353000e+03 1.993454e-08
2.354000e+03 2.058101e-08
2.355000e+03 2.093252e-08
2.356000e+03 2.213361e-08
2.357000e+03 2.244115e-08
2.358000e+03 2.269751e-08
2.359000e+03 2.088456e-08
2.360000e+03 2.045963e-08
2.361000e+03 2.088516e-08
2.362000e+03 2.021614e-08
2.363000e+03 1.979576e-08
2.364000e+03 2.024624e-08
2.365000e+03 2.124731e-08
2.366000e+03 1.948616e-08
2.367000e+03 1.982848e-08
2.368000e+03 2.007100e-08
2.369000e+03 2.053472e-08
2.370000e+03 2.051408e-08
2.371000e+03 1.852464e-08
2.372000e+03 1.931967e-08
2.373000e+03 1.912954e-08
2.374000e+03 1.953121e-08
2.375000e+03 2.084212e-08
2.376000e+03 2.057296e-08
2.377000e+03 1.876573e-08
2.378000e+03 1.807572e-08
2.379000e+03 1.832435e-08
2.380000e+03 1.899198e-08
2.381000e+03 1.922010e-08
2.382000e+03 1.945171e-08
2.383000e+03 1.980636e-08
2.384000e+03 2.031878e-08
2.385000e+03 2.018545e-08
2.386000e+03 2.146447e-08
2.387000e+03 2.107355e-08
2.388000e+03 2.145498e-08
2.389000e+03 2.048453e-08
2.390000e+03 2.105343e-08
2.391000e+03 2.146514e-08
2.392000e+03 2.033925e-08
2.393000e+03 2.153167e-08
2.394000e+03 2.172923e-08
2.395000e+03 2.151859e-08
2.396000e+03 2.162686e-08
2.397000e+03 2.239780e-08
2.398000e+03 1.942782e-08
2.399000e+03 2.074174e-08
2.400000e+03 2.015111e-08
2.401000e+03 2.105370e-08
2.402000e+03 2.114688e-08
2.403000e+03 2.102260e-08
2.404000e+03 1.797959e-08
2.405000e+03 1.900727e-08
2.406000e+03 1.979822e-08
2.407000e+03 2.052871e-08
2.408000e+03 2.114899e-08
2.409000e+03 2.109851e-08
2.410000e+03 2.080463e-08
2.411000e+03 2.137508e-08
2.412000e+03 2.011202e-08
2.413000e+03 1.954965e-08
2.414000e+03 2.342041e-08
2.415000e+03 2.445610e-08
2.416000e+03 2.242707e-08
2.417000e+03 2.425729e-08
2.418000e+03 2.460148e-08
2.419000e+03 1.955912e-08
2.420000e+03 2.009333e-08
2.421000e+03 1.985082e-08
2.422000e+03 2.015320e-08
2.423000e+03 1.927321e-08
2.424000e+03 1.788635e-08
2.425000e+03 1.934890e-08
2.426000e+03 1.922299e-08
2.427000e+03 1.897842e-08
2.428000e+03 2.077857e-08
2.429000e+03 2.019383e-08
2.430000e+03 1.972344e-08
2.431000e+03 1.402005e-06
2.432000e+03 3.081295e-07
2.433000e+03 2.503595e-07
2.434000e+03 1.851037e-07
2.435000e+03 1.393795e-07
2.436000e+03 1.099145e-07
2.437000e+03 8.937707e-08
2.438000e+03 7.393343e-08
2.439000e+03 6.130569e-08
2.440000e+03 5.187037e-08
2.441000e+03 4.367584e-08
2.442000e+03 3.717816e-08
2.443000e+03 2.991327e-08
2.444000e+03 2.582335e-08
2.445000e+03 2.289618e-08
2.446000e+03 2.046263e-08
2.447000e+03 9.048786e-08
2.448000e+03 8.758088e-08
2.449000e+03 8.017409e-08
2.450000e+03 6.810671e-08
2.451000e+03 6.195109e-08
2.452000e+03 5.464671e-08
2.453000e+03 4.969095e-08
2.454000e+03 4.453156e-08
2.455000e+03 3.968972e-08
2.456000e+03 3.427177e-08
2.457000e+03 3.139312e-08
2.458000e+03 2.932884e-08
2.459000e+03 2.658362e-08
2.460000e+03 2.383447e-08
2.461000e+03 2.426737e-08
2.462000e+03 2.450027e-08
2.463000e+03 2.457762e-08
2.464000e+03 2.464188e-08
2.465000e+03 2.528150e-08
2.466000e+03 2.494661e-08
2.467000e+03 2.544251e-08
2.468000e+03 2.546204e-08
2.469000e+03 2.387559e-08
2.470000e+03 2.376050e-08
2.471000e+03 2.471826e-08
2.472000e+03 2.497960e-08
2.473000e+03 2.423682e-08
2.474000e+03 2.431404e-08
2.475000e+03 2.382857e-08
2.476000e+03 2.194865e-08
2.477000e+03 2.303765e-08
2.478000e+03 2.251480e-08
2.479000e+03 2.269191e-08
2.480000e+03 2.331351e-08
2.481000e+03 2.304726e-08
2.482000e+03 2.269767e-08
2.483000e+03 2.289110e-08
2.484000e+03 2.263539e-08
2.485000e+03 2.282653e-08
2.486000e+03 2.229044e-08
2.487000e+03 2.171525e-08
2.488000e+03 2.003639e-08
2.489000e+03 1.977210e-08
2.490000e+03 2.017031e-08
2.491000e+03 2.050902e-08
2.492000e+03 2.066282e-08
2.493000e+03 2.035531e-08
2.494000e+03 1.968980e-08
2.495000e+03 1.965439e-08
2.496000e+03 2.010289e-08
2.497000e+03 2.026848e-08
2.498000e+03 1.926903e-08
2.499000e+03 1.918703e-08
2.500000e+03 1.947501e-08
2.501000e+03 1.939476e-08
2.502000e+03 1.824611e-08
2.503000e+03 1.894070e-08
2.504000e+03 1.931743e-08
2.505000e+03 1.988467e-08
2.506000e+03 1.961883e-08
2.507000e+03 2.031264e-08
2.508000e+03 1.965754e-08
2.509000e+03 1.958485e-08
2.510000e+03 1.911006e-08
2.511000e+03 1.910971e-08
2.512000e+03 1.757389e-08
2.513000e+03 1.812105e-08
2.514000e+03 1.852489e-08
2.515000e+03 1.749082e-08
2.516000e+03 1.618508e-08
2.517000e+03 1.667373e-08
2.518000e+03 1.726673e-08
2.519000e+03 1.801227e-08
2.520000e+03 1.746061e-08
2.521000e+03 1.681590e-08
2.522000e+03 1.799856e-08
2.523000e+03 1.766025e-08
2.524000e+03 1.825080e-08
2.525000e+03 1.744643e-08
2.526000e+03 1.752275e-08
2.527000e+03 1.759752e-08
2.528000e+03 1.668646e-08
2.529000e+03 1.672674e-08
2.530000e+03 1.680140e-08
2.531000e+03 1.735838e-08
2.532000e+03 1.775726e-08
2.533000e+03 1.773697e-08
2.534000e+03 1.744111e-08
2.535000e+03 1.763298e-08
2.536000e+03 1.630559e-08
2.537000e+03 1.723458e-08
2.538000e+03 1.690050e-08
2.539000e+03 1.723474e-08
2.540000e+03 1.749987e-08
2.541000e+03 1.777312e-08
2.542000e+03 1.572381e-08
2.543000e+03 1.579528e-08
2.544000e+03 1.606354e-08
2.545000e+03 1.658214e-08
2.546000e+03 1.668584e-08
2.547000e+03 1.689526e-08
2.548000e+03 1.591860e-08
2.549000e+03 1.655543e-08
2.550000e+03 1.685963e-08
2.551000e+03 1.650470e-08
2.552000e+03 1.684483e-08
2.553000e+03 1.694111e-08
2.554000e+03 1.605367e-08
2.555000e+03 1.612066e-08
2.556000e+03 1.545397e-08
2.557000e+03 1.549813e-08
2.558000e+03 1.655995e-08
2.559000e+03 1.728410e-08
2.560000e+03 1.610038e-08
2.561000e+03 1.706548e-08
2.562000e+03 1.707308e-08
2.563000e+03 1.638679e-08
2.564000e+03 1.714152e-08
2.565000e+03 1.724461e-08
2.566000e+03 1.708080e-08
2.567000e+03 1.804633e-08
2.568000e+03 1.782452e-08
2.569000e+03 1.666518e-08
2.570000e+03 1.468036e-08
2.571000e+03 1.467791e-08
2.572000e+03 1.586176e-08
2.573000e+03 1.606862e-08
2.574000e+03 1.586331e-08
2.575000e+03 1.558912e-08
2.576000e+03 1.634936e-08
2.577000e+03 1.719226e-08
2.578000e+03 1.735602e-08
2.579000e+03 1.711618e-08
2.580000e+03 1.665848e-08
2.581000e+03 1.638445e-08
2.582000e+03 1.505254e-08
2.583000e+03 1.590407e-08
2.584000e+03 1.515372e-08
2.585000e+03 1.657399e-08
2.586000e+03 1.700944e-08
2.587000e+03 1.712782e-08
2.588000e+03 1.649066e-08
2.589000e+03 1.682520e-08
2.590000e+03 1.684696e-08
2.591000e+03 1.720731e-08
2.592000e+03 1.758489e-08
2.593000e+03 1.755659e-08
2.594000e+03 1.762175e-08
2.595000e+03 1.754403e-08
2.596000e+03 1.758879e-08
2.597000e+03 1.692735e-08
2.598000e+03 1.540617e-08
2.599000e+03 1.584057e-08
2.600000e+03 1.626491e-08
2.601000e+03 1.666873e-08
2.602000e+03 1.679639e-08
2.603000e+03 1.637702e-08
2.604000e+03 1.581111e-08
2.605000e+03 1.666459e-08
2.606000e+03 1.652456e-08
2.607000e+03 1.644882e-08
2.608000e+03 1.545543e-08
2.609000e+03 1.520431e-08
2.610000e+03 1.521022e-08
2.611000e+03 1.615256e-08
2.612000e+03 1.685750e-08
2.613000e+03 1.611363e-08
2.614000e+03 1.659856e-08
2.615000e+03 1.710247e-08
2.616000e+03 1.670383e-08
2.617000e+03 1.673729e-08
2.618000e+03 1.644119e-08
2.619000e+03 1.653046e-08
2.620000e+03 1.660099e-08
2.621000e+03 1.687644e-08
2.622000e+03 1.708374e-08
2.623000e+03 1.678712e-08
2.624000e+03 1.723991e-08
2.625000e+03 1.612336e-08
2.626000e+03 1.447749e-08
2.627000e+03 1.425794e-08
2.628000e+03 1.431812e-08
2.629000e+03 1.488605e-08
2.630000e+03 1.500872e-08
2.631000e+03 1.470619e-08
2.632000e+03 1.472591e-08
2.633000e+03 1.534432e-08
2.634000e+03 1.542548e-08
2.635000e+03 1.441302e-08
2.636000e+03 1.405509e-08
2.637000e+03 1.380481e-08
2.638000e+03 1.436177e-08
2.639000e+03 1.538940e-08
2.640000e+03 1.571960e-08
2.641000e+03 1.561409e-08
2.642000e+03 1.595708e-08
2.643000e+03 1.561577e-08
2.644000e+03 1.563937e-08
2.645000e+03 1.567189e-08
2.646000e+03 1.551255e-08
2.647000e+03 1.597168e-08
2.648000e+03 1.544173e-08
2.649000e+03 1.551321e-08
2.650000e+03 1.523615e-08
2.651000e+03 1.521908e-08
2.652000e+03 1.493735e-08
2.653000e+03 1.525843e-08
2.654000e+03 1.273962e-08
2.655000e+03 1.265567e-08
2.656000e+03 1.308273e-08
2.657000e+03 1.458264e-08
2.658000e+03 1.439822e-08
2.659000e+03 1.456510e-08
2.660000e+03 1.507739e-08
2.661000e+03 1.563376e-08
2.662000e+03 1.417653e-08
2.663000e+03 1.475517e-08
2.664000e+03 1.466803e-08
2.665000e+03 1.498292e-08
2.666000e+03 1.487909e-08
2.667000e+03 1.496812e-08
2.668000e+03 1.487276e-08
2.669000e+03 1.493130e-08
2.670000e+03 1.492740e-08
2.671000e+03 1.491569e-08
2.672000e+03 1.533144e-08
2.673000e+03 1.469351e-08
2.674000e+03 1.464952e-08
2.675000e+03 1.497169e-08
2.676000e+03 1.416397e-08
2.677000e+03 1.445452e-08
2.678000e+03 1.462341e-08
2.679000e+03 1.465900e-08
2.680000e+03 1.321651e-08
2.681000e+03 1.392943e-08
2.682000e+03 1.237227e-08
2.683000e+03 1.270485e-08
2.684000e+03 1.311107e-08
2.685000e+03 1.633099e-06
2.686000e+03 3.515670e-07
2.687000e+03 2.947195e-07
2.688000e+03 2.506589e-07
2.689000e+03 1.971573e-07
2.690000e+03 1.541934e-07
2.691000e+03 1.012788e-07
2.692000e+03 8.189765e-08
2.693000e+03 6.572303e-08
2.694000e+03 5.249881e-08
2.695000e+03 4.303882e-08
2.696000e+03 3.574359e-08
2.697000e+03 2.975008e-08
2.698000e+03 2.533214e-08
2.699000e+03 2.181322e-08
2.700000e+03 1.936770e-08
2.701000e+03 7.796990e-08
2.702000e+03 7.672413e-08
2.703000e+03 6.900103e-08
2.704000e+03 5.927120e-08
2.705000e+03 5.286293e-08
2.706000e+03 4.651378e-08
2.707000e+03 4.082717e-08
2.708000e+03 3.446811e-08
2.709000e+03 3.055330e-08
2.710000e+03 2.765265e-08
2.711000e+03 2.652113e-08
2.712000e+03 2.455900e-08
2.713000e+03 2.267038e-08
2.714000e+03 2.520348e-08
2.715000e+03 2.574937e-08
2.716000e+03 2.566032e-08
2.717000e+03 2.631587e-08
2.718000e+03 2.335968e-08
2.719000e+03 2.280141e-08
2.720000e+03 2.814514e-09
2.721000e+03 2.266488e-08
2.722000e+03 2.265384e-08
2.723000e+03 2.927443e-09
2.724000e+03 2.099228e-08
2.725000e+03 2.709997e-09
2.726000e+03 1.977327e-08
2.727000e+03 2.037481e-08
2.728000e+03 1.818981e-08
2.729000e+03 1.909085e-08
2.730000e+03 1.909356e-08
2.731000e+03 1.910594e-08
2.732000e+03 1.898131e-08
2.733000e+03 1.770969e-08
2.734000e+03 1.814724e-08
2.735000e+03 1.852873e-08
2.736000e+03 1.543212e-08
2.737000e+03 1.587398e-08
2.738000e+03 1.624781e-08
2.739000e+03 1.650945e-08
2.740000e+03 1.531306e-08
2.741000e+03 1.535648e-08
2.742000e+03 1.630553e-08
2.743000e+03 1.671189e-08
2.744000e+03 1.682081e-08
2.745000e+03 1.681669e-08
2.746000e+03 1.595508e-08
2.747000e+03 1.683102e-08
2.748000e+03 1.599262e-08
2.749000e+03 1.615593e-08
2.750000e+03 1.533914e-08
2.751000e+03 1.566191e-08
2.752000e+03 1.451631e-08
2.753000e+03 1.562309e-08
2.754000e+03 1.560445e-08
2.755000e+03 1.516042e-08
2.756000e+03 1.523376e-08
2.757000e+03 1.498938e-08
2.758000e+03 1.493535e-08
2.759000e+03 1.520088e-08
2.760000e+03 1.396949e-08
2.761000e+03 1.484148e-08
2.762000e+03 1.471753e-08
2.763000e+03 1.560668e-08
2.764000e+03 1.288073e-08
2.765000e+03 1.254137e-08
2.766000e+03 1.265079e-08
2.767000e+03 1.365462e-08
2.768000e+03 1.437653e-08
2.769000e+03 1.391431e-08
2.770000e+03 1.429485e-08
2.771000e+03 1.511494e-08
2.772000e+03 1.590456e-08
2.773000e+03 1.511201e-08
2.774000e+03 1.496279e-08
2.775000e+03 1.475507e-08
2.776000e+03 1.351042e-08
2.777000e+03 1.414391e-08
2.778000e+03 1.405135e-08
2.779000e+03 1.478588e-08
2.780000e+03 1.494790e-08
2.781000e+03 1.510525e-08
2.782000e+03 1.487310e-08
2.783000e+03 1.508873e-08
2.784000e+03 1.468882e-08
2.785000e+03 1.445242e-08
2.786000e+03 1.430512e-08
2.787000e+03 1.348557e-08
2.788000e+03 1.348266e-08
2.789000e+03 1.388673e-08
2.790000e+03 1.447681e-08
2.791000e+03 1.390065e-08
2.792000e+03 1.247711e-08
2.793000e+03 1.237261e-08
2.794000e+03 1.238111e-08
2.795000e+03 1.319891e-08
2.796000e+03 1.260807e-08
2.797000e+03 1.282951e-08
2.798000e+03 1.251524e-08
2.799000e+03 1.308096e-08
2.800000e+03 1.208568e-08
2.801000e+03 1.265544e-08
2.802000e+03 1.281141e-08
2.803000e+03 1.295469e-08
2.804000e+03 1.292621e-08
2.805000e+03 1.310555e-08
2.806000e+03 1.387597e-08
2.807000e+03 1.471698e-08
2.808000e+03 1.007936e-09
2.809000e+03 1.031329e-09
2.810000e+03 1.082566e-09
2.811000e+03 1.372843e-08
2.812000e+03 9.412547e-10
2.813000e+03 1.193031e-08
2.814000e+03 1.316964e-08
2.815000e+03 1.285572e-08
2.816000e+03 1.359004e-08
2.817000e+03 1.368288e-08
2.818000e+03 1.296124e-08
2.819000e+03 1.199062e-08
2.820000e+03 1.177383e-08
2.821000e+03 1.231152e-08
2.822000e+03 1.331481e-08
2.823000e+03 1.322685e-08
2.824000e+03 1.188031e-08
2.825000e+03 1.290674e-08
2.826000e+03 1.320326e-08
2.827000e+03 1.339142e-08
2.828000e+03 1.368247e-08
2.829000e+03 1.296095e-08
2.830000e+03 1.327275e-08
2.831000e+03 1.373216e-08
2.832000e+03 1.344600e-08
2.833000e+03 1.370201e-08
2.834000e+03 1.379423e-08
2.835000e+03 1.364892e-08
2.836000e+03 1.367879e-09
2.837000e+03 1.239256e-09
2.838000e+03 1.238017e-08
2.839000e+03 1.234744e-08
2.840000e+03 1.288431e-08
2.841000e+03 1.308729e-08
2.842000e+03 1.305618e-08
2.843000e+03 1.314753e-08
2.844000e+03 1.157411e-08
2.845000e+03 1.410442e-08
2.846000e+03 1.201023e-08
2.847000e+03 1.162482e-08
2.848000e+03 1.184712e-08
2.849000e+03 1.206808e-08
2.850000e+03 1.198510e-08
2.851000e+03 1.177171e-08
2.852000e+03 1.189676e-08
2.853000e+03 1.233835e-08
2.854000e+03 1.216968e-08
2.855000e+03 1.320043e-08
2.856000e+03 1.290781e-08
2.857000e+03 1.316658e-08
2.858000e+03 1.329773e-08
2.859000e+03 1.316912e-08
2.860000e+03 1.303198e-08
2.861000e+03 1.317321e-08
2.862000e+03 1.293258e-08
2.863000e+03 1.176394e-08
2.864000e+03 1.308864e-08
2.865000e+03 1.232507e-08
2.866000e+03 1.331926e-08
2.867000e+03 1.385040e-08
2.868000e+03 1.325336e-08
2.869000e+03 1.261511e-08
2.870000e+03 1.302438e-08
2.871000e+03 1.138659e-08
2.872000e+03 1.183109e-08
2.873000e+03 1.295295e-08
2.874000e+03 1.169625e-08
2.875000e+03 1.141691e-08
2.876000e+03 1.151296e-08
2.877000e+03 1.208906e-08
2.878000e+03 1.211807e-08
2.879000e+03 1.173638e-08
2.880000e+03 1.193423e-08
2.881000e+03 1.223702e-08
2.882000e+03 1.259475e-08
2.883000e+03 1.271982e-08
2.884000e+03 1.294631e-08
2.885000e+03 1.254570e-08
2.886000e+03 1.289140e-08
2.887000e+03 1.266611e-08
2.888000e+03 1.189662e-08
2.889000e+03 1.284409e-08
2.890000e+03 1.279338e-08
2.891000e+03 1.257348e-08
2.892000e+03 1.299406e-08
2.893000e+03 1.184063e-08
2.894000e+03 1.174268e-08
2.895000e+03 1.112805e-08
2.896000e+03 1.021541e-08
2.897000e+03 1.138988e-08
2.898000e+03 1.028199e-08
2.899000e+03 1.052771e-08
2.900000e+03 1.094949e-08
2.901000e+03 1.223925e-08
2.902000e+03 1.050385e-08
2.903000e+03 1.040542e-08
2.904000e+03 1.005710e-08
2.905000e+03 1.061763e-08
2.906000e+03 1.087566e-08
2.907000e+03 1.036622e-08
2.908000e+03 1.056889e-08
2.909000e+03 1.119841e-08
2.910000e+03 1.136458e-08
2.911000e+03 1.128202e-08
2.912000e+03 1.148980e-08
2.913000e+03 1.052743e-08
2.914000e+03 1.105289e-08
2.915000e+03 1.125306e-08
2.916000e+03 1.155791e-08
2.917000e+03 1.188308e-08
2.918000e+03 1.115826e-08
2.919000e+03 1.172667e-08
2.920000e+03 1.118119e-08
2.921000e+03 1.119156e-08
2.922000e+03 1.109826e-08
2.923000e+03 1.105686e-08
2.924000e+03 9.888210e-09
2.925000e+03 1.028660e-08
2.926000e+03 1.011018e-08
2.927000e+03 1.033825e-08
2.928000e+03 1.051891e-08
2.929000e+03 1.130358e-08
2.930000e+03 9.789683e-09
2.931000e+03 9.672092e-09
2.932000e+03 1.001580e-08
2.933000e+03 1.045754e-08
2.934000e+03 1.043527e-08
2.935000e+03 1.020183e-08
2.936000e+03 1.041527e-08
2.937000e+03 1.076523e-08
2.938000e+03 1.024350e-08
2.939000e+03 1.131691e-08
2.940000e+03 1.071122e-08
2.941000e+03 1.097286e-08
2.942000e+03 1.161653e-08
2.943000e+03 1.103574e-08
2.944000e+03 9.760045e-09
2.945000e+03 1.024111e-08
2.946000e+03 1.091635e-08
2.947000e+03 1.076553e-08
2.948000e+03 1.105066e-08
2.949000e+03 1.103843e-08
2.950000e+03 9.718914e-09
2.951000e+03 1.050866e-08
2.952000e+03 9.584449e-09
2.953000e+03 1.048539e-08
2.954000e+03 1.028827e-08
2.955000e+03 1.081869e-08
2.956000e+03 1.070252e-08
2.957000e+03 9.530856e-09
2.958000e+03 9.436711e-09
2.959000e+03 1.007829e-08
2.960000e+03 1.073768e-08
2.961000e+03 1.057505e-08
2.962000e+03 1.051998e-08
2.963000e+03 9.900795e-09
2.964000e+03 1.047031e-08
2.965000e+03 1.084252e-08
2.966000e+03 1.054987e-08
2.967000e+03 1.156543e-08
2.968000e+03 9.723206e-09
2.969000e+03 9.906177e-09
2.970000e+03 1.013081e-08
2.971000e+03 1.017311e-08
2.972000e+03 1.120834e-08
2.973000e+03 1.086768e-08
2.974000e+03 1.089836e-08
2.975000e+03 1.121565e-08
2.976000e+03 9.381825e-09
2.977000e+03 9.659905e-09
2.978000e+03 9.288023e-09
2.979000e+03 9.265778e-09
2.980000e+03 9.732992e-09
2.981000e+03 1.017483e-08
2.982000e+03 1.075413e-08
2.983000e+03 1.157115e-08
2.984000e+03 9.739929e-09
2.985000e+03 9.621137e-09
2.986000e+03 9.558655e-09
2.987000e+03 1.055416e-08
2.988000e+03 9.712605e-09
2.989000e+03 9.836823e-09
2.990000e+03 9.895065e-09
2.991000e+03 1.080753e-08
2.992000e+03 1.031486e-08
2.993000e+03 1.037825e-08
2.994000e+03 1.045179e-08
2.995000e+03 1.063327e-08
2.996000e+03 1.089622e-08
2.997000e+03 1.106407e-08
2.998000e+03 1.046887e-08
2.999000e+03 1.053545e-08
3.000000e+03 1.092821e-08
3.001000e+03 1.099687e-08
3.002000e+03 1.074782e-08
3.003000e+03 9.531970e-09
3.004000e+03 9.375794e-09
3.005000e+03 8.903574e-09
3.006000e+03 9.217701e-09
3.007000e+03 1.016622e-08
3.008000e+03 1.083465e-08
3.009000e+03 1.082447e-08
3.010000e+03 1.018660e-08
3.011000e+03 9.207797e-09
3.012000e+03 9.073037e-09
3.013000e+03 9.427418e-09
3.014000e+03 9.909809e-09
3.015000e+03 1.004635e-08
3.016000e+03 9.771959e-09
3.017000e+03 1.039055e-08
3.018000e+03 1.024949e-08
3.019000e+03 1.072155e-08
3.020000e+03 1.074905e-08
3.021000e+03 1.107381e-08
3.022000e+03 1.075955e-08
3.023000e+03 1.083863e-08
3.024000e+03 1.097551e-08
3.025000e+03 9.749991e-09
3.026000e+03 1.034514e-08
3.027000e+03 9.907695e-09
3.028000e+03 1.032800e-08
3.029000e+03 9.970484e-09
3.030000e+03 9.552431e-09
3.031000e+03 9.123986e-09
3.032000e+03 9.733849e-09
3.033000e+03 1.041609e-08
3.034000e+03 1.031751e-08
3.035000e+03 1.073845e-08
3.036000e+03 1.017956e-08
3.037000e+03 1.152795e-08
3.038000e+03 9.697652e-09
3.039000e+03 8.896249e-09
3.040000e+03 9.023066e-09
3.041000e+03 9.266325e-09
3.042000e+03 9.756328e-09
3.043000e+03 9.208471e-09
3.044000e+03 9.534724e-09
3.045000e+03 1.002485e-08
3.046000e+03 1.008290e-08
3.047000e+03 1.078924e-08
3.048000e+03 1.006215e-08
3.049000e+03 1.024548e-08
3.050000e+03 1.072282e-08
3.051000e+03 9.272907e-09
3.052000e+03 1.000687e-08
3.053000e+03 1.020118e-08
3.054000e+03 9.554856e-09
3.055000e+03 1.015613e-08
3.056000e+03 9.570643e-09
3.057000e+03 9.088182e-09
3.058000e+03 9.846011e-09
3.059000e+03 1.007511e-08
3.060000e+03 1.033062e-08
3.061000e+03 1.039587e-08
3.062000e+03 1.003711e-08
3.063000e+03 9.380938e-09
3.064000e+03 9.061519e-09
3.065000e+03 1.081034e-08
3.066000e+03 9.473077e-09
3.067000e+03 8.823058e-09
3.068000e+03 8.765498e-09
3.069000e+03 9.527554e-09
3.070000e+03 9.410087e-09
3.071000e+03 9.292079e-09
3.072000e+03 9.467653e-09
3.073000e+03 9.502951e-09
3.074000e+03 9.636619e-09
3.075000e+03 9.484900e-09
3.076000e+03 9.390176e-09
3.077000e+03 9.452334e-09
3.078000e+03 8.885204e-09
3.079000e+03 9.361259e-09
3.080000e+03 9.746007e-09
3.081000e+03 8.943836e-09
3.082000e+03 8.303632e-09
3.083000e+03 9.141909e-09
3.084000e+03 8.279920e-09
3.085000e+03 8.512375e-09
3.086000e+03 8.836931e-09
3.087000e+03 9.320896e-09
3.088000e+03 8.513342e-09
3.089000e+03 8.440762e-09
3.090000e+03 8.635771e-09
3.091000e+03 9.198904e-09
3.092000e+03 1.007818e-08
3.093000e+03 9.718359e-09
3.094000e+03 8.394892e-09
3.095000e+03 8.558097e-09
3.096000e+03 8.043538e-09
3.097000e+03 8.725731e-09
3.098000e+03 8.983429e-09
3.099000e+03 8.172480e-09
3.100000e+03 8.345035e-09
3.101000e+03 8.672391e-09
3.102000e+03 9.120215e-09
3.103000e+03 8.952802e-09
3.104000e+03 9.065332e-09
3.105000e+03 8.789047e-09
3.106000e+03 8.940743e-09
3.107000e+03 8.704802e-09
3.108000e+03 8.299766e-09
3.109000e+03 8.137294e-09
3.110000e+03 8.360487e-09
3.111000e+03 8.521706e-09
3.112000e+03 8.230977e-09
3.113000e+03 8.420735e-09
3.114000e+03 8.639615e-09
3.115000e+03 8.759398e-09
3.116000e+03 8.977591e-09
3.117000e+03 1.000292e-08
3.118000e+03 9.429087e-09
3.119000e+03 9.776517e-09
3.120000e+03 9.312716e-09
3.121000e+03 1.011592e-06
3.122000e+03 3.115967e-07
3.123000e+03 2.117150e-07
3.124000e+03 1.479863e-07
3.125000e+03 7.735196e-08
3.126000e+03 5.891428e-08
3.127000e+03 4.807018e-08
3.128000e+03 4.741197e-08
3.129000e+03 3.540269e-08
3.130000e+03 3.600786e-08
3.131000e+03 3.138618e-08
3.132000e+03 1.573413e-07
3.133000e+03 1.471486e-07
3.134000e+03 1.253408e-07
3.135000e+03 1.097305e-07
3.136000e+03 2.289546e-08
3.137000e+03 1.768501e-08
3.138000e+03 7.680273e-08
3.139000e+03 1.493179e-08
3.140000e+03 5.843009e-08
3.141000e+03 5.627384e-08
3.142000e+03 4.960804e-08
3.143000e+03 4.303729e-08
3.144000e+03 3.793583e-08
3.145000e+03 3.380714e-08
3.146000e+03 3.061463e-08
3.147000e+03 2.762483e-08
3.148000e+03 2.538120e-08
3.149000e+03 2.458641e-08
3.150000e+03 2.174484e-08
3.151000e+03 1.883824e-08
3.152000e+03 1.911761e-08
3.153000e+03 1.947235e-08
3.154000e+03 1.917331e-08
3.155000e+03 1.825809e-08
3.156000e+03 1.772372e-08
3.157000e+03 1.742945e-08
3.158000e+03 1.741577e-08
3.159000e+03 1.724008e-08
3.160000e+03 1.654180e-08
3.161000e+03 1.552526e-08
3.162000e+03 1.556829e-08
3.163000e+03 1.463090e-08
3.164000e+03 1.482800e-08
3.165000e+03 1.514257e-08
3.166000e+03 1.496016e-08
3.167000e+03 1.560425e-08
3.168000e+03 1.478978e-08
3.169000e+03 1.458766e-08
3.170000e+03 1.430325e-08
3.171000e+03 1.419670e-08
3.172000e+03 1.446039e-08
3.173000e+03 1.381709e-08
3.174000e+03 1.412827e-08
3.175000e+03 1.378957e-08
3.176000e+03 1.397747e-08
3.177000e+03 1.349841e-08
3.178000e+03 1.198613e-08
3.179000e+03 1.185529e-08
3.180000e+03 1.136349e-08
3.181000e+03 1.246191e-08
3.182000e+03 1.152725e-08
3.183000e+03 1.155435e-08
3.184000e+03 1.150754e-08
3.185000e+03 1.147762e-08
3.186000e+03 1.115377e-08
3.187000e+03 1.105273e-08
3.188000e+03 1.153682e-08
3.189000e+03 1.167444e-08
3.190000e+03 1.153630e-08
3.191000e+03 1.213592e-08
3.192000e+03 1.237054e-08
3.193000e+03 1.204175e-08
3.194000e+03 1.228579e-08
3.195000e+03 1.151914e-08
3.196000e+03 1.147069e-08
3.197000e+03 1.181743e-08
3.198000e+03 1.118151e-08
3.199000e+03 1.121319e-08
3.200000e+03 1.229781e-09
3.201000e+03 1.143335e-08
3.202000e+03 1.205498e-08
3.203000e+03 1.433381e-09
3.204000e+03 1.112251e-08
3.205000e+03 9.770344e-09
3.206000e+03 9.739396e-09
3.207000e+03 1.028106e-08
3.208000e+03 1.080074e-08
3.209000e+03 1.022388e-08
3.210000e+03 1.037108e-08
3.211000e+03 1.023452e-08
3.212000e+03 9.648853e-09
3.213000e+03 9.795712e-09
3.214000e+03 9.716004e-09
3.215000e+03 9.356451e-09
3.216000e+03 9.676516e-09
3.217000e+03 1.043262e-08
3.218000e+03 1.006232e-08
3.219000e+03 1.017867e-08
3.220000e+03 1.024879e-08
3.221000e+03 1.008180e-08
3.222000e+03 1.020296e-08
3.223000e+03 9.845424e-09
3.224000e+03 1.010485e-08
3.225000e+03 1.035143e-08
3.226000e+03 1.002878e-08
3.227000e+03 9.881309e-10
3.228000e+03 7.556702e-10
3.229000e+03 7.481775e-10
3.230000e+03 9.664782e-09
3.231000e+03 9.903795e-09
3.232000e+03 9.011468e-09
3.233000e+03 8.905848e-09
3.234000e+03 8.688929e-09
3.235000e+03 9.021350e-09
3.236000e+03 8.845538e-09
3.237000e+03 8.884274e-09
3.238000e+03 9.161033e-09
3.239000e+03 9.241859e-09
3.240000e+03 8.818282e-09
3.241000e+03 9.004645e-09
3.242000e+03 1.027176e-08
3.243000e+03 9.347713e-09
3.244000e+03 9.568675e-09
3.245000e+03 9.439026e-09
3.246000e+03 9.520173e-09
3.247000e+03 9.871436e-09
3.248000e+03 9.907827e-09
3.249000e+03 1.005212e-08
3.250000e+03 1.020461e-08
3.251000e+03 9.587935e-10
3.252000e+03 7.973000e-10
3.253000e+03 6.334976e-10
3.254000e+03 9.622100e-09
3.255000e+03 9.757560e-09
3.256000e+03 8.525302e-09
3.257000e+03 8.724891e-09
3.258000e+03 9.250678e-09
3.259000e+03 9.918318e-09
3.260000e+03 9.117304e-09
3.261000e+03 8.840430e-09
3.262000e+03 8.543994e-09
3.263000e+03 8.982054e-09
3.264000e+03 8.658154e-09
3.265000e+03 8.324441e-09
3.266000e+03 8.646176e-09
3.267000e+03 8.756217e-09
3.268000e+03 9.163611e-09
3.269000e+03 9.161136e-09
3.270000e+03 9.442450e-09
3.271000e+03 9.004421e-09
3.272000e+03 9.290181e-09
3.273000e+03 9.465569e-09
3.274000e+03 9.319792e-09
3.275000e+03 1.022110e-08
3.276000e+03 9.535025e-09
3.277000e+03 8.092878e-10
3.278000e+03 9.330575e-09
3.279000e+03 8.073864e-10
3.280000e+03 8.582195e-09
3.281000e+03 8.603627e-09
3.282000e+03 8.175682e-09
3.283000e+03 8.724766e-09
3.284000e+03 9.441240e-09
3.285000e+03 9.662225e-09
3.286000e+03 9.947524e-09
3.287000e+03 9.990618e-09
3.288000e+03 8.869261e-09
3.289000e+03 8.950113e-09
3.290000e+03 8.999442e-09
3.291000e+03 8.141998e-09
3.292000e+03 8.690054e-09
3.293000e+03 9.036465e-09
3.294000e+03 8.438117e-09
3.295000e+03 8.357517e-09
3.296000e+03 8.995571e-09
3.297000e+03 9.291008e-09
3.298000e+03 9.044693e-09
3.299000e+03 9.341342e-09
3.300000e+03 8.238198e-09
3.301000e+03 8.529565e-09
3.302000e+03 8.878059e-09
3.303000e+03 9.128723e-09
3.304000e+03 8.421261e-09
3.305000e+03 8.469974e-09
3.306000e+03 8.541497e-09
3.307000e+03 8.258771e-09
3.308000e+03 8.883337e-09
3.309000e+03 8.934996e-09
3.310000e+03 9.185121e-09
3.311000e+03 9.244097e-09
3.312000e+03 9.333368e-09
3.313000e+03 8.186884e-09
3.314000e+03 8.482969e-09
3.315000e+03 9.383174e-09
3.316000e+03 8.770241e-09
3.317000e+03 8.710238e-09
3.318000e+03 7.943194e-09
3.319000e+03 7.501652e-09
3.320000e+03 7.567955e-09
3.321000e+03 8.472907e-09
3.322000e+03 8.142056e-09
3.323000e+03 8.681932e-09
3.324000e+03 8.329712e-09
3.325000e+03 8.326151e-09
3.326000e+03 8.152729e-09
3.327000e+03 8.294618e-09
3.328000e+03 7.959780e-09
3.329000e+03 7.703020e-09
3.330000e+03 7.929884e-09
3.331000e+03 8.437327e-09
3.332000e+03 9.072142e-09
3.333000e+03 8.967525e-09
3.334000e+03 7.889351e-09
3.335000e+03 8.910341e-09
3.336000e+03 8.649036e-09
3.337000e+03 8.862018e-09
3.338000e+03 7.958849e-09
3.339000e+03 8.105059e-09
3.340000e+03 7.906119e-09
3.341000e+03 7.322760e-09
3.342000e+03 8.462442e-09
3.343000e+03 8.065821e-09
3.344000e+03 7.732538e-09
3.345000e+03 7.697795e-09
3.346000e+03 7.582351e-09
3.347000e+03 7.429058e-09
3.348000e+03 7.188239e-09
3.349000e+03 7.135047e-09
3.350000e+03 7.346331e-09
3.351000e+03 7.293780e-09
3.352000e+03 7.598861e-09
3.353000e+03 7.145483e-09
3.354000e+03 7.499791e-09
3.355000e+03 7.279045e-09
3.356000e+03 7.437793e-09
3.357000e+03 7.714540e-09
3.358000e+03 7.931793e-09
3.359000e+03 8.054774e-09
3.360000e+03 7.526196e-09
3.361000e+03 7.898255e-09
3.362000e+03 7.813261e-09
3.363000e+03 7.020378e-09
3.364000e+03 7.523857e-09
3.365000e+03 7.052854e-09
3.366000e+03 7.756898e-09
3.367000e+03 7.458307e-09
3.368000e+03 7.718321e-09
3.369000e+03 8.088802e-09
3.370000e+03 7.570600e-09
3.371000e+03 7.326536e-09
3.372000e+03 6.802589e-09
3.373000e+03 7.092288e-09
3.374000e+03 6.700765e-09
3.375000e+03 6.708721e-09
3.376000e+03 7.104595e-09
3.377000e+03 6.728089e-09
3.378000e+03 6.679299e-09
3.379000e+03 7.234549e-09
3.380000e+03 7.424558e-09
3.381000e+03 7.331856e-09
3.382000e+03 7.431382e-09
3.383000e+03 7.578692e-09
3.384000e+03 7.453562e-09
3.385000e+03 6.927587e-09
3.386000e+03 7.646192e-09
3.387000e+03 7.414119e-09
3.388000e+03 6.700710e-09
3.389000e+03 7.114936e-09
3.390000e+03 7.232516e-09
3.391000e+03 7.000805e-09
3.392000e+03 7.905494e-09
3.393000e+03 6.637747e-09
3.394000e+03 7.251038e-09
3.395000e+03 7.520363e-09
3.396000e+03 7.387308e-09
3.397000e+03 8.206408e-09
3.398000e+03 7.493763e-09
3.399000e+03 6.969996e-09
3.400000e+03 7.745680e-09
3.401000e+03 7.132617e-09
3.402000e+03 7.003848e-09
3.403000e+03 6.789796e-09
3.404000e+03 6.693347e-09
3.405000e+03 6.785969e-09
3.406000e+03 7.143338e-09
3.407000e+03 7.030983e-09
3.408000e+03 7.029443e-09
3.409000e+03 6.772863e-09
3.410000e+03 6.223118e-09
3.411000e+03 6.820854e-09
3.412000e+03 7.088943e-09
3.413000e+03 6.507929e-09
3.414000e+03 6.544243e-09
3.415000e+03 6.638771e-09
3.416000e+03 7.046900e-09
3.417000e+03 7.539166e-09
3.418000e+03 7.214461e-09
3.419000e+03 6.857375e-09
3.420000e+03 6.902382e-09
3.421000e+03 6.601356e-09
3.422000e+03 6.597438e-09
3.423000e+03 6.698659e-09
3.424000e+03 6.597561e-09
3.425000e+03 8.051560e-09
3.426000e+03 7.061558e-09
3.427000e+03 6.850267e-09
3.428000e+03 6.427606e-09
3.429000e+03 6.233551e-09
3.430000e+03 6.157455e-09
3.431000e+03 6.547051e-09
3.432000e+03 6.089200e-09
3.433000e+03 6.498193e-09
3.434000e+03 6.707683e-09
3.435000e+03 6.171837e-09
3.436000e+03 6.280782e-09
3.437000e+03 6.355485e-09
3.438000e+03 6.184508e-09
3.439000e+03 6.381748e-09
3.440000e+03 6.755083e-09
3.441000e+03 7.053200e-09
3.442000e+03 7.848526e-09
3.443000e+03 7.305277e-09
3.444000e+03 7.478759e-09
3.445000e+03 6.477724e-09
3.446000e+03 6.829733e-09
3.447000e+03 6.839594e-09
3.448000e+03 6.571871e-09
3.449000e+03 6.517156e-09
3.450000e+03 6.813589e-09
3.451000e+03 7.032941e-09
3.452000e+03 6.874549e-09
3.453000e+03 7.999626e-09
3.454000e+03 7.078396e-09
3.455000e+03 6.785530e-09
3.456000e+03 6.255661e-09
3.457000e+03 6.200961e-09
3.458000e+03 6.249992e-09
3.459000e+03 6.114693e-09
3.460000e+03 6.409583e-09
3.461000e+03 6.302724e-09
3.462000e+03 6.840507e-09
3.463000e+03 6.510292e-09
3.464000e+03 6.566793e-09
3.465000e+03 6.897224e-09
3.466000e+03 6.643878e-09
3.467000e+03 8.147008e-09
3.468000e+03 6.895631e-09
3.469000e+03 6.654840e-09
3.470000e+03 6.804523e-09
3.471000e+03 6.504344e-09
3.472000e+03 6.966699e-09
3.473000e+03 6.468422e-09
3.474000e+03 6.324131e-09
3.475000e+03 6.534157e-09
3.476000e+03 6.878908e-09
3.477000e+03 6.891161e-09
3.478000e+03 6.390716e-09
3.479000e+03 7.094991e-09
3.480000e+03 6.207703e-09
3.481000e+03 7.980734e-09
3.482000e+03 7.247319e-09
3.483000e+03 6.442042e-09
3.484000e+03 6.064408e-09
3.485000e+03 6.083359e-09
3.486000e+03 5.884680e-09
3.487000e+03 5.844926e-09
3.488000e+03 6.574538e-09
3.489000e+03 6.457957e-09
3.490000e+03 6.466466e-09
3.491000e+03 6.939522e-09
3.492000e+03 7.101499e-09
3.493000e+03 6.243580e-09
3.494000e+03 6.680406e-09
3.495000e+03 6.878907e-09
3.496000e+03 6.937118e-09
3.497000e+03 6.758605e-09
3.498000e+03 6.722079e-09
3.499000e+03 6.664921e-09
3.500000e+03 6.922298e-09
