Title ="THE FLUX ERR"
Variables=
iter
residual
1.000000e+00 2.379088e-03
2.000000e+00 7.146713e-04
3.000000e+00 1.591167e-03
4.000000e+00 7.194143e-04
5.000000e+00 6.907250e-04
6.000000e+00 9.580491e-04
7.000000e+00 9.964760e-04
8.000000e+00 8.435609e-04
9.000000e+00 8.631278e-04
1.000000e+01 6.021287e-04
1.100000e+01 3.394293e-04
1.200000e+01 2.068440e-04
1.300000e+01 2.378452e-04
1.400000e+01 1.785536e-04
1.500000e+01 1.341573e-04
1.600000e+01 1.249092e-04
1.700000e+01 1.068012e-04
1.800000e+01 1.087211e-04
1.900000e+01 1.971091e-04
2.000000e+01 2.450044e-04
2.100000e+01 1.633039e-04
2.200000e+01 6.999960e-05
2.300000e+01 4.536627e-05
2.400000e+01 4.151824e-05
2.500000e+01 1.547420e-04
2.600000e+01 6.739385e-05
2.700000e+01 1.144271e-04
2.800000e+01 1.157146e-04
2.900000e+01 9.482745e-05
3.000000e+01 1.386152e-05
3.100000e+01 8.614141e-06
3.200000e+01 3.036455e-05
3.300000e+01 2.475342e-05
3.400000e+01 5.814442e-05
3.500000e+01 2.424311e-05
3.600000e+01 6.665247e-06
3.700000e+01 4.748650e-05
3.800000e+01 1.007459e-05
3.900000e+01 3.826147e-05
4.000000e+01 1.185564e-05
4.100000e+01 1.659926e-05
4.200000e+01 3.816227e-05
4.300000e+01 2.798158e-05
4.400000e+01 7.425095e-06
4.500000e+01 3.455390e-05
4.600000e+01 2.740310e-05
4.700000e+01 1.026052e-05
4.800000e+01 2.850542e-05
4.900000e+01 2.391725e-05
5.000000e+01 2.276247e-05
5.100000e+01 3.207732e-05
5.200000e+01 2.417669e-05
5.300000e+01 3.217050e-05
5.400000e+01 3.613923e-05
5.500000e+01 3.249668e-05
5.600000e+01 3.623394e-05
5.700000e+01 1.891560e-05
5.800000e+01 3.471429e-05
5.900000e+01 2.688216e-05
6.000000e+01 3.223094e-05
6.100000e+01 9.519363e-06
6.200000e+01 3.062467e-05
6.300000e+01 2.497304e-05
6.400000e+01 1.484012e-05
6.500000e+01 1.126312e-05
6.600000e+01 1.194751e-05
6.700000e+01 1.173472e-05
6.800000e+01 2.335377e-05
6.900000e+01 2.733301e-05
7.000000e+01 1.901066e-05
7.100000e+01 1.955670e-05
7.200000e+01 3.042274e-05
7.300000e+01 2.370967e-05
7.400000e+01 2.550358e-06
7.500000e+01 2.215485e-05
7.600000e+01 1.478102e-05
7.700000e+01 9.660622e-06
7.800000e+01 5.724632e-06
7.900000e+01 1.443248e-06
8.000000e+01 7.012818e-06
8.100000e+01 2.851068e-06
8.200000e+01 2.344985e-05
8.300000e+01 4.424545e-06
8.400000e+01 1.778011e-05
8.500000e+01 2.390675e-05
8.600000e+01 1.176207e-05
8.700000e+01 1.302694e-06
8.800000e+01 1.088336e-06
8.900000e+01 5.350214e-06
9.000000e+01 1.701304e-05
9.100000e+01 1.220981e-05
9.200000e+01 1.216157e-05
9.300000e+01 6.048166e-06
9.400000e+01 6.975417e-06
9.500000e+01 6.572484e-06
9.600000e+01 1.527147e-05
9.700000e+01 7.082453e-06
9.800000e+01 7.230075e-06
9.900000e+01 1.748170e-05
1.000000e+02 1.750220e-05
1.010000e+02 1.959586e-05
1.020000e+02 7.541885e-06
1.030000e+02 9.106554e-06
1.040000e+02 8.316717e-06
1.050000e+02 8.953733e-06
1.060000e+02 9.593887e-06
1.070000e+02 5.145652e-06
1.080000e+02 1.639727e-05
1.090000e+02 6.788927e-06
1.100000e+02 9.361736e-06
1.110000e+02 7.244218e-06
1.120000e+02 8.340501e-06
1.130000e+02 1.323633e-05
1.140000e+02 1.253888e-05
1.150000e+02 1.015384e-05
1.160000e+02 1.172892e-05
1.170000e+02 9.394973e-06
1.180000e+02 8.621527e-06
1.190000e+02 1.344953e-05
1.200000e+02 5.793094e-06
1.210000e+02 1.765111e-05
1.220000e+02 5.283045e-06
1.230000e+02 8.150596e-06
1.240000e+02 1.123399e-05
1.250000e+02 4.146754e-06
1.260000e+02 4.752747e-06
1.270000e+02 8.462643e-06
1.280000e+02 1.327109e-05
1.290000e+02 4.616917e-06
1.300000e+02 8.420842e-06
1.310000e+02 4.137146e-06
1.320000e+02 4.118471e-06
1.330000e+02 7.801818e-06
1.340000e+02 4.969270e-06
1.350000e+02 1.120435e-05
1.360000e+02 6.507968e-06
1.370000e+02 4.582865e-06
1.380000e+02 5.894605e-06
1.390000e+02 5.006259e-06
1.400000e+02 6.465314e-06
1.410000e+02 1.016395e-05
1.420000e+02 6.590438e-06
1.430000e+02 1.194454e-05
1.440000e+02 7.669389e-06
1.450000e+02 5.895545e-06
1.460000e+02 6.394116e-06
1.470000e+02 2.895744e-06
1.480000e+02 9.489945e-06
1.490000e+02 4.809876e-06
1.500000e+02 6.958892e-06
1.510000e+02 9.847560e-06
1.520000e+02 5.676472e-06
1.530000e+02 4.469501e-06
1.540000e+02 4.474302e-06
1.550000e+02 6.587180e-06
1.560000e+02 3.004132e-06
1.570000e+02 4.508851e-06
1.580000e+02 5.324671e-06
1.590000e+02 7.927076e-06
1.600000e+02 3.052628e-05
1.610000e+02 6.617823e-06
1.620000e+02 1.121613e-05
1.630000e+02 2.963161e-05
1.640000e+02 2.132832e-05
1.650000e+02 2.875785e-05
1.660000e+02 2.748400e-05
1.670000e+02 3.454612e-05
1.680000e+02 2.696778e-05
1.690000e+02 2.004387e-05
1.700000e+02 2.197718e-05
1.710000e+02 2.563084e-05
1.720000e+02 2.131984e-05
1.730000e+02 2.270412e-05
1.740000e+02 2.247171e-05
1.750000e+02 1.454962e-05
1.760000e+02 2.251682e-05
1.770000e+02 3.740377e-05
1.780000e+02 2.366011e-05
1.790000e+02 1.647082e-05
1.800000e+02 1.423304e-05
1.810000e+02 2.063860e-05
1.820000e+02 1.050916e-05
1.830000e+02 1.400129e-05
1.840000e+02 1.389993e-05
1.850000e+02 1.422629e-05
1.860000e+02 1.365599e-05
1.870000e+02 1.206595e-05
1.880000e+02 1.630610e-05
1.890000e+02 1.001176e-05
1.900000e+02 1.021341e-05
1.910000e+02 1.323695e-05
1.920000e+02 1.391947e-05
1.930000e+02 2.676464e-05
1.940000e+02 2.067386e-05
1.950000e+02 1.268830e-05
1.960000e+02 7.272759e-05
1.970000e+02 2.306852e-05
1.980000e+02 1.601939e-05
1.990000e+02 1.198652e-05
2.000000e+02 1.553073e-05
2.010000e+02 7.117651e-05
2.020000e+02 1.925811e-05
2.030000e+02 6.490962e-05
2.040000e+02 7.185583e-05
2.050000e+02 2.996069e-05
2.060000e+02 7.131469e-05
2.070000e+02 7.003531e-05
2.080000e+02 7.420593e-05
2.090000e+02 8.005696e-05
2.100000e+02 8.262776e-05
2.110000e+02 8.242088e-05
2.120000e+02 7.595306e-05
2.130000e+02 7.793847e-05
2.140000e+02 7.960142e-05
2.150000e+02 7.896425e-05
2.160000e+02 7.172973e-05
2.170000e+02 7.627971e-05
2.180000e+02 7.416925e-05
2.190000e+02 9.206121e-05
2.200000e+02 8.389663e-05
2.210000e+02 8.139942e-05
2.220000e+02 7.425285e-05
2.230000e+02 7.130761e-05
2.240000e+02 6.355123e-05
2.250000e+02 6.787971e-05
2.260000e+02 7.705037e-05
2.270000e+02 7.008629e-05
2.280000e+02 7.224547e-05
2.290000e+02 6.819416e-05
2.300000e+02 7.737036e-05
2.310000e+02 9.644923e-05
2.320000e+02 8.509366e-05
2.330000e+02 7.816275e-05
2.340000e+02 7.911967e-05
2.350000e+02 8.682856e-05
2.360000e+02 8.244308e-05
2.370000e+02 8.236943e-05
2.380000e+02 8.582584e-05
2.390000e+02 7.442528e-05
2.400000e+02 8.267208e-05
2.410000e+02 7.865936e-05
2.420000e+02 8.139528e-05
2.430000e+02 8.331598e-05
2.440000e+02 8.898998e-05
2.450000e+02 9.007756e-05
2.460000e+02 8.139802e-05
2.470000e+02 7.926627e-05
2.480000e+02 9.650431e-05
2.490000e+02 9.780686e-05
2.500000e+02 8.648935e-05
2.510000e+02 8.841942e-05
2.520000e+02 9.747785e-05
2.530000e+02 9.837487e-05
2.540000e+02 8.503934e-05
2.550000e+02 7.975269e-05
2.560000e+02 9.289852e-05
2.570000e+02 1.022174e-04
2.580000e+02 9.711430e-05
2.590000e+02 9.557295e-05
2.600000e+02 9.748968e-05
2.610000e+02 9.462050e-05
2.620000e+02 1.035769e-04
2.630000e+02 1.030816e-04
2.640000e+02 1.093459e-04
2.650000e+02 1.024085e-04
2.660000e+02 9.938015e-05
2.670000e+02 9.418071e-05
2.680000e+02 9.244657e-05
2.690000e+02 8.677625e-05
2.700000e+02 7.605653e-05
2.710000e+02 8.847683e-05
2.720000e+02 7.716859e-05
2.730000e+02 8.088816e-05
2.740000e+02 9.116868e-05
2.750000e+02 8.699625e-05
2.760000e+02 8.898668e-05
2.770000e+02 8.090339e-05
2.780000e+02 9.368804e-05
2.790000e+02 7.721369e-05
2.800000e+02 6.916126e-05
2.810000e+02 6.693352e-05
2.820000e+02 6.707209e-05
2.830000e+02 7.291925e-05
2.840000e+02 7.205196e-05
2.850000e+02 6.052997e-05
2.860000e+02 6.542220e-05
2.870000e+02 6.604617e-05
2.880000e+02 6.643974e-05
2.890000e+02 6.380353e-05
2.900000e+02 6.655408e-05
2.910000e+02 6.151745e-05
2.920000e+02 6.087899e-05
2.930000e+02 6.064399e-05
2.940000e+02 5.818520e-05
2.950000e+02 5.910417e-05
2.960000e+02 6.386517e-05
2.970000e+02 5.732335e-05
2.980000e+02 5.663564e-05
2.990000e+02 5.961120e-05
3.000000e+02 6.041449e-05
3.010000e+02 6.289632e-05
3.020000e+02 6.341906e-05
3.030000e+02 6.910472e-05
3.040000e+02 7.486945e-05
3.050000e+02 7.116607e-05
3.060000e+02 6.842806e-05
3.070000e+02 6.828902e-05
3.080000e+02 6.789452e-05
3.090000e+02 6.207796e-05
3.100000e+02 6.682943e-05
3.110000e+02 6.538116e-05
3.120000e+02 6.771873e-05
3.130000e+02 6.625405e-05
3.140000e+02 8.110812e-05
3.150000e+02 8.410259e-05
3.160000e+02 9.964138e-05
3.170000e+02 8.675208e-05
3.180000e+02 8.562863e-05
3.190000e+02 8.506770e-05
3.200000e+02 9.648414e-05
3.210000e+02 1.046390e-04
3.220000e+02 1.008773e-04
3.230000e+02 1.068611e-04
3.240000e+02 1.194395e-04
3.250000e+02 1.307042e-04
3.260000e+02 1.104013e-04
3.270000e+02 1.064803e-04
3.280000e+02 1.036541e-04
3.290000e+02 1.034721e-04
3.300000e+02 1.157316e-04
3.310000e+02 1.025022e-04
3.320000e+02 1.161789e-04
3.330000e+02 1.259561e-04
3.340000e+02 1.381125e-04
3.350000e+02 1.176396e-04
3.360000e+02 9.555573e-05
3.370000e+02 1.060791e-04
3.380000e+02 1.174261e-04
3.390000e+02 1.215480e-04
3.400000e+02 1.277218e-04
3.410000e+02 1.452600e-04
3.420000e+02 1.328923e-04
3.430000e+02 1.369659e-04
3.440000e+02 1.330687e-04
3.450000e+02 1.360106e-04
3.460000e+02 2.468263e-05
3.470000e+02 1.107122e-04
3.480000e+02 2.472965e-05
3.490000e+02 1.177711e-04
3.500000e+02 2.412308e-05
3.510000e+02 9.644833e-05
3.520000e+02 2.108890e-05
3.530000e+02 1.105106e-04
3.540000e+02 2.008614e-05
3.550000e+02 1.923322e-05
3.560000e+02 2.416630e-05
3.570000e+02 2.538007e-05
3.580000e+02 2.001235e-05
3.590000e+02 9.795053e-05
3.600000e+02 1.783798e-05
3.610000e+02 1.007152e-04
3.620000e+02 2.094288e-05
3.630000e+02 2.670643e-05
3.640000e+02 1.694635e-05
3.650000e+02 8.705776e-05
3.660000e+02 2.178803e-05
3.670000e+02 9.810603e-05
3.680000e+02 2.479920e-05
3.690000e+02 1.632467e-05
3.700000e+02 1.713680e-05
3.710000e+02 2.322755e-05
3.720000e+02 2.065633e-05
3.730000e+02 1.114648e-05
3.740000e+02 1.469988e-05
3.750000e+02 2.307846e-05
3.760000e+02 1.883522e-05
3.770000e+02 1.891019e-05
3.780000e+02 1.279022e-05
3.790000e+02 1.423737e-05
3.800000e+02 1.983996e-05
3.810000e+02 1.894066e-05
3.820000e+02 1.924435e-05
3.830000e+02 1.548845e-05
3.840000e+02 2.411815e-05
3.850000e+02 2.448679e-05
3.860000e+02 1.628801e-05
3.870000e+02 1.753951e-05
3.880000e+02 1.274292e-05
3.890000e+02 1.414023e-05
3.900000e+02 1.642954e-05
3.910000e+02 1.576110e-05
3.920000e+02 2.042352e-05
3.930000e+02 1.448900e-05
3.940000e+02 8.950112e-06
3.950000e+02 7.516376e-05
3.960000e+02 2.471029e-05
3.970000e+02 2.016247e-05
3.980000e+02 1.693499e-05
3.990000e+02 1.131659e-05
4.000000e+02 1.672439e-05
4.010000e+02 1.469822e-05
4.020000e+02 1.042104e-05
4.030000e+02 9.192228e-06
4.040000e+02 6.183902e-05
4.050000e+02 1.494786e-05
4.060000e+02 6.018714e-05
4.070000e+02 9.624389e-06
4.080000e+02 5.217245e-05
4.090000e+02 9.888202e-06
4.100000e+02 7.252116e-06
4.110000e+02 5.250333e-05
4.120000e+02 2.024747e-05
4.130000e+02 4.647387e-05
4.140000e+02 5.635739e-05
4.150000e+02 5.619143e-05
4.160000e+02 5.878673e-05
4.170000e+02 1.477141e-05
4.180000e+02 4.725759e-05
4.190000e+02 1.248854e-05
4.200000e+02 5.021245e-05
4.210000e+02 1.577504e-05
4.220000e+02 1.912122e-05
4.230000e+02 1.528553e-05
4.240000e+02 1.683118e-05
4.250000e+02 2.139991e-05
4.260000e+02 1.493262e-05
4.270000e+02 1.583356e-05
4.280000e+02 1.618049e-05
4.290000e+02 1.501111e-05
4.300000e+02 1.493247e-05
4.310000e+02 1.173699e-05
4.320000e+02 1.007970e-05
4.330000e+02 1.214013e-05
4.340000e+02 1.496916e-05
4.350000e+02 2.037891e-05
4.360000e+02 1.309857e-05
4.370000e+02 1.396941e-05
4.380000e+02 1.246145e-05
4.390000e+02 3.558811e-05
4.400000e+02 9.443957e-06
4.410000e+02 2.702970e-05
4.420000e+02 1.837946e-05
4.430000e+02 1.989237e-05
4.440000e+02 7.889861e-06
4.450000e+02 2.825564e-05
4.460000e+02 3.182700e-05
4.470000e+02 1.869309e-05
4.480000e+02 2.151906e-05
4.490000e+02 2.161493e-05
4.500000e+02 2.026408e-05
4.510000e+02 2.337300e-05
4.520000e+02 1.239996e-05
4.530000e+02 1.686321e-05
4.540000e+02 1.356016e-05
4.550000e+02 5.132392e-06
4.560000e+02 9.043724e-06
4.570000e+02 5.125268e-06
4.580000e+02 5.453579e-06
4.590000e+02 6.775332e-06
4.600000e+02 5.517020e-06
4.610000e+02 2.625307e-05
4.620000e+02 1.150510e-05
4.630000e+02 5.185046e-06
4.640000e+02 5.140081e-06
4.650000e+02 8.268412e-06
4.660000e+02 1.083797e-05
4.670000e+02 1.950894e-05
4.680000e+02 7.237763e-06
4.690000e+02 6.254053e-06
4.700000e+02 1.448769e-05
4.710000e+02 2.778173e-05
4.720000e+02 9.009630e-06
4.730000e+02 1.105846e-05
4.740000e+02 9.304415e-06
4.750000e+02 1.400219e-05
4.760000e+02 7.377295e-06
4.770000e+02 7.783215e-06
4.780000e+02 1.324368e-05
4.790000e+02 2.468481e-05
4.800000e+02 2.789152e-05
4.810000e+02 1.844617e-05
4.820000e+02 2.856918e-05
4.830000e+02 1.765550e-05
4.840000e+02 1.882322e-05
4.850000e+02 1.476085e-05
4.860000e+02 1.816026e-05
4.870000e+02 1.867155e-05
4.880000e+02 1.665368e-05
4.890000e+02 2.286939e-05
4.900000e+02 1.326963e-05
4.910000e+02 2.530283e-05
4.920000e+02 9.227866e-06
4.930000e+02 4.020251e-06
4.940000e+02 2.465212e-05
4.950000e+02 1.213335e-05
4.960000e+02 1.880941e-05
4.970000e+02 1.621349e-05
4.980000e+02 2.439796e-05
4.990000e+02 1.128096e-05
5.000000e+02 9.309709e-06
5.010000e+02 2.042644e-05
5.020000e+02 1.534482e-05
5.030000e+02 2.219245e-05
5.040000e+02 6.921826e-06
5.050000e+02 1.634273e-05
5.060000e+02 3.582946e-06
5.070000e+02 6.677672e-06
5.080000e+02 9.858177e-06
5.090000e+02 6.801394e-06
5.100000e+02 1.639030e-05
5.110000e+02 1.226173e-05
5.120000e+02 1.407832e-05
5.130000e+02 7.071427e-06
5.140000e+02 8.295116e-06
5.150000e+02 8.738714e-06
5.160000e+02 1.555182e-05
5.170000e+02 1.168850e-05
5.180000e+02 7.240159e-06
5.190000e+02 6.140468e-06
5.200000e+02 6.292624e-06
5.210000e+02 6.154221e-06
5.220000e+02 3.006901e-06
5.230000e+02 2.931085e-06
5.240000e+02 4.604910e-06
5.250000e+02 4.718487e-06
5.260000e+02 5.743943e-06
5.270000e+02 5.576822e-06
5.280000e+02 6.006548e-06
5.290000e+02 5.618953e-06
5.300000e+02 3.369979e-06
5.310000e+02 3.491966e-06
5.320000e+02 4.279862e-06
5.330000e+02 4.596348e-06
5.340000e+02 5.082995e-06
5.350000e+02 4.125617e-06
5.360000e+02 3.145746e-06
5.370000e+02 4.043847e-06
5.380000e+02 5.459106e-06
5.390000e+02 2.644833e-06
5.400000e+02 1.704918e-05
5.410000e+02 3.073148e-06
5.420000e+02 3.096994e-06
5.430000e+02 1.730554e-05
5.440000e+02 1.605512e-05
5.450000e+02 2.029665e-05
5.460000e+02 1.784322e-05
5.470000e+02 1.762923e-05
5.480000e+02 1.780589e-05
5.490000e+02 6.525378e-06
5.500000e+02 1.867243e-05
5.510000e+02 1.687463e-05
5.520000e+02 1.912537e-05
5.530000e+02 6.222244e-06
5.540000e+02 1.369677e-05
5.550000e+02 1.513668e-05
5.560000e+02 1.417230e-05
5.570000e+02 2.102029e-05
5.580000e+02 1.870328e-05
5.590000e+02 1.695631e-05
5.600000e+02 1.691219e-05
5.610000e+02 2.021682e-05
5.620000e+02 1.783560e-05
5.630000e+02 1.676059e-05
5.640000e+02 1.773891e-05
5.650000e+02 1.672618e-05
5.660000e+02 1.656681e-05
5.670000e+02 1.864941e-05
5.680000e+02 1.427108e-05
5.690000e+02 1.447609e-05
5.700000e+02 1.537410e-05
5.710000e+02 2.119672e-05
5.720000e+02 7.147106e-06
5.730000e+02 1.583478e-05
5.740000e+02 8.310469e-06
5.750000e+02 7.370776e-06
5.760000e+02 1.415300e-05
5.770000e+02 1.800447e-05
5.780000e+02 7.419318e-06
5.790000e+02 1.472553e-05
5.800000e+02 1.541558e-05
5.810000e+02 1.740677e-05
5.820000e+02 1.923524e-05
5.830000e+02 1.919003e-05
5.840000e+02 1.623081e-05
5.850000e+02 1.872292e-05
5.860000e+02 1.709838e-05
5.870000e+02 1.811493e-05
5.880000e+02 2.195428e-05
5.890000e+02 7.723448e-06
5.900000e+02 1.730505e-05
5.910000e+02 1.891846e-05
5.920000e+02 1.739228e-05
5.930000e+02 1.952989e-05
5.940000e+02 2.076887e-05
5.950000e+02 2.051058e-05
5.960000e+02 3.650578e-06
5.970000e+02 1.729587e-05
5.980000e+02 2.022981e-05
5.990000e+02 1.814968e-05
6.000000e+02 2.046948e-05
6.010000e+02 4.705193e-06
6.020000e+02 4.095278e-06
6.030000e+02 3.674914e-06
6.040000e+02 4.338618e-06
6.050000e+02 3.306437e-06
6.060000e+02 4.720872e-06
6.070000e+02 4.405633e-06
6.080000e+02 4.957779e-06
6.090000e+02 4.114149e-06
6.100000e+02 3.552595e-06
6.110000e+02 6.134883e-06
6.120000e+02 3.980381e-06
6.130000e+02 3.161415e-06
6.140000e+02 2.979039e-06
6.150000e+02 3.264223e-06
6.160000e+02 7.148881e-06
6.170000e+02 3.811789e-06
6.180000e+02 3.529977e-06
6.190000e+02 5.361024e-06
6.200000e+02 3.134943e-06
6.210000e+02 5.657377e-06
6.220000e+02 5.229145e-06
6.230000e+02 5.772305e-06
6.240000e+02 4.462166e-06
6.250000e+02 5.345959e-06
6.260000e+02 5.064744e-06
6.270000e+02 5.505946e-06
6.280000e+02 4.908807e-06
6.290000e+02 4.388342e-06
6.300000e+02 2.914427e-06
6.310000e+02 6.012205e-06
6.320000e+02 4.104405e-06
6.330000e+02 5.636404e-06
6.340000e+02 6.318789e-06
6.350000e+02 5.211758e-06
6.360000e+02 5.490456e-06
6.370000e+02 3.757157e-06
6.380000e+02 5.199683e-06
6.390000e+02 3.639128e-06
6.400000e+02 3.464598e-06
6.410000e+02 5.925528e-06
6.420000e+02 4.000935e-06
6.430000e+02 4.000977e-06
6.440000e+02 6.762469e-06
6.450000e+02 5.114419e-06
6.460000e+02 5.243355e-06
6.470000e+02 6.430359e-06
6.480000e+02 6.036848e-06
6.490000e+02 5.401866e-06
6.500000e+02 6.020705e-06
6.510000e+02 7.214415e-06
6.520000e+02 6.275565e-06
6.530000e+02 6.746693e-06
6.540000e+02 6.782231e-06
6.550000e+02 6.678314e-06
6.560000e+02 6.888346e-06
6.570000e+02 6.432391e-06
6.580000e+02 6.893063e-06
6.590000e+02 5.740188e-06
6.600000e+02 6.660926e-06
6.610000e+02 5.432010e-06
6.620000e+02 4.592967e-06
6.630000e+02 4.423568e-06
6.640000e+02 7.216797e-06
6.650000e+02 6.163542e-06
6.660000e+02 6.067567e-06
6.670000e+02 6.972749e-06
6.680000e+02 7.506112e-06
6.690000e+02 5.187192e-06
6.700000e+02 5.841150e-06
6.710000e+02 5.987004e-06
6.720000e+02 7.764854e-06
6.730000e+02 5.978345e-06
6.740000e+02 3.610426e-06
6.750000e+02 3.363158e-06
6.760000e+02 3.498884e-06
6.770000e+02 7.163303e-06
6.780000e+02 7.395560e-06
6.790000e+02 6.058477e-06
6.800000e+02 6.667870e-06
6.810000e+02 4.702590e-06
6.820000e+02 6.191430e-06
6.830000e+02 5.548475e-06
6.840000e+02 4.854156e-06
6.850000e+02 7.354963e-06
6.860000e+02 3.405002e-06
6.870000e+02 5.652258e-06
6.880000e+02 4.173640e-06
6.890000e+02 3.806792e-06
6.900000e+02 6.558712e-06
6.910000e+02 7.780577e-06
6.920000e+02 5.823083e-06
6.930000e+02 8.516283e-06
6.940000e+02 7.420611e-06
6.950000e+02 5.853769e-06
6.960000e+02 6.140614e-06
6.970000e+02 4.511419e-06
6.980000e+02 2.989093e-06
6.990000e+02 2.748316e-06
7.000000e+02 2.992974e-06
7.010000e+02 2.247264e-06
7.020000e+02 4.794329e-06
7.030000e+02 4.680854e-06
7.040000e+02 4.693142e-06
7.050000e+02 4.088865e-06
7.060000e+02 2.920426e-06
7.070000e+02 2.834951e-06
7.080000e+02 2.765321e-06
7.090000e+02 2.734392e-06
7.100000e+02 3.311574e-06
7.110000e+02 2.539222e-06
7.120000e+02 3.754729e-06
7.130000e+02 2.087112e-06
7.140000e+02 2.898312e-06
7.150000e+02 3.127139e-06
7.160000e+02 3.374657e-06
7.170000e+02 2.099220e-06
7.180000e+02 2.103681e-06
7.190000e+02 2.795585e-06
7.200000e+02 1.936637e-06
7.210000e+02 1.999384e-06
7.220000e+02 2.189432e-06
7.230000e+02 2.322963e-06
7.240000e+02 2.884292e-06
7.250000e+02 2.366997e-06
7.260000e+02 2.021146e-06
7.270000e+02 1.719391e-06
7.280000e+02 2.772757e-06
7.290000e+02 2.811373e-06
7.300000e+02 3.072262e-06
7.310000e+02 2.823141e-06
7.320000e+02 2.300544e-06
7.330000e+02 2.332285e-06
7.340000e+02 2.141242e-06
7.350000e+02 2.235317e-06
7.360000e+02 1.349565e-06
7.370000e+02 1.236655e-06
7.380000e+02 1.734094e-06
7.390000e+02 1.955903e-06
7.400000e+02 2.060011e-06
7.410000e+02 1.631434e-06
7.420000e+02 8.074573e-06
7.430000e+02 1.509853e-06
7.440000e+02 1.497069e-06
7.450000e+02 1.350600e-06
7.460000e+02 1.565844e-06
7.470000e+02 1.454812e-06
7.480000e+02 1.629717e-06
7.490000e+02 7.619213e-06
7.500000e+02 1.357809e-06
7.510000e+02 1.157296e-06
7.520000e+02 1.011990e-06
7.530000e+02 1.464148e-06
7.540000e+02 1.066788e-06
7.550000e+02 1.219445e-06
7.560000e+02 9.677387e-07
7.570000e+02 9.588566e-07
7.580000e+02 6.291618e-06
7.590000e+02 1.105221e-06
7.600000e+02 1.067689e-06
7.610000e+02 5.771972e-06
7.620000e+02 1.063228e-06
7.630000e+02 5.929373e-06
7.640000e+02 5.759375e-06
7.650000e+02 1.209514e-06
7.660000e+02 9.998588e-07
7.670000e+02 5.346070e-06
7.680000e+02 6.360339e-06
7.690000e+02 1.154463e-06
7.700000e+02 5.590088e-06
7.710000e+02 1.265965e-06
7.720000e+02 5.316564e-06
7.730000e+02 5.325562e-06
7.740000e+02 1.362783e-06
7.750000e+02 5.252894e-06
7.760000e+02 5.711637e-06
7.770000e+02 1.215265e-06
7.780000e+02 4.410019e-06
7.790000e+02 5.436903e-06
7.800000e+02 1.189165e-06
7.810000e+02 4.708352e-06
7.820000e+02 5.350493e-06
7.830000e+02 5.091518e-06
7.840000e+02 4.883251e-06
7.850000e+02 1.041262e-06
7.860000e+02 3.941736e-06
7.870000e+02 4.849748e-06
7.880000e+02 1.143563e-06
7.890000e+02 4.542457e-06
7.900000e+02 8.164548e-07
7.910000e+02 4.398831e-06
7.920000e+02 8.701607e-07
7.930000e+02 4.433939e-06
7.940000e+02 7.485692e-07
7.950000e+02 7.955480e-07
7.960000e+02 1.768720e-06
7.970000e+02 1.488228e-06
7.980000e+02 3.057382e-06
7.990000e+02 1.744131e-06
8.000000e+02 1.764759e-06
8.010000e+02 4.278032e-06
8.020000e+02 3.039970e-06
8.030000e+02 2.660576e-06
8.040000e+02 2.367681e-07
8.050000e+02 4.231744e-06
8.060000e+02 1.488932e-07
8.070000e+02 2.055436e-06
8.080000e+02 3.247019e-06
8.090000e+02 2.732912e-06
8.100000e+02 2.727787e-06
8.110000e+02 1.696497e-06
8.120000e+02 2.606121e-06
8.130000e+02 2.089077e-06
8.140000e+02 2.592307e-06
8.150000e+02 3.054349e-06
8.160000e+02 4.691846e-07
8.170000e+02 2.841795e-07
8.180000e+02 3.698380e-07
8.190000e+02 5.859035e-07
8.200000e+02 8.023621e-07
8.210000e+02 3.320470e-07
8.220000e+02 6.243726e-07
8.230000e+02 3.982164e-07
8.240000e+02 1.999148e-06
8.250000e+02 8.629987e-07
8.260000e+02 2.498633e-06
8.270000e+02 4.220488e-07
8.280000e+02 5.180618e-07
8.290000e+02 3.460652e-07
8.300000e+02 1.331589e-07
8.310000e+02 2.070507e-07
8.320000e+02 4.500976e-07
8.330000e+02 5.083657e-07
8.340000e+02 1.328067e-06
8.350000e+02 8.399915e-07
8.360000e+02 1.651522e-06
8.370000e+02 5.869363e-07
8.380000e+02 1.898983e-06
8.390000e+02 5.283801e-07
8.400000e+02 1.388162e-06
8.410000e+02 1.158886e-06
8.420000e+02 1.219439e-06
8.430000e+02 1.868001e-06
8.440000e+02 1.783778e-06
8.450000e+02 4.694126e-07
8.460000e+02 8.061835e-07
8.470000e+02 1.289852e-07
8.480000e+02 8.610666e-07
8.490000e+02 2.091455e-06
8.500000e+02 1.440285e-06
8.510000e+02 1.559295e-07
8.520000e+02 7.727298e-08
8.530000e+02 1.734983e-06
8.540000e+02 4.725260e-07
8.550000e+02 1.102156e-06
8.560000e+02 6.979738e-07
8.570000e+02 6.947979e-07
8.580000e+02 9.739315e-08
8.590000e+02 2.587768e-07
8.600000e+02 1.509261e-06
8.610000e+02 1.354980e-06
8.620000e+02 4.371817e-07
8.630000e+02 3.769871e-07
8.640000e+02 4.164841e-07
8.650000e+02 1.454462e-06
8.660000e+02 9.039055e-07
8.670000e+02 1.997528e-06
8.680000e+02 9.027093e-07
8.690000e+02 5.625410e-07
8.700000e+02 6.886055e-07
8.710000e+02 6.999812e-07
8.720000e+02 1.985232e-06
8.730000e+02 1.410896e-06
8.740000e+02 2.088446e-06
8.750000e+02 9.256689e-07
8.760000e+02 5.401477e-07
8.770000e+02 2.284769e-06
8.780000e+02 6.254686e-07
8.790000e+02 6.055791e-07
8.800000e+02 1.062132e-06
8.810000e+02 4.364123e-07
8.820000e+02 9.207771e-07
8.830000e+02 2.085357e-06
8.840000e+02 8.231530e-07
8.850000e+02 8.122363e-07
8.860000e+02 6.062175e-07
8.870000e+02 5.545412e-07
8.880000e+02 1.202260e-06
8.890000e+02 1.112312e-06
8.900000e+02 8.441899e-07
8.910000e+02 1.035076e-06
8.920000e+02 3.292996e-07
8.930000e+02 4.876887e-07
8.940000e+02 1.859217e-06
8.950000e+02 4.980147e-07
8.960000e+02 2.027032e-06
8.970000e+02 3.148300e-07
8.980000e+02 4.196841e-07
8.990000e+02 3.774105e-07
9.000000e+02 2.686747e-07
9.010000e+02 7.791542e-07
9.020000e+02 1.788450e-07
9.030000e+02 4.089728e-07
9.040000e+02 5.759696e-07
9.050000e+02 4.609543e-07
9.060000e+02 2.206286e-06
9.070000e+02 2.622378e-07
9.080000e+02 3.857135e-07
9.090000e+02 3.635652e-07
9.100000e+02 3.261934e-07
9.110000e+02 3.823222e-07
9.120000e+02 1.435688e-06
9.130000e+02 5.284713e-07
9.140000e+02 9.601775e-07
9.150000e+02 4.474496e-07
9.160000e+02 5.663185e-07
9.170000e+02 7.832897e-07
9.180000e+02 8.813371e-07
9.190000e+02 3.517207e-07
9.200000e+02 1.757849e-06
9.210000e+02 1.207609e-06
9.220000e+02 1.542308e-06
9.230000e+02 1.630897e-06
9.240000e+02 7.841700e-07
9.250000e+02 1.213117e-06
9.260000e+02 1.668938e-06
9.270000e+02 6.869103e-07
9.280000e+02 4.232278e-07
9.290000e+02 9.930555e-07
9.300000e+02 5.771612e-07
9.310000e+02 1.955876e-06
9.320000e+02 1.091922e-06
9.330000e+02 4.705466e-07
9.340000e+02 3.708510e-07
9.350000e+02 5.248203e-07
9.360000e+02 2.335449e-06
9.370000e+02 5.712079e-07
9.380000e+02 4.905454e-07
9.390000e+02 2.091605e-06
9.400000e+02 1.680944e-06
9.410000e+02 5.202917e-07
9.420000e+02 2.085108e-06
9.430000e+02 2.073160e-06
9.440000e+02 1.886470e-06
9.450000e+02 6.069561e-07
9.460000e+02 3.430923e-07
9.470000e+02 3.401583e-07
9.480000e+02 3.031940e-06
9.490000e+02 2.155512e-06
9.500000e+02 3.388811e-07
9.510000e+02 2.946060e-06
9.520000e+02 1.954501e-06
9.530000e+02 5.830944e-07
9.540000e+02 5.581628e-07
9.550000e+02 1.579093e-06
9.560000e+02 1.671328e-06
9.570000e+02 1.615387e-06
9.580000e+02 1.306908e-06
9.590000e+02 6.789121e-07
9.600000e+02 1.160362e-06
9.610000e+02 1.505272e-06
9.620000e+02 6.783104e-07
9.630000e+02 1.027532e-06
9.640000e+02 1.883652e-06
9.650000e+02 1.155539e-06
9.660000e+02 1.639949e-06
9.670000e+02 3.426223e-06
9.680000e+02 1.699056e-06
9.690000e+02 4.882031e-07
9.700000e+02 1.530287e-06
9.710000e+02 2.329818e-06
9.720000e+02 8.673255e-07
9.730000e+02 7.622736e-07
9.740000e+02 1.542118e-06
9.750000e+02 2.452926e-06
9.760000e+02 1.119266e-06
9.770000e+02 1.221255e-06
9.780000e+02 6.909866e-07
9.790000e+02 2.743608e-06
9.800000e+02 1.543562e-06
9.810000e+02 1.022524e-06
9.820000e+02 7.855783e-07
9.830000e+02 2.567511e-06
9.840000e+02 1.355417e-06
9.850000e+02 1.024755e-06
9.860000e+02 8.120439e-07
9.870000e+02 6.084499e-07
9.880000e+02 2.871543e-06
9.890000e+02 1.067984e-06
9.900000e+02 8.536550e-07
9.910000e+02 6.497053e-07
9.920000e+02 6.530703e-07
9.930000e+02 2.558954e-06
9.940000e+02 7.659827e-07
9.950000e+02 9.900212e-07
9.960000e+02 1.032956e-06
9.970000e+02 3.016182e-06
9.980000e+02 8.539212e-07
9.990000e+02 1.048728e-06
1.000000e+03 8.336118e-07
1.001000e+03 4.176309e-07
1.002000e+03 1.271464e-06
1.003000e+03 1.228487e-06
1.004000e+03 7.703712e-07
1.005000e+03 5.598245e-07
1.006000e+03 2.407114e-06
1.007000e+03 4.890882e-07
1.008000e+03 2.293290e-06
1.009000e+03 1.046155e-06
1.010000e+03 9.037453e-07
1.011000e+03 6.730349e-07
1.012000e+03 2.390235e-06
1.013000e+03 2.260612e-06
1.014000e+03 7.383682e-07
1.015000e+03 7.470667e-07
1.016000e+03 6.051700e-07
1.017000e+03 5.127664e-07
1.018000e+03 2.229161e-06
1.019000e+03 2.221007e-06
1.020000e+03 5.980996e-07
1.021000e+03 5.261231e-07
1.022000e+03 7.874186e-07
1.023000e+03 2.118349e-06
1.024000e+03 2.068066e-06
1.025000e+03 2.938280e-06
1.026000e+03 6.301810e-07
1.027000e+03 6.038331e-07
1.028000e+03 7.841161e-07
1.029000e+03 2.068297e-06
1.030000e+03 2.088399e-06
1.031000e+03 1.733109e-06
1.032000e+03 5.761076e-07
1.033000e+03 6.846913e-07
1.034000e+03 6.202283e-07
1.035000e+03 5.011437e-07
1.036000e+03 4.118143e-07
1.037000e+03 1.911097e-06
1.038000e+03 2.795647e-06
1.039000e+03 5.909067e-07
1.040000e+03 8.471727e-07
1.041000e+03 5.409037e-07
1.042000e+03 4.024460e-07
1.043000e+03 1.860689e-06
1.044000e+03 4.208223e-07
1.045000e+03 1.319625e-06
1.046000e+03 4.500719e-07
1.047000e+03 3.500668e-07
1.048000e+03 2.909261e-07
1.049000e+03 1.799989e-06
1.050000e+03 1.981696e-06
1.051000e+03 1.739620e-06
1.052000e+03 4.954176e-07
1.053000e+03 2.578235e-06
1.054000e+03 4.297840e-07
1.055000e+03 3.951730e-07
1.056000e+03 3.324772e-07
1.057000e+03 3.487523e-07
1.058000e+03 1.659055e-06
1.059000e+03 3.287785e-07
1.060000e+03 1.332661e-06
1.061000e+03 2.214342e-06
1.062000e+03 3.238564e-07
1.063000e+03 3.976873e-07
1.064000e+03 3.878653e-07
1.065000e+03 3.222384e-07
1.066000e+03 1.411094e-06
1.067000e+03 1.444832e-06
1.068000e+03 1.411703e-06
1.069000e+03 3.160411e-07
1.070000e+03 2.358338e-06
1.071000e+03 3.786481e-07
1.072000e+03 3.959404e-07
1.073000e+03 2.972065e-07
1.074000e+03 2.596251e-07
1.075000e+03 2.657519e-07
1.076000e+03 1.430291e-06
1.077000e+03 3.707522e-07
1.078000e+03 1.413302e-06
1.079000e+03 1.391347e-06
1.080000e+03 3.484038e-07
1.081000e+03 2.867156e-06
1.082000e+03 3.991059e-07
1.083000e+03 3.514590e-07
1.084000e+03 2.924730e-07
1.085000e+03 2.791946e-07
1.086000e+03 2.482631e-07
1.087000e+03 1.269288e-06
1.088000e+03 1.273481e-06
1.089000e+03 1.169453e-06
1.090000e+03 1.161519e-06
1.091000e+03 1.133532e-06
1.092000e+03 1.016644e-06
1.093000e+03 9.809292e-07
1.094000e+03 1.604778e-06
1.095000e+03 3.435039e-07
1.096000e+03 2.655870e-07
1.097000e+03 2.201163e-07
1.098000e+03 2.296317e-07
1.099000e+03 2.382910e-07
1.100000e+03 1.614043e-07
1.101000e+03 2.368873e-07
1.102000e+03 2.371475e-07
1.103000e+03 3.236187e-07
1.104000e+03 8.094933e-07
1.105000e+03 8.081851e-07
1.106000e+03 7.551771e-07
1.107000e+03 7.145984e-07
1.108000e+03 6.967762e-07
1.109000e+03 7.227325e-07
1.110000e+03 1.952951e-06
1.111000e+03 4.134708e-07
1.112000e+03 2.252920e-07
1.113000e+03 1.755996e-07
1.114000e+03 1.822154e-07
1.115000e+03 1.685634e-07
1.116000e+03 9.852507e-07
1.117000e+03 9.843399e-07
1.118000e+03 9.197968e-07
1.119000e+03 8.431844e-07
1.120000e+03 8.075398e-07
1.121000e+03 6.810824e-07
1.122000e+03 6.593616e-07
1.123000e+03 6.240577e-07
1.124000e+03 6.901424e-07
1.125000e+03 6.842029e-07
1.126000e+03 6.080631e-07
1.127000e+03 5.906721e-07
1.128000e+03 5.441193e-07
1.129000e+03 5.695100e-07
1.130000e+03 5.638726e-07
1.131000e+03 5.883981e-07
1.132000e+03 6.565514e-07
1.133000e+03 5.928700e-07
1.134000e+03 5.384224e-07
1.135000e+03 5.192046e-07
1.136000e+03 1.277907e-06
1.137000e+03 3.307251e-07
1.138000e+03 2.769391e-07
1.139000e+03 2.349987e-07
1.140000e+03 2.065068e-07
1.141000e+03 1.424260e-07
1.142000e+03 8.348178e-07
1.143000e+03 1.795153e-07
1.144000e+03 1.333718e-07
1.145000e+03 7.348101e-07
1.146000e+03 6.714922e-07
1.147000e+03 6.227610e-07
1.148000e+03 6.212923e-07
1.149000e+03 6.371203e-07
1.150000e+03 6.297582e-07
1.151000e+03 5.998480e-07
1.152000e+03 5.756909e-07
1.153000e+03 5.929128e-07
1.154000e+03 8.697782e-08
1.155000e+03 5.696260e-07
1.156000e+03 8.900348e-08
1.157000e+03 5.528071e-07
1.158000e+03 5.436838e-07
1.159000e+03 5.438084e-07
1.160000e+03 5.334139e-07
1.161000e+03 6.549737e-08
1.162000e+03 7.430178e-08
1.163000e+03 8.446568e-08
1.164000e+03 9.454466e-08
1.165000e+03 4.851181e-07
1.166000e+03 6.436342e-08
1.167000e+03 5.933509e-08
1.168000e+03 6.811900e-08
1.169000e+03 8.198679e-08
1.170000e+03 8.463666e-08
1.171000e+03 6.700590e-08
1.172000e+03 8.884087e-08
1.173000e+03 8.398654e-08
1.174000e+03 8.225406e-08
1.175000e+03 8.002372e-08
1.176000e+03 7.308469e-08
1.177000e+03 7.185821e-08
1.178000e+03 7.496615e-08
1.179000e+03 7.468499e-08
1.180000e+03 8.397998e-08
1.181000e+03 7.537182e-08
1.182000e+03 7.272854e-08
1.183000e+03 7.622308e-08
1.184000e+03 9.503320e-08
1.185000e+03 8.257394e-08
1.186000e+03 7.629237e-08
1.187000e+03 7.149912e-08
1.188000e+03 8.026338e-08
1.189000e+03 6.581072e-08
1.190000e+03 6.070142e-08
1.191000e+03 8.241818e-08
1.192000e+03 5.377909e-07
1.193000e+03 4.662134e-07
1.194000e+03 2.801922e-07
1.195000e+03 2.523407e-07
1.196000e+03 1.780452e-07
1.197000e+03 1.624616e-07
1.198000e+03 1.468143e-07
1.199000e+03 1.443381e-07
1.200000e+03 1.192315e-07
1.201000e+03 9.965419e-08
1.202000e+03 1.116841e-07
1.203000e+03 1.233542e-07
1.204000e+03 1.209251e-07
1.205000e+03 1.048119e-07
1.206000e+03 1.093090e-07
1.207000e+03 1.191884e-07
1.208000e+03 1.443025e-07
1.209000e+03 6.648604e-08
1.210000e+03 1.696047e-07
1.211000e+03 1.474575e-07
1.212000e+03 1.528346e-07
1.213000e+03 1.541284e-07
1.214000e+03 1.591270e-07
1.215000e+03 6.434242e-08
1.216000e+03 7.056758e-08
1.217000e+03 1.096159e-07
1.218000e+03 1.177061e-07
1.219000e+03 1.081601e-07
1.220000e+03 1.012860e-07
1.221000e+03 8.489841e-08
1.222000e+03 7.742177e-08
1.223000e+03 7.280694e-08
1.224000e+03 9.091522e-08
1.225000e+03 7.873737e-08
1.226000e+03 7.495735e-08
1.227000e+03 7.785668e-08
1.228000e+03 7.854015e-08
1.229000e+03 7.435273e-07
1.230000e+03 4.638152e-07
1.231000e+03 3.314544e-07
1.232000e+03 2.735991e-07
1.233000e+03 2.594452e-07
1.234000e+03 2.837714e-07
1.235000e+03 1.904165e-07
1.236000e+03 2.285174e-07
1.237000e+03 2.092985e-07
1.238000e+03 2.340864e-07
1.239000e+03 1.520846e-07
1.240000e+03 1.312204e-07
1.241000e+03 1.181525e-07
1.242000e+03 1.161121e-07
1.243000e+03 1.121768e-07
1.244000e+03 1.159805e-07
1.245000e+03 1.026490e-07
1.246000e+03 1.113386e-07
1.247000e+03 8.905861e-08
1.248000e+03 1.258573e-07
1.249000e+03 1.072150e-07
1.250000e+03 1.820325e-06
1.251000e+03 3.781471e-07
1.252000e+03 3.381523e-07
1.253000e+03 2.874043e-07
1.254000e+03 2.449611e-07
1.255000e+03 2.184679e-07
1.256000e+03 1.369222e-07
1.257000e+03 1.268772e-07
1.258000e+03 1.198862e-07
1.259000e+03 1.225863e-07
1.260000e+03 7.363489e-08
1.261000e+03 8.176464e-08
1.262000e+03 1.444450e-07
1.263000e+03 1.446402e-07
1.264000e+03 1.336606e-07
1.265000e+03 1.313488e-06
1.266000e+03 3.907565e-07
1.267000e+03 3.888339e-07
1.268000e+03 2.470064e-07
1.269000e+03 1.718273e-07
1.270000e+03 1.489727e-07
1.271000e+03 1.336724e-07
1.272000e+03 9.010610e-08
1.273000e+03 1.157703e-07
1.274000e+03 1.275945e-07
1.275000e+03 1.670521e-07
1.276000e+03 1.777727e-07
1.277000e+03 1.714538e-07
1.278000e+03 7.366737e-07
1.279000e+03 4.204501e-07
1.280000e+03 3.387633e-07
1.281000e+03 2.687763e-07
1.282000e+03 2.299151e-07
1.283000e+03 2.348262e-07
1.284000e+03 2.096015e-07
1.285000e+03 1.756622e-07
1.286000e+03 1.585949e-07
1.287000e+03 1.521372e-07
1.288000e+03 1.979623e-06
1.289000e+03 5.456558e-07
1.290000e+03 5.237295e-07
1.291000e+03 3.964120e-07
1.292000e+03 3.182871e-07
1.293000e+03 1.866136e-07
1.294000e+03 1.681058e-07
1.295000e+03 1.382720e-07
1.296000e+03 1.415729e-07
1.297000e+03 1.208292e-07
1.298000e+03 1.622097e-06
1.299000e+03 5.045108e-07
1.300000e+03 4.793389e-07
1.301000e+03 2.410449e-07
1.302000e+03 2.717601e-07
1.303000e+03 2.150432e-07
1.304000e+03 1.939097e-07
1.305000e+03 1.798772e-07
1.306000e+03 1.974404e-06
1.307000e+03 4.384919e-07
1.308000e+03 4.234843e-07
1.309000e+03 3.516273e-07
1.310000e+03 2.773010e-07
1.311000e+03 2.430335e-07
1.312000e+03 1.847467e-07
1.313000e+03 1.832207e-07
1.314000e+03 1.650921e-07
1.315000e+03 1.952967e-06
1.316000e+03 5.475285e-07
1.317000e+03 4.003120e-07
1.318000e+03 2.939026e-07
1.319000e+03 2.433335e-07
1.320000e+03 2.220642e-07
1.321000e+03 2.316111e-07
1.322000e+03 1.701492e-06
1.323000e+03 4.496244e-07
1.324000e+03 4.157075e-07
1.325000e+03 3.323776e-07
1.326000e+03 2.431394e-07
1.327000e+03 1.827606e-07
1.328000e+03 1.493641e-07
1.329000e+03 1.374228e-07
1.330000e+03 5.509868e-07
1.331000e+03 5.354271e-07
1.332000e+03 4.139447e-07
1.333000e+03 3.002481e-07
1.334000e+03 2.136047e-07
1.335000e+03 1.836690e-07
1.336000e+03 1.684155e-07
1.337000e+03 1.421985e-07
1.338000e+03 1.516036e-06
1.339000e+03 4.428920e-07
1.340000e+03 4.229157e-07
1.341000e+03 3.214969e-07
1.342000e+03 2.369510e-07
1.343000e+03 2.606633e-07
1.344000e+03 1.677678e-07
1.345000e+03 1.485389e-07
1.346000e+03 1.204897e-06
1.347000e+03 5.082216e-07
1.348000e+03 4.177834e-07
1.349000e+03 3.284791e-07
1.350000e+03 2.640351e-07
1.351000e+03 1.829012e-07
1.352000e+03 1.481223e-07
1.353000e+03 1.486270e-07
1.354000e+03 1.492889e-06
1.355000e+03 4.415879e-07
1.356000e+03 3.767105e-07
1.357000e+03 2.818067e-07
1.358000e+03 2.429157e-07
1.359000e+03 1.921763e-07
1.360000e+03 1.608726e-07
1.361000e+03 1.383684e-07
1.362000e+03 1.280096e-06
1.363000e+03 3.710932e-07
1.364000e+03 3.533884e-07
1.365000e+03 3.129545e-07
1.366000e+03 3.300518e-07
1.367000e+03 2.312718e-07
1.368000e+03 1.949560e-07
1.369000e+03 1.669931e-07
1.370000e+03 1.447612e-07
1.371000e+03 1.321904e-06
1.372000e+03 7.069342e-07
1.373000e+03 3.598259e-07
1.374000e+03 2.787140e-07
1.375000e+03 2.233868e-07
1.376000e+03 1.726506e-07
1.377000e+03 1.721849e-07
1.378000e+03 2.689777e-07
1.379000e+03 2.492016e-07
1.380000e+03 6.329108e-07
1.381000e+03 1.803270e-06
1.382000e+03 4.479661e-07
1.383000e+03 3.453812e-07
1.384000e+03 2.986069e-07
1.385000e+03 2.428079e-07
1.386000e+03 2.208383e-07
1.387000e+03 1.840594e-07
1.388000e+03 7.536956e-07
1.389000e+03 7.240491e-07
1.390000e+03 5.802137e-07
1.391000e+03 5.047871e-07
1.392000e+03 1.618991e-06
1.393000e+03 3.957286e-07
1.394000e+03 3.309326e-07
1.395000e+03 1.856383e-07
1.396000e+03 1.674361e-07
1.397000e+03 1.715985e-07
1.398000e+03 1.188757e-07
1.399000e+03 6.225809e-07
1.400000e+03 6.519833e-07
1.401000e+03 5.840795e-07
1.402000e+03 5.417965e-07
1.403000e+03 4.984276e-07
1.404000e+03 4.098353e-07
1.405000e+03 3.674686e-07
1.406000e+03 3.096897e-07
1.407000e+03 2.069885e-07
1.408000e+03 1.573575e-07
1.409000e+03 1.267447e-07
1.410000e+03 1.127944e-07
1.411000e+03 1.033915e-07
1.412000e+03 5.301571e-07
1.413000e+03 4.356677e-07
1.414000e+03 3.995961e-07
1.415000e+03 3.293743e-07
1.416000e+03 2.880654e-07
1.417000e+03 1.624784e-06
1.418000e+03 2.907508e-07
1.419000e+03 2.929534e-07
1.420000e+03 2.086481e-07
1.421000e+03 1.639640e-07
1.422000e+03 1.263214e-07
1.423000e+03 6.037663e-07
1.424000e+03 5.365677e-07
1.425000e+03 5.227967e-07
1.426000e+03 4.662845e-07
1.427000e+03 3.925988e-07
1.428000e+03 3.478748e-07
1.429000e+03 3.052417e-07
1.430000e+03 2.606489e-07
1.431000e+03 2.462695e-07
1.432000e+03 1.618702e-06
1.433000e+03 2.349066e-07
1.434000e+03 2.218037e-07
1.435000e+03 1.977701e-07
1.436000e+03 1.869897e-07
1.437000e+03 1.379883e-07
1.438000e+03 5.425619e-07
1.439000e+03 4.973638e-07
1.440000e+03 4.682464e-07
1.441000e+03 4.104269e-07
1.442000e+03 3.251932e-07
1.443000e+03 3.154215e-07
1.444000e+03 2.862670e-07
1.445000e+03 2.354439e-07
1.446000e+03 2.183546e-07
1.447000e+03 2.026356e-07
1.448000e+03 1.921466e-07
1.449000e+03 1.331711e-06
1.450000e+03 2.517617e-07
1.451000e+03 2.662251e-07
1.452000e+03 2.238089e-07
1.453000e+03 1.648581e-07
1.454000e+03 1.338249e-07
1.455000e+03 1.065944e-07
1.456000e+03 4.718475e-07
1.457000e+03 4.199007e-07
1.458000e+03 3.646181e-07
1.459000e+03 3.140800e-07
1.460000e+03 2.707081e-07
1.461000e+03 2.387560e-07
1.462000e+03 2.107600e-07
1.463000e+03 2.031511e-07
1.464000e+03 1.925688e-07
1.465000e+03 1.785224e-07
1.466000e+03 1.758534e-07
1.467000e+03 1.759161e-07
1.468000e+03 1.714327e-07
1.469000e+03 1.557525e-07
1.470000e+03 1.517030e-07
1.471000e+03 1.772743e-06
1.472000e+03 2.379442e-07
1.473000e+03 2.259142e-07
1.474000e+03 1.519121e-07
1.475000e+03 1.518019e-07
1.476000e+03 1.099517e-07
1.477000e+03 8.467123e-08
1.478000e+03 7.536760e-08
1.479000e+03 3.614502e-07
1.480000e+03 3.388404e-07
1.481000e+03 2.920229e-07
1.482000e+03 2.408515e-07
1.483000e+03 2.196052e-07
1.484000e+03 1.977517e-07
1.485000e+03 1.846194e-07
1.486000e+03 1.744824e-07
1.487000e+03 1.676377e-07
1.488000e+03 1.687160e-07
1.489000e+03 1.673009e-07
1.490000e+03 1.604561e-07
1.491000e+03 1.579020e-07
1.492000e+03 1.568446e-07
1.493000e+03 1.557451e-07
1.494000e+03 1.406921e-06
1.495000e+03 3.088790e-07
1.496000e+03 2.650220e-07
1.497000e+03 1.863234e-07
1.498000e+03 2.020224e-07
1.499000e+03 1.136203e-07
1.500000e+03 9.764017e-08
1.501000e+03 8.365202e-08
1.502000e+03 7.014150e-08
1.503000e+03 2.927231e-07
1.504000e+03 2.652356e-07
1.505000e+03 2.364540e-07
1.506000e+03 2.413924e-07
1.507000e+03 1.927256e-07
1.508000e+03 1.711055e-07
1.509000e+03 1.646370e-07
1.510000e+03 1.615004e-07
1.511000e+03 1.688638e-07
1.512000e+03 1.683170e-07
1.513000e+03 1.537653e-07
1.514000e+03 1.483206e-07
1.515000e+03 1.502997e-07
1.516000e+03 1.471546e-07
1.517000e+03 1.442163e-07
1.518000e+03 1.394205e-07
1.519000e+03 1.358713e-07
1.520000e+03 1.348671e-07
1.521000e+03 1.563541e-06
1.522000e+03 3.153913e-07
1.523000e+03 2.436706e-07
1.524000e+03 1.965361e-07
1.525000e+03 1.651481e-07
1.526000e+03 1.441231e-07
1.527000e+03 1.055705e-07
1.528000e+03 8.428397e-08
1.529000e+03 7.197525e-08
1.530000e+03 5.570187e-08
1.531000e+03 2.885488e-07
1.532000e+03 2.629316e-07
1.533000e+03 2.489097e-07
1.534000e+03 2.298109e-07
1.535000e+03 2.082559e-07
1.536000e+03 1.903880e-07
1.537000e+03 1.721085e-07
1.538000e+03 1.587962e-07
1.539000e+03 1.456020e-07
1.540000e+03 1.405760e-07
1.541000e+03 1.378648e-07
1.542000e+03 1.231982e-07
1.543000e+03 1.199879e-07
1.544000e+03 1.230158e-07
1.545000e+03 1.206797e-07
1.546000e+03 1.213891e-07
1.547000e+03 1.230667e-07
1.548000e+03 1.336047e-06
1.549000e+03 2.245464e-07
1.550000e+03 2.419572e-07
1.551000e+03 2.388009e-07
1.552000e+03 2.329349e-07
1.553000e+03 1.610510e-07
1.554000e+03 8.840935e-08
1.555000e+03 7.396975e-08
1.556000e+03 6.331549e-08
1.557000e+03 6.045357e-08
1.558000e+03 5.330557e-08
1.559000e+03 4.628222e-08
1.560000e+03 3.742714e-08
1.561000e+03 3.281465e-08
1.562000e+03 3.112484e-08
1.563000e+03 2.783689e-08
1.564000e+03 2.519901e-08
1.565000e+03 2.352179e-08
1.566000e+03 1.562255e-07
1.567000e+03 1.457453e-07
1.568000e+03 1.368709e-07
1.569000e+03 1.224684e-07
1.570000e+03 1.200244e-07
1.571000e+03 1.262960e-08
1.572000e+03 1.265861e-07
1.573000e+03 1.280618e-07
1.574000e+03 1.273195e-07
1.575000e+03 1.256990e-07
1.576000e+03 1.687238e-06
1.577000e+03 2.107154e-07
1.578000e+03 2.803725e-07
1.579000e+03 1.551969e-07
1.580000e+03 1.227075e-07
1.581000e+03 1.090095e-07
1.582000e+03 9.051125e-08
1.583000e+03 7.249353e-08
1.584000e+03 6.381926e-08
1.585000e+03 5.073756e-08
1.586000e+03 4.653034e-08
1.587000e+03 4.866658e-08
1.588000e+03 4.952871e-08
1.589000e+03 1.990113e-07
1.590000e+03 1.978903e-07
1.591000e+03 1.825596e-07
1.592000e+03 1.802672e-07
1.593000e+03 1.729934e-07
1.594000e+03 1.566905e-07
1.595000e+03 1.622200e-07
1.596000e+03 4.071601e-08
1.597000e+03 4.021433e-08
1.598000e+03 3.904613e-08
1.599000e+03 1.253305e-07
1.600000e+03 1.234263e-07
1.601000e+03 1.182741e-07
1.602000e+03 1.164854e-07
1.603000e+03 1.145548e-07
1.604000e+03 1.177569e-07
1.605000e+03 1.725264e-06
1.606000e+03 1.882085e-07
1.607000e+03 1.921752e-07
1.608000e+03 1.535935e-07
1.609000e+03 1.188255e-07
1.610000e+03 9.926120e-08
1.611000e+03 8.328361e-08
1.612000e+03 6.650768e-08
1.613000e+03 6.205635e-08
1.614000e+03 5.120142e-08
1.615000e+03 3.585656e-08
1.616000e+03 2.108606e-07
1.617000e+03 3.243142e-08
1.618000e+03 1.987018e-07
1.619000e+03 1.894182e-07
1.620000e+03 1.679613e-07
1.621000e+03 1.558001e-07
1.622000e+03 1.488159e-07
1.623000e+03 1.400143e-07
1.624000e+03 1.301820e-07
1.625000e+03 1.253358e-07
1.626000e+03 1.206635e-07
1.627000e+03 1.167546e-07
1.628000e+03 1.125795e-07
1.629000e+03 1.086541e-07
1.630000e+03 1.061627e-07
1.631000e+03 1.033045e-07
1.632000e+03 1.089893e-07
1.633000e+03 1.054455e-07
1.634000e+03 1.013430e-07
1.635000e+03 1.033449e-07
1.636000e+03 1.363524e-06
1.637000e+03 3.005960e-07
1.638000e+03 9.287539e-08
1.639000e+03 1.899771e-07
1.640000e+03 1.570708e-07
1.641000e+03 1.050584e-07
1.642000e+03 9.338983e-08
1.643000e+03 9.313838e-08
1.644000e+03 8.729515e-08
1.645000e+03 8.028965e-08
1.646000e+03 6.900011e-08
1.647000e+03 5.916955e-08
1.648000e+03 2.292723e-07
1.649000e+03 2.211813e-07
1.650000e+03 2.001516e-07
1.651000e+03 1.746436e-07
1.652000e+03 1.559607e-07
1.653000e+03 1.395891e-07
1.654000e+03 1.293107e-07
1.655000e+03 1.225709e-07
1.656000e+03 1.163957e-07
1.657000e+03 1.108751e-07
1.658000e+03 1.090466e-07
1.659000e+03 1.018999e-07
1.660000e+03 9.746448e-08
1.661000e+03 1.029079e-07
1.662000e+03 9.908685e-08
1.663000e+03 9.932747e-08
1.664000e+03 1.021812e-07
1.665000e+03 1.023642e-07
1.666000e+03 9.979440e-08
1.667000e+03 9.492752e-08
1.668000e+03 9.758776e-08
1.669000e+03 9.934287e-08
1.670000e+03 9.812794e-08
1.671000e+03 1.221618e-06
1.672000e+03 2.845821e-07
1.673000e+03 2.790226e-07
1.674000e+03 2.040329e-07
1.675000e+03 1.817830e-07
1.676000e+03 1.054841e-07
1.677000e+03 8.838800e-08
1.678000e+03 6.990989e-08
1.679000e+03 5.764165e-08
1.680000e+03 4.815760e-08
1.681000e+03 4.310033e-08
1.682000e+03 4.761833e-08
1.683000e+03 4.299116e-08
1.684000e+03 1.816007e-07
1.685000e+03 4.157073e-08
1.686000e+03 1.538196e-07
1.687000e+03 1.525171e-07
1.688000e+03 1.279402e-07
1.689000e+03 1.259098e-07
1.690000e+03 1.171077e-07
1.691000e+03 1.024104e-07
1.692000e+03 9.908940e-08
1.693000e+03 9.680169e-08
1.694000e+03 9.425447e-08
1.695000e+03 9.216003e-08
1.696000e+03 8.804976e-08
1.697000e+03 8.440351e-08
1.698000e+03 8.649833e-08
1.699000e+03 9.793209e-08
1.700000e+03 9.808336e-08
1.701000e+03 9.717369e-08
1.702000e+03 9.638449e-08
1.703000e+03 9.591538e-08
1.704000e+03 9.397845e-08
1.705000e+03 1.070980e-08
1.706000e+03 9.756486e-09
1.707000e+03 8.778176e-08
1.708000e+03 8.795370e-08
1.709000e+03 8.451714e-08
1.710000e+03 8.654010e-08
1.711000e+03 1.432236e-06
1.712000e+03 2.622430e-07
1.713000e+03 2.378508e-07
1.714000e+03 1.926806e-07
1.715000e+03 1.635514e-07
1.716000e+03 1.281145e-07
1.717000e+03 1.004020e-07
1.718000e+03 7.190999e-08
1.719000e+03 5.709255e-08
1.720000e+03 5.031451e-08
1.721000e+03 4.293489e-08
1.722000e+03 3.741104e-08
1.723000e+03 4.251769e-08
1.724000e+03 1.454103e-07
1.725000e+03 1.438451e-07
1.726000e+03 1.343702e-07
1.727000e+03 1.242264e-07
1.728000e+03 1.171902e-07
1.729000e+03 1.110287e-07
1.730000e+03 1.006538e-07
1.731000e+03 9.947792e-08
1.732000e+03 9.547142e-08
1.733000e+03 8.269496e-08
1.734000e+03 7.932414e-08
1.735000e+03 7.602800e-08
1.736000e+03 7.761478e-08
1.737000e+03 7.616425e-08
1.738000e+03 7.668222e-08
1.739000e+03 7.659880e-08
1.740000e+03 7.602620e-08
1.741000e+03 7.620452e-08
1.742000e+03 7.649804e-08
1.743000e+03 7.467276e-08
1.744000e+03 7.600021e-08
1.745000e+03 7.371947e-08
1.746000e+03 7.146465e-08
1.747000e+03 7.511375e-08
1.748000e+03 7.465358e-08
1.749000e+03 7.449899e-08
1.750000e+03 7.420576e-08
1.751000e+03 7.254577e-08
1.752000e+03 7.192909e-08
1.753000e+03 7.123621e-08
1.754000e+03 7.129379e-08
1.755000e+03 7.157264e-08
1.756000e+03 7.171339e-08
1.757000e+03 7.188671e-08
1.758000e+03 7.089365e-08
1.759000e+03 1.482959e-06
1.760000e+03 2.257001e-07
1.761000e+03 2.013901e-07
1.762000e+03 1.637820e-07
1.763000e+03 1.276062e-07
1.764000e+03 9.669336e-08
1.765000e+03 1.061947e-07
1.766000e+03 8.399788e-08
1.767000e+03 6.572786e-08
1.768000e+03 5.061925e-08
1.769000e+03 4.171300e-08
1.770000e+03 1.746564e-07
1.771000e+03 1.666830e-07
1.772000e+03 1.489496e-07
1.773000e+03 1.321958e-07
1.774000e+03 1.172076e-07
1.775000e+03 1.076942e-07
1.776000e+03 9.865255e-08
1.777000e+03 9.140349e-08
1.778000e+03 8.838089e-08
1.779000e+03 8.378062e-08
1.780000e+03 7.905127e-08
1.781000e+03 7.554218e-08
1.782000e+03 7.665774e-08
1.783000e+03 7.566108e-08
1.784000e+03 7.713482e-08
1.785000e+03 7.621670e-08
1.786000e+03 7.283217e-08
1.787000e+03 6.928923e-08
1.788000e+03 6.964543e-08
1.789000e+03 7.390064e-08
1.790000e+03 7.233313e-08
1.791000e+03 7.225902e-08
1.792000e+03 7.203405e-08
1.793000e+03 7.145164e-08
1.794000e+03 7.166229e-08
1.795000e+03 7.112554e-08
1.796000e+03 6.935273e-08
1.797000e+03 6.473266e-08
1.798000e+03 5.992106e-08
1.799000e+03 6.248955e-08
1.800000e+03 6.257188e-08
1.801000e+03 6.199359e-08
1.802000e+03 5.868893e-08
1.803000e+03 6.152076e-08
1.804000e+03 6.172099e-08
1.805000e+03 6.005382e-08
1.806000e+03 5.947192e-08
1.807000e+03 6.076794e-08
1.808000e+03 6.060542e-08
1.809000e+03 6.086549e-08
1.810000e+03 6.719052e-08
1.811000e+03 6.717136e-08
1.812000e+03 6.691960e-08
1.813000e+03 6.099077e-08
1.814000e+03 6.730939e-08
1.815000e+03 6.792162e-08
1.816000e+03 6.542841e-08
1.817000e+03 1.691646e-06
1.818000e+03 2.412044e-07
1.819000e+03 2.564936e-07
1.820000e+03 2.132938e-07
1.821000e+03 1.754327e-07
1.822000e+03 1.267685e-07
1.823000e+03 9.858850e-08
1.824000e+03 7.550347e-08
1.825000e+03 6.025032e-08
1.826000e+03 4.871632e-08
1.827000e+03 3.918535e-08
1.828000e+03 3.326129e-08
1.829000e+03 1.520908e-07
1.830000e+03 1.487829e-07
1.831000e+03 1.362234e-07
1.832000e+03 1.219917e-07
1.833000e+03 1.100809e-07
1.834000e+03 1.004686e-07
1.835000e+03 9.246908e-08
1.836000e+03 8.607248e-08
1.837000e+03 8.174785e-08
1.838000e+03 7.716917e-08
1.839000e+03 7.247797e-08
1.840000e+03 7.014850e-08
1.841000e+03 6.911175e-08
1.842000e+03 6.767897e-08
1.843000e+03 6.646057e-08
1.844000e+03 6.585011e-08
1.845000e+03 6.229730e-08
1.846000e+03 6.226294e-08
1.847000e+03 6.182761e-08
1.848000e+03 6.390677e-08
1.849000e+03 6.367848e-08
1.850000e+03 6.439659e-08
1.851000e+03 6.279091e-08
1.852000e+03 6.266348e-08
1.853000e+03 6.150293e-08
1.854000e+03 6.108241e-08
1.855000e+03 6.070939e-08
1.856000e+03 5.971752e-08
1.857000e+03 5.909555e-08
1.858000e+03 5.577866e-08
1.859000e+03 5.777514e-08
1.860000e+03 5.483252e-08
1.861000e+03 5.579235e-08
1.862000e+03 5.546381e-08
1.863000e+03 5.480173e-08
1.864000e+03 5.465902e-08
1.865000e+03 5.314718e-08
1.866000e+03 5.378606e-08
1.867000e+03 5.340850e-08
1.868000e+03 5.309909e-08
1.869000e+03 5.217967e-08
1.870000e+03 5.203063e-08
1.871000e+03 5.139213e-08
1.872000e+03 5.133397e-08
1.873000e+03 5.259912e-08
1.874000e+03 4.995803e-08
1.875000e+03 4.997348e-08
1.876000e+03 4.992949e-08
1.877000e+03 5.154898e-08
1.878000e+03 4.721148e-08
1.879000e+03 5.135204e-08
1.880000e+03 5.077544e-08
1.881000e+03 5.244124e-08
1.882000e+03 5.187687e-08
1.883000e+03 4.767587e-08
1.884000e+03 4.847959e-08
1.885000e+03 1.430272e-06
1.886000e+03 2.578530e-07
1.887000e+03 2.606385e-07
1.888000e+03 2.334190e-07
1.889000e+03 1.959305e-07
1.890000e+03 1.593479e-07
1.891000e+03 7.703692e-08
1.892000e+03 7.597524e-08
1.893000e+03 6.550734e-08
1.894000e+03 5.534519e-08
1.895000e+03 5.445166e-08
1.896000e+03 4.613818e-08
1.897000e+03 4.021259e-08
1.898000e+03 1.273843e-07
1.899000e+03 1.228036e-07
1.900000e+03 1.119020e-07
1.901000e+03 1.074259e-07
1.902000e+03 9.439135e-08
1.903000e+03 8.640608e-08
1.904000e+03 8.076267e-08
1.905000e+03 7.508967e-08
1.906000e+03 6.700266e-08
1.907000e+03 6.542583e-08
1.908000e+03 6.350890e-08
1.909000e+03 6.118595e-08
1.910000e+03 6.004095e-08
1.911000e+03 5.859520e-08
1.912000e+03 5.769357e-08
1.913000e+03 5.537200e-08
1.914000e+03 5.155299e-08
1.915000e+03 5.340765e-08
1.916000e+03 5.333959e-08
1.917000e+03 5.021533e-08
1.918000e+03 5.303460e-08
1.919000e+03 5.149701e-08
1.920000e+03 5.112522e-08
1.921000e+03 5.097755e-08
1.922000e+03 5.012466e-08
1.923000e+03 4.954545e-08
1.924000e+03 4.976096e-08
1.925000e+03 4.952002e-08
1.926000e+03 4.901336e-08
1.927000e+03 4.892680e-08
1.928000e+03 4.863253e-08
1.929000e+03 4.811655e-08
1.930000e+03 4.812730e-08
1.931000e+03 4.891611e-08
1.932000e+03 4.869403e-08
1.933000e+03 4.694446e-08
1.934000e+03 5.071275e-08
1.935000e+03 5.081029e-08
1.936000e+03 4.954679e-08
1.937000e+03 4.967476e-08
1.938000e+03 4.984478e-08
1.939000e+03 5.033868e-08
1.940000e+03 5.001577e-08
1.941000e+03 4.841319e-08
1.942000e+03 4.439850e-08
1.943000e+03 4.447365e-08
1.944000e+03 4.573818e-08
1.945000e+03 4.606391e-08
1.946000e+03 4.579390e-08
1.947000e+03 4.557916e-08
1.948000e+03 4.507868e-08
1.949000e+03 4.513486e-08
1.950000e+03 4.503536e-08
1.951000e+03 4.528575e-08
1.952000e+03 4.696410e-08
1.953000e+03 4.726381e-08
1.954000e+03 4.158603e-08
1.955000e+03 4.440694e-08
1.956000e+03 4.668497e-08
1.957000e+03 4.587376e-08
1.958000e+03 4.629046e-08
1.959000e+03 4.201849e-08
1.960000e+03 4.476730e-08
1.961000e+03 4.443686e-08
1.962000e+03 4.548194e-08
1.963000e+03 4.483535e-08
1.964000e+03 1.624264e-06
1.965000e+03 2.692743e-07
1.966000e+03 1.963330e-07
1.967000e+03 1.904515e-07
1.968000e+03 1.635697e-07
1.969000e+03 1.337837e-07
1.970000e+03 1.270287e-07
1.971000e+03 6.501723e-08
1.972000e+03 6.387992e-08
1.973000e+03 5.542226e-08
1.974000e+03 4.664164e-08
1.975000e+03 3.904003e-08
1.976000e+03 3.295074e-08
1.977000e+03 2.801872e-08
1.978000e+03 1.136144e-07
1.979000e+03 1.079296e-07
1.980000e+03 9.873656e-08
1.981000e+03 8.985437e-08
1.982000e+03 8.185303e-08
1.983000e+03 7.522478e-08
1.984000e+03 6.939039e-08
1.985000e+03 6.271182e-08
1.986000e+03 6.067771e-08
1.987000e+03 5.795265e-08
1.988000e+03 5.528181e-08
1.989000e+03 5.406704e-08
1.990000e+03 5.277303e-08
1.991000e+03 5.192445e-08
1.992000e+03 4.962953e-08
1.993000e+03 4.888301e-08
1.994000e+03 4.996865e-08
1.995000e+03 4.518483e-08
1.996000e+03 4.703790e-08
1.997000e+03 4.730855e-08
1.998000e+03 4.287351e-08
1.999000e+03 4.345094e-08
2.000000e+03 4.251663e-08
2.001000e+03 4.246445e-08
2.002000e+03 4.382666e-08
2.003000e+03 4.403325e-08
2.004000e+03 4.368463e-08
2.005000e+03 4.309638e-08
2.006000e+03 4.225713e-08
2.007000e+03 4.412358e-08
2.008000e+03 4.516195e-08
2.009000e+03 4.506559e-08
2.010000e+03 4.014051e-08
2.011000e+03 3.820664e-08
2.012000e+03 3.986655e-08
2.013000e+03 3.843277e-08
2.014000e+03 4.239227e-08
2.015000e+03 4.484085e-08
2.016000e+03 4.486005e-08
2.017000e+03 4.478103e-08
2.018000e+03 4.155067e-08
2.019000e+03 4.158661e-08
2.020000e+03 4.016551e-08
2.021000e+03 3.872852e-08
2.022000e+03 3.981559e-08
2.023000e+03 3.992408e-08
2.024000e+03 4.132784e-08
2.025000e+03 4.125813e-08
2.026000e+03 3.665736e-08
2.027000e+03 3.930037e-08
2.028000e+03 4.019969e-08
2.029000e+03 3.971222e-08
2.030000e+03 4.000328e-08
2.031000e+03 4.025559e-08
2.032000e+03 3.711592e-08
2.033000e+03 3.604068e-08
2.034000e+03 3.561668e-08
2.035000e+03 3.631070e-08
2.036000e+03 3.597200e-08
2.037000e+03 3.399577e-08
2.038000e+03 3.512161e-08
2.039000e+03 3.800582e-08
2.040000e+03 3.791617e-08
2.041000e+03 3.973269e-08
2.042000e+03 4.008256e-08
2.043000e+03 3.992119e-08
2.044000e+03 3.985620e-08
2.045000e+03 3.950202e-08
2.046000e+03 3.907943e-08
2.047000e+03 3.632711e-08
2.048000e+03 3.758913e-08
2.049000e+03 3.810327e-08
2.050000e+03 3.831439e-08
2.051000e+03 3.876993e-08
2.052000e+03 3.861377e-08
2.053000e+03 3.799568e-08
2.054000e+03 3.423622e-08
2.055000e+03 3.705249e-08
2.056000e+03 3.754881e-08
2.057000e+03 3.744168e-08
2.058000e+03 1.835521e-06
2.059000e+03 2.529017e-07
2.060000e+03 2.268144e-07
2.061000e+03 1.916630e-07
2.062000e+03 1.661037e-07
2.063000e+03 1.376686e-07
2.064000e+03 1.138753e-07
2.065000e+03 9.412681e-08
2.066000e+03 7.145516e-08
2.067000e+03 6.652266e-08
2.068000e+03 5.645290e-08
2.069000e+03 4.807485e-08
2.070000e+03 3.953969e-08
2.071000e+03 3.412368e-08
2.072000e+03 2.984867e-08
2.073000e+03 1.102405e-07
2.074000e+03 1.103587e-07
2.075000e+03 1.035216e-07
2.076000e+03 9.541473e-08
2.077000e+03 8.740890e-08
2.078000e+03 7.961006e-08
2.079000e+03 7.341019e-08
2.080000e+03 6.791537e-08
2.081000e+03 6.313306e-08
2.082000e+03 5.486221e-08
2.083000e+03 5.347102e-08
2.084000e+03 5.165826e-08
2.085000e+03 4.933455e-08
2.086000e+03 4.672878e-08
2.087000e+03 4.523074e-08
2.088000e+03 4.348437e-08
2.089000e+03 4.324731e-08
2.090000e+03 3.855131e-08
2.091000e+03 4.122633e-08
2.092000e+03 4.090200e-08
2.093000e+03 4.040942e-08
2.094000e+03 3.930436e-08
2.095000e+03 3.895431e-08
2.096000e+03 3.933424e-08
2.097000e+03 3.896047e-08
2.098000e+03 3.780784e-08
2.099000e+03 3.747979e-08
2.100000e+03 3.850920e-08
2.101000e+03 3.853092e-08
2.102000e+03 3.904005e-08
2.103000e+03 3.845581e-08
2.104000e+03 3.695633e-08
2.105000e+03 3.724211e-08
2.106000e+03 3.536591e-08
2.107000e+03 3.758669e-08
2.108000e+03 3.724992e-08
2.109000e+03 3.694277e-08
2.110000e+03 3.342662e-08
2.111000e+03 3.540878e-08
2.112000e+03 3.533727e-08
2.113000e+03 3.529894e-08
2.114000e+03 3.538265e-08
2.115000e+03 3.551407e-08
2.116000e+03 3.567063e-08
2.117000e+03 3.525200e-08
2.118000e+03 3.316280e-08
2.119000e+03 3.649453e-08
2.120000e+03 3.789606e-08
2.121000e+03 3.575071e-08
2.122000e+03 3.670471e-08
2.123000e+03 3.600498e-08
2.124000e+03 3.675752e-08
2.125000e+03 3.167053e-08
2.126000e+03 3.652961e-08
2.127000e+03 3.559633e-08
2.128000e+03 3.608067e-08
2.129000e+03 3.621590e-08
2.130000e+03 3.606534e-08
2.131000e+03 3.592673e-08
2.132000e+03 3.431397e-08
2.133000e+03 3.516301e-08
2.134000e+03 3.554041e-08
2.135000e+03 3.578252e-08
2.136000e+03 3.585684e-08
2.137000e+03 3.579668e-08
2.138000e+03 3.154202e-08
2.139000e+03 3.432536e-08
2.140000e+03 3.462602e-08
2.141000e+03 3.495763e-08
2.142000e+03 3.589108e-08
2.143000e+03 3.222401e-08
2.144000e+03 3.224164e-08
2.145000e+03 3.093318e-08
2.146000e+03 3.297131e-08
2.147000e+03 3.334453e-08
2.148000e+03 3.302083e-08
2.149000e+03 3.388454e-08
2.150000e+03 3.306095e-08
2.151000e+03 2.804895e-08
2.152000e+03 3.277944e-08
2.153000e+03 3.232310e-08
2.154000e+03 3.361096e-08
2.155000e+03 3.369679e-08
2.156000e+03 3.425619e-08
2.157000e+03 3.287603e-08
2.158000e+03 3.324110e-08
2.159000e+03 3.226002e-08
2.160000e+03 3.166039e-08
2.161000e+03 3.208358e-08
2.162000e+03 3.209683e-08
2.163000e+03 3.157220e-08
2.164000e+03 3.112994e-08
2.165000e+03 3.106976e-08
2.166000e+03 2.797614e-08
2.167000e+03 2.986585e-08
2.168000e+03 3.078279e-08
2.169000e+03 3.094169e-08
2.170000e+03 3.057200e-08
2.171000e+03 2.823001e-08
2.172000e+03 3.081524e-08
2.173000e+03 3.076503e-08
2.174000e+03 1.967998e-06
2.175000e+03 3.142905e-07
2.176000e+03 2.753783e-07
2.177000e+03 2.409973e-07
2.178000e+03 2.008748e-07
2.179000e+03 1.670021e-07
2.180000e+03 1.253744e-07
2.181000e+03 9.955354e-08
2.182000e+03 7.881338e-08
2.183000e+03 6.299580e-08
2.184000e+03 5.059185e-08
2.185000e+03 4.100083e-08
2.186000e+03 3.437813e-08
2.187000e+03 2.913603e-08
2.188000e+03 1.088336e-07
2.189000e+03 2.743552e-08
2.190000e+03 8.555782e-08
2.191000e+03 8.197492e-08
2.192000e+03 7.134566e-08
2.193000e+03 6.538552e-08
2.194000e+03 5.802452e-08
2.195000e+03 5.529379e-08
2.196000e+03 5.185856e-08
2.197000e+03 4.867807e-08
2.198000e+03 4.878876e-08
2.199000e+03 4.980647e-08
2.200000e+03 4.812583e-08
2.201000e+03 4.106702e-08
2.202000e+03 3.927079e-08
2.203000e+03 3.525931e-08
2.204000e+03 3.734479e-08
2.205000e+03 3.925866e-08
2.206000e+03 3.643232e-08
2.207000e+03 3.841677e-08
2.208000e+03 3.806870e-08
2.209000e+03 3.798017e-08
2.210000e+03 3.596048e-08
2.211000e+03 3.507863e-08
2.212000e+03 3.450581e-08
2.213000e+03 3.402566e-08
2.214000e+03 3.400279e-08
2.215000e+03 3.308246e-08
2.216000e+03 3.041383e-08
2.217000e+03 3.087022e-08
2.218000e+03 3.043317e-08
2.219000e+03 3.020386e-08
2.220000e+03 3.033602e-08
2.221000e+03 3.009338e-08
2.222000e+03 2.725590e-08
2.223000e+03 2.876660e-08
2.224000e+03 2.925849e-08
2.225000e+03 2.752050e-08
2.226000e+03 2.882195e-08
2.227000e+03 2.912602e-08
2.228000e+03 2.932972e-08
2.229000e+03 2.579439e-08
2.230000e+03 2.843165e-08
2.231000e+03 3.025259e-08
2.232000e+03 2.883306e-08
2.233000e+03 2.872787e-08
2.234000e+03 2.844898e-08
2.235000e+03 2.815145e-08
2.236000e+03 2.790798e-08
2.237000e+03 2.799057e-08
2.238000e+03 2.738297e-08
2.239000e+03 2.703527e-08
2.240000e+03 2.796241e-08
2.241000e+03 2.860166e-08
2.242000e+03 2.885062e-08
2.243000e+03 2.908407e-08
2.244000e+03 2.781230e-08
2.245000e+03 2.814391e-08
2.246000e+03 2.833133e-08
2.247000e+03 2.811912e-08
2.248000e+03 2.836482e-08
2.249000e+03 2.863716e-08
2.250000e+03 2.626391e-08
2.251000e+03 2.799723e-08
2.252000e+03 2.649590e-08
2.253000e+03 2.743837e-08
2.254000e+03 2.751838e-08
2.255000e+03 2.464647e-08
2.256000e+03 2.520465e-08
2.257000e+03 2.862742e-08
2.258000e+03 2.636114e-08
2.259000e+03 2.665534e-08
2.260000e+03 2.681381e-08
2.261000e+03 2.621499e-08
2.262000e+03 2.575058e-08
2.263000e+03 2.511545e-08
2.264000e+03 2.592809e-08
2.265000e+03 2.554626e-08
2.266000e+03 2.561962e-08
2.267000e+03 2.588661e-08
2.268000e+03 2.472451e-08
2.269000e+03 2.505011e-08
2.270000e+03 2.460566e-08
2.271000e+03 2.449885e-08
2.272000e+03 2.383479e-08
2.273000e+03 2.383912e-08
2.274000e+03 2.445941e-08
2.275000e+03 2.435781e-08
2.276000e+03 2.571986e-08
2.277000e+03 2.423847e-08
2.278000e+03 2.220050e-08
2.279000e+03 2.255396e-08
2.280000e+03 2.352419e-08
2.281000e+03 2.114647e-08
2.282000e+03 2.263008e-08
2.283000e+03 2.309819e-08
2.284000e+03 2.561858e-08
2.285000e+03 2.428620e-08
2.286000e+03 2.436067e-08
2.287000e+03 2.483828e-08
2.288000e+03 2.411891e-08
2.289000e+03 2.444296e-08
2.290000e+03 2.353245e-08
2.291000e+03 2.528769e-08
2.292000e+03 2.547202e-08
2.293000e+03 2.558267e-08
2.294000e+03 2.495165e-08
2.295000e+03 3.263635e-08
2.296000e+03 3.462466e-08
2.297000e+03 3.523555e-08
2.298000e+03 3.528798e-08
2.299000e+03 3.543596e-08
2.300000e+03 2.722476e-08
2.301000e+03 2.606289e-08
2.302000e+03 2.623639e-08
2.303000e+03 2.630782e-08
2.304000e+03 2.641234e-08
2.305000e+03 2.669662e-08
2.306000e+03 2.398504e-08
2.307000e+03 2.294776e-08
2.308000e+03 2.472462e-08
2.309000e+03 2.473562e-08
2.310000e+03 2.719628e-08
2.311000e+03 2.590147e-08
2.312000e+03 2.635065e-08
2.313000e+03 2.628115e-08
2.314000e+03 2.619808e-08
2.315000e+03 2.466602e-08
2.316000e+03 2.456774e-08
2.317000e+03 2.362568e-08
2.318000e+03 2.432151e-08
2.319000e+03 2.418926e-08
2.320000e+03 2.459356e-08
2.321000e+03 2.532445e-08
2.322000e+03 2.112425e-06
2.323000e+03 2.869600e-07
2.324000e+03 2.709661e-07
2.325000e+03 2.330530e-07
2.326000e+03 1.914422e-07
2.327000e+03 1.524903e-07
2.328000e+03 1.247154e-07
2.329000e+03 1.029459e-07
2.330000e+03 8.484470e-08
2.331000e+03 5.102951e-08
2.332000e+03 5.343421e-08
2.333000e+03 4.746132e-08
2.334000e+03 3.889791e-08
2.335000e+03 3.348273e-08
2.336000e+03 1.183538e-07
2.337000e+03 2.820612e-08
2.338000e+03 8.659592e-08
2.339000e+03 8.443603e-08
2.340000e+03 7.613644e-08
2.341000e+03 6.881453e-08
2.342000e+03 6.111944e-08
2.343000e+03 5.505430e-08
2.344000e+03 5.021974e-08
2.345000e+03 4.616241e-08
2.346000e+03 4.292902e-08
2.347000e+03 4.001691e-08
2.348000e+03 3.777233e-08
2.349000e+03 3.629584e-08
2.350000e+03 3.503215e-08
2.351000e+03 3.452338e-08
2.352000e+03 3.348308e-08
2.353000e+03 3.144799e-08
2.354000e+03 3.093170e-08
2.355000e+03 2.992840e-08
2.356000e+03 2.860641e-08
2.357000e+03 2.822509e-08
2.358000e+03 2.842196e-08
2.359000e+03 2.479113e-08
2.360000e+03 2.689551e-08
2.361000e+03 2.755846e-08
2.362000e+03 2.617415e-08
2.363000e+03 2.884691e-08
2.364000e+03 2.719938e-08
2.365000e+03 2.738729e-08
2.366000e+03 2.710166e-08
2.367000e+03 2.739932e-08
2.368000e+03 2.690538e-08
2.369000e+03 2.643062e-08
2.370000e+03 2.619865e-08
2.371000e+03 2.678491e-08
2.372000e+03 2.695320e-08
2.373000e+03 2.554628e-08
2.374000e+03 2.557551e-08
2.375000e+03 2.559308e-08
2.376000e+03 2.545179e-08
2.377000e+03 2.550384e-08
2.378000e+03 2.532802e-08
2.379000e+03 2.545395e-08
2.380000e+03 2.521722e-08
2.381000e+03 2.500970e-08
2.382000e+03 2.487941e-08
2.383000e+03 2.472440e-08
2.384000e+03 2.411819e-08
2.385000e+03 2.199795e-08
2.386000e+03 2.259804e-08
2.387000e+03 2.318425e-08
2.388000e+03 2.344781e-08
2.389000e+03 2.557274e-08
2.390000e+03 2.272087e-08
2.391000e+03 2.300049e-08
2.392000e+03 2.438069e-08
2.393000e+03 2.428826e-08
2.394000e+03 2.401467e-08
2.395000e+03 2.427053e-08
2.396000e+03 2.286873e-08
2.397000e+03 2.304671e-08
2.398000e+03 2.259024e-08
2.399000e+03 2.299105e-08
2.400000e+03 2.286274e-08
2.401000e+03 2.209650e-08
2.402000e+03 2.200009e-08
2.403000e+03 2.210173e-08
2.404000e+03 2.208851e-08
2.405000e+03 2.261934e-08
2.406000e+03 2.162309e-08
2.407000e+03 2.066567e-08
2.408000e+03 2.083853e-08
2.409000e+03 2.055493e-08
2.410000e+03 2.074929e-08
2.411000e+03 1.801804e-08
2.412000e+03 1.985655e-08
2.413000e+03 1.959793e-08
2.414000e+03 1.965300e-08
2.415000e+03 2.236264e-08
2.416000e+03 2.117113e-08
2.417000e+03 2.036069e-08
2.418000e+03 1.975633e-08
2.419000e+03 2.067601e-08
2.420000e+03 2.115849e-08
2.421000e+03 2.088041e-08
2.422000e+03 2.086708e-08
2.423000e+03 2.061342e-08
2.424000e+03 2.091190e-08
2.425000e+03 2.163587e-08
2.426000e+03 2.104350e-08
2.427000e+03 2.095526e-08
2.428000e+03 2.095025e-08
2.429000e+03 2.103335e-08
2.430000e+03 2.072380e-08
2.431000e+03 2.044331e-08
2.432000e+03 1.986262e-08
2.433000e+03 2.032273e-08
2.434000e+03 2.020024e-08
2.435000e+03 2.058543e-08
2.436000e+03 1.994162e-08
2.437000e+03 1.766581e-08
2.438000e+03 1.851249e-08
2.439000e+03 1.947539e-08
2.440000e+03 1.912544e-08
2.441000e+03 2.172107e-08
2.442000e+03 1.901856e-08
2.443000e+03 2.013236e-08
2.444000e+03 2.098833e-08
2.445000e+03 1.991681e-08
2.446000e+03 1.875608e-08
2.447000e+03 1.923478e-08
2.448000e+03 1.950572e-08
2.449000e+03 1.982840e-08
2.450000e+03 1.863107e-08
2.451000e+03 1.915210e-08
2.452000e+03 1.965450e-08
2.453000e+03 1.949425e-08
2.454000e+03 1.943498e-08
2.455000e+03 1.966153e-08
2.456000e+03 1.973725e-08
2.457000e+03 2.005810e-08
2.458000e+03 1.928913e-08
2.459000e+03 1.955399e-08
2.460000e+03 2.002869e-08
2.461000e+03 1.949223e-08
2.462000e+03 1.954308e-08
2.463000e+03 1.581204e-08
2.464000e+03 1.770103e-08
2.465000e+03 1.829477e-08
2.466000e+03 1.839600e-08
2.467000e+03 2.152151e-08
2.468000e+03 1.895847e-08
2.469000e+03 1.856881e-08
2.470000e+03 1.964852e-08
2.471000e+03 1.989875e-08
2.472000e+03 2.005415e-08
2.473000e+03 1.921608e-08
2.474000e+03 1.782146e-08
2.475000e+03 1.876215e-08
2.476000e+03 1.911995e-08
2.477000e+03 1.900438e-08
2.478000e+03 1.868909e-08
2.479000e+03 2.050563e-08
2.480000e+03 2.120749e-08
2.481000e+03 2.103548e-08
2.482000e+03 2.066876e-08
2.483000e+03 2.065169e-08
2.484000e+03 2.086841e-08
2.485000e+03 2.095881e-08
2.486000e+03 2.039512e-08
2.487000e+03 2.063346e-08
2.488000e+03 1.898913e-08
2.489000e+03 1.640533e-08
2.490000e+03 1.779508e-08
2.491000e+03 1.842516e-08
2.492000e+03 1.915467e-08
2.493000e+03 2.157957e-08
2.494000e+03 1.976395e-08
2.495000e+03 1.946058e-08
2.496000e+03 2.018097e-08
2.497000e+03 1.982028e-08
2.498000e+03 1.884350e-08
2.499000e+03 1.858540e-08
2.500000e+03 1.871341e-08
2.501000e+03 1.831615e-08
2.502000e+03 1.721845e-08
2.503000e+03 1.802105e-08
2.504000e+03 1.807933e-08
2.505000e+03 1.777331e-08
2.506000e+03 1.780424e-08
2.507000e+03 1.889628e-08
2.508000e+03 1.940788e-08
2.509000e+03 1.997264e-08
2.510000e+03 1.953339e-08
2.511000e+03 1.979884e-08
2.512000e+03 1.995515e-08
2.513000e+03 1.876167e-08
2.514000e+03 1.991735e-08
2.515000e+03 1.715943e-08
2.516000e+03 1.832457e-08
2.517000e+03 1.851764e-08
2.518000e+03 1.935444e-08
2.519000e+03 1.904437e-08
2.520000e+03 2.091729e-08
2.521000e+03 1.946646e-08
2.522000e+03 1.536321e-06
2.523000e+03 2.617618e-07
2.524000e+03 2.031241e-07
2.525000e+03 1.842749e-07
2.526000e+03 1.392349e-07
2.527000e+03 1.335345e-07
2.528000e+03 1.143770e-07
2.529000e+03 9.343166e-08
2.530000e+03 7.670987e-08
2.531000e+03 6.345357e-08
2.532000e+03 5.277489e-08
2.533000e+03 4.402029e-08
2.534000e+03 3.698135e-08
2.535000e+03 3.046279e-08
2.536000e+03 2.595883e-08
2.537000e+03 2.230343e-08
2.538000e+03 8.245851e-08
2.539000e+03 7.962446e-08
2.540000e+03 7.150501e-08
2.541000e+03 5.970700e-08
2.542000e+03 5.540853e-08
2.543000e+03 4.899449e-08
2.544000e+03 4.404308e-08
2.545000e+03 4.035255e-08
2.546000e+03 3.953969e-08
2.547000e+03 3.446351e-08
2.548000e+03 3.224835e-08
2.549000e+03 3.102307e-08
2.550000e+03 2.791107e-08
2.551000e+03 2.869445e-08
2.552000e+03 2.732033e-08
2.553000e+03 2.574027e-08
2.554000e+03 2.607077e-08
2.555000e+03 2.602158e-08
2.556000e+03 2.606150e-08
2.557000e+03 2.574534e-08
2.558000e+03 2.379911e-08
2.559000e+03 2.401345e-08
2.560000e+03 2.382159e-08
2.561000e+03 2.309939e-08
2.562000e+03 2.285908e-08
2.563000e+03 2.209677e-08
2.564000e+03 2.260859e-08
2.565000e+03 2.242968e-08
2.566000e+03 2.176598e-08
2.567000e+03 1.909111e-08
2.568000e+03 1.972335e-08
2.569000e+03 2.021559e-08
2.570000e+03 2.016807e-08
2.571000e+03 2.031769e-08
2.572000e+03 2.244761e-08
2.573000e+03 2.002770e-08
2.574000e+03 2.062765e-08
2.575000e+03 2.092602e-08
2.576000e+03 2.088314e-08
2.577000e+03 2.009570e-08
2.578000e+03 1.866364e-08
2.579000e+03 1.935423e-08
2.580000e+03 1.900954e-08
2.581000e+03 1.889169e-08
2.582000e+03 1.830864e-08
2.583000e+03 1.853042e-08
2.584000e+03 1.913844e-08
2.585000e+03 1.869605e-08
2.586000e+03 1.812548e-08
2.587000e+03 1.851810e-08
2.588000e+03 1.821566e-08
2.589000e+03 1.727494e-08
2.590000e+03 1.724584e-08
2.591000e+03 1.766093e-08
2.592000e+03 1.799870e-08
2.593000e+03 1.545188e-08
2.594000e+03 1.617123e-08
2.595000e+03 1.651054e-08
2.596000e+03 1.682963e-08
2.597000e+03 1.689425e-08
2.598000e+03 1.825064e-08
2.599000e+03 1.702819e-08
2.600000e+03 1.760812e-08
2.601000e+03 1.828917e-08
2.602000e+03 1.735807e-08
2.603000e+03 1.830150e-08
2.604000e+03 1.849766e-08
2.605000e+03 1.608164e-08
2.606000e+03 1.700452e-08
2.607000e+03 1.620833e-08
2.608000e+03 1.614702e-08
2.609000e+03 1.619427e-08
2.610000e+03 1.656655e-08
2.611000e+03 1.717027e-08
2.612000e+03 1.687999e-08
2.613000e+03 1.577517e-08
2.614000e+03 1.622589e-08
2.615000e+03 1.606987e-08
2.616000e+03 1.660038e-08
2.617000e+03 1.603903e-08
2.618000e+03 1.694235e-08
2.619000e+03 1.561637e-08
2.620000e+03 1.594686e-08
2.621000e+03 1.570597e-08
2.622000e+03 1.600886e-08
2.623000e+03 1.815995e-08
2.624000e+03 1.730706e-08
2.625000e+03 1.772810e-08
2.626000e+03 1.750639e-08
2.627000e+03 1.693482e-08
2.628000e+03 1.662362e-08
2.629000e+03 1.697022e-08
2.630000e+03 1.634980e-08
2.631000e+03 1.584947e-08
2.632000e+03 1.616217e-08
2.633000e+03 1.611527e-08
2.634000e+03 1.613318e-08
2.635000e+03 1.586553e-08
2.636000e+03 1.550343e-08
2.637000e+03 1.575218e-08
2.638000e+03 1.500681e-08
2.639000e+03 1.533588e-08
2.640000e+03 1.543477e-08
2.641000e+03 1.579948e-08
2.642000e+03 1.498472e-08
2.643000e+03 1.575767e-08
2.644000e+03 1.530900e-08
2.645000e+03 1.406806e-08
2.646000e+03 1.379830e-08
2.647000e+03 1.420160e-08
2.648000e+03 1.450856e-08
2.649000e+03 1.658898e-08
2.650000e+03 1.556394e-08
2.651000e+03 1.620081e-08
2.652000e+03 1.614146e-08
2.653000e+03 1.609982e-08
2.654000e+03 1.556011e-08
2.655000e+03 1.547163e-08
2.656000e+03 1.519550e-08
2.657000e+03 1.409216e-08
2.658000e+03 1.544322e-08
2.659000e+03 1.562631e-08
2.660000e+03 1.607535e-08
2.661000e+03 1.486391e-08
2.662000e+03 1.554915e-08
2.663000e+03 1.481121e-08
2.664000e+03 1.495546e-08
2.665000e+03 1.507651e-08
2.666000e+03 1.554097e-08
2.667000e+03 1.556216e-08
2.668000e+03 1.548733e-08
2.669000e+03 1.569163e-08
2.670000e+03 1.385273e-08
2.671000e+03 1.258461e-08
2.672000e+03 1.354489e-08
2.673000e+03 1.396861e-08
2.674000e+03 1.381047e-08
2.675000e+03 1.420202e-08
2.676000e+03 1.637505e-08
2.677000e+03 1.471330e-08
2.678000e+03 1.589801e-08
2.679000e+03 1.545385e-08
2.680000e+03 1.528633e-08
2.681000e+03 1.524747e-08
2.682000e+03 1.412402e-08
2.683000e+03 1.599949e-08
2.684000e+03 1.524494e-08
2.685000e+03 1.568425e-08
2.686000e+03 1.660977e-08
2.687000e+03 1.511034e-08
2.688000e+03 1.352780e-08
2.689000e+03 1.362272e-08
2.690000e+03 1.469012e-08
2.691000e+03 1.471650e-08
2.692000e+03 1.483957e-08
2.693000e+03 1.481194e-08
2.694000e+03 1.483398e-08
2.695000e+03 1.482418e-08
2.696000e+03 1.507095e-08
2.697000e+03 1.368919e-08
2.698000e+03 1.422847e-08
2.699000e+03 1.415359e-08
2.700000e+03 1.521551e-08
2.701000e+03 1.504043e-08
2.702000e+03 1.455153e-08
2.703000e+03 1.671048e-08
2.704000e+03 1.529809e-08
2.705000e+03 1.600640e-08
2.706000e+03 1.611602e-08
2.707000e+03 1.518057e-08
2.708000e+03 1.539582e-08
2.709000e+03 1.491386e-08
2.710000e+03 1.472484e-08
2.711000e+03 1.498992e-08
2.712000e+03 1.433070e-08
2.713000e+03 1.435799e-08
2.714000e+03 1.446071e-08
2.715000e+03 1.413547e-08
2.716000e+03 1.378073e-08
2.717000e+03 1.408469e-08
2.718000e+03 1.439130e-08
2.719000e+03 1.434209e-08
2.720000e+03 1.433475e-08
2.721000e+03 1.422415e-08
2.722000e+03 1.436757e-08
2.723000e+03 1.291270e-08
2.724000e+03 1.290619e-08
2.725000e+03 1.352282e-08
2.726000e+03 1.338531e-08
2.727000e+03 1.348405e-08
2.728000e+03 1.422429e-08
2.729000e+03 1.523538e-08
2.730000e+03 1.459011e-08
2.731000e+03 1.574448e-08
2.732000e+03 1.621130e-08
2.733000e+03 1.518799e-08
2.734000e+03 1.509509e-08
2.735000e+03 1.457284e-08
2.736000e+03 1.433620e-08
2.737000e+03 1.423583e-08
2.738000e+03 1.303972e-08
2.739000e+03 1.310808e-08
2.740000e+03 1.369055e-08
2.741000e+03 1.387247e-08
2.742000e+03 1.369462e-08
2.743000e+03 1.356791e-08
2.744000e+03 1.307340e-08
2.745000e+03 1.450420e-08
2.746000e+03 1.369969e-08
2.747000e+03 1.392484e-08
2.748000e+03 1.379725e-08
2.749000e+03 1.247176e-08
2.750000e+03 1.279401e-08
2.751000e+03 1.254830e-08
2.752000e+03 1.323434e-08
2.753000e+03 1.363999e-08
2.754000e+03 1.291968e-08
2.755000e+03 1.606776e-08
2.756000e+03 1.454884e-08
2.757000e+03 1.394319e-08
2.758000e+03 1.418776e-08
2.759000e+03 1.413393e-08
2.760000e+03 1.422254e-08
2.761000e+03 1.379249e-08
2.762000e+03 1.423619e-08
2.763000e+03 1.305996e-08
2.764000e+03 1.392424e-08
2.765000e+03 1.306136e-08
2.766000e+03 1.356199e-08
2.767000e+03 1.342775e-08
2.768000e+03 1.353093e-08
2.769000e+03 1.369952e-08
2.770000e+03 1.358163e-08
2.771000e+03 1.335157e-08
2.772000e+03 1.366619e-08
2.773000e+03 1.352009e-08
2.774000e+03 1.350323e-08
2.775000e+03 1.217166e-08
2.776000e+03 1.254586e-08
2.777000e+03 1.210763e-08
2.778000e+03 1.302591e-08
2.779000e+03 1.311390e-08
2.780000e+03 1.309342e-08
2.781000e+03 1.523498e-08
2.782000e+03 1.311682e-08
2.783000e+03 1.403712e-08
2.784000e+03 1.463810e-08
2.785000e+03 1.421479e-08
2.786000e+03 1.368354e-08
2.787000e+03 1.391335e-08
2.788000e+03 1.263478e-08
2.789000e+03 1.343264e-08
2.790000e+03 1.329219e-08
2.791000e+03 1.290109e-08
2.792000e+03 1.269745e-08
2.793000e+03 1.298076e-08
2.794000e+03 1.277450e-08
2.795000e+03 1.312295e-08
2.796000e+03 1.274520e-08
2.797000e+03 1.299634e-08
2.798000e+03 1.259643e-08
2.799000e+03 1.279955e-08
2.800000e+03 1.342071e-08
2.801000e+03 1.184093e-08
2.802000e+03 1.214638e-08
2.803000e+03 1.239790e-08
2.804000e+03 1.347935e-08
2.805000e+03 1.262817e-08
2.806000e+03 1.277763e-08
2.807000e+03 1.456401e-08
2.808000e+03 1.324722e-08
2.809000e+03 1.396616e-08
2.810000e+03 1.330452e-08
2.811000e+03 1.334139e-08
2.812000e+03 1.310602e-08
2.813000e+03 1.185765e-08
2.814000e+03 1.171769e-08
2.815000e+03 1.243035e-08
2.816000e+03 1.357212e-08
2.817000e+03 1.323121e-08
2.818000e+03 1.308324e-08
2.819000e+03 1.292467e-08
2.820000e+03 1.314178e-08
2.821000e+03 1.202982e-08
2.822000e+03 1.279019e-08
2.823000e+03 1.232973e-08
2.824000e+03 1.258120e-08
2.825000e+03 1.293382e-08
2.826000e+03 1.278067e-08
2.827000e+03 1.245140e-08
2.828000e+03 1.223079e-08
2.829000e+03 1.132816e-08
2.830000e+03 1.206397e-08
2.831000e+03 1.764617e-06
2.832000e+03 2.825355e-07
2.833000e+03 2.178050e-07
2.834000e+03 2.195517e-07
2.835000e+03 1.919465e-07
2.836000e+03 1.382756e-07
2.837000e+03 1.114676e-07
2.838000e+03 9.172661e-08
2.839000e+03 8.482259e-08
2.840000e+03 7.018670e-08
2.841000e+03 5.800926e-08
2.842000e+03 4.854415e-08
2.843000e+03 3.597648e-08
2.844000e+03 1.378852e-07
2.845000e+03 3.031957e-08
2.846000e+03 1.041528e-07
2.847000e+03 2.301001e-08
2.848000e+03 7.258394e-08
2.849000e+03 7.140337e-08
2.850000e+03 6.408728e-08
2.851000e+03 5.673977e-08
2.852000e+03 4.991765e-08
2.853000e+03 3.920335e-08
2.854000e+03 3.446546e-08
2.855000e+03 3.129141e-08
2.856000e+03 2.928352e-08
2.857000e+03 2.708458e-08
2.858000e+03 2.550597e-08
2.859000e+03 2.608244e-08
2.860000e+03 2.343953e-08
2.861000e+03 2.323297e-08
2.862000e+03 2.313013e-08
2.863000e+03 2.135050e-08
2.864000e+03 2.124664e-08
2.865000e+03 2.052675e-08
2.866000e+03 1.923964e-08
2.867000e+03 1.966039e-08
2.868000e+03 2.013769e-08
2.869000e+03 1.939338e-08
2.870000e+03 1.913509e-08
2.871000e+03 1.799801e-08
2.872000e+03 1.814683e-08
2.873000e+03 1.813282e-08
2.874000e+03 1.758737e-08
2.875000e+03 1.719165e-08
2.876000e+03 1.727986e-08
2.877000e+03 1.684078e-08
2.878000e+03 1.716697e-08
2.879000e+03 1.573037e-08
2.880000e+03 1.546008e-08
2.881000e+03 1.560435e-08
2.882000e+03 1.553375e-08
2.883000e+03 1.611761e-08
2.884000e+03 1.612816e-08
2.885000e+03 1.742107e-08
2.886000e+03 1.627509e-08
2.887000e+03 1.721690e-08
2.888000e+03 1.593074e-08
2.889000e+03 1.622813e-08
2.890000e+03 1.569500e-08
2.891000e+03 1.638909e-08
2.892000e+03 1.669933e-08
2.893000e+03 1.703211e-08
2.894000e+03 1.635131e-08
2.895000e+03 1.713451e-08
2.896000e+03 1.650704e-08
2.897000e+03 1.654018e-08
2.898000e+03 1.593967e-08
2.899000e+03 1.633618e-08
2.900000e+03 1.702585e-08
2.901000e+03 1.669540e-08
2.902000e+03 1.636890e-08
2.903000e+03 1.657859e-08
2.904000e+03 1.575453e-08
2.905000e+03 1.494218e-08
2.906000e+03 1.474225e-08
2.907000e+03 1.460438e-08
2.908000e+03 1.541055e-08
2.909000e+03 1.571104e-08
2.910000e+03 1.549011e-08
2.911000e+03 1.491079e-08
2.912000e+03 1.591261e-08
2.913000e+03 1.472726e-08
2.914000e+03 1.557300e-08
2.915000e+03 1.558923e-08
2.916000e+03 1.406270e-08
2.917000e+03 1.451329e-08
2.918000e+03 1.427535e-08
2.919000e+03 1.351076e-08
2.920000e+03 1.392489e-08
2.921000e+03 1.281797e-08
2.922000e+03 1.255826e-08
2.923000e+03 1.288307e-08
2.924000e+03 1.324022e-08
2.925000e+03 1.236918e-08
2.926000e+03 1.250410e-08
2.927000e+03 1.275830e-08
2.928000e+03 1.249868e-08
2.929000e+03 1.279112e-08
2.930000e+03 1.272798e-08
2.931000e+03 1.180046e-08
2.932000e+03 1.111510e-08
2.933000e+03 1.102557e-08
2.934000e+03 1.173167e-08
2.935000e+03 1.224019e-08
2.936000e+03 1.226969e-08
2.937000e+03 1.229914e-08
2.938000e+03 1.103701e-08
2.939000e+03 1.314455e-08
2.940000e+03 1.252170e-08
2.941000e+03 1.338677e-08
2.942000e+03 1.002731e-09
2.943000e+03 1.287677e-08
2.944000e+03 1.136670e-08
2.945000e+03 1.198595e-08
2.946000e+03 1.195872e-08
2.947000e+03 1.207245e-08
2.948000e+03 1.235551e-08
2.949000e+03 1.215662e-08
2.950000e+03 1.103183e-08
2.951000e+03 1.166959e-08
2.952000e+03 1.115502e-08
2.953000e+03 1.119442e-08
2.954000e+03 1.087568e-08
2.955000e+03 1.027162e-08
2.956000e+03 1.032140e-08
2.957000e+03 1.071280e-08
2.958000e+03 9.935706e-09
2.959000e+03 1.016754e-08
2.960000e+03 1.163949e-08
2.961000e+03 1.204523e-08
2.962000e+03 1.123037e-08
2.963000e+03 1.027826e-08
2.964000e+03 1.249973e-08
2.965000e+03 1.152083e-08
2.966000e+03 1.276092e-08
2.967000e+03 1.260386e-08
2.968000e+03 1.137127e-08
2.969000e+03 1.200689e-08
2.970000e+03 1.187507e-08
2.971000e+03 1.139149e-08
2.972000e+03 1.086481e-08
2.973000e+03 1.138011e-08
2.974000e+03 1.167154e-08
2.975000e+03 1.155223e-08
2.976000e+03 1.142267e-08
2.977000e+03 1.166391e-08
2.978000e+03 1.063641e-08
2.979000e+03 1.080001e-08
2.980000e+03 1.170590e-08
2.981000e+03 1.140255e-08
2.982000e+03 1.032351e-08
2.983000e+03 1.042257e-08
2.984000e+03 1.100972e-08
2.985000e+03 1.063432e-08
2.986000e+03 1.125524e-08
2.987000e+03 1.131911e-08
2.988000e+03 1.042819e-08
2.989000e+03 1.083471e-08
2.990000e+03 1.310699e-08
2.991000e+03 1.145717e-08
2.992000e+03 1.293252e-08
2.993000e+03 1.244892e-08
2.994000e+03 1.152268e-08
2.995000e+03 1.214697e-08
2.996000e+03 1.177490e-08
2.997000e+03 1.065451e-08
2.998000e+03 1.150448e-08
2.999000e+03 1.181814e-08
3.000000e+03 1.114966e-08
3.001000e+03 1.201742e-08
3.002000e+03 1.175545e-08
3.003000e+03 1.169517e-08
3.004000e+03 1.108031e-08
3.005000e+03 1.028231e-08
3.006000e+03 1.017811e-08
3.007000e+03 1.050912e-08
3.008000e+03 1.066028e-08
3.009000e+03 1.040240e-08
3.010000e+03 9.589212e-09
3.011000e+03 9.838066e-09
3.012000e+03 1.050763e-08
3.013000e+03 1.078188e-08
3.014000e+03 1.057968e-08
3.015000e+03 1.132679e-08
3.016000e+03 1.115941e-08
3.017000e+03 1.213672e-08
3.018000e+03 1.223974e-08
3.019000e+03 1.277277e-08
3.020000e+03 1.266153e-08
3.021000e+03 1.199385e-08
3.022000e+03 1.099845e-08
3.023000e+03 1.114497e-08
3.024000e+03 1.129869e-08
3.025000e+03 1.159434e-08
3.026000e+03 1.173138e-08
3.027000e+03 8.662529e-10
3.028000e+03 1.046950e-08
3.029000e+03 1.137928e-08
3.030000e+03 1.142386e-08
3.031000e+03 1.111711e-08
3.032000e+03 1.138005e-08
3.033000e+03 1.154731e-08
3.034000e+03 1.040114e-08
3.035000e+03 1.045843e-08
3.036000e+03 1.029796e-08
3.037000e+03 9.789001e-09
3.038000e+03 1.016310e-08
3.039000e+03 1.028200e-08
3.040000e+03 1.038539e-08
3.041000e+03 1.089468e-08
3.042000e+03 1.081009e-08
3.043000e+03 1.318928e-08
3.044000e+03 1.182985e-08
3.045000e+03 1.235461e-08
3.046000e+03 1.195741e-08
3.047000e+03 1.067611e-08
3.048000e+03 1.135145e-08
3.049000e+03 1.141637e-08
3.050000e+03 1.132871e-08
3.051000e+03 8.889863e-10
3.052000e+03 9.839986e-10
3.053000e+03 1.145254e-08
3.054000e+03 1.107846e-08
3.055000e+03 1.077988e-08
3.056000e+03 1.157688e-08
3.057000e+03 1.017460e-08
3.058000e+03 1.110624e-08
3.059000e+03 1.053116e-08
3.060000e+03 1.053240e-08
3.061000e+03 9.688964e-09
3.062000e+03 1.035629e-08
3.063000e+03 9.500797e-09
3.064000e+03 9.858684e-09
3.065000e+03 9.818092e-09
3.066000e+03 9.761662e-09
3.067000e+03 1.051759e-08
3.068000e+03 1.077384e-08
3.069000e+03 1.284558e-08
3.070000e+03 1.184868e-08
3.071000e+03 1.236872e-08
3.072000e+03 1.234586e-08
3.073000e+03 1.078937e-08
3.074000e+03 1.095052e-08
3.075000e+03 1.139756e-08
3.076000e+03 1.108401e-08
3.077000e+03 9.511620e-10
3.078000e+03 9.724277e-10
3.079000e+03 1.038460e-09
3.080000e+03 1.122841e-08
3.081000e+03 9.368788e-10
3.082000e+03 1.011798e-08
3.083000e+03 1.068949e-08
3.084000e+03 1.034366e-08
3.085000e+03 1.144611e-08
3.086000e+03 1.125024e-08
3.087000e+03 1.008849e-08
3.088000e+03 9.753560e-09
3.089000e+03 8.775987e-09
3.090000e+03 9.631838e-09
3.091000e+03 9.934869e-09
3.092000e+03 1.077654e-08
3.093000e+03 9.723810e-09
3.094000e+03 9.468379e-09
3.095000e+03 1.041267e-08
3.096000e+03 1.311057e-08
3.097000e+03 1.124471e-08
3.098000e+03 1.186253e-08
3.099000e+03 1.124472e-08
3.100000e+03 1.098656e-08
3.101000e+03 1.098416e-08
3.102000e+03 1.137609e-08
3.103000e+03 1.138539e-08
3.104000e+03 1.180454e-08
3.105000e+03 1.211625e-08
3.106000e+03 1.090248e-08
3.107000e+03 1.056671e-08
3.108000e+03 1.112209e-08
3.109000e+03 1.103747e-08
3.110000e+03 1.146848e-08
3.111000e+03 1.126918e-08
3.112000e+03 9.956788e-09
3.113000e+03 1.045188e-08
3.114000e+03 9.508292e-09
3.115000e+03 9.994705e-09
3.116000e+03 9.834932e-09
3.117000e+03 9.846742e-09
3.118000e+03 9.892993e-09
3.119000e+03 1.030017e-08
3.120000e+03 1.140534e-08
3.121000e+03 1.029883e-08
3.122000e+03 1.003823e-08
3.123000e+03 1.131726e-08
3.124000e+03 1.076946e-08
3.125000e+03 1.113589e-08
3.126000e+03 1.099340e-08
3.127000e+03 1.108480e-08
3.128000e+03 1.165277e-08
3.129000e+03 1.079014e-08
3.130000e+03 1.070918e-08
3.131000e+03 1.111898e-08
3.132000e+03 9.914563e-09
3.133000e+03 1.043102e-08
3.134000e+03 1.055752e-08
3.135000e+03 8.958746e-10
3.136000e+03 8.160387e-10
3.137000e+03 9.492881e-10
3.138000e+03 9.515694e-09
3.139000e+03 9.897977e-09
3.140000e+03 9.918674e-09
3.141000e+03 9.493319e-09
3.142000e+03 9.738397e-09
3.143000e+03 9.591033e-09
3.144000e+03 9.264571e-09
3.145000e+03 9.927911e-09
3.146000e+03 9.467165e-09
3.147000e+03 1.025544e-08
3.148000e+03 1.193667e-08
3.149000e+03 1.000897e-08
3.150000e+03 1.057836e-08
3.151000e+03 1.061009e-08
3.152000e+03 1.016693e-08
3.153000e+03 1.023680e-08
3.154000e+03 1.027116e-08
3.155000e+03 1.045905e-08
3.156000e+03 1.076377e-08
3.157000e+03 1.004079e-08
3.158000e+03 1.009057e-08
3.159000e+03 1.022624e-08
3.160000e+03 1.075172e-08
3.161000e+03 1.143290e-08
3.162000e+03 1.153478e-08
3.163000e+03 9.703078e-09
3.164000e+03 1.059505e-08
3.165000e+03 9.908285e-09
3.166000e+03 9.055767e-09
3.167000e+03 9.140830e-09
3.168000e+03 9.401750e-09
3.169000e+03 9.746951e-09
3.170000e+03 1.019838e-08
3.171000e+03 9.337370e-09
3.172000e+03 9.393184e-09
3.173000e+03 9.638473e-09
3.174000e+03 1.259455e-08
3.175000e+03 1.020172e-08
3.176000e+03 1.167331e-08
3.177000e+03 1.124951e-08
3.178000e+03 1.026551e-08
3.179000e+03 1.016154e-08
3.180000e+03 1.130911e-08
3.181000e+03 1.070445e-08
3.182000e+03 1.059803e-08
3.183000e+03 1.041830e-08
3.184000e+03 1.075018e-08
3.185000e+03 1.025691e-09
3.186000e+03 9.653554e-10
3.187000e+03 1.096915e-08
3.188000e+03 9.582488e-09
3.189000e+03 9.898804e-09
3.190000e+03 1.025952e-08
3.191000e+03 1.000713e-08
3.192000e+03 9.342298e-09
3.193000e+03 9.435948e-09
3.194000e+03 9.885660e-09
3.195000e+03 1.047908e-08
3.196000e+03 9.666273e-09
3.197000e+03 9.746020e-09
3.198000e+03 9.497904e-09
3.199000e+03 9.359913e-09
3.200000e+03 9.960804e-09
3.201000e+03 1.185685e-08
3.202000e+03 1.008674e-08
3.203000e+03 1.094792e-08
3.204000e+03 1.066030e-08
3.205000e+03 9.629727e-09
3.206000e+03 9.273436e-09
3.207000e+03 9.141440e-09
3.208000e+03 9.461568e-09
3.209000e+03 9.741269e-09
3.210000e+03 1.017833e-08
3.211000e+03 1.097708e-08
3.212000e+03 1.063397e-08
3.213000e+03 8.917694e-09
3.214000e+03 9.084578e-09
3.215000e+03 9.935701e-09
3.216000e+03 1.026332e-08
3.217000e+03 9.723679e-09
3.218000e+03 8.955623e-09
3.219000e+03 9.082825e-09
3.220000e+03 1.006164e-08
3.221000e+03 9.821804e-09
3.222000e+03 9.658705e-09
3.223000e+03 9.835530e-09
3.224000e+03 9.689468e-09
3.225000e+03 9.822776e-09
3.226000e+03 9.511953e-09
3.227000e+03 1.036770e-08
3.228000e+03 1.175102e-08
3.229000e+03 1.080509e-08
3.230000e+03 9.776560e-09
3.231000e+03 1.074391e-08
3.232000e+03 1.018133e-08
3.233000e+03 9.661098e-09
3.234000e+03 8.510949e-09
3.235000e+03 8.666863e-09
3.236000e+03 9.366277e-09
3.237000e+03 8.819756e-09
3.238000e+03 7.828968e-09
3.239000e+03 8.398789e-09
3.240000e+03 8.342573e-09
3.241000e+03 8.720591e-09
3.242000e+03 8.902343e-09
3.243000e+03 8.518316e-09
3.244000e+03 7.824771e-09
3.245000e+03 7.889200e-09
3.246000e+03 8.149182e-09
3.247000e+03 8.736870e-09
3.248000e+03 8.907701e-09
3.249000e+03 9.163984e-09
3.250000e+03 8.653235e-09
3.251000e+03 8.720945e-09
3.252000e+03 8.676920e-09
3.253000e+03 8.519969e-09
3.254000e+03 1.038441e-08
3.255000e+03 9.149297e-09
3.256000e+03 8.869380e-09
3.257000e+03 8.276780e-09
3.258000e+03 8.158010e-09
3.259000e+03 9.167640e-09
3.260000e+03 8.839301e-09
3.261000e+03 8.164804e-09
3.262000e+03 8.296862e-09
3.263000e+03 7.964973e-09
3.264000e+03 8.568516e-09
3.265000e+03 8.607071e-09
3.266000e+03 8.996165e-09
3.267000e+03 8.307549e-09
3.268000e+03 8.503249e-09
3.269000e+03 9.009784e-09
3.270000e+03 8.043013e-09
3.271000e+03 7.757724e-09
3.272000e+03 9.158986e-09
3.273000e+03 9.144337e-09
3.274000e+03 8.440416e-09
3.275000e+03 8.399774e-09
3.276000e+03 8.630807e-09
3.277000e+03 8.712965e-09
3.278000e+03 8.348954e-09
3.279000e+03 8.296754e-09
3.280000e+03 1.111695e-08
3.281000e+03 9.059424e-09
3.282000e+03 9.614635e-09
3.283000e+03 9.108942e-09
3.284000e+03 8.471771e-09
3.285000e+03 8.387617e-09
3.286000e+03 7.808625e-09
3.287000e+03 8.393569e-09
3.288000e+03 8.463545e-09
3.289000e+03 8.332964e-09
3.290000e+03 7.947776e-09
3.291000e+03 8.157579e-09
3.292000e+03 8.510970e-09
3.293000e+03 8.032886e-09
3.294000e+03 8.430693e-09
3.295000e+03 8.362586e-09
3.296000e+03 8.141893e-09
3.297000e+03 7.892560e-09
3.298000e+03 8.897274e-09
3.299000e+03 8.789456e-09
3.300000e+03 8.914905e-09
3.301000e+03 8.467644e-09
3.302000e+03 8.667835e-09
3.303000e+03 8.961732e-09
3.304000e+03 8.991345e-09
3.305000e+03 8.550848e-09
3.306000e+03 8.936205e-09
3.307000e+03 1.026239e-08
3.308000e+03 9.198515e-09
3.309000e+03 8.835898e-09
3.310000e+03 9.275367e-09
3.311000e+03 8.797774e-09
3.312000e+03 8.198310e-09
3.313000e+03 8.088964e-09
3.314000e+03 7.931084e-09
3.315000e+03 8.269216e-09
3.316000e+03 8.270692e-09
3.317000e+03 8.225446e-09
3.318000e+03 7.716050e-09
3.319000e+03 7.864880e-09
3.320000e+03 9.015617e-09
3.321000e+03 9.273747e-09
3.322000e+03 7.721777e-09
3.323000e+03 7.819813e-09
3.324000e+03 8.607439e-09
3.325000e+03 8.907359e-09
3.326000e+03 8.419874e-09
3.327000e+03 8.431746e-09
3.328000e+03 8.313972e-09
3.329000e+03 8.386193e-09
3.330000e+03 8.352728e-09
3.331000e+03 8.208551e-09
3.332000e+03 1.004496e-08
3.333000e+03 8.134249e-09
3.334000e+03 8.877431e-09
3.335000e+03 8.504284e-09
3.336000e+03 8.510416e-09
3.337000e+03 8.480308e-09
3.338000e+03 7.751469e-09
3.339000e+03 7.679530e-09
3.340000e+03 8.158921e-09
3.341000e+03 8.528277e-09
3.342000e+03 7.805521e-09
3.343000e+03 8.264218e-09
3.344000e+03 8.918014e-09
3.345000e+03 8.512682e-09
3.346000e+03 7.612330e-09
3.347000e+03 8.565154e-09
3.348000e+03 7.810924e-09
3.349000e+03 7.384710e-09
3.350000e+03 8.135292e-09
3.351000e+03 7.939832e-09
3.352000e+03 7.985013e-09
3.353000e+03 7.972740e-09
3.354000e+03 8.172129e-09
3.355000e+03 8.181884e-09
3.356000e+03 8.297232e-09
3.357000e+03 7.860665e-09
3.358000e+03 1.032963e-08
3.359000e+03 8.219846e-09
3.360000e+03 7.760370e-09
3.361000e+03 7.833223e-09
3.362000e+03 7.818022e-09
3.363000e+03 7.433098e-09
3.364000e+03 7.355445e-09
3.365000e+03 7.443835e-09
3.366000e+03 7.892118e-09
3.367000e+03 8.007890e-09
3.368000e+03 8.916977e-09
3.369000e+03 7.540382e-09
3.370000e+03 7.879805e-09
3.371000e+03 7.762883e-09
3.372000e+03 7.844584e-09
3.373000e+03 7.952401e-09
3.374000e+03 7.320736e-09
3.375000e+03 7.486759e-09
3.376000e+03 8.147523e-09
3.377000e+03 7.665693e-09
3.378000e+03 8.075725e-09
3.379000e+03 8.288369e-09
3.380000e+03 7.931601e-09
3.381000e+03 7.432105e-09
3.382000e+03 7.357625e-09
3.383000e+03 7.566452e-09
3.384000e+03 9.939251e-09
3.385000e+03 8.429319e-09
3.386000e+03 8.805456e-09
3.387000e+03 7.516316e-09
3.388000e+03 6.957299e-09
3.389000e+03 6.978486e-09
3.390000e+03 7.247302e-09
3.391000e+03 7.979770e-09
3.392000e+03 7.739822e-09
3.393000e+03 8.962753e-09
3.394000e+03 8.258006e-09
3.395000e+03 8.593302e-09
3.396000e+03 7.874613e-09
3.397000e+03 7.976024e-09
3.398000e+03 7.610116e-09
3.399000e+03 7.954224e-09
3.400000e+03 8.070741e-09
3.401000e+03 7.493763e-09
3.402000e+03 7.350075e-09
3.403000e+03 7.962038e-09
3.404000e+03 7.567421e-09
3.405000e+03 7.508931e-09
3.406000e+03 7.858013e-09
3.407000e+03 7.349474e-09
3.408000e+03 8.060678e-09
3.409000e+03 8.221569e-09
3.410000e+03 9.422776e-09
3.411000e+03 8.026894e-09
3.412000e+03 9.378152e-09
3.413000e+03 7.884392e-09
3.414000e+03 7.622556e-09
3.415000e+03 7.645667e-09
3.416000e+03 8.230887e-09
3.417000e+03 8.494178e-09
3.418000e+03 8.388528e-09
3.419000e+03 7.487836e-09
3.420000e+03 7.608327e-09
3.421000e+03 7.976807e-09
3.422000e+03 8.214113e-09
3.423000e+03 7.509617e-09
3.424000e+03 7.405533e-09
3.425000e+03 7.784740e-09
3.426000e+03 7.235360e-09
3.427000e+03 7.680016e-09
3.428000e+03 7.430686e-09
3.429000e+03 7.393916e-09
3.430000e+03 7.189081e-09
3.431000e+03 7.417021e-09
3.432000e+03 7.295402e-09
3.433000e+03 7.463818e-09
3.434000e+03 7.564804e-09
3.435000e+03 7.963925e-09
3.436000e+03 8.948630e-09
3.437000e+03 7.562391e-09
3.438000e+03 7.573352e-09
3.439000e+03 9.015908e-09
3.440000e+03 7.674411e-09
3.441000e+03 7.452182e-09
3.442000e+03 7.482373e-09
3.443000e+03 8.217215e-09
3.444000e+03 8.383177e-09
3.445000e+03 8.387693e-09
3.446000e+03 7.977238e-09
3.447000e+03 8.163826e-09
3.448000e+03 1.711791e-06
3.449000e+03 3.123617e-07
3.450000e+03 2.022646e-07
3.451000e+03 1.852157e-07
3.452000e+03 1.564306e-07
3.453000e+03 1.235651e-07
3.454000e+03 1.009702e-07
3.455000e+03 8.190500e-08
3.456000e+03 6.683156e-08
3.457000e+03 5.736448e-08
3.458000e+03 4.789148e-08
3.459000e+03 1.811847e-07
3.460000e+03 1.685998e-07
3.461000e+03 1.472922e-07
3.462000e+03 1.423193e-07
3.463000e+03 1.210300e-07
3.464000e+03 1.005485e-07
3.465000e+03 9.021293e-08
3.466000e+03 7.706063e-08
3.467000e+03 6.482841e-08
3.468000e+03 5.528870e-08
3.469000e+03 4.724985e-08
3.470000e+03 4.125556e-08
3.471000e+03 3.533649e-08
3.472000e+03 3.101134e-08
3.473000e+03 2.649715e-08
3.474000e+03 2.387745e-08
3.475000e+03 2.231707e-08
3.476000e+03 1.951642e-08
3.477000e+03 1.850144e-08
3.478000e+03 1.739364e-08
3.479000e+03 1.708879e-08
3.480000e+03 1.691346e-08
3.481000e+03 1.689318e-08
3.482000e+03 1.593809e-08
3.483000e+03 1.644267e-08
3.484000e+03 1.527510e-08
3.485000e+03 1.541045e-08
3.486000e+03 1.452566e-08
3.487000e+03 1.429640e-08
3.488000e+03 1.689130e-08
3.489000e+03 1.436883e-08
3.490000e+03 1.488192e-08
3.491000e+03 1.534402e-08
3.492000e+03 1.349197e-08
3.493000e+03 1.333028e-08
3.494000e+03 1.304125e-08
3.495000e+03 1.223492e-08
3.496000e+03 1.179524e-08
3.497000e+03 1.171162e-08
3.498000e+03 1.206550e-08
3.499000e+03 1.229561e-08
3.500000e+03 1.220903e-08
