Title ="THE FLUX ERR"
Variables=
iter
residual
1.000000e+00 1.204460e-03
2.000000e+00 3.184770e-04
3.000000e+00 8.010458e-04
4.000000e+00 1.028672e-03
5.000000e+00 7.623328e-04
6.000000e+00 6.981994e-04
7.000000e+00 5.485623e-04
8.000000e+00 4.760408e-04
9.000000e+00 5.022974e-04
1.000000e+01 3.760605e-04
1.100000e+01 3.119208e-04
1.200000e+01 1.854137e-04
1.300000e+01 1.639971e-04
1.400000e+01 2.644101e-04
1.500000e+01 1.981432e-04
1.600000e+01 3.171987e-05
1.700000e+01 1.904126e-04
1.800000e+01 2.124601e-04
1.900000e+01 2.274830e-04
2.000000e+01 1.686781e-04
2.100000e+01 1.513218e-04
2.200000e+01 1.455234e-04
2.300000e+01 1.497635e-04
2.400000e+01 1.440946e-04
2.500000e+01 1.081339e-04
2.600000e+01 9.554660e-05
2.700000e+01 1.068033e-04
2.800000e+01 2.405908e-05
2.900000e+01 6.594783e-05
3.000000e+01 7.803597e-05
3.100000e+01 4.042966e-05
3.200000e+01 2.500947e-05
3.300000e+01 2.362907e-05
3.400000e+01 1.238676e-05
3.500000e+01 4.724084e-05
3.600000e+01 7.254558e-06
3.700000e+01 3.444085e-05
3.800000e+01 1.107485e-05
3.900000e+01 6.336126e-06
4.000000e+01 4.805813e-06
4.100000e+01 5.495309e-06
4.200000e+01 2.630838e-05
4.300000e+01 1.817778e-05
4.400000e+01 1.128439e-05
4.500000e+01 2.721839e-05
4.600000e+01 6.285940e-06
4.700000e+01 2.141125e-05
4.800000e+01 1.947478e-05
4.900000e+01 2.002840e-05
5.000000e+01 2.141720e-05
5.100000e+01 1.864438e-05
5.200000e+01 1.622441e-05
5.300000e+01 1.666103e-05
5.400000e+01 6.599359e-06
5.500000e+01 1.676676e-05
5.600000e+01 5.033339e-06
5.700000e+01 5.770347e-06
5.800000e+01 1.981063e-05
5.900000e+01 2.326038e-05
6.000000e+01 6.570370e-06
6.100000e+01 2.215446e-05
6.200000e+01 6.691019e-06
6.300000e+01 1.848058e-05
6.400000e+01 2.118834e-05
6.500000e+01 1.839184e-05
6.600000e+01 2.014248e-05
6.700000e+01 1.183507e-05
6.800000e+01 8.164417e-06
6.900000e+01 1.590233e-05
7.000000e+01 2.548405e-05
7.100000e+01 9.750358e-07
7.200000e+01 1.263578e-06
7.300000e+01 1.276759e-06
7.400000e+01 1.762991e-05
7.500000e+01 1.614523e-05
7.600000e+01 1.659484e-05
7.700000e+01 2.206092e-06
7.800000e+01 1.931348e-05
7.900000e+01 1.199705e-06
8.000000e+01 9.614599e-06
8.100000e+01 1.818097e-06
8.200000e+01 1.844420e-06
8.300000e+01 1.363493e-05
8.400000e+01 2.050311e-06
8.500000e+01 7.860986e-06
8.600000e+01 2.748527e-06
8.700000e+01 1.643878e-05
8.800000e+01 7.642155e-07
8.900000e+01 1.820813e-05
9.000000e+01 1.855549e-06
9.100000e+01 3.402868e-06
9.200000e+01 1.736811e-05
9.300000e+01 1.309948e-05
9.400000e+01 5.587095e-06
9.500000e+01 5.876383e-06
9.600000e+01 8.306756e-06
9.700000e+01 1.549636e-05
9.800000e+01 1.035014e-05
9.900000e+01 1.087802e-05
1.000000e+02 5.636754e-06
1.010000e+02 5.597743e-06
1.020000e+02 7.668270e-06
1.030000e+02 6.814339e-06
1.040000e+02 6.721294e-06
1.050000e+02 7.843102e-06
1.060000e+02 8.189244e-06
1.070000e+02 6.505831e-06
1.080000e+02 5.615312e-06
1.090000e+02 4.844190e-06
1.100000e+02 6.865291e-06
1.110000e+02 8.348698e-06
1.120000e+02 9.876880e-06
1.130000e+02 6.352166e-06
1.140000e+02 5.334004e-06
1.150000e+02 7.187614e-06
1.160000e+02 6.563727e-06
1.170000e+02 3.924020e-06
1.180000e+02 1.769963e-05
1.190000e+02 9.289569e-06
1.200000e+02 5.470669e-06
1.210000e+02 9.918005e-06
1.220000e+02 4.681226e-06
1.230000e+02 3.749687e-06
1.240000e+02 1.272444e-05
1.250000e+02 5.421458e-06
1.260000e+02 6.848563e-06
1.270000e+02 7.114387e-06
1.280000e+02 7.086529e-06
1.290000e+02 8.092194e-06
1.300000e+02 5.830594e-06
1.310000e+02 4.227126e-06
1.320000e+02 6.878271e-06
1.330000e+02 2.628413e-06
1.340000e+02 6.518638e-06
1.350000e+02 6.388478e-06
1.360000e+02 5.616402e-06
1.370000e+02 1.024290e-05
1.380000e+02 3.911292e-06
1.390000e+02 7.224308e-07
1.400000e+02 8.453324e-06
1.410000e+02 9.465194e-06
1.420000e+02 9.036494e-06
1.430000e+02 1.046056e-05
1.440000e+02 9.085666e-06
1.450000e+02 7.142286e-06
1.460000e+02 1.930128e-05
1.470000e+02 6.713952e-06
1.480000e+02 1.314888e-05
1.490000e+02 3.655335e-06
1.500000e+02 7.201330e-06
1.510000e+02 7.050042e-06
1.520000e+02 2.951731e-06
1.530000e+02 4.699966e-06
1.540000e+02 2.986665e-06
1.550000e+02 2.970772e-06
1.560000e+02 2.423596e-05
1.570000e+02 4.011168e-06
1.580000e+02 1.344457e-05
1.590000e+02 6.162329e-06
1.600000e+02 1.773454e-05
1.610000e+02 1.980038e-05
1.620000e+02 2.617139e-05
1.630000e+02 2.494482e-05
1.640000e+02 2.920509e-05
1.650000e+02 2.398892e-05
1.660000e+02 3.102333e-05
1.670000e+02 2.304442e-05
1.680000e+02 1.995010e-05
1.690000e+02 3.134083e-05
1.700000e+02 1.449795e-05
1.710000e+02 1.394224e-05
1.720000e+02 2.296683e-05
1.730000e+02 1.687007e-05
1.740000e+02 2.212040e-05
1.750000e+02 2.261205e-05
1.760000e+02 2.923074e-05
1.770000e+02 2.722130e-05
1.780000e+02 1.467301e-05
1.790000e+02 1.750233e-05
1.800000e+02 1.452986e-05
1.810000e+02 1.508332e-05
1.820000e+02 1.663733e-05
1.830000e+02 1.310331e-05
1.840000e+02 1.718142e-05
1.850000e+02 1.389230e-05
1.860000e+02 1.523171e-05
1.870000e+02 1.537362e-05
1.880000e+02 1.494084e-05
1.890000e+02 1.425319e-05
1.900000e+02 2.075893e-05
1.910000e+02 1.331448e-05
1.920000e+02 1.970255e-05
1.930000e+02 1.297314e-05
1.940000e+02 1.473537e-05
1.950000e+02 1.198704e-05
1.960000e+02 1.308852e-05
1.970000e+02 1.059545e-05
1.980000e+02 4.943310e-05
1.990000e+02 1.389116e-05
2.000000e+02 6.282302e-05
2.010000e+02 1.084213e-05
2.020000e+02 5.827985e-05
2.030000e+02 6.204059e-05
2.040000e+02 6.153285e-05
2.050000e+02 6.060278e-05
2.060000e+02 6.436414e-05
2.070000e+02 6.633506e-05
2.080000e+02 6.537719e-05
2.090000e+02 7.106609e-05
2.100000e+02 6.296973e-05
2.110000e+02 6.259809e-05
2.120000e+02 5.785312e-05
2.130000e+02 5.966587e-05
2.140000e+02 5.180225e-05
2.150000e+02 5.826196e-05
2.160000e+02 5.781130e-05
2.170000e+02 6.289505e-05
2.180000e+02 6.625756e-05
2.190000e+02 6.213241e-05
2.200000e+02 5.665748e-05
2.210000e+02 5.898342e-05
2.220000e+02 6.067490e-05
2.230000e+02 6.797654e-05
2.240000e+02 6.754968e-05
2.250000e+02 5.860412e-05
2.260000e+02 4.959827e-05
2.270000e+02 5.628601e-05
2.280000e+02 5.943238e-05
2.290000e+02 6.363752e-05
2.300000e+02 5.897843e-05
2.310000e+02 6.482960e-05
2.320000e+02 6.869350e-05
2.330000e+02 7.999166e-05
2.340000e+02 6.889463e-05
2.350000e+02 7.607774e-05
2.360000e+02 7.422465e-05
2.370000e+02 6.572377e-05
2.380000e+02 6.585034e-05
2.390000e+02 6.670545e-05
2.400000e+02 7.373559e-05
2.410000e+02 7.294364e-05
2.420000e+02 7.543099e-05
2.430000e+02 7.890093e-05
2.440000e+02 7.728313e-05
2.450000e+02 7.169897e-05
2.460000e+02 8.136839e-05
2.470000e+02 8.977392e-05
2.480000e+02 1.048340e-04
2.490000e+02 9.459988e-05
2.500000e+02 1.039867e-04
2.510000e+02 8.119358e-05
2.520000e+02 7.822301e-05
2.530000e+02 7.481240e-05
2.540000e+02 7.551988e-05
2.550000e+02 8.032013e-05
2.560000e+02 7.387109e-05
2.570000e+02 6.875400e-05
2.580000e+02 8.048885e-05
2.590000e+02 7.915854e-05
2.600000e+02 7.225453e-05
2.610000e+02 9.591095e-05
2.620000e+02 9.291252e-05
2.630000e+02 9.153529e-05
2.640000e+02 7.175478e-05
2.650000e+02 7.467016e-05
2.660000e+02 7.297315e-05
2.670000e+02 8.651719e-05
2.680000e+02 8.441515e-05
2.690000e+02 8.841527e-05
2.700000e+02 8.520954e-05
2.710000e+02 7.546752e-05
2.720000e+02 8.089417e-05
2.730000e+02 6.396943e-05
2.740000e+02 7.398501e-05
2.750000e+02 6.866389e-05
2.760000e+02 6.885307e-05
2.770000e+02 7.226448e-05
2.780000e+02 6.648339e-05
2.790000e+02 6.624528e-05
2.800000e+02 6.076053e-05
2.810000e+02 6.126814e-05
2.820000e+02 5.712652e-05
2.830000e+02 5.648826e-05
2.840000e+02 5.679421e-05
2.850000e+02 5.261538e-05
2.860000e+02 5.875849e-05
2.870000e+02 5.988854e-05
2.880000e+02 5.823561e-05
2.890000e+02 5.490383e-05
2.900000e+02 5.323897e-05
2.910000e+02 5.019237e-05
2.920000e+02 4.973692e-05
2.930000e+02 5.663948e-05
2.940000e+02 5.041591e-05
2.950000e+02 5.171452e-05
2.960000e+02 4.861097e-05
2.970000e+02 4.688674e-05
2.980000e+02 4.544584e-05
2.990000e+02 4.582337e-05
3.000000e+02 4.777514e-05
3.010000e+02 4.789413e-05
3.020000e+02 4.687108e-05
3.030000e+02 5.049944e-05
3.040000e+02 5.257907e-05
3.050000e+02 5.390393e-05
3.060000e+02 6.249147e-05
3.070000e+02 6.040019e-05
3.080000e+02 6.947903e-05
3.090000e+02 6.896322e-05
3.100000e+02 5.901181e-05
3.110000e+02 7.142228e-05
3.120000e+02 6.097434e-05
3.130000e+02 6.370874e-05
3.140000e+02 6.074046e-05
3.150000e+02 6.050300e-05
3.160000e+02 7.531999e-05
3.170000e+02 7.561537e-05
3.180000e+02 7.027406e-05
3.190000e+02 7.050140e-05
3.200000e+02 8.919000e-05
3.210000e+02 8.808951e-05
3.220000e+02 8.590320e-05
3.230000e+02 9.345866e-05
3.240000e+02 7.773482e-05
3.250000e+02 9.472056e-05
3.260000e+02 1.043345e-04
3.270000e+02 8.367453e-05
3.280000e+02 8.576340e-05
3.290000e+02 9.765700e-05
3.300000e+02 1.059775e-04
3.310000e+02 1.117899e-04
3.320000e+02 9.984081e-05
3.330000e+02 9.549695e-05
3.340000e+02 9.387305e-05
3.350000e+02 1.083622e-04
3.360000e+02 1.090938e-04
3.370000e+02 1.035354e-04
3.380000e+02 1.091388e-04
3.390000e+02 1.213591e-04
3.400000e+02 1.176190e-04
3.410000e+02 8.525668e-05
3.420000e+02 9.033123e-05
3.430000e+02 1.187005e-04
3.440000e+02 2.351122e-05
3.450000e+02 8.298635e-05
3.460000e+02 1.049863e-04
3.470000e+02 1.518012e-05
3.480000e+02 8.604860e-05
3.490000e+02 2.035774e-05
3.500000e+02 6.700277e-05
3.510000e+02 7.548989e-05
3.520000e+02 3.405521e-05
3.530000e+02 8.584225e-05
3.540000e+02 4.847075e-05
3.550000e+02 2.148384e-05
3.560000e+02 1.563803e-05
3.570000e+02 8.272499e-05
3.580000e+02 1.268574e-05
3.590000e+02 1.790090e-05
3.600000e+02 7.789310e-05
3.610000e+02 2.156588e-05
3.620000e+02 1.682924e-05
3.630000e+02 1.946760e-05
3.640000e+02 1.642529e-05
3.650000e+02 2.256941e-05
3.660000e+02 2.571407e-05
3.670000e+02 1.529892e-05
3.680000e+02 2.530296e-05
3.690000e+02 1.889529e-05
3.700000e+02 1.135112e-05
3.710000e+02 1.646854e-05
3.720000e+02 1.148697e-05
3.730000e+02 1.702170e-05
3.740000e+02 1.938089e-05
3.750000e+02 2.097527e-05
3.760000e+02 1.656944e-05
3.770000e+02 1.002729e-05
3.780000e+02 2.283936e-05
3.790000e+02 1.398518e-05
3.800000e+02 1.515636e-05
3.810000e+02 1.342447e-05
3.820000e+02 1.820789e-05
3.830000e+02 1.380705e-05
3.840000e+02 1.389085e-05
3.850000e+02 1.045799e-05
3.860000e+02 1.009456e-05
3.870000e+02 9.768747e-06
3.880000e+02 2.405223e-05
3.890000e+02 8.604808e-06
3.900000e+02 2.200331e-05
3.910000e+02 8.195190e-06
3.920000e+02 2.095550e-05
3.930000e+02 1.144600e-05
3.940000e+02 7.441179e-06
3.950000e+02 2.377203e-05
3.960000e+02 1.137538e-05
3.970000e+02 1.240149e-05
3.980000e+02 9.122211e-06
3.990000e+02 9.816332e-06
4.000000e+02 9.105437e-06
4.010000e+02 9.896417e-06
4.020000e+02 2.360760e-05
4.030000e+02 1.094308e-05
4.040000e+02 8.599638e-06
4.050000e+02 9.473740e-06
4.060000e+02 9.947406e-06
4.070000e+02 7.847192e-06
4.080000e+02 7.606372e-06
4.090000e+02 4.151576e-05
4.100000e+02 4.499518e-05
4.110000e+02 6.149248e-06
4.120000e+02 4.210281e-05
4.130000e+02 6.726855e-06
4.140000e+02 4.418460e-05
4.150000e+02 8.760038e-06
4.160000e+02 7.355308e-06
4.170000e+02 5.183774e-06
4.180000e+02 4.915769e-05
4.190000e+02 1.615681e-05
4.200000e+02 9.456637e-06
4.210000e+02 1.155608e-05
4.220000e+02 1.115573e-05
4.230000e+02 9.207801e-06
4.240000e+02 9.454595e-06
4.250000e+02 1.402549e-05
4.260000e+02 8.158570e-06
4.270000e+02 9.792618e-06
4.280000e+02 1.334527e-05
4.290000e+02 1.748420e-05
4.300000e+02 1.192701e-05
4.310000e+02 1.317801e-05
4.320000e+02 1.276713e-05
4.330000e+02 1.500649e-05
4.340000e+02 1.085516e-05
4.350000e+02 1.087748e-05
4.360000e+02 1.708297e-05
4.370000e+02 2.333223e-05
4.380000e+02 2.187941e-05
4.390000e+02 2.040939e-05
4.400000e+02 6.984097e-06
4.410000e+02 2.142807e-05
4.420000e+02 1.217723e-05
4.430000e+02 2.233538e-05
4.440000e+02 8.799856e-06
4.450000e+02 1.844468e-05
4.460000e+02 1.483791e-05
4.470000e+02 5.175579e-06
4.480000e+02 1.834167e-05
4.490000e+02 9.698750e-06
4.500000e+02 1.454452e-05
4.510000e+02 1.438419e-05
4.520000e+02 1.278668e-05
4.530000e+02 1.965672e-05
4.540000e+02 1.658664e-05
4.550000e+02 3.118568e-06
4.560000e+02 5.856748e-06
4.570000e+02 8.138541e-06
4.580000e+02 7.155285e-06
4.590000e+02 7.593592e-06
4.600000e+02 1.332480e-05
4.610000e+02 1.586956e-05
4.620000e+02 7.891543e-06
4.630000e+02 6.968704e-06
4.640000e+02 7.681009e-06
4.650000e+02 7.311678e-06
4.660000e+02 1.416551e-05
4.670000e+02 1.877363e-05
4.680000e+02 4.704553e-06
4.690000e+02 9.490601e-06
4.700000e+02 7.143010e-06
4.710000e+02 5.873765e-06
4.720000e+02 5.179803e-06
4.730000e+02 8.759992e-06
4.740000e+02 1.295035e-05
4.750000e+02 9.721582e-06
4.760000e+02 1.674463e-05
4.770000e+02 4.588011e-06
4.780000e+02 5.708738e-06
4.790000e+02 2.061440e-05
4.800000e+02 2.094549e-05
4.810000e+02 6.859497e-06
4.820000e+02 1.645353e-05
4.830000e+02 4.162632e-06
4.840000e+02 5.393063e-06
4.850000e+02 1.225604e-05
4.860000e+02 1.639372e-05
4.870000e+02 2.381573e-05
4.880000e+02 4.935768e-06
4.890000e+02 1.423479e-05
4.900000e+02 6.971301e-06
4.910000e+02 5.151872e-06
4.920000e+02 4.574696e-06
4.930000e+02 5.297276e-06
4.940000e+02 5.219280e-06
4.950000e+02 5.803116e-06
4.960000e+02 1.728318e-05
4.970000e+02 1.038821e-05
4.980000e+02 1.028227e-05
4.990000e+02 1.334237e-05
5.000000e+02 6.230868e-06
5.010000e+02 1.076201e-05
5.020000e+02 7.070781e-06
5.030000e+02 1.455512e-05
5.040000e+02 1.255733e-05
5.050000e+02 7.695385e-06
5.060000e+02 1.451768e-05
5.070000e+02 6.061282e-06
5.080000e+02 4.229628e-06
5.090000e+02 1.145534e-05
5.100000e+02 9.294814e-06
5.110000e+02 6.007278e-06
5.120000e+02 8.559468e-06
5.130000e+02 7.741298e-06
5.140000e+02 9.135476e-06
5.150000e+02 9.793918e-06
5.160000e+02 1.029542e-05
5.170000e+02 1.057651e-05
5.180000e+02 6.021539e-06
5.190000e+02 3.666381e-06
5.200000e+02 5.708972e-06
5.210000e+02 8.796003e-06
5.220000e+02 5.192578e-06
5.230000e+02 8.209538e-06
5.240000e+02 4.528659e-06
5.250000e+02 6.988036e-06
5.260000e+02 3.674762e-06
5.270000e+02 4.945700e-06
5.280000e+02 5.779434e-06
5.290000e+02 2.054670e-06
5.300000e+02 2.871249e-06
5.310000e+02 2.379478e-06
5.320000e+02 2.378407e-06
5.330000e+02 2.949358e-06
5.340000e+02 2.673500e-06
5.350000e+02 3.111370e-06
5.360000e+02 3.143220e-06
5.370000e+02 2.154727e-06
5.380000e+02 2.632540e-06
5.390000e+02 2.483814e-06
5.400000e+02 2.452511e-06
5.410000e+02 1.224178e-05
5.420000e+02 3.539570e-06
5.430000e+02 3.049706e-06
5.440000e+02 1.504507e-05
5.450000e+02 4.605821e-06
5.460000e+02 1.636420e-05
5.470000e+02 1.661883e-05
5.480000e+02 1.400333e-05
5.490000e+02 1.538260e-05
5.500000e+02 1.561543e-05
5.510000e+02 1.500448e-05
5.520000e+02 6.880633e-06
5.530000e+02 1.197402e-05
5.540000e+02 1.421364e-05
5.550000e+02 5.840111e-06
5.560000e+02 1.391407e-05
5.570000e+02 1.401842e-05
5.580000e+02 1.408648e-05
5.590000e+02 1.192597e-05
5.600000e+02 1.301282e-05
5.610000e+02 1.443193e-05
5.620000e+02 1.689332e-05
5.630000e+02 1.522036e-05
5.640000e+02 1.407581e-05
5.650000e+02 1.332413e-05
5.660000e+02 1.489078e-05
5.670000e+02 1.431242e-05
5.680000e+02 5.080488e-06
5.690000e+02 1.201837e-05
5.700000e+02 4.674205e-06
5.710000e+02 1.158444e-05
5.720000e+02 1.406825e-05
5.730000e+02 1.597985e-05
5.740000e+02 3.633891e-06
5.750000e+02 1.309988e-05
5.760000e+02 1.270053e-05
5.770000e+02 1.727908e-05
5.780000e+02 1.538646e-05
5.790000e+02 1.428860e-05
5.800000e+02 5.145592e-06
5.810000e+02 1.270906e-05
5.820000e+02 4.719205e-06
5.830000e+02 1.042458e-05
5.840000e+02 1.418727e-05
5.850000e+02 4.483342e-06
5.860000e+02 1.463248e-05
5.870000e+02 4.725521e-06
5.880000e+02 1.627761e-05
5.890000e+02 5.198767e-06
5.900000e+02 1.270890e-05
5.910000e+02 1.375394e-05
5.920000e+02 5.686935e-06
5.930000e+02 1.511842e-05
5.940000e+02 4.220432e-06
5.950000e+02 1.527906e-05
5.960000e+02 3.505250e-06
5.970000e+02 1.619675e-05
5.980000e+02 1.514417e-05
5.990000e+02 1.530461e-05
6.000000e+02 2.625264e-06
6.010000e+02 1.591182e-05
6.020000e+02 4.542631e-06
6.030000e+02 4.199897e-06
6.040000e+02 4.310977e-06
6.050000e+02 4.292387e-06
6.060000e+02 1.215698e-05
6.070000e+02 3.680783e-06
6.080000e+02 1.518419e-05
6.090000e+02 4.326571e-06
6.100000e+02 2.736269e-06
6.110000e+02 4.775826e-06
6.120000e+02 5.101364e-06
6.130000e+02 4.756566e-06
6.140000e+02 2.667087e-06
6.150000e+02 4.866975e-06
6.160000e+02 3.365719e-06
6.170000e+02 3.859186e-06
6.180000e+02 2.484230e-06
6.190000e+02 2.740802e-06
6.200000e+02 4.665013e-06
6.210000e+02 5.448694e-06
6.220000e+02 4.163306e-06
6.230000e+02 3.563729e-06
6.240000e+02 5.363588e-06
6.250000e+02 6.423542e-06
6.260000e+02 3.222348e-06
6.270000e+02 1.967694e-06
6.280000e+02 3.428514e-06
6.290000e+02 2.984690e-06
6.300000e+02 3.333005e-06
6.310000e+02 4.340390e-06
6.320000e+02 1.871096e-06
6.330000e+02 4.397720e-06
6.340000e+02 6.453683e-06
6.350000e+02 3.383661e-06
6.360000e+02 4.991353e-06
6.370000e+02 4.192824e-06
6.380000e+02 5.117969e-06
6.390000e+02 4.420956e-06
6.400000e+02 4.887371e-06
6.410000e+02 3.663108e-06
6.420000e+02 2.286461e-06
6.430000e+02 3.606210e-06
6.440000e+02 3.367354e-06
6.450000e+02 5.096952e-06
6.460000e+02 2.997015e-06
6.470000e+02 4.700187e-06
6.480000e+02 6.253916e-06
6.490000e+02 5.889464e-06
6.500000e+02 6.510258e-06
6.510000e+02 6.980109e-06
6.520000e+02 6.930287e-06
6.530000e+02 5.416617e-06
6.540000e+02 5.653353e-06
6.550000e+02 5.743154e-06
6.560000e+02 5.976172e-06
6.570000e+02 5.996295e-06
6.580000e+02 5.262100e-06
6.590000e+02 4.792700e-06
6.600000e+02 4.729601e-06
6.610000e+02 5.245107e-06
6.620000e+02 4.837755e-06
6.630000e+02 5.427240e-06
6.640000e+02 5.649548e-06
6.650000e+02 6.927309e-06
6.660000e+02 6.750305e-06
6.670000e+02 6.263994e-06
6.680000e+02 4.169151e-06
6.690000e+02 4.186552e-06
6.700000e+02 6.099896e-06
6.710000e+02 4.823843e-06
6.720000e+02 4.513355e-06
6.730000e+02 3.025379e-06
6.740000e+02 4.281049e-06
6.750000e+02 3.923119e-06
6.760000e+02 5.058480e-06
6.770000e+02 7.072328e-06
6.780000e+02 3.201663e-06
6.790000e+02 5.111002e-06
6.800000e+02 5.526982e-06
6.810000e+02 6.520950e-06
6.820000e+02 4.912672e-06
6.830000e+02 4.810209e-06
6.840000e+02 5.312320e-06
6.850000e+02 4.771559e-06
6.860000e+02 5.367261e-06
6.870000e+02 3.881398e-06
6.880000e+02 4.491695e-06
6.890000e+02 5.231250e-06
6.900000e+02 3.918339e-06
6.910000e+02 3.130552e-06
6.920000e+02 4.228948e-06
6.930000e+02 2.600983e-06
6.940000e+02 4.109709e-06
6.950000e+02 3.183888e-06
6.960000e+02 2.896884e-06
6.970000e+02 2.496840e-06
6.980000e+02 2.367530e-06
6.990000e+02 4.037264e-06
7.000000e+02 2.102165e-06
7.010000e+02 4.527865e-06
7.020000e+02 2.219637e-06
7.030000e+02 3.783052e-06
7.040000e+02 2.125400e-06
7.050000e+02 2.219792e-06
7.060000e+02 2.012041e-06
7.070000e+02 2.621072e-06
7.080000e+02 2.450898e-06
7.090000e+02 2.194811e-06
7.100000e+02 1.869932e-06
7.110000e+02 1.652569e-06
7.120000e+02 2.277201e-06
7.130000e+02 3.435203e-06
7.140000e+02 2.153842e-06
7.150000e+02 1.487701e-06
7.160000e+02 1.452665e-06
7.170000e+02 2.537659e-06
7.180000e+02 2.338049e-06
7.190000e+02 2.914276e-06
7.200000e+02 2.155007e-06
7.210000e+02 1.626194e-06
7.220000e+02 1.860236e-06
7.230000e+02 1.105239e-06
7.240000e+02 1.735468e-06
7.250000e+02 2.256484e-06
7.260000e+02 1.766384e-06
7.270000e+02 1.889674e-06
7.280000e+02 1.091259e-06
7.290000e+02 1.145356e-06
7.300000e+02 2.250499e-06
7.310000e+02 1.621890e-06
7.320000e+02 1.843149e-06
7.330000e+02 1.525758e-06
7.340000e+02 1.080088e-06
7.350000e+02 1.080805e-06
7.360000e+02 1.347552e-06
7.370000e+02 1.402093e-06
7.380000e+02 1.531327e-06
7.390000e+02 1.509247e-06
7.400000e+02 1.302728e-06
7.410000e+02 1.377218e-06
7.420000e+02 1.749037e-06
7.430000e+02 1.369538e-06
7.440000e+02 6.623565e-06
7.450000e+02 1.215122e-06
7.460000e+02 5.685063e-06
7.470000e+02 6.121646e-06
7.480000e+02 6.034762e-06
7.490000e+02 5.671722e-06
7.500000e+02 1.054014e-06
7.510000e+02 5.087914e-06
7.520000e+02 9.460279e-07
7.530000e+02 9.918187e-07
7.540000e+02 1.022371e-06
7.550000e+02 1.128516e-06
7.560000e+02 7.588648e-07
7.570000e+02 5.249586e-06
7.580000e+02 8.739100e-07
7.590000e+02 7.048244e-07
7.600000e+02 7.182814e-07
7.610000e+02 7.770620e-07
7.620000e+02 4.568412e-06
7.630000e+02 8.090918e-07
7.640000e+02 7.255156e-07
7.650000e+02 4.632176e-06
7.660000e+02 5.104564e-06
7.670000e+02 4.917234e-06
7.680000e+02 9.501443e-07
7.690000e+02 4.465609e-06
7.700000e+02 4.629649e-06
7.710000e+02 9.406327e-07
7.720000e+02 3.667473e-06
7.730000e+02 3.917298e-06
7.740000e+02 4.237171e-06
7.750000e+02 8.959386e-07
7.760000e+02 3.792295e-06
7.770000e+02 6.278849e-07
7.780000e+02 4.365285e-06
7.790000e+02 1.108014e-06
7.800000e+02 4.261387e-06
7.810000e+02 9.649422e-07
7.820000e+02 7.723551e-07
7.830000e+02 3.871782e-06
7.840000e+02 3.863878e-06
7.850000e+02 3.836024e-06
7.860000e+02 1.095670e-06
7.870000e+02 3.558292e-06
7.880000e+02 1.239800e-06
7.890000e+02 3.503827e-06
7.900000e+02 3.747129e-06
7.910000e+02 8.281844e-07
7.920000e+02 9.035954e-07
7.930000e+02 3.266703e-06
7.940000e+02 6.299998e-07
7.950000e+02 3.344443e-06
7.960000e+02 1.397079e-06
7.970000e+02 2.785537e-07
7.980000e+02 2.037497e-06
7.990000e+02 1.143899e-06
8.000000e+02 3.763918e-06
8.010000e+02 2.086049e-06
8.020000e+02 1.373939e-06
8.030000e+02 3.394184e-06
8.040000e+02 2.387130e-06
8.050000e+02 1.511751e-06
8.060000e+02 6.574789e-07
8.070000e+02 2.100400e-06
8.080000e+02 3.332310e-06
8.090000e+02 2.783107e-06
8.100000e+02 1.433601e-06
8.110000e+02 2.898070e-07
8.120000e+02 1.994565e-06
8.130000e+02 5.140577e-07
8.140000e+02 2.500635e-06
8.150000e+02 9.855886e-07
8.160000e+02 6.326501e-07
8.170000e+02 9.898965e-07
8.180000e+02 2.623414e-06
8.190000e+02 8.407404e-07
8.200000e+02 1.125025e-06
8.210000e+02 1.173299e-06
8.220000e+02 8.925415e-07
8.230000e+02 1.087731e-06
8.240000e+02 1.977377e-06
8.250000e+02 6.008987e-08
8.260000e+02 1.987586e-06
8.270000e+02 1.132770e-06
8.280000e+02 1.570405e-06
8.290000e+02 5.999591e-07
8.300000e+02 1.442882e-06
8.310000e+02 6.851372e-07
8.320000e+02 1.322570e-06
8.330000e+02 1.616959e-06
8.340000e+02 1.162281e-06
8.350000e+02 1.111572e-06
8.360000e+02 1.612983e-06
8.370000e+02 3.005911e-07
8.380000e+02 9.499143e-07
8.390000e+02 6.320916e-07
8.400000e+02 3.813224e-07
8.410000e+02 1.950208e-07
8.420000e+02 7.070007e-07
8.430000e+02 1.876875e-07
8.440000e+02 9.058564e-07
8.450000e+02 4.016919e-07
8.460000e+02 3.105316e-07
8.470000e+02 4.164858e-07
8.480000e+02 1.843556e-07
8.490000e+02 5.643608e-07
8.500000e+02 3.430824e-07
8.510000e+02 6.802994e-07
8.520000e+02 1.404466e-06
8.530000e+02 7.661084e-07
8.540000e+02 1.086376e-06
8.550000e+02 5.713422e-07
8.560000e+02 4.841385e-07
8.570000e+02 1.067746e-06
8.580000e+02 1.460151e-06
8.590000e+02 1.335372e-06
8.600000e+02 5.157938e-07
8.610000e+02 4.742878e-07
8.620000e+02 9.083742e-07
8.630000e+02 1.296418e-06
8.640000e+02 4.635126e-07
8.650000e+02 5.026317e-07
8.660000e+02 9.934247e-07
8.670000e+02 1.243219e-06
8.680000e+02 4.718274e-07
8.690000e+02 5.560707e-07
8.700000e+02 7.795803e-07
8.710000e+02 7.991774e-07
8.720000e+02 7.744147e-07
8.730000e+02 3.657885e-07
8.740000e+02 1.107228e-06
8.750000e+02 7.413704e-07
8.760000e+02 8.446852e-07
8.770000e+02 6.959781e-07
8.780000e+02 1.316282e-06
8.790000e+02 5.851108e-07
8.800000e+02 1.155371e-06
8.810000e+02 2.940390e-07
8.820000e+02 1.462008e-06
8.830000e+02 1.036338e-06
8.840000e+02 6.755964e-07
8.850000e+02 6.378906e-07
8.860000e+02 6.583848e-07
8.870000e+02 1.418588e-06
8.880000e+02 1.056696e-06
8.890000e+02 9.522123e-08
8.900000e+02 2.208550e-07
8.910000e+02 6.321635e-07
8.920000e+02 7.881844e-07
8.930000e+02 1.076314e-06
8.940000e+02 2.872092e-07
8.950000e+02 3.956666e-07
8.960000e+02 1.902140e-06
8.970000e+02 3.677404e-07
8.980000e+02 1.046585e-06
8.990000e+02 7.531216e-07
9.000000e+02 8.309308e-07
9.010000e+02 9.330469e-07
9.020000e+02 9.388677e-07
9.030000e+02 1.152026e-06
9.040000e+02 3.237985e-07
9.050000e+02 1.066583e-06
9.060000e+02 5.231997e-07
9.070000e+02 6.214492e-07
9.080000e+02 2.830056e-07
9.090000e+02 1.892028e-06
9.100000e+02 5.617180e-07
9.110000e+02 5.666909e-07
9.120000e+02 4.582813e-07
9.130000e+02 2.943685e-07
9.140000e+02 7.968421e-07
9.150000e+02 5.905916e-07
9.160000e+02 7.047141e-07
9.170000e+02 7.947168e-07
9.180000e+02 4.624210e-07
9.190000e+02 1.745282e-06
9.200000e+02 1.327156e-06
9.210000e+02 4.904316e-07
9.220000e+02 9.025833e-07
9.230000e+02 6.173486e-07
9.240000e+02 1.937800e-06
9.250000e+02 1.183547e-06
9.260000e+02 4.085995e-07
9.270000e+02 6.675145e-07
9.280000e+02 4.026228e-07
9.290000e+02 3.935683e-07
9.300000e+02 4.964710e-07
9.310000e+02 1.358997e-06
9.320000e+02 3.667021e-07
9.330000e+02 2.281780e-06
9.340000e+02 1.471146e-06
9.350000e+02 5.267219e-07
9.360000e+02 4.681409e-07
9.370000e+02 5.795225e-07
9.380000e+02 3.910620e-07
9.390000e+02 5.339634e-07
9.400000e+02 1.341400e-06
9.410000e+02 1.720932e-06
9.420000e+02 2.167529e-06
9.430000e+02 1.378577e-06
9.440000e+02 1.434403e-06
9.450000e+02 2.620711e-06
9.460000e+02 1.553738e-06
9.470000e+02 1.330170e-06
9.480000e+02 1.974147e-06
9.490000e+02 1.699103e-06
9.500000e+02 1.243898e-06
9.510000e+02 1.382605e-06
9.520000e+02 2.059321e-06
9.530000e+02 1.032195e-06
9.540000e+02 1.632449e-06
9.550000e+02 2.348405e-06
9.560000e+02 2.135469e-06
9.570000e+02 1.595214e-06
9.580000e+02 1.495651e-06
9.590000e+02 2.370535e-06
9.600000e+02 1.434527e-06
9.610000e+02 1.401867e-06
9.620000e+02 9.715756e-07
9.630000e+02 3.005754e-06
9.640000e+02 1.288577e-06
9.650000e+02 1.205771e-06
9.660000e+02 2.549864e-06
9.670000e+02 1.612936e-06
9.680000e+02 9.785614e-07
9.690000e+02 1.035210e-06
9.700000e+02 3.028168e-06
9.710000e+02 1.089181e-06
9.720000e+02 1.005643e-06
9.730000e+02 8.789616e-07
9.740000e+02 2.219557e-06
9.750000e+02 1.209945e-06
9.760000e+02 1.124340e-06
9.770000e+02 8.882068e-07
9.780000e+02 2.412148e-06
9.790000e+02 8.155723e-07
9.800000e+02 1.198070e-06
9.810000e+02 8.750555e-07
9.820000e+02 2.946814e-06
9.830000e+02 6.942069e-07
9.840000e+02 9.544036e-07
9.850000e+02 8.145571e-07
9.860000e+02 5.163481e-07
9.870000e+02 1.902176e-06
9.880000e+02 1.022971e-06
9.890000e+02 1.352636e-06
9.900000e+02 6.804774e-07
9.910000e+02 2.796548e-06
9.920000e+02 6.857320e-07
9.930000e+02 6.347295e-07
9.940000e+02 7.646451e-07
9.950000e+02 6.053685e-07
9.960000e+02 2.124065e-06
9.970000e+02 9.660695e-07
9.980000e+02 7.399405e-07
9.990000e+02 5.499593e-07
1.000000e+03 2.081767e-06
1.001000e+03 8.843750e-07
1.002000e+03 8.617520e-07
1.003000e+03 6.571638e-07
1.004000e+03 5.193675e-07
1.005000e+03 2.108708e-06
1.006000e+03 9.521263e-07
1.007000e+03 7.194834e-07
1.008000e+03 6.686099e-07
1.009000e+03 5.860808e-07
1.010000e+03 2.031166e-06
1.011000e+03 6.631036e-07
1.012000e+03 5.517320e-07
1.013000e+03 4.754391e-07
1.014000e+03 2.124342e-06
1.015000e+03 1.709843e-06
1.016000e+03 7.083535e-07
1.017000e+03 6.922396e-07
1.018000e+03 6.116227e-07
1.019000e+03 5.272406e-07
1.020000e+03 1.777605e-06
1.021000e+03 7.376623e-07
1.022000e+03 7.183686e-07
1.023000e+03 4.108986e-07
1.024000e+03 3.979026e-07
1.025000e+03 1.734993e-06
1.026000e+03 2.388657e-06
1.027000e+03 5.486396e-07
1.028000e+03 4.890696e-07
1.029000e+03 4.415825e-07
1.030000e+03 4.359574e-07
1.031000e+03 1.884887e-06
1.032000e+03 5.705564e-07
1.033000e+03 5.175028e-07
1.034000e+03 1.798362e-06
1.035000e+03 1.676355e-06
1.036000e+03 1.646372e-06
1.037000e+03 1.116674e-06
1.038000e+03 8.103442e-07
1.039000e+03 5.748747e-07
1.040000e+03 1.867540e-06
1.041000e+03 3.358670e-07
1.042000e+03 1.438394e-06
1.043000e+03 1.389891e-06
1.044000e+03 3.689259e-07
1.045000e+03 3.459985e-07
1.046000e+03 5.980872e-07
1.047000e+03 1.704002e-06
1.048000e+03 1.733195e-06
1.049000e+03 1.599340e-06
1.050000e+03 1.491712e-06
1.051000e+03 3.313725e-07
1.052000e+03 3.301937e-07
1.053000e+03 3.441904e-07
1.054000e+03 1.592426e-06
1.055000e+03 1.568547e-06
1.056000e+03 1.395001e-06
1.057000e+03 1.248119e-06
1.058000e+03 2.816962e-07
1.059000e+03 2.901408e-07
1.060000e+03 1.551273e-06
1.061000e+03 1.500116e-06
1.062000e+03 1.485850e-06
1.063000e+03 1.389848e-06
1.064000e+03 1.191947e-06
1.065000e+03 1.162897e-06
1.066000e+03 2.981124e-07
1.067000e+03 3.121634e-07
1.068000e+03 2.809880e-07
1.069000e+03 2.314512e-07
1.070000e+03 2.030977e-07
1.071000e+03 1.271209e-06
1.072000e+03 1.158150e-06
1.073000e+03 1.295575e-06
1.074000e+03 3.664548e-07
1.075000e+03 2.964515e-07
1.076000e+03 2.480870e-07
1.077000e+03 2.974500e-07
1.078000e+03 2.781457e-07
1.079000e+03 1.246236e-06
1.080000e+03 1.181677e-06
1.081000e+03 1.105918e-06
1.082000e+03 1.727202e-06
1.083000e+03 3.287359e-07
1.084000e+03 2.947157e-07
1.085000e+03 2.283645e-07
1.086000e+03 2.240926e-07
1.087000e+03 2.402435e-07
1.088000e+03 2.246491e-07
1.089000e+03 2.637432e-07
1.090000e+03 9.836432e-07
1.091000e+03 9.714740e-07
1.092000e+03 7.637120e-07
1.093000e+03 4.618900e-07
1.094000e+03 3.941393e-07
1.095000e+03 1.989073e-07
1.096000e+03 2.258921e-07
1.097000e+03 1.024551e-06
1.098000e+03 2.183951e-07
1.099000e+03 9.738011e-07
1.100000e+03 2.091401e-07
1.101000e+03 9.007955e-07
1.102000e+03 8.881149e-07
1.103000e+03 8.327053e-07
1.104000e+03 1.192032e-06
1.105000e+03 3.656872e-07
1.106000e+03 2.508720e-07
1.107000e+03 2.834547e-07
1.108000e+03 1.884798e-07
1.109000e+03 1.604385e-07
1.110000e+03 1.611500e-07
1.111000e+03 1.979354e-07
1.112000e+03 1.644329e-07
1.113000e+03 1.241071e-07
1.114000e+03 1.897684e-07
1.115000e+03 1.666116e-07
1.116000e+03 6.741597e-07
1.117000e+03 6.688096e-07
1.118000e+03 6.158824e-07
1.119000e+03 1.383952e-06
1.120000e+03 2.629474e-07
1.121000e+03 2.732459e-07
1.122000e+03 2.122522e-07
1.123000e+03 1.529842e-07
1.124000e+03 1.634026e-07
1.125000e+03 1.721769e-07
1.126000e+03 1.289276e-07
1.127000e+03 1.156477e-07
1.128000e+03 7.001455e-07
1.129000e+03 1.269636e-07
1.130000e+03 5.894925e-07
1.131000e+03 6.358596e-07
1.132000e+03 5.703491e-07
1.133000e+03 5.358732e-07
1.134000e+03 5.347609e-07
1.135000e+03 4.981264e-07
1.136000e+03 4.540025e-07
1.137000e+03 4.518085e-07
1.138000e+03 4.190630e-07
1.139000e+03 1.322962e-06
1.140000e+03 2.846568e-07
1.141000e+03 2.466663e-07
1.142000e+03 2.069106e-07
1.143000e+03 1.271140e-07
1.144000e+03 1.160633e-07
1.145000e+03 1.233532e-07
1.146000e+03 1.322153e-07
1.147000e+03 1.088990e-07
1.148000e+03 5.526726e-07
1.149000e+03 5.591618e-07
1.150000e+03 5.663989e-07
1.151000e+03 5.515960e-07
1.152000e+03 4.728506e-07
1.153000e+03 4.570914e-07
1.154000e+03 4.340574e-07
1.155000e+03 4.221495e-07
1.156000e+03 4.432624e-07
1.157000e+03 4.438161e-07
1.158000e+03 4.289562e-07
1.159000e+03 4.135447e-07
1.160000e+03 4.096047e-07
1.161000e+03 4.102663e-07
1.162000e+03 4.767301e-08
1.163000e+03 4.241308e-07
1.164000e+03 4.406637e-07
1.165000e+03 6.531119e-08
1.166000e+03 3.977787e-07
1.167000e+03 4.061806e-07
1.168000e+03 4.333508e-07
1.169000e+03 5.512452e-08
1.170000e+03 4.641407e-08
1.171000e+03 1.094013e-07
1.172000e+03 7.000288e-08
1.173000e+03 4.392448e-07
1.174000e+03 5.238717e-07
1.175000e+03 4.761201e-07
1.176000e+03 3.178485e-07
1.177000e+03 2.409782e-07
1.178000e+03 1.773590e-07
1.179000e+03 1.710104e-07
1.180000e+03 1.628589e-07
1.181000e+03 1.273214e-07
1.182000e+03 8.756902e-08
1.183000e+03 1.323192e-07
1.184000e+03 1.151159e-07
1.185000e+03 1.050006e-07
1.186000e+03 1.057218e-07
1.187000e+03 1.033628e-07
1.188000e+03 9.967343e-08
1.189000e+03 4.305181e-07
1.190000e+03 6.983647e-08
1.191000e+03 6.773758e-08
1.192000e+03 7.045864e-08
1.193000e+03 8.526085e-08
1.194000e+03 6.369595e-08
1.195000e+03 6.630040e-08
1.196000e+03 5.273668e-08
1.197000e+03 5.238399e-08
1.198000e+03 4.585025e-08
1.199000e+03 5.246488e-08
1.200000e+03 5.349628e-08
1.201000e+03 5.314515e-08
1.202000e+03 5.229614e-08
1.203000e+03 4.863973e-08
1.204000e+03 4.989896e-08
1.205000e+03 5.838644e-08
1.206000e+03 5.849777e-08
1.207000e+03 4.984993e-08
1.208000e+03 5.707376e-08
1.209000e+03 7.687734e-08
1.210000e+03 8.063040e-08
1.211000e+03 6.990722e-08
1.212000e+03 8.298818e-08
1.213000e+03 9.294873e-08
1.214000e+03 9.312822e-08
1.215000e+03 5.797823e-08
1.216000e+03 5.959759e-08
1.217000e+03 8.729097e-08
1.218000e+03 5.008654e-07
1.219000e+03 3.531283e-07
1.220000e+03 2.244036e-07
1.221000e+03 2.618320e-07
1.222000e+03 2.430831e-07
1.223000e+03 1.731259e-07
1.224000e+03 1.592780e-07
1.225000e+03 1.501427e-07
1.226000e+03 1.635039e-07
1.227000e+03 1.591693e-07
1.228000e+03 1.444468e-07
1.229000e+03 1.300510e-07
1.230000e+03 1.285703e-07
1.231000e+03 1.177859e-07
1.232000e+03 1.233591e-07
1.233000e+03 7.056211e-08
1.234000e+03 7.539087e-08
1.235000e+03 6.541716e-08
1.236000e+03 5.723433e-08
1.237000e+03 7.172457e-08
1.238000e+03 7.324556e-08
1.239000e+03 5.584084e-08
1.240000e+03 7.295232e-08
1.241000e+03 5.638001e-08
1.242000e+03 1.260060e-07
1.243000e+03 5.397410e-08
1.244000e+03 1.075840e-07
1.245000e+03 1.208089e-06
1.246000e+03 2.234732e-07
1.247000e+03 2.229951e-07
1.248000e+03 2.936048e-07
1.249000e+03 2.616223e-07
1.250000e+03 2.121286e-07
1.251000e+03 2.458720e-07
1.252000e+03 1.656823e-07
1.253000e+03 1.854278e-07
1.254000e+03 1.200525e-07
1.255000e+03 5.453944e-07
1.256000e+03 1.197534e-07
1.257000e+03 1.353922e-07
1.258000e+03 6.288064e-08
1.259000e+03 8.157850e-08
1.260000e+03 2.008668e-07
1.261000e+03 2.104256e-07
1.262000e+03 5.254940e-08
1.263000e+03 1.240173e-06
1.264000e+03 2.134015e-07
1.265000e+03 2.131842e-07
1.266000e+03 1.674258e-07
1.267000e+03 1.682450e-07
1.268000e+03 1.560648e-07
1.269000e+03 1.455729e-07
1.270000e+03 1.543034e-07
1.271000e+03 1.130837e-07
1.272000e+03 9.939937e-08
1.273000e+03 1.839343e-07
1.274000e+03 1.826320e-07
1.275000e+03 1.732827e-07
1.276000e+03 1.738624e-06
1.277000e+03 3.251637e-07
1.278000e+03 2.962903e-07
1.279000e+03 2.347988e-07
1.280000e+03 1.624100e-07
1.281000e+03 1.891064e-07
1.282000e+03 1.668826e-07
1.283000e+03 1.629376e-07
1.284000e+03 1.042391e-07
1.285000e+03 8.941536e-08
1.286000e+03 7.756218e-08
1.287000e+03 8.040342e-08
1.288000e+03 1.282278e-06
1.289000e+03 2.501847e-07
1.290000e+03 2.556451e-07
1.291000e+03 2.155496e-07
1.292000e+03 1.787524e-07
1.293000e+03 1.593154e-07
1.294000e+03 1.028694e-07
1.295000e+03 8.252934e-08
1.296000e+03 1.082313e-07
1.297000e+03 1.338810e-06
1.298000e+03 2.502031e-07
1.299000e+03 1.801600e-07
1.300000e+03 1.701961e-07
1.301000e+03 1.583995e-07
1.302000e+03 1.036474e-07
1.303000e+03 1.085597e-07
1.304000e+03 7.861541e-08
1.305000e+03 7.613284e-08
1.306000e+03 1.046758e-06
1.307000e+03 2.816670e-07
1.308000e+03 2.153756e-07
1.309000e+03 1.787323e-07
1.310000e+03 1.372690e-07
1.311000e+03 1.080751e-07
1.312000e+03 1.219250e-07
1.313000e+03 1.091463e-07
1.314000e+03 1.248926e-06
1.315000e+03 3.095036e-07
1.316000e+03 4.094214e-07
1.317000e+03 1.754816e-07
1.318000e+03 1.457280e-07
1.319000e+03 1.338102e-07
1.320000e+03 1.389586e-07
1.321000e+03 1.179534e-06
1.322000e+03 2.956140e-07
1.323000e+03 2.047662e-07
1.324000e+03 3.767336e-07
1.325000e+03 2.837922e-07
1.326000e+03 1.410272e-07
1.327000e+03 1.548840e-07
1.328000e+03 1.297017e-07
1.329000e+03 3.736302e-07
1.330000e+03 1.622032e-07
1.331000e+03 5.377864e-07
1.332000e+03 4.077566e-07
1.333000e+03 1.923727e-07
1.334000e+03 1.666340e-07
1.335000e+03 1.532475e-07
1.336000e+03 1.235160e-06
1.337000e+03 4.849767e-07
1.338000e+03 4.007568e-07
1.339000e+03 3.815870e-07
1.340000e+03 2.910586e-07
1.341000e+03 1.980759e-07
1.342000e+03 1.824183e-07
1.343000e+03 9.211048e-07
1.344000e+03 1.090005e-07
1.345000e+03 4.704939e-07
1.346000e+03 4.340661e-07
1.347000e+03 3.160132e-07
1.348000e+03 1.949828e-07
1.349000e+03 1.640524e-07
1.350000e+03 1.098732e-06
1.351000e+03 3.778578e-07
1.352000e+03 3.637848e-07
1.353000e+03 2.411801e-07
1.354000e+03 3.069022e-07
1.355000e+03 2.576619e-07
1.356000e+03 2.414892e-07
1.357000e+03 3.688683e-07
1.358000e+03 4.559548e-07
1.359000e+03 3.163539e-07
1.360000e+03 2.426858e-07
1.361000e+03 1.911458e-07
1.362000e+03 2.131234e-07
1.363000e+03 1.845548e-07
1.364000e+03 9.831305e-07
1.365000e+03 3.922228e-07
1.366000e+03 3.469994e-07
1.367000e+03 2.430579e-07
1.368000e+03 2.027351e-07
1.369000e+03 1.394527e-07
1.370000e+03 1.161222e-07
1.371000e+03 1.059298e-07
1.372000e+03 1.150096e-06
1.373000e+03 3.739435e-07
1.374000e+03 2.864609e-07
1.375000e+03 1.727058e-07
1.376000e+03 1.515712e-07
1.377000e+03 1.380078e-07
1.378000e+03 1.175767e-07
1.379000e+03 1.690748e-07
1.380000e+03 5.801089e-07
1.381000e+03 3.163457e-07
1.382000e+03 2.610159e-07
1.383000e+03 1.888901e-07
1.384000e+03 1.984802e-07
1.385000e+03 1.872857e-07
1.386000e+03 1.521222e-07
1.387000e+03 1.331553e-07
1.388000e+03 1.069908e-07
1.389000e+03 1.385595e-06
1.390000e+03 3.217306e-07
1.391000e+03 2.757693e-07
1.392000e+03 2.027271e-07
1.393000e+03 1.778884e-07
1.394000e+03 1.741019e-07
1.395000e+03 1.188453e-07
1.396000e+03 8.608764e-08
1.397000e+03 5.372129e-07
1.398000e+03 1.245976e-06
1.399000e+03 3.873666e-07
1.400000e+03 3.274670e-07
1.401000e+03 2.771473e-07
1.402000e+03 1.931547e-07
1.403000e+03 1.648536e-07
1.404000e+03 1.199859e-07
1.405000e+03 9.725034e-08
1.406000e+03 9.038969e-08
1.407000e+03 4.824088e-07
1.408000e+03 1.277405e-06
1.409000e+03 2.539700e-07
1.410000e+03 2.456885e-07
1.411000e+03 1.964603e-07
1.412000e+03 1.591457e-07
1.413000e+03 1.255290e-07
1.414000e+03 1.115209e-07
1.415000e+03 1.020545e-07
1.416000e+03 4.966383e-07
1.417000e+03 4.997707e-07
1.418000e+03 1.511040e-06
1.419000e+03 2.471347e-07
1.420000e+03 2.007685e-07
1.421000e+03 1.924202e-07
1.422000e+03 1.657903e-07
1.423000e+03 1.232473e-07
1.424000e+03 1.086696e-07
1.425000e+03 5.104249e-07
1.426000e+03 5.127519e-07
1.427000e+03 4.291157e-07
1.428000e+03 3.853642e-07
1.429000e+03 3.392862e-07
1.430000e+03 1.302403e-06
1.431000e+03 2.097980e-07
1.432000e+03 2.198822e-07
1.433000e+03 1.725246e-07
1.434000e+03 1.426377e-07
1.435000e+03 1.193009e-07
1.436000e+03 1.142359e-07
1.437000e+03 9.278192e-08
1.438000e+03 4.384606e-07
1.439000e+03 4.198736e-07
1.440000e+03 3.581560e-07
1.441000e+03 3.183372e-07
1.442000e+03 2.772061e-07
1.443000e+03 1.441124e-06
1.444000e+03 2.305511e-07
1.445000e+03 1.964284e-07
1.446000e+03 2.758929e-07
1.447000e+03 2.293890e-07
1.448000e+03 1.252348e-07
1.449000e+03 1.026033e-07
1.450000e+03 4.439516e-07
1.451000e+03 4.315288e-07
1.452000e+03 4.042708e-07
1.453000e+03 3.618381e-07
1.454000e+03 3.259208e-07
1.455000e+03 2.867262e-07
1.456000e+03 2.584082e-07
1.457000e+03 1.284669e-06
1.458000e+03 2.706575e-07
1.459000e+03 2.309534e-07
1.460000e+03 1.635429e-07
1.461000e+03 1.189575e-07
1.462000e+03 1.132188e-07
1.463000e+03 8.595841e-08
1.464000e+03 7.725590e-08
1.465000e+03 3.820105e-07
1.466000e+03 3.613569e-07
1.467000e+03 3.102171e-07
1.468000e+03 2.760352e-07
1.469000e+03 2.625082e-07
1.470000e+03 2.400695e-07
1.471000e+03 2.230267e-07
1.472000e+03 2.073035e-07
1.473000e+03 1.961956e-07
1.474000e+03 2.795227e-07
1.475000e+03 2.433764e-07
1.476000e+03 2.155159e-07
1.477000e+03 2.306127e-07
1.478000e+03 1.300240e-07
1.479000e+03 9.592194e-08
1.480000e+03 7.865668e-08
1.481000e+03 6.772837e-08
1.482000e+03 3.439529e-07
1.483000e+03 3.185943e-07
1.484000e+03 2.868113e-07
1.485000e+03 2.469144e-07
1.486000e+03 2.217757e-07
1.487000e+03 2.078926e-07
1.488000e+03 1.922609e-07
1.489000e+03 1.829054e-07
1.490000e+03 1.714021e-07
1.491000e+03 1.566484e-07
1.492000e+03 1.554616e-07
1.493000e+03 1.364753e-06
1.494000e+03 2.031635e-07
1.495000e+03 1.954038e-07
1.496000e+03 1.312209e-07
1.497000e+03 1.037114e-07
1.498000e+03 8.676453e-08
1.499000e+03 7.016071e-08
1.500000e+03 6.280511e-08
1.501000e+03 5.487870e-08
1.502000e+03 2.612737e-07
1.503000e+03 2.482228e-07
1.504000e+03 2.070626e-07
1.505000e+03 2.060455e-07
1.506000e+03 1.914325e-07
1.507000e+03 1.769159e-07
1.508000e+03 1.614364e-07
1.509000e+03 1.545666e-07
1.510000e+03 1.397970e-07
1.511000e+03 1.362376e-07
1.512000e+03 1.296990e-07
1.513000e+03 1.268303e-07
1.514000e+03 1.064453e-06
1.515000e+03 1.873952e-07
1.516000e+03 1.701576e-07
1.517000e+03 1.373821e-07
1.518000e+03 1.083470e-07
1.519000e+03 8.276842e-08
1.520000e+03 6.353895e-08
1.521000e+03 6.778628e-08
1.522000e+03 5.837338e-08
1.523000e+03 2.510962e-07
1.524000e+03 2.279765e-07
1.525000e+03 2.304523e-07
1.526000e+03 2.011107e-07
1.527000e+03 1.788992e-07
1.528000e+03 1.613403e-07
1.529000e+03 1.479301e-07
1.530000e+03 1.347938e-07
1.531000e+03 1.276872e-07
1.532000e+03 1.229145e-07
1.533000e+03 1.213561e-07
1.534000e+03 1.177553e-07
1.535000e+03 1.128378e-07
1.536000e+03 1.222795e-07
1.537000e+03 1.188989e-06
1.538000e+03 2.394149e-07
1.539000e+03 1.773273e-07
1.540000e+03 1.295556e-07
1.541000e+03 1.004275e-07
1.542000e+03 7.767553e-08
1.543000e+03 6.632869e-08
1.544000e+03 4.850044e-08
1.545000e+03 4.385712e-08
1.546000e+03 2.434796e-07
1.547000e+03 2.433393e-07
1.548000e+03 1.951742e-07
1.549000e+03 1.747877e-07
1.550000e+03 1.591504e-07
1.551000e+03 1.515079e-07
1.552000e+03 1.431348e-07
1.553000e+03 1.315583e-07
1.554000e+03 1.277924e-07
1.555000e+03 1.215211e-07
1.556000e+03 1.194165e-07
1.557000e+03 1.100453e-07
1.558000e+03 1.137089e-07
1.559000e+03 1.052166e-07
1.560000e+03 1.105013e-07
1.561000e+03 1.108986e-07
1.562000e+03 9.781948e-07
1.563000e+03 2.064881e-07
1.564000e+03 1.778623e-07
1.565000e+03 1.332003e-07
1.566000e+03 1.059299e-07
1.567000e+03 1.042451e-07
1.568000e+03 8.170089e-08
1.569000e+03 6.906202e-08
1.570000e+03 5.076025e-08
1.571000e+03 5.622929e-08
1.572000e+03 2.254802e-07
1.573000e+03 2.002126e-07
1.574000e+03 1.757316e-07
1.575000e+03 1.464510e-07
1.576000e+03 1.400226e-07
1.577000e+03 1.280414e-07
1.578000e+03 1.228763e-07
1.579000e+03 1.177531e-07
1.580000e+03 1.169922e-07
1.581000e+03 1.102600e-07
1.582000e+03 1.060281e-07
1.583000e+03 1.023446e-07
1.584000e+03 1.015118e-07
1.585000e+03 1.064364e-07
1.586000e+03 1.048051e-07
1.587000e+03 1.032248e-07
1.588000e+03 1.035723e-06
1.589000e+03 2.011989e-07
1.590000e+03 1.668971e-07
1.591000e+03 1.382744e-07
1.592000e+03 1.113151e-07
1.593000e+03 9.462245e-08
1.594000e+03 8.030608e-08
1.595000e+03 6.621390e-08
1.596000e+03 5.658209e-08
1.597000e+03 5.014916e-08
1.598000e+03 3.719326e-08
1.599000e+03 1.804889e-07
1.600000e+03 1.934928e-07
1.601000e+03 1.813275e-07
1.602000e+03 1.696230e-07
1.603000e+03 1.589083e-07
1.604000e+03 1.485789e-07
1.605000e+03 1.404400e-07
1.606000e+03 1.319513e-07
1.607000e+03 1.297634e-07
1.608000e+03 1.260274e-07
1.609000e+03 1.113071e-07
1.610000e+03 1.065179e-07
1.611000e+03 1.023641e-07
1.612000e+03 1.020742e-07
1.613000e+03 1.058495e-07
1.614000e+03 1.053412e-07
1.615000e+03 1.118347e-06
1.616000e+03 1.780141e-07
1.617000e+03 2.009230e-07
1.618000e+03 1.622389e-07
1.619000e+03 1.383711e-07
1.620000e+03 1.001898e-07
1.621000e+03 7.861635e-08
1.622000e+03 7.168410e-08
1.623000e+03 6.468569e-08
1.624000e+03 5.779188e-08
1.625000e+03 4.916797e-08
1.626000e+03 4.627628e-08
1.627000e+03 4.234528e-08
1.628000e+03 4.098066e-08
1.629000e+03 1.619248e-07
1.630000e+03 1.594188e-07
1.631000e+03 1.472832e-07
1.632000e+03 1.375614e-07
1.633000e+03 1.289208e-07
1.634000e+03 1.210108e-07
1.635000e+03 1.140583e-07
1.636000e+03 1.094142e-07
1.637000e+03 1.031910e-07
1.638000e+03 1.008001e-07
1.639000e+03 9.861314e-08
1.640000e+03 9.295025e-08
1.641000e+03 9.512677e-08
1.642000e+03 9.329904e-08
1.643000e+03 9.447748e-08
1.644000e+03 1.390138e-06
1.645000e+03 2.727806e-07
1.646000e+03 2.164828e-07
1.647000e+03 1.601967e-07
1.648000e+03 1.311140e-07
1.649000e+03 7.305107e-08
1.650000e+03 6.202080e-08
1.651000e+03 5.370278e-08
1.652000e+03 5.288348e-08
1.653000e+03 4.798951e-08
1.654000e+03 4.224209e-08
1.655000e+03 3.864857e-08
1.656000e+03 3.506744e-08
1.657000e+03 1.531188e-07
1.658000e+03 3.487448e-08
1.659000e+03 1.344144e-07
1.660000e+03 1.373836e-07
1.661000e+03 1.348836e-07
1.662000e+03 1.277690e-07
1.663000e+03 1.195176e-07
1.664000e+03 1.112888e-07
1.665000e+03 1.076721e-07
1.666000e+03 1.036880e-07
1.667000e+03 9.874293e-08
1.668000e+03 9.475894e-08
1.669000e+03 9.200045e-08
1.670000e+03 8.535194e-08
1.671000e+03 8.178819e-08
1.672000e+03 8.032398e-08
1.673000e+03 8.032590e-08
1.674000e+03 1.425409e-06
1.675000e+03 1.821263e-07
1.676000e+03 1.568483e-07
1.677000e+03 1.149767e-07
1.678000e+03 9.593130e-08
1.679000e+03 7.474794e-08
1.680000e+03 5.978440e-08
1.681000e+03 5.100064e-08
1.682000e+03 5.832683e-08
1.683000e+03 5.133896e-08
1.684000e+03 4.711743e-08
1.685000e+03 4.555088e-08
1.686000e+03 1.669354e-07
1.687000e+03 1.716846e-07
1.688000e+03 1.584417e-07
1.689000e+03 1.475303e-07
1.690000e+03 1.329665e-07
1.691000e+03 1.226401e-07
1.692000e+03 1.039400e-07
1.693000e+03 9.946413e-08
1.694000e+03 9.608242e-08
1.695000e+03 8.880572e-08
1.696000e+03 8.444304e-08
1.697000e+03 7.990647e-08
1.698000e+03 7.463316e-08
1.699000e+03 7.619567e-08
1.700000e+03 7.426027e-08
1.701000e+03 7.401775e-08
1.702000e+03 7.701655e-08
1.703000e+03 7.506281e-08
1.704000e+03 7.369465e-08
1.705000e+03 7.255801e-08
1.706000e+03 7.173925e-08
1.707000e+03 7.135801e-08
1.708000e+03 7.077294e-08
1.709000e+03 1.257320e-06
1.710000e+03 1.718252e-07
1.711000e+03 1.423536e-07
1.712000e+03 1.035838e-07
1.713000e+03 8.428357e-08
1.714000e+03 6.500261e-08
1.715000e+03 5.261449e-08
1.716000e+03 4.343161e-08
1.717000e+03 3.787222e-08
1.718000e+03 3.948253e-08
1.719000e+03 3.431835e-08
1.720000e+03 1.670930e-07
1.721000e+03 1.591035e-07
1.722000e+03 1.417524e-07
1.723000e+03 1.397262e-07
1.724000e+03 1.363458e-07
1.725000e+03 1.226529e-07
1.726000e+03 1.176553e-07
1.727000e+03 1.099440e-07
1.728000e+03 1.050002e-07
1.729000e+03 9.979985e-08
1.730000e+03 9.378735e-08
1.731000e+03 9.066557e-08
1.732000e+03 8.621537e-08
1.733000e+03 8.230364e-08
1.734000e+03 7.964150e-08
1.735000e+03 7.690449e-08
1.736000e+03 7.270353e-08
1.737000e+03 7.365247e-08
1.738000e+03 7.775609e-08
1.739000e+03 7.476789e-08
1.740000e+03 1.027837e-08
1.741000e+03 6.319872e-08
1.742000e+03 6.792172e-08
1.743000e+03 6.503202e-08
1.744000e+03 6.509106e-08
1.745000e+03 6.486660e-08
1.746000e+03 6.381099e-08
1.747000e+03 6.141997e-08
1.748000e+03 1.161582e-06
1.749000e+03 2.217715e-07
1.750000e+03 1.929613e-07
1.751000e+03 1.484736e-07
1.752000e+03 9.537929e-08
1.753000e+03 8.852341e-08
1.754000e+03 7.391236e-08
1.755000e+03 6.049365e-08
1.756000e+03 4.257487e-08
1.757000e+03 4.181347e-08
1.758000e+03 3.450579e-08
1.759000e+03 3.151110e-08
1.760000e+03 1.459321e-07
1.761000e+03 1.424780e-07
1.762000e+03 1.230990e-07
1.763000e+03 1.099953e-07
1.764000e+03 1.036778e-07
1.765000e+03 9.210436e-08
1.766000e+03 8.665929e-08
1.767000e+03 7.973103e-08
1.768000e+03 7.661261e-08
1.769000e+03 7.117667e-08
1.770000e+03 6.842250e-08
1.771000e+03 6.787556e-08
1.772000e+03 6.368025e-08
1.773000e+03 6.477512e-08
1.774000e+03 6.337799e-08
1.775000e+03 6.291876e-08
1.776000e+03 5.888208e-08
1.777000e+03 6.006646e-08
1.778000e+03 6.008951e-08
1.779000e+03 5.992663e-08
1.780000e+03 6.325701e-08
1.781000e+03 6.134591e-08
1.782000e+03 6.286827e-08
1.783000e+03 6.182477e-08
1.784000e+03 6.109180e-08
1.785000e+03 6.228407e-08
1.786000e+03 6.170983e-08
1.787000e+03 6.155701e-08
1.788000e+03 5.916800e-08
1.789000e+03 5.932079e-08
1.790000e+03 6.189761e-08
1.791000e+03 5.993018e-08
1.792000e+03 5.948589e-08
1.793000e+03 5.844658e-08
1.794000e+03 1.013719e-06
1.795000e+03 1.674113e-07
1.796000e+03 1.259213e-07
1.797000e+03 1.005681e-07
1.798000e+03 8.581920e-08
1.799000e+03 7.573668e-08
1.800000e+03 5.654249e-08
1.801000e+03 5.010438e-08
1.802000e+03 4.412021e-08
1.803000e+03 3.804159e-08
1.804000e+03 3.430026e-08
1.805000e+03 3.516259e-08
1.806000e+03 1.441739e-07
1.807000e+03 2.861912e-08
1.808000e+03 9.938786e-08
1.809000e+03 9.873510e-08
1.810000e+03 8.919320e-08
1.811000e+03 8.274272e-08
1.812000e+03 8.286623e-08
1.813000e+03 8.288944e-08
1.814000e+03 8.049532e-08
1.815000e+03 7.720395e-08
1.816000e+03 7.324547e-08
1.817000e+03 6.915587e-08
1.818000e+03 6.763393e-08
1.819000e+03 6.598006e-08
1.820000e+03 6.523857e-08
1.821000e+03 6.832884e-08
1.822000e+03 6.279081e-08
1.823000e+03 6.291271e-08
1.824000e+03 6.156241e-08
1.825000e+03 6.169269e-08
1.826000e+03 6.019753e-08
1.827000e+03 5.933035e-08
1.828000e+03 5.993408e-08
1.829000e+03 6.176972e-08
1.830000e+03 6.108678e-08
1.831000e+03 6.076677e-08
1.832000e+03 6.031088e-08
1.833000e+03 6.164348e-08
1.834000e+03 6.017091e-08
1.835000e+03 6.037388e-08
1.836000e+03 5.960771e-08
1.837000e+03 5.990166e-08
1.838000e+03 5.945698e-08
1.839000e+03 5.698351e-08
1.840000e+03 5.678469e-08
1.841000e+03 5.571784e-08
1.842000e+03 5.648942e-08
1.843000e+03 5.294362e-08
1.844000e+03 5.450046e-08
1.845000e+03 5.577937e-08
1.846000e+03 5.420711e-08
1.847000e+03 5.417504e-08
1.848000e+03 5.432734e-08
1.849000e+03 1.373545e-06
1.850000e+03 1.999278e-07
1.851000e+03 1.559559e-07
1.852000e+03 1.528949e-07
1.853000e+03 1.063737e-07
1.854000e+03 9.157452e-08
1.855000e+03 7.155401e-08
1.856000e+03 5.532927e-08
1.857000e+03 4.401596e-08
1.858000e+03 3.521160e-08
1.859000e+03 3.457743e-08
1.860000e+03 2.551289e-08
1.861000e+03 1.210793e-07
1.862000e+03 1.144356e-07
1.863000e+03 1.009046e-07
1.864000e+03 9.066918e-08
1.865000e+03 8.415285e-08
1.866000e+03 7.780352e-08
1.867000e+03 7.285384e-08
1.868000e+03 7.043431e-08
1.869000e+03 6.960309e-08
1.870000e+03 6.572108e-08
1.871000e+03 6.603436e-08
1.872000e+03 6.171220e-08
1.873000e+03 6.192431e-08
1.874000e+03 6.016593e-08
1.875000e+03 6.174524e-08
1.876000e+03 5.392089e-08
1.877000e+03 5.502395e-08
1.878000e+03 5.454168e-08
1.879000e+03 5.396238e-08
1.880000e+03 5.324567e-08
1.881000e+03 5.560758e-08
1.882000e+03 5.334080e-08
1.883000e+03 5.380233e-08
1.884000e+03 5.275701e-08
1.885000e+03 5.270341e-08
1.886000e+03 5.477933e-08
1.887000e+03 5.197411e-08
1.888000e+03 5.574980e-08
1.889000e+03 5.440117e-08
1.890000e+03 5.418884e-08
1.891000e+03 5.320407e-08
1.892000e+03 5.434370e-08
1.893000e+03 5.499848e-08
1.894000e+03 5.340340e-08
1.895000e+03 5.369605e-08
1.896000e+03 5.198490e-08
1.897000e+03 5.330309e-08
1.898000e+03 5.333793e-08
1.899000e+03 5.339380e-08
1.900000e+03 5.316000e-08
1.901000e+03 5.094896e-08
1.902000e+03 5.183659e-08
1.903000e+03 5.131225e-08
1.904000e+03 5.182194e-08
1.905000e+03 5.241837e-08
1.906000e+03 5.124084e-08
1.907000e+03 4.928441e-08
1.908000e+03 5.151797e-08
1.909000e+03 5.202989e-08
1.910000e+03 5.279578e-08
1.911000e+03 5.097603e-08
1.912000e+03 5.146646e-08
1.913000e+03 1.167473e-06
1.914000e+03 1.969396e-07
1.915000e+03 1.712659e-07
1.916000e+03 1.430962e-07
1.917000e+03 1.452551e-07
1.918000e+03 1.134472e-07
1.919000e+03 8.604769e-08
1.920000e+03 6.784311e-08
1.921000e+03 5.542176e-08
1.922000e+03 4.654835e-08
1.923000e+03 5.317075e-08
1.924000e+03 6.343714e-08
1.925000e+03 3.425947e-08
1.926000e+03 3.253084e-08
1.927000e+03 1.167562e-07
1.928000e+03 1.146015e-07
1.929000e+03 1.079337e-07
1.930000e+03 9.450780e-08
1.931000e+03 8.677532e-08
1.932000e+03 7.902666e-08
1.933000e+03 7.264452e-08
1.934000e+03 7.362584e-08
1.935000e+03 7.887163e-08
1.936000e+03 8.440054e-08
1.937000e+03 8.254020e-08
1.938000e+03 7.668015e-08
1.939000e+03 7.235653e-08
1.940000e+03 6.821370e-08
1.941000e+03 6.592096e-08
1.942000e+03 6.411304e-08
1.943000e+03 5.590847e-08
1.944000e+03 5.471586e-08
1.945000e+03 5.804153e-08
1.946000e+03 5.575624e-08
1.947000e+03 5.514524e-08
1.948000e+03 4.877172e-08
1.949000e+03 4.639905e-08
1.950000e+03 4.569738e-08
1.951000e+03 4.525394e-08
1.952000e+03 4.609949e-08
1.953000e+03 4.823976e-08
1.954000e+03 4.587727e-08
1.955000e+03 4.678465e-08
1.956000e+03 4.673434e-08
1.957000e+03 4.675099e-08
1.958000e+03 4.619606e-08
1.959000e+03 4.206525e-08
1.960000e+03 4.394027e-08
1.961000e+03 4.210348e-08
1.962000e+03 4.333242e-08
1.963000e+03 4.395791e-08
1.964000e+03 4.347810e-08
1.965000e+03 4.448508e-08
1.966000e+03 4.232830e-08
1.967000e+03 4.250356e-08
1.968000e+03 4.268456e-08
1.969000e+03 4.229575e-08
1.970000e+03 4.258314e-08
1.971000e+03 4.233252e-08
1.972000e+03 4.202473e-08
1.973000e+03 4.139637e-08
1.974000e+03 4.108787e-08
1.975000e+03 4.087123e-08
1.976000e+03 4.127933e-08
1.977000e+03 4.427723e-08
1.978000e+03 4.262953e-08
1.979000e+03 4.317326e-08
1.980000e+03 3.791841e-08
1.981000e+03 3.771099e-08
1.982000e+03 3.819750e-08
1.983000e+03 3.734009e-08
1.984000e+03 3.726558e-08
1.985000e+03 3.699175e-08
1.986000e+03 3.669566e-08
1.987000e+03 1.483108e-06
1.988000e+03 2.888810e-07
1.989000e+03 1.872919e-07
1.990000e+03 1.710136e-07
1.991000e+03 1.334898e-07
1.992000e+03 1.042995e-07
1.993000e+03 8.471783e-08
1.994000e+03 7.117071e-08
1.995000e+03 6.001214e-08
1.996000e+03 5.004476e-08
1.997000e+03 4.266530e-08
1.998000e+03 3.668544e-08
1.999000e+03 3.195478e-08
2.000000e+03 2.797926e-08
2.001000e+03 1.066228e-07
2.002000e+03 1.037209e-07
2.003000e+03 9.461840e-08
2.004000e+03 8.477382e-08
2.005000e+03 7.615203e-08
2.006000e+03 6.799149e-08
2.007000e+03 6.004469e-08
2.008000e+03 5.595484e-08
2.009000e+03 5.219854e-08
2.010000e+03 4.880317e-08
2.011000e+03 4.644391e-08
2.012000e+03 4.290989e-08
2.013000e+03 4.202012e-08
2.014000e+03 3.970750e-08
2.015000e+03 3.813144e-08
2.016000e+03 3.821132e-08
2.017000e+03 3.631688e-08
2.018000e+03 3.703198e-08
2.019000e+03 3.719825e-08
2.020000e+03 3.798656e-08
2.021000e+03 3.803886e-08
2.022000e+03 3.726160e-08
2.023000e+03 3.663025e-08
2.024000e+03 3.633707e-08
2.025000e+03 3.767589e-08
2.026000e+03 3.499290e-08
2.027000e+03 3.507954e-08
2.028000e+03 3.530751e-08
2.029000e+03 3.489339e-08
2.030000e+03 3.698473e-08
2.031000e+03 3.533975e-08
2.032000e+03 3.648393e-08
2.033000e+03 3.598554e-08
2.034000e+03 3.528328e-08
2.035000e+03 3.521087e-08
2.036000e+03 3.510313e-08
2.037000e+03 3.636399e-08
2.038000e+03 3.448260e-08
2.039000e+03 3.453253e-08
2.040000e+03 3.516890e-08
2.041000e+03 3.511790e-08
2.042000e+03 3.258697e-08
2.043000e+03 3.430431e-08
2.044000e+03 3.431378e-08
2.045000e+03 3.435464e-08
2.046000e+03 3.116028e-08
2.047000e+03 3.131575e-08
2.048000e+03 3.095801e-08
2.049000e+03 3.388526e-08
2.050000e+03 3.195306e-08
2.051000e+03 3.171581e-08
2.052000e+03 3.217912e-08
2.053000e+03 3.175167e-08
2.054000e+03 3.342045e-08
2.055000e+03 3.213419e-08
2.056000e+03 3.229741e-08
2.057000e+03 3.226178e-08
2.058000e+03 3.153649e-08
2.059000e+03 3.157888e-08
2.060000e+03 3.128707e-08
2.061000e+03 3.248513e-08
2.062000e+03 3.201876e-08
2.063000e+03 3.215570e-08
2.064000e+03 3.251047e-08
2.065000e+03 3.215861e-08
2.066000e+03 3.260096e-08
2.067000e+03 3.270951e-08
2.068000e+03 3.374447e-08
2.069000e+03 3.143837e-08
2.070000e+03 3.078705e-08
2.071000e+03 3.218815e-08
2.072000e+03 3.119088e-08
2.073000e+03 3.342259e-08
2.074000e+03 3.103965e-08
2.075000e+03 1.158429e-06
2.076000e+03 2.068929e-07
2.077000e+03 2.018108e-07
2.078000e+03 1.945707e-07
2.079000e+03 1.390955e-07
2.080000e+03 1.081377e-07
2.081000e+03 8.389360e-08
2.082000e+03 6.889588e-08
2.083000e+03 5.712793e-08
2.084000e+03 4.860409e-08
2.085000e+03 3.956886e-08
2.086000e+03 3.504552e-08
2.087000e+03 3.009041e-08
2.088000e+03 2.651031e-08
2.089000e+03 2.305539e-08
2.090000e+03 8.025283e-08
2.091000e+03 7.783946e-08
2.092000e+03 7.044763e-08
2.093000e+03 6.338409e-08
2.094000e+03 5.080957e-08
2.095000e+03 4.623096e-08
2.096000e+03 4.198029e-08
2.097000e+03 4.371971e-08
2.098000e+03 3.874912e-08
2.099000e+03 3.746349e-08
2.100000e+03 3.668906e-08
2.101000e+03 3.542192e-08
2.102000e+03 3.704127e-08
2.103000e+03 3.450790e-08
2.104000e+03 3.181286e-08
2.105000e+03 3.149597e-08
2.106000e+03 3.089873e-08
2.107000e+03 3.055303e-08
2.108000e+03 3.079057e-08
2.109000e+03 3.262174e-08
2.110000e+03 3.030670e-08
2.111000e+03 3.034875e-08
2.112000e+03 3.135004e-08
2.113000e+03 3.093851e-08
2.114000e+03 3.014439e-08
2.115000e+03 3.112351e-08
2.116000e+03 3.068317e-08
2.117000e+03 3.071514e-08
2.118000e+03 3.021129e-08
2.119000e+03 3.059911e-08
2.120000e+03 3.161224e-08
2.121000e+03 3.337386e-08
2.122000e+03 3.236418e-08
2.123000e+03 2.951873e-08
2.124000e+03 3.129969e-08
2.125000e+03 3.123512e-08
2.126000e+03 3.202130e-08
2.127000e+03 3.047692e-08
2.128000e+03 3.078474e-08
2.129000e+03 3.134195e-08
2.130000e+03 3.029101e-08
2.131000e+03 2.962565e-08
2.132000e+03 2.881932e-08
2.133000e+03 2.827120e-08
2.134000e+03 2.840500e-08
2.135000e+03 2.898420e-08
2.136000e+03 2.864520e-08
2.137000e+03 2.765174e-08
2.138000e+03 2.751553e-08
2.139000e+03 2.725310e-08
2.140000e+03 2.789536e-08
2.141000e+03 2.745328e-08
2.142000e+03 2.714722e-08
2.143000e+03 2.727761e-08
2.144000e+03 2.732899e-08
2.145000e+03 2.945018e-08
2.146000e+03 2.657210e-08
2.147000e+03 2.660973e-08
2.148000e+03 2.660917e-08
2.149000e+03 2.676777e-08
2.150000e+03 2.639276e-08
2.151000e+03 2.569472e-08
2.152000e+03 2.698102e-08
2.153000e+03 2.716369e-08
2.154000e+03 2.555341e-08
2.155000e+03 2.541719e-08
2.156000e+03 2.399856e-08
2.157000e+03 2.591538e-08
2.158000e+03 2.481062e-08
2.159000e+03 2.495411e-08
2.160000e+03 2.507770e-08
2.161000e+03 2.575237e-08
2.162000e+03 2.398744e-08
2.163000e+03 2.519624e-08
2.164000e+03 2.515265e-08
2.165000e+03 2.553718e-08
2.166000e+03 2.526569e-08
2.167000e+03 2.473022e-08
2.168000e+03 2.470085e-08
2.169000e+03 2.717425e-08
2.170000e+03 2.533678e-08
2.171000e+03 2.530812e-08
2.172000e+03 2.517624e-08
2.173000e+03 2.481535e-08
2.174000e+03 2.668757e-08
2.175000e+03 2.757396e-08
2.176000e+03 2.839205e-08
2.177000e+03 2.628479e-08
2.178000e+03 2.766213e-08
2.179000e+03 2.798198e-08
2.180000e+03 2.801480e-08
2.181000e+03 2.857029e-08
2.182000e+03 2.717396e-08
2.183000e+03 2.759497e-08
2.184000e+03 2.713408e-08
2.185000e+03 1.246114e-06
2.186000e+03 2.157683e-07
2.187000e+03 1.952123e-07
2.188000e+03 1.784533e-07
2.189000e+03 1.224287e-07
2.190000e+03 1.162708e-07
2.191000e+03 9.523727e-08
2.192000e+03 6.713964e-08
2.193000e+03 5.354977e-08
2.194000e+03 4.448994e-08
2.195000e+03 3.724570e-08
2.196000e+03 3.802736e-08
2.197000e+03 2.601298e-08
2.198000e+03 2.298074e-08
2.199000e+03 2.006365e-08
2.200000e+03 1.785390e-08
2.201000e+03 7.274701e-08
2.202000e+03 7.139373e-08
2.203000e+03 6.505253e-08
2.204000e+03 5.655504e-08
2.205000e+03 5.354686e-08
2.206000e+03 4.731555e-08
2.207000e+03 4.389350e-08
2.208000e+03 4.031553e-08
2.209000e+03 3.820550e-08
2.210000e+03 3.566139e-08
2.211000e+03 3.307340e-08
2.212000e+03 3.820462e-08
2.213000e+03 3.827021e-08
2.214000e+03 3.286012e-08
2.215000e+03 3.278087e-08
2.216000e+03 3.225458e-08
2.217000e+03 3.251096e-08
2.218000e+03 3.024958e-08
2.219000e+03 3.063467e-08
2.220000e+03 3.251964e-08
2.221000e+03 2.852957e-08
2.222000e+03 3.369383e-08
2.223000e+03 3.208403e-08
2.224000e+03 3.037488e-08
2.225000e+03 3.021656e-08
2.226000e+03 2.970723e-08
2.227000e+03 2.777804e-08
2.228000e+03 2.729725e-08
2.229000e+03 2.853313e-08
2.230000e+03 2.718297e-08
2.231000e+03 2.567815e-08
2.232000e+03 2.641388e-08
2.233000e+03 2.682604e-08
2.234000e+03 2.693770e-08
2.235000e+03 2.583295e-08
2.236000e+03 2.579869e-08
2.237000e+03 2.576345e-08
2.238000e+03 2.636959e-08
2.239000e+03 2.567069e-08
2.240000e+03 2.599550e-08
2.241000e+03 2.818425e-08
2.242000e+03 2.848078e-08
2.243000e+03 2.589233e-08
2.244000e+03 2.440605e-08
2.245000e+03 2.489522e-08
2.246000e+03 2.580426e-08
2.247000e+03 2.386420e-08
2.248000e+03 2.469182e-08
2.249000e+03 2.471176e-08
2.250000e+03 2.525504e-08
2.251000e+03 2.520568e-08
2.252000e+03 2.537247e-08
2.253000e+03 2.683722e-08
2.254000e+03 2.553585e-08
2.255000e+03 2.596144e-08
2.256000e+03 2.607053e-08
2.257000e+03 2.610310e-08
2.258000e+03 2.387058e-08
2.259000e+03 2.352440e-08
2.260000e+03 2.403138e-08
2.261000e+03 2.512964e-08
2.262000e+03 2.539865e-08
2.263000e+03 2.554485e-08
2.264000e+03 2.542051e-08
2.265000e+03 2.817524e-08
2.266000e+03 2.585085e-08
2.267000e+03 2.311700e-08
2.268000e+03 2.340995e-08
2.269000e+03 2.321829e-08
2.270000e+03 2.449106e-08
2.271000e+03 2.359963e-08
2.272000e+03 2.322778e-08
2.273000e+03 2.366746e-08
2.274000e+03 2.214568e-08
2.275000e+03 2.201817e-08
2.276000e+03 2.145712e-08
2.277000e+03 2.189945e-08
2.278000e+03 2.078059e-08
2.279000e+03 2.122559e-08
2.280000e+03 2.093901e-08
2.281000e+03 2.081030e-08
2.282000e+03 2.064197e-08
2.283000e+03 2.111823e-08
2.284000e+03 2.149188e-08
2.285000e+03 1.958844e-08
2.286000e+03 2.031094e-08
2.287000e+03 2.048679e-08
2.288000e+03 2.103758e-08
2.289000e+03 2.293771e-08
2.290000e+03 2.207007e-08
2.291000e+03 2.219883e-08
2.292000e+03 2.215398e-08
2.293000e+03 2.176870e-08
2.294000e+03 2.325557e-08
2.295000e+03 2.083937e-08
2.296000e+03 2.162868e-08
2.297000e+03 2.155906e-08
2.298000e+03 2.157721e-08
2.299000e+03 2.093657e-08
2.300000e+03 2.088965e-08
2.301000e+03 2.118101e-08
2.302000e+03 2.099600e-08
2.303000e+03 2.125912e-08
2.304000e+03 2.102573e-08
2.305000e+03 2.105083e-08
2.306000e+03 2.090027e-08
2.307000e+03 2.014412e-08
2.308000e+03 2.080589e-08
2.309000e+03 2.081939e-08
2.310000e+03 2.112374e-08
2.311000e+03 2.085118e-08
2.312000e+03 1.936242e-08
2.313000e+03 2.313856e-08
2.314000e+03 2.108777e-08
2.315000e+03 2.151320e-08
2.316000e+03 2.219730e-08
2.317000e+03 2.180999e-08
2.318000e+03 2.363413e-08
2.319000e+03 2.151891e-08
2.320000e+03 2.256387e-08
2.321000e+03 2.183237e-08
2.322000e+03 2.179124e-08
2.323000e+03 2.143542e-08
2.324000e+03 2.116826e-08
2.325000e+03 2.148726e-08
2.326000e+03 1.597662e-06
2.327000e+03 2.675560e-07
2.328000e+03 2.225879e-07
2.329000e+03 2.034411e-07
2.330000e+03 1.600690e-07
2.331000e+03 1.264285e-07
2.332000e+03 7.206446e-08
2.333000e+03 5.712271e-08
2.334000e+03 4.528813e-08
2.335000e+03 4.122493e-08
2.336000e+03 3.519061e-08
2.337000e+03 3.300687e-08
2.338000e+03 2.795398e-08
2.339000e+03 1.011535e-07
2.340000e+03 2.294670e-08
2.341000e+03 2.729884e-08
2.342000e+03 2.568000e-08
2.343000e+03 6.900288e-08
2.344000e+03 7.221393e-08
2.345000e+03 6.704809e-08
2.346000e+03 5.983013e-08
2.347000e+03 5.343574e-08
2.348000e+03 4.332687e-08
2.349000e+03 3.947187e-08
2.350000e+03 3.592566e-08
2.351000e+03 3.330884e-08
2.352000e+03 3.102730e-08
2.353000e+03 2.930105e-08
2.354000e+03 2.653356e-08
2.355000e+03 2.571435e-08
2.356000e+03 2.609969e-08
2.357000e+03 2.385574e-08
2.358000e+03 2.546628e-08
2.359000e+03 2.606608e-08
2.360000e+03 2.616048e-08
2.361000e+03 2.842560e-08
2.362000e+03 2.606607e-08
2.363000e+03 2.598366e-08
2.364000e+03 2.614215e-08
2.365000e+03 2.542695e-08
2.366000e+03 2.664627e-08
2.367000e+03 2.432174e-08
2.368000e+03 2.405942e-08
2.369000e+03 2.453651e-08
2.370000e+03 2.403284e-08
2.371000e+03 2.420393e-08
2.372000e+03 2.392887e-08
2.373000e+03 2.439863e-08
2.374000e+03 2.621647e-08
2.375000e+03 2.494409e-08
2.376000e+03 2.446977e-08
2.377000e+03 2.454109e-08
2.378000e+03 2.359145e-08
2.379000e+03 2.399734e-08
2.380000e+03 2.451219e-08
2.381000e+03 2.421631e-08
2.382000e+03 2.377510e-08
2.383000e+03 2.348437e-08
2.384000e+03 2.334693e-08
2.385000e+03 2.511782e-08
2.386000e+03 2.331684e-08
2.387000e+03 2.377830e-08
2.388000e+03 2.344877e-08
2.389000e+03 2.385771e-08
2.390000e+03 2.516551e-08
2.391000e+03 2.311474e-08
2.392000e+03 2.306258e-08
2.393000e+03 2.073151e-08
2.394000e+03 2.096834e-08
2.395000e+03 1.954512e-08
2.396000e+03 1.974569e-08
2.397000e+03 2.017259e-08
2.398000e+03 1.955921e-08
2.399000e+03 1.976646e-08
2.400000e+03 2.132626e-08
2.401000e+03 2.136948e-08
2.402000e+03 2.079182e-08
2.403000e+03 2.096017e-08
2.404000e+03 2.089927e-08
2.405000e+03 2.105765e-08
2.406000e+03 2.045204e-08
2.407000e+03 2.024686e-08
2.408000e+03 2.013101e-08
2.409000e+03 2.198052e-08
2.410000e+03 1.968783e-08
2.411000e+03 1.985986e-08
2.412000e+03 2.002290e-08
2.413000e+03 1.990960e-08
2.414000e+03 1.974380e-08
2.415000e+03 1.845121e-08
2.416000e+03 1.797678e-08
2.417000e+03 1.832971e-08
2.418000e+03 1.761894e-08
2.419000e+03 1.721879e-08
2.420000e+03 1.591421e-08
2.421000e+03 1.798163e-08
2.422000e+03 1.738078e-08
2.423000e+03 1.734286e-08
2.424000e+03 1.757045e-08
2.425000e+03 1.748184e-08
2.426000e+03 1.715983e-08
2.427000e+03 1.688811e-08
2.428000e+03 1.776030e-08
2.429000e+03 1.947287e-08
2.430000e+03 1.887533e-08
2.431000e+03 1.946613e-08
2.432000e+03 1.929375e-08
2.433000e+03 2.091493e-08
2.434000e+03 1.927609e-08
2.435000e+03 1.953511e-08
2.436000e+03 1.968259e-08
2.437000e+03 1.908261e-08
2.438000e+03 2.005790e-08
2.439000e+03 1.941771e-08
2.440000e+03 1.689916e-08
2.441000e+03 1.758917e-08
2.442000e+03 1.663065e-08
2.443000e+03 1.696825e-08
2.444000e+03 1.637512e-08
2.445000e+03 1.632740e-08
2.446000e+03 1.761373e-08
2.447000e+03 1.591694e-08
2.448000e+03 1.679752e-08
2.449000e+03 1.722473e-08
2.450000e+03 1.774778e-08
2.451000e+03 1.803719e-08
2.452000e+03 1.726421e-08
2.453000e+03 1.755049e-08
2.454000e+03 1.855566e-08
2.455000e+03 1.671669e-08
2.456000e+03 1.694384e-08
2.457000e+03 1.934155e-08
2.458000e+03 1.800222e-08
2.459000e+03 1.808071e-08
2.460000e+03 1.879738e-08
2.461000e+03 1.797367e-08
2.462000e+03 1.884823e-08
2.463000e+03 1.810317e-08
2.464000e+03 1.755197e-08
2.465000e+03 1.788350e-08
2.466000e+03 1.725205e-08
2.467000e+03 1.687053e-08
2.468000e+03 1.695986e-08
2.469000e+03 1.678444e-08
2.470000e+03 1.697856e-08
2.471000e+03 1.668231e-08
2.472000e+03 1.657549e-08
2.473000e+03 1.710023e-08
2.474000e+03 1.461111e-08
2.475000e+03 1.570910e-08
2.476000e+03 1.595688e-08
2.477000e+03 1.687023e-08
2.478000e+03 1.664479e-08
2.479000e+03 1.661564e-08
2.480000e+03 1.684162e-08
2.481000e+03 1.866455e-08
2.482000e+03 1.675380e-08
2.483000e+03 1.679456e-08
2.484000e+03 1.648620e-08
2.485000e+03 1.680474e-08
2.486000e+03 1.762186e-08
2.487000e+03 1.615875e-08
2.488000e+03 1.669257e-08
2.489000e+03 1.640078e-08
2.490000e+03 1.649660e-08
2.491000e+03 1.579026e-08
2.492000e+03 1.549588e-08
2.493000e+03 1.558179e-08
2.494000e+03 1.622748e-08
2.495000e+03 1.694879e-08
2.496000e+03 1.672482e-08
2.497000e+03 1.669404e-08
2.498000e+03 1.640818e-08
2.499000e+03 1.617548e-08
2.500000e+03 1.676454e-08
2.501000e+03 1.518012e-08
2.502000e+03 1.543250e-08
2.503000e+03 1.585679e-08
2.504000e+03 1.578652e-08
2.505000e+03 1.858689e-08
2.506000e+03 1.708362e-08
2.507000e+03 1.711328e-08
2.508000e+03 1.748336e-08
2.509000e+03 1.733946e-08
2.510000e+03 1.895662e-08
2.511000e+03 1.707121e-08
2.512000e+03 1.776734e-08
2.513000e+03 1.702397e-08
2.514000e+03 1.688816e-08
2.515000e+03 1.699400e-08
2.516000e+03 1.718575e-08
2.517000e+03 1.697250e-08
2.518000e+03 1.326276e-06
2.519000e+03 2.527193e-07
2.520000e+03 1.942054e-07
2.521000e+03 1.473644e-07
2.522000e+03 1.242810e-07
2.523000e+03 9.840721e-08
2.524000e+03 7.896741e-08
2.525000e+03 8.023208e-08
2.526000e+03 5.363835e-08
2.527000e+03 4.382811e-08
2.528000e+03 3.795020e-08
2.529000e+03 3.449972e-08
2.530000e+03 2.909495e-08
2.531000e+03 2.822212e-08
2.532000e+03 8.372185e-08
2.533000e+03 1.965520e-08
2.534000e+03 6.516274e-08
2.535000e+03 6.742278e-08
2.536000e+03 1.913476e-08
2.537000e+03 4.779903e-08
2.538000e+03 4.836722e-08
2.539000e+03 4.430003e-08
2.540000e+03 4.031148e-08
2.541000e+03 3.830699e-08
2.542000e+03 3.415933e-08
2.543000e+03 3.155083e-08
2.544000e+03 2.726296e-08
2.545000e+03 2.512938e-08
2.546000e+03 2.380391e-08
2.547000e+03 2.262167e-08
2.548000e+03 2.238997e-08
2.549000e+03 2.166315e-08
2.550000e+03 2.126849e-08
2.551000e+03 1.983930e-08
2.552000e+03 2.011182e-08
2.553000e+03 2.167092e-08
2.554000e+03 2.023780e-08
2.555000e+03 1.845832e-08
2.556000e+03 1.909308e-08
2.557000e+03 1.903683e-08
2.558000e+03 2.085387e-08
2.559000e+03 1.918533e-08
2.560000e+03 1.957722e-08
2.561000e+03 1.851460e-08
2.562000e+03 1.889779e-08
2.563000e+03 1.839993e-08
2.564000e+03 1.829571e-08
2.565000e+03 1.771834e-08
2.566000e+03 1.861645e-08
2.567000e+03 1.876014e-08
2.568000e+03 1.804911e-08
2.569000e+03 1.751875e-08
2.570000e+03 1.751334e-08
2.571000e+03 1.683123e-08
2.572000e+03 1.641525e-08
2.573000e+03 1.611162e-08
2.574000e+03 1.628021e-08
2.575000e+03 1.609712e-08
2.576000e+03 1.630463e-08
2.577000e+03 1.836957e-08
2.578000e+03 1.655987e-08
2.579000e+03 1.704813e-08
2.580000e+03 1.722669e-08
2.581000e+03 1.666744e-08
2.582000e+03 1.728977e-08
2.583000e+03 1.590609e-08
2.584000e+03 1.572588e-08
2.585000e+03 1.548744e-08
2.586000e+03 1.571297e-08
2.587000e+03 1.573103e-08
2.588000e+03 1.578792e-08
2.589000e+03 1.520148e-08
2.590000e+03 1.623753e-08
2.591000e+03 1.552381e-08
2.592000e+03 1.537155e-08
2.593000e+03 1.514155e-08
2.594000e+03 1.477743e-08
2.595000e+03 1.454840e-08
2.596000e+03 1.473833e-08
2.597000e+03 1.467322e-08
2.598000e+03 1.442725e-08
2.599000e+03 1.475137e-08
2.600000e+03 1.448697e-08
2.601000e+03 1.651049e-08
2.602000e+03 1.519593e-08
2.603000e+03 1.550011e-08
2.604000e+03 1.587364e-08
2.605000e+03 1.600581e-08
2.606000e+03 1.684532e-08
2.607000e+03 1.576146e-08
2.608000e+03 1.660348e-08
2.609000e+03 1.459588e-08
2.610000e+03 1.473687e-08
2.611000e+03 1.417773e-08
2.612000e+03 1.500576e-08
2.613000e+03 1.442268e-08
2.614000e+03 1.543180e-08
2.615000e+03 1.553554e-08
2.616000e+03 1.533075e-08
2.617000e+03 1.506641e-08
2.618000e+03 1.468737e-08
2.619000e+03 1.452877e-08
2.620000e+03 1.439868e-08
2.621000e+03 1.417305e-08
2.622000e+03 1.368480e-08
2.623000e+03 1.334817e-08
2.624000e+03 1.349531e-08
2.625000e+03 1.516020e-08
2.626000e+03 1.392170e-08
2.627000e+03 1.431221e-08
2.628000e+03 1.427463e-08
2.629000e+03 1.387931e-08
2.630000e+03 1.483433e-08
2.631000e+03 1.369686e-08
2.632000e+03 1.398325e-08
2.633000e+03 1.296963e-08
2.634000e+03 1.298431e-08
2.635000e+03 1.324198e-08
2.636000e+03 1.239261e-08
2.637000e+03 1.310684e-08
2.638000e+03 1.332833e-08
2.639000e+03 1.413310e-08
2.640000e+03 1.340511e-08
2.641000e+03 1.364083e-08
2.642000e+03 1.349998e-08
2.643000e+03 1.311999e-08
2.644000e+03 1.374561e-08
2.645000e+03 1.314984e-08
2.646000e+03 1.317702e-08
2.647000e+03 1.308032e-08
2.648000e+03 1.362185e-08
2.649000e+03 1.474660e-08
2.650000e+03 1.367993e-08
2.651000e+03 1.404912e-08
2.652000e+03 1.426240e-08
2.653000e+03 1.383027e-08
2.654000e+03 1.453718e-08
2.655000e+03 1.421716e-08
2.656000e+03 1.416896e-08
2.657000e+03 1.514009e-08
2.658000e+03 1.302922e-08
2.659000e+03 1.284736e-08
2.660000e+03 1.290801e-08
2.661000e+03 1.317214e-08
2.662000e+03 1.445095e-08
2.663000e+03 1.314308e-08
2.664000e+03 1.279457e-08
2.665000e+03 1.346595e-08
2.666000e+03 1.431602e-08
2.667000e+03 1.430015e-08
2.668000e+03 1.452129e-08
2.669000e+03 1.452178e-08
2.670000e+03 1.494979e-08
2.671000e+03 1.467407e-08
2.672000e+03 1.414920e-08
2.673000e+03 1.579513e-08
2.674000e+03 1.486894e-08
2.675000e+03 1.530181e-08
2.676000e+03 1.493791e-08
2.677000e+03 1.475010e-08
2.678000e+03 1.626756e-08
2.679000e+03 1.419309e-08
2.680000e+03 1.441817e-08
2.681000e+03 1.451123e-08
2.682000e+03 1.418882e-08
2.683000e+03 1.365359e-08
2.684000e+03 1.342246e-08
2.685000e+03 1.388098e-08
2.686000e+03 1.458237e-08
2.687000e+03 1.409697e-08
2.688000e+03 1.446213e-08
2.689000e+03 1.521864e-08
2.690000e+03 1.330655e-08
2.691000e+03 1.408704e-08
2.692000e+03 1.402026e-08
2.693000e+03 1.452360e-08
2.694000e+03 1.453052e-08
2.695000e+03 1.419013e-08
2.696000e+03 1.397858e-08
2.697000e+03 1.562563e-08
2.698000e+03 1.454663e-08
2.699000e+03 1.458596e-08
2.700000e+03 1.479340e-08
2.701000e+03 1.463492e-08
2.702000e+03 1.531397e-08
2.703000e+03 1.463537e-08
2.704000e+03 1.504091e-08
2.705000e+03 1.489533e-08
2.706000e+03 1.398770e-08
2.707000e+03 1.345160e-08
2.708000e+03 1.380570e-08
2.709000e+03 1.324066e-08
2.710000e+03 1.419786e-08
2.711000e+03 1.455196e-08
2.712000e+03 1.466415e-08
2.713000e+03 1.372573e-08
2.714000e+03 1.350043e-08
2.715000e+03 1.443575e-08
2.716000e+03 1.454848e-08
2.717000e+03 1.403987e-08
2.718000e+03 1.363086e-08
2.719000e+03 1.378412e-08
2.720000e+03 1.410756e-08
2.721000e+03 1.563062e-08
2.722000e+03 1.426256e-08
2.723000e+03 1.467669e-08
2.724000e+03 1.502797e-08
2.725000e+03 1.437780e-08
2.726000e+03 1.503959e-08
2.727000e+03 1.399517e-08
2.728000e+03 1.448535e-08
2.729000e+03 1.468257e-08
2.730000e+03 1.397918e-08
2.731000e+03 1.395081e-08
2.732000e+03 1.269629e-08
2.733000e+03 1.373490e-08
2.734000e+03 1.322182e-08
2.735000e+03 1.341706e-08
2.736000e+03 1.343331e-08
2.737000e+03 1.338818e-08
2.738000e+03 1.311450e-08
2.739000e+03 1.304273e-08
2.740000e+03 1.328194e-08
2.741000e+03 1.356020e-08
2.742000e+03 1.247202e-08
2.743000e+03 1.262322e-08
2.744000e+03 1.215645e-08
2.745000e+03 1.449811e-08
2.746000e+03 1.294272e-08
2.747000e+03 1.354036e-08
2.748000e+03 1.374378e-08
2.749000e+03 1.331508e-08
2.750000e+03 1.431621e-08
2.751000e+03 1.307570e-08
2.752000e+03 1.420877e-08
2.753000e+03 1.399901e-08
2.754000e+03 1.322978e-08
2.755000e+03 1.317642e-08
2.756000e+03 1.264746e-08
2.757000e+03 1.281726e-08
2.758000e+03 1.284206e-08
2.759000e+03 1.242545e-08
2.760000e+03 1.310131e-08
2.761000e+03 1.333431e-08
2.762000e+03 1.283126e-08
2.763000e+03 1.347721e-08
2.764000e+03 1.292849e-08
2.765000e+03 1.322724e-08
2.766000e+03 1.283397e-08
2.767000e+03 1.259582e-08
2.768000e+03 1.225421e-08
2.769000e+03 1.492224e-08
2.770000e+03 1.314141e-08
2.771000e+03 1.206957e-08
2.772000e+03 1.247249e-08
2.773000e+03 1.245345e-08
2.774000e+03 1.372736e-08
2.775000e+03 1.274005e-08
2.776000e+03 1.295086e-08
2.777000e+03 1.319417e-08
2.778000e+03 1.272333e-08
2.779000e+03 1.227208e-08
2.780000e+03 1.231282e-08
2.781000e+03 1.135076e-08
2.782000e+03 1.195228e-08
2.783000e+03 1.272012e-08
2.784000e+03 1.249977e-08
2.785000e+03 1.271978e-08
2.786000e+03 1.238691e-08
2.787000e+03 1.186581e-08
2.788000e+03 1.218741e-08
2.789000e+03 1.219081e-08
2.790000e+03 1.155156e-08
2.791000e+03 1.217766e-08
2.792000e+03 1.196260e-08
2.793000e+03 1.337860e-08
2.794000e+03 1.226072e-08
2.795000e+03 1.273183e-08
2.796000e+03 1.308982e-08
2.797000e+03 1.292620e-08
2.798000e+03 1.352358e-08
2.799000e+03 1.184911e-08
2.800000e+03 1.427076e-06
2.801000e+03 2.943718e-07
2.802000e+03 1.944986e-07
2.803000e+03 1.506602e-07
2.804000e+03 1.304420e-07
2.805000e+03 1.040638e-07
2.806000e+03 8.364155e-08
2.807000e+03 6.731217e-08
2.808000e+03 4.913872e-08
2.809000e+03 4.639520e-08
2.810000e+03 3.967754e-08
2.811000e+03 2.982777e-08
2.812000e+03 2.834611e-08
2.813000e+03 2.469504e-08
2.814000e+03 2.163868e-08
2.815000e+03 1.899073e-08
2.816000e+03 6.812179e-08
2.817000e+03 6.778608e-08
2.818000e+03 5.858398e-08
2.819000e+03 5.192695e-08
2.820000e+03 4.616402e-08
2.821000e+03 4.217500e-08
2.822000e+03 3.848613e-08
2.823000e+03 3.181554e-08
2.824000e+03 2.896248e-08
2.825000e+03 2.570160e-08
2.826000e+03 2.337982e-08
2.827000e+03 2.168711e-08
2.828000e+03 2.107016e-08
2.829000e+03 2.148890e-08
2.830000e+03 1.926525e-08
2.831000e+03 1.959401e-08
2.832000e+03 1.908286e-08
2.833000e+03 1.937940e-08
2.834000e+03 1.802772e-08
2.835000e+03 1.740614e-08
2.836000e+03 1.751404e-08
2.837000e+03 1.792438e-08
2.838000e+03 1.712666e-08
2.839000e+03 1.602466e-08
2.840000e+03 1.590754e-08
2.841000e+03 1.695850e-08
2.842000e+03 1.607922e-08
2.843000e+03 1.623020e-08
2.844000e+03 1.588639e-08
2.845000e+03 1.550424e-08
2.846000e+03 1.601393e-08
2.847000e+03 1.553946e-08
2.848000e+03 1.526692e-08
2.849000e+03 1.504711e-08
2.850000e+03 1.465435e-08
2.851000e+03 1.456668e-08
2.852000e+03 1.441939e-08
2.853000e+03 1.289453e-08
2.854000e+03 1.254831e-08
2.855000e+03 1.357847e-08
2.856000e+03 1.328632e-08
2.857000e+03 1.350279e-08
2.858000e+03 1.346783e-08
2.859000e+03 1.233214e-08
2.860000e+03 1.317627e-08
2.861000e+03 1.242715e-08
2.862000e+03 1.240039e-08
2.863000e+03 1.211636e-08
2.864000e+03 1.245541e-08
2.865000e+03 1.383037e-08
2.866000e+03 1.297683e-08
2.867000e+03 1.360912e-08
2.868000e+03 1.354744e-08
2.869000e+03 1.291833e-08
2.870000e+03 1.366889e-08
2.871000e+03 1.270398e-08
2.872000e+03 1.293672e-08
2.873000e+03 1.363204e-08
2.874000e+03 1.281993e-08
2.875000e+03 1.253706e-08
2.876000e+03 1.245334e-08
2.877000e+03 1.076706e-08
2.878000e+03 1.182557e-08
2.879000e+03 1.181377e-08
2.880000e+03 1.183260e-08
2.881000e+03 1.183099e-08
2.882000e+03 1.209361e-08
2.883000e+03 1.282623e-08
2.884000e+03 1.202668e-08
2.885000e+03 1.215732e-08
2.886000e+03 1.228320e-08
2.887000e+03 1.188598e-08
2.888000e+03 1.151906e-08
2.889000e+03 1.377528e-08
2.890000e+03 1.195912e-08
2.891000e+03 1.247625e-08
2.892000e+03 1.223915e-08
2.893000e+03 1.173868e-08
2.894000e+03 1.323281e-08
2.895000e+03 1.154238e-08
2.896000e+03 1.229035e-08
2.897000e+03 1.185665e-08
2.898000e+03 1.168352e-08
2.899000e+03 1.178389e-08
2.900000e+03 1.130039e-08
2.901000e+03 9.687728e-09
2.902000e+03 1.019102e-08
2.903000e+03 1.062955e-08
2.904000e+03 1.059825e-08
2.905000e+03 1.092453e-08
2.906000e+03 1.059594e-08
2.907000e+03 9.439610e-09
2.908000e+03 1.036585e-08
2.909000e+03 1.017444e-08
2.910000e+03 1.044794e-08
2.911000e+03 1.069027e-08
2.912000e+03 1.060546e-08
2.913000e+03 1.193877e-08
2.914000e+03 1.144930e-08
2.915000e+03 1.197135e-08
2.916000e+03 1.087594e-08
2.917000e+03 1.121679e-08
2.918000e+03 1.257791e-08
2.919000e+03 1.092023e-08
2.920000e+03 1.151983e-08
2.921000e+03 1.128305e-08
2.922000e+03 1.119925e-08
2.923000e+03 1.124794e-08
2.924000e+03 1.128075e-08
2.925000e+03 1.057028e-08
2.926000e+03 1.035082e-08
2.927000e+03 1.137064e-08
2.928000e+03 1.102777e-08
2.929000e+03 1.135749e-08
2.930000e+03 1.139957e-08
2.931000e+03 1.079987e-08
2.932000e+03 1.102712e-08
2.933000e+03 1.034110e-08
2.934000e+03 9.914547e-09
2.935000e+03 9.647105e-09
2.936000e+03 1.033440e-08
2.937000e+03 1.189757e-08
2.938000e+03 1.092695e-08
2.939000e+03 1.129462e-08
2.940000e+03 1.106694e-08
2.941000e+03 1.025048e-08
2.942000e+03 1.236599e-08
2.943000e+03 1.109019e-08
2.944000e+03 1.130506e-08
2.945000e+03 1.064238e-08
2.946000e+03 1.095453e-08
2.947000e+03 1.093504e-08
2.948000e+03 1.040658e-08
2.949000e+03 9.173089e-09
2.950000e+03 9.749953e-09
2.951000e+03 1.093559e-08
2.952000e+03 1.036960e-08
2.953000e+03 1.065256e-08
2.954000e+03 1.046738e-08
2.955000e+03 1.038674e-08
2.956000e+03 1.043434e-08
2.957000e+03 1.036821e-08
2.958000e+03 1.086776e-08
2.959000e+03 1.033547e-08
2.960000e+03 9.776171e-09
2.961000e+03 1.159130e-08
2.962000e+03 9.770619e-09
2.963000e+03 1.076767e-08
2.964000e+03 1.107729e-08
2.965000e+03 1.055840e-08
2.966000e+03 1.189934e-08
2.967000e+03 1.030042e-08
2.968000e+03 1.080054e-08
2.969000e+03 1.065367e-08
2.970000e+03 1.049643e-08
2.971000e+03 9.973631e-09
2.972000e+03 1.025531e-08
2.973000e+03 8.558907e-09
2.974000e+03 9.622686e-09
2.975000e+03 9.804948e-09
2.976000e+03 1.003101e-08
2.977000e+03 1.016226e-08
2.978000e+03 9.741197e-09
2.979000e+03 9.805439e-09
2.980000e+03 9.926570e-09
2.981000e+03 1.009784e-08
2.982000e+03 9.738541e-09
2.983000e+03 1.027489e-08
2.984000e+03 9.815085e-09
2.985000e+03 1.090220e-08
2.986000e+03 1.044815e-08
2.987000e+03 9.351212e-09
2.988000e+03 9.163214e-09
2.989000e+03 9.145653e-09
2.990000e+03 1.093668e-08
2.991000e+03 9.929257e-09
2.992000e+03 1.035057e-08
2.993000e+03 1.022551e-08
2.994000e+03 9.960756e-09
2.995000e+03 9.855203e-09
2.996000e+03 9.361181e-09
2.997000e+03 8.377189e-09
2.998000e+03 9.035656e-09
2.999000e+03 9.493638e-09
3.000000e+03 9.513116e-09
3.001000e+03 9.692172e-09
3.002000e+03 9.557209e-09
3.003000e+03 9.295086e-09
3.004000e+03 9.267208e-09
3.005000e+03 9.720051e-09
3.006000e+03 8.908197e-09
3.007000e+03 8.692074e-09
3.008000e+03 1.008832e-08
3.009000e+03 1.059693e-08
3.010000e+03 9.568312e-09
3.011000e+03 9.847782e-09
3.012000e+03 1.005861e-08
3.013000e+03 9.689378e-09
3.014000e+03 1.019249e-08
3.015000e+03 8.974747e-09
3.016000e+03 9.355042e-09
3.017000e+03 1.007128e-08
3.018000e+03 9.580369e-09
3.019000e+03 9.305673e-09
3.020000e+03 9.285391e-09
3.021000e+03 8.569977e-09
3.022000e+03 8.478016e-09
3.023000e+03 8.511111e-09
3.024000e+03 8.452016e-09
3.025000e+03 9.091291e-09
3.026000e+03 9.130371e-09
3.027000e+03 8.880527e-09
3.028000e+03 8.934027e-09
3.029000e+03 9.122395e-09
3.030000e+03 9.068730e-09
3.031000e+03 9.014087e-09
3.032000e+03 8.306697e-09
3.033000e+03 1.039022e-08
3.034000e+03 1.018573e-08
3.035000e+03 9.783273e-09
3.036000e+03 9.598595e-09
3.037000e+03 9.285072e-09
3.038000e+03 1.024733e-08
3.039000e+03 9.349439e-09
3.040000e+03 1.019686e-08
3.041000e+03 9.065217e-09
3.042000e+03 8.277804e-09
3.043000e+03 8.286666e-09
3.044000e+03 8.552739e-09
3.045000e+03 8.325241e-09
3.046000e+03 8.501451e-09
3.047000e+03 8.837708e-09
3.048000e+03 9.176340e-09
3.049000e+03 9.429776e-09
3.050000e+03 9.097475e-09
3.051000e+03 9.315965e-09
3.052000e+03 9.126871e-09
3.053000e+03 9.266993e-09
3.054000e+03 8.500602e-09
3.055000e+03 8.754945e-09
3.056000e+03 8.635088e-09
3.057000e+03 1.023385e-08
3.058000e+03 9.223687e-09
3.059000e+03 9.185547e-09
3.060000e+03 9.582588e-09
3.061000e+03 8.814806e-09
3.062000e+03 1.002352e-08
3.063000e+03 9.050955e-09
3.064000e+03 8.797529e-09
3.065000e+03 8.675576e-09
3.066000e+03 8.363916e-09
3.067000e+03 8.368661e-09
3.068000e+03 8.765055e-09
3.069000e+03 7.735990e-09
3.070000e+03 7.820277e-09
3.071000e+03 8.460713e-09
3.072000e+03 8.655058e-09
3.073000e+03 8.577559e-09
3.074000e+03 8.744461e-09
3.075000e+03 8.614566e-09
3.076000e+03 9.084047e-09
3.077000e+03 8.896477e-09
3.078000e+03 8.375613e-09
3.079000e+03 7.977107e-09
3.080000e+03 8.383796e-09
3.081000e+03 1.017970e-08
3.082000e+03 8.725332e-09
3.083000e+03 8.818090e-09
3.084000e+03 9.172622e-09
3.085000e+03 9.848194e-09
3.086000e+03 9.753149e-09
3.087000e+03 9.080675e-09
3.088000e+03 9.521544e-09
3.089000e+03 9.683232e-09
3.090000e+03 8.448500e-09
3.091000e+03 8.648276e-09
3.092000e+03 8.503805e-09
3.093000e+03 7.543421e-09
3.094000e+03 8.082166e-09
3.095000e+03 8.592716e-09
3.096000e+03 8.288800e-09
3.097000e+03 9.180257e-09
3.098000e+03 9.253947e-09
3.099000e+03 9.554346e-09
3.100000e+03 9.491971e-09
3.101000e+03 9.721818e-09
3.102000e+03 9.581386e-09
3.103000e+03 9.455683e-09
3.104000e+03 9.454194e-09
3.105000e+03 1.063735e-08
3.106000e+03 9.883072e-09
3.107000e+03 1.084461e-08
3.108000e+03 9.737970e-09
3.109000e+03 1.006564e-08
3.110000e+03 1.067023e-08
3.111000e+03 9.896415e-09
3.112000e+03 1.058207e-08
3.113000e+03 1.064684e-08
3.114000e+03 9.699522e-09
3.115000e+03 9.212630e-09
3.116000e+03 9.097110e-09
3.117000e+03 8.839223e-09
3.118000e+03 8.888633e-09
3.119000e+03 8.832290e-09
3.120000e+03 8.989038e-09
3.121000e+03 9.916907e-09
3.122000e+03 8.713068e-09
3.123000e+03 9.303639e-09
3.124000e+03 8.634194e-09
3.125000e+03 9.338602e-09
3.126000e+03 8.753899e-09
3.127000e+03 8.852368e-09
3.128000e+03 8.708197e-09
3.129000e+03 1.011690e-08
3.130000e+03 9.297474e-09
3.131000e+03 9.475692e-09
3.132000e+03 9.171293e-09
3.133000e+03 9.865365e-09
3.134000e+03 9.682547e-09
3.135000e+03 9.566225e-09
3.136000e+03 8.907983e-09
3.137000e+03 1.027458e-08
3.138000e+03 9.701800e-09
3.139000e+03 9.406075e-09
3.140000e+03 9.316036e-09
3.141000e+03 8.156006e-09
3.142000e+03 9.344409e-09
3.143000e+03 9.276279e-09
3.144000e+03 8.932694e-09
3.145000e+03 9.381855e-09
3.146000e+03 9.309680e-09
3.147000e+03 9.507349e-09
3.148000e+03 9.405372e-09
3.149000e+03 8.741262e-09
3.150000e+03 8.875662e-09
3.151000e+03 8.506069e-09
3.152000e+03 8.995535e-09
3.153000e+03 1.029353e-08
3.154000e+03 9.490155e-09
3.155000e+03 9.885557e-09
3.156000e+03 1.004417e-08
3.157000e+03 9.933494e-09
3.158000e+03 1.003864e-08
3.159000e+03 9.843680e-09
3.160000e+03 1.032103e-08
3.161000e+03 1.018336e-08
3.162000e+03 9.248431e-09
3.163000e+03 9.196238e-09
3.164000e+03 9.184138e-09
3.165000e+03 7.634748e-09
3.166000e+03 8.436928e-09
3.167000e+03 8.155018e-09
3.168000e+03 7.787917e-09
3.169000e+03 8.423166e-09
3.170000e+03 8.597648e-09
3.171000e+03 8.263342e-09
3.172000e+03 8.740637e-09
3.173000e+03 8.404730e-09
3.174000e+03 8.449666e-09
3.175000e+03 8.221790e-09
3.176000e+03 7.816528e-09
3.177000e+03 1.080434e-08
3.178000e+03 9.088946e-09
3.179000e+03 1.001134e-08
3.180000e+03 9.318889e-09
3.181000e+03 8.687771e-09
3.182000e+03 1.004275e-08
3.183000e+03 8.769892e-09
3.184000e+03 9.614191e-09
3.185000e+03 9.541442e-09
3.186000e+03 9.177385e-09
3.187000e+03 8.909119e-09
3.188000e+03 8.804923e-09
3.189000e+03 7.284796e-09
3.190000e+03 8.902271e-09
3.191000e+03 7.767257e-09
3.192000e+03 7.889092e-09
3.193000e+03 7.904854e-09
3.194000e+03 8.477447e-09
3.195000e+03 8.416243e-09
3.196000e+03 8.292654e-09
3.197000e+03 8.661071e-09
3.198000e+03 8.487236e-09
3.199000e+03 8.509553e-09
3.200000e+03 8.880313e-09
3.201000e+03 1.089137e-08
3.202000e+03 8.861500e-09
3.203000e+03 8.488048e-09
3.204000e+03 8.670092e-09
3.205000e+03 8.741246e-09
3.206000e+03 1.069790e-08
3.207000e+03 8.732644e-09
3.208000e+03 9.022192e-09
3.209000e+03 8.775757e-09
3.210000e+03 8.520879e-09
3.211000e+03 8.196967e-09
3.212000e+03 8.082320e-09
3.213000e+03 6.879080e-09
3.214000e+03 8.462751e-09
3.215000e+03 7.761650e-09
3.216000e+03 7.665157e-09
3.217000e+03 7.794660e-09
3.218000e+03 8.269068e-09
3.219000e+03 8.092802e-09
3.220000e+03 8.356682e-09
3.221000e+03 7.552329e-09
3.222000e+03 8.548311e-09
3.223000e+03 8.370979e-09
3.224000e+03 8.191911e-09
3.225000e+03 8.954327e-09
3.226000e+03 8.343199e-09
3.227000e+03 8.600000e-09
3.228000e+03 8.574514e-09
3.229000e+03 7.249369e-09
3.230000e+03 9.555442e-09
3.231000e+03 8.355207e-09
3.232000e+03 8.356589e-09
3.233000e+03 8.113438e-09
3.234000e+03 7.499945e-09
3.235000e+03 7.624090e-09
3.236000e+03 7.068776e-09
3.237000e+03 6.963106e-09
3.238000e+03 7.654535e-09
3.239000e+03 7.197449e-09
3.240000e+03 6.981635e-09
3.241000e+03 6.992314e-09
3.242000e+03 7.441223e-09
3.243000e+03 7.623704e-09
3.244000e+03 7.421772e-09
3.245000e+03 7.468405e-09
3.246000e+03 7.830479e-09
3.247000e+03 6.993287e-09
3.248000e+03 8.130201e-09
3.249000e+03 8.538900e-09
3.250000e+03 7.787661e-09
3.251000e+03 8.718683e-09
3.252000e+03 7.982833e-09
3.253000e+03 7.939012e-09
3.254000e+03 8.306288e-09
3.255000e+03 7.597027e-09
3.256000e+03 7.564764e-09
3.257000e+03 7.250400e-09
3.258000e+03 7.514124e-09
3.259000e+03 7.721758e-09
3.260000e+03 8.310899e-09
3.261000e+03 6.530578e-09
3.262000e+03 8.043732e-09
3.263000e+03 7.198193e-09
3.264000e+03 7.395600e-09
3.265000e+03 7.384034e-09
3.266000e+03 7.836724e-09
3.267000e+03 6.906654e-09
3.268000e+03 7.156660e-09
3.269000e+03 7.171462e-09
3.270000e+03 7.398543e-09
3.271000e+03 7.381172e-09
3.272000e+03 7.428573e-09
3.273000e+03 8.580980e-09
3.274000e+03 7.779497e-09
3.275000e+03 8.098250e-09
3.276000e+03 8.084588e-09
3.277000e+03 7.614938e-09
3.278000e+03 8.486617e-09
3.279000e+03 7.506794e-09
3.280000e+03 8.166928e-09
3.281000e+03 7.923733e-09
3.282000e+03 7.356628e-09
3.283000e+03 6.737404e-09
3.284000e+03 6.440861e-09
3.285000e+03 6.598895e-09
3.286000e+03 7.553541e-09
3.287000e+03 7.270846e-09
3.288000e+03 7.694679e-09
3.289000e+03 6.863038e-09
3.290000e+03 6.926755e-09
3.291000e+03 6.706382e-09
3.292000e+03 7.344143e-09
3.293000e+03 6.393951e-09
3.294000e+03 6.304600e-09
3.295000e+03 6.924339e-09
3.296000e+03 6.697026e-09
3.297000e+03 8.008743e-09
3.298000e+03 7.386341e-09
3.299000e+03 7.838867e-09
3.300000e+03 7.657368e-09
3.301000e+03 7.029186e-09
3.302000e+03 8.121879e-09
3.303000e+03 7.324872e-09
3.304000e+03 7.618646e-09
3.305000e+03 7.285509e-09
3.306000e+03 7.155158e-09
3.307000e+03 7.040964e-09
3.308000e+03 7.066191e-09
3.309000e+03 7.452041e-09
3.310000e+03 7.286057e-09
3.311000e+03 6.689644e-09
3.312000e+03 6.643047e-09
3.313000e+03 7.055619e-09
3.314000e+03 7.144721e-09
3.315000e+03 7.757619e-09
3.316000e+03 6.808117e-09
3.317000e+03 7.241350e-09
3.318000e+03 7.081911e-09
3.319000e+03 6.987383e-09
3.320000e+03 7.118094e-09
3.321000e+03 8.545209e-09
3.322000e+03 1.228075e-06
3.323000e+03 2.255212e-07
3.324000e+03 1.807447e-07
3.325000e+03 1.455424e-07
3.326000e+03 1.206430e-07
3.327000e+03 1.066136e-07
3.328000e+03 8.748002e-08
3.329000e+03 6.664488e-08
3.330000e+03 5.480543e-08
3.331000e+03 4.501268e-08
3.332000e+03 3.733312e-08
3.333000e+03 3.109737e-08
3.334000e+03 2.596377e-08
3.335000e+03 2.205669e-08
3.336000e+03 8.245812e-08
3.337000e+03 7.792023e-08
3.338000e+03 6.861400e-08
3.339000e+03 5.968474e-08
3.340000e+03 5.187418e-08
3.341000e+03 4.516972e-08
3.342000e+03 3.803540e-08
3.343000e+03 3.306161e-08
3.344000e+03 2.850613e-08
3.345000e+03 2.746328e-08
3.346000e+03 2.316325e-08
3.347000e+03 2.088981e-08
3.348000e+03 1.940039e-08
3.349000e+03 1.807619e-08
3.350000e+03 1.681614e-08
3.351000e+03 1.511508e-08
3.352000e+03 1.471980e-08
3.353000e+03 1.524930e-08
3.354000e+03 1.382038e-08
3.355000e+03 1.296439e-08
3.356000e+03 1.250020e-08
3.357000e+03 1.257314e-08
3.358000e+03 1.309384e-08
3.359000e+03 1.230992e-08
3.360000e+03 1.115982e-08
3.361000e+03 1.076995e-08
3.362000e+03 1.076080e-08
3.363000e+03 1.117328e-08
3.364000e+03 9.989368e-09
3.365000e+03 9.860367e-09
3.366000e+03 9.868986e-09
3.367000e+03 1.026922e-08
3.368000e+03 1.017081e-08
3.369000e+03 1.116611e-08
3.370000e+03 1.011637e-08
3.371000e+03 1.069161e-08
3.372000e+03 1.062629e-08
3.373000e+03 1.034607e-08
3.374000e+03 1.265605e-08
3.375000e+03 9.965947e-09
3.376000e+03 1.056440e-08
3.377000e+03 1.033456e-08
3.378000e+03 9.698023e-09
3.379000e+03 9.581136e-09
3.380000e+03 8.943637e-09
3.381000e+03 8.946256e-09
3.382000e+03 9.518375e-09
3.383000e+03 9.103134e-09
3.384000e+03 9.461850e-09
3.385000e+03 8.751254e-09
3.386000e+03 8.332762e-09
3.387000e+03 9.594947e-09
3.388000e+03 8.571444e-09
3.389000e+03 9.267208e-09
3.390000e+03 9.342283e-09
3.391000e+03 7.870715e-09
3.392000e+03 7.548129e-09
3.393000e+03 1.012162e-08
3.394000e+03 8.823481e-09
3.395000e+03 9.066783e-09
3.396000e+03 8.881438e-09
3.397000e+03 8.837746e-09
3.398000e+03 9.538104e-09
3.399000e+03 8.567452e-09
3.400000e+03 8.748387e-09
3.401000e+03 8.672284e-09
3.402000e+03 8.239085e-09
3.403000e+03 7.808485e-09
3.404000e+03 7.842363e-09
3.405000e+03 6.833947e-09
3.406000e+03 8.406038e-09
3.407000e+03 8.504737e-09
3.408000e+03 8.148554e-09
3.409000e+03 7.979474e-09
3.410000e+03 7.142704e-09
3.411000e+03 7.417629e-09
3.412000e+03 7.245155e-09
3.413000e+03 8.413805e-09
3.414000e+03 6.744496e-09
3.415000e+03 7.191367e-09
3.416000e+03 7.503400e-09
3.417000e+03 9.644243e-09
3.418000e+03 6.751250e-09
3.419000e+03 6.897309e-09
3.420000e+03 7.342404e-09
3.421000e+03 7.828609e-09
3.422000e+03 7.973737e-09
3.423000e+03 7.363959e-09
3.424000e+03 7.712503e-09
3.425000e+03 7.767878e-09
3.426000e+03 7.051827e-09
3.427000e+03 6.906418e-09
3.428000e+03 6.848689e-09
3.429000e+03 6.058167e-09
3.430000e+03 7.903570e-09
3.431000e+03 6.990898e-09
3.432000e+03 6.896990e-09
3.433000e+03 6.634296e-09
3.434000e+03 6.272654e-09
3.435000e+03 6.434719e-09
3.436000e+03 6.323160e-09
3.437000e+03 6.812048e-09
3.438000e+03 6.556753e-09
3.439000e+03 6.890352e-09
3.440000e+03 6.557478e-09
3.441000e+03 7.849869e-09
3.442000e+03 6.764070e-09
3.443000e+03 7.088096e-09
3.444000e+03 6.956127e-09
3.445000e+03 6.800017e-09
3.446000e+03 7.606421e-09
3.447000e+03 6.675746e-09
3.448000e+03 7.661493e-09
3.449000e+03 7.748835e-09
3.450000e+03 6.883589e-09
3.451000e+03 7.012960e-09
3.452000e+03 6.967954e-09
3.453000e+03 6.298839e-09
3.454000e+03 7.088801e-09
3.455000e+03 6.672498e-09
3.456000e+03 7.004413e-09
3.457000e+03 6.574211e-09
3.458000e+03 6.087485e-09
3.459000e+03 6.349864e-09
3.460000e+03 6.544849e-09
3.461000e+03 6.577437e-09
3.462000e+03 7.074821e-09
3.463000e+03 6.467767e-09
3.464000e+03 6.030865e-09
3.465000e+03 8.297315e-09
3.466000e+03 7.211947e-09
3.467000e+03 6.615862e-09
3.468000e+03 6.743765e-09
3.469000e+03 7.120888e-09
3.470000e+03 7.551266e-09
3.471000e+03 7.027059e-09
3.472000e+03 6.660025e-09
3.473000e+03 6.690382e-09
3.474000e+03 6.465282e-09
3.475000e+03 6.551870e-09
3.476000e+03 6.880872e-09
3.477000e+03 5.756723e-09
3.478000e+03 7.092809e-09
3.479000e+03 6.962027e-09
3.480000e+03 6.766017e-09
3.481000e+03 5.918711e-09
3.482000e+03 5.662304e-09
3.483000e+03 5.823957e-09
3.484000e+03 6.255940e-09
3.485000e+03 6.490766e-09
3.486000e+03 6.411167e-09
3.487000e+03 5.857642e-09
3.488000e+03 6.581170e-09
3.489000e+03 7.478266e-09
3.490000e+03 6.786456e-09
3.491000e+03 7.134014e-09
3.492000e+03 7.215832e-09
3.493000e+03 7.142055e-09
3.494000e+03 7.217166e-09
3.495000e+03 6.749897e-09
3.496000e+03 6.476343e-09
3.497000e+03 7.100573e-09
3.498000e+03 6.379951e-09
3.499000e+03 5.976635e-09
3.500000e+03 5.534254e-09
