Title ="THE FLUX ERR"
Variables=
iter
residual
1.000000e+00 1.592332e-04
2.000000e+00 2.411820e-03
3.000000e+00 2.948006e-04
4.000000e+00 6.627153e-04
5.000000e+00 3.357353e-04
6.000000e+00 3.040620e-04
7.000000e+00 1.260796e-04
8.000000e+00 9.340742e-05
9.000000e+00 6.147120e-05
1.000000e+01 6.599245e-05
1.100000e+01 7.818850e-05
1.200000e+01 6.092667e-05
1.300000e+01 8.466785e-05
1.400000e+01 1.066949e-04
1.500000e+01 7.556857e-06
1.600000e+01 5.523297e-05
1.700000e+01 2.998177e-05
1.800000e+01 3.933744e-05
1.900000e+01 6.719899e-05
2.000000e+01 2.989198e-05
2.100000e+01 1.355514e-05
2.200000e+01 9.193183e-06
2.300000e+01 7.012907e-06
2.400000e+01 5.518718e-05
2.500000e+01 5.297210e-05
2.600000e+01 4.556647e-05
2.700000e+01 3.745947e-05
2.800000e+01 2.973606e-05
2.900000e+01 2.735340e-05
3.000000e+01 2.647941e-05
3.100000e+01 1.846765e-05
3.200000e+01 1.589755e-05
3.300000e+01 1.748649e-05
3.400000e+01 1.440565e-05
3.500000e+01 1.282746e-05
3.600000e+01 1.133741e-05
3.700000e+01 1.532846e-05
3.800000e+01 1.248363e-05
3.900000e+01 1.371141e-05
4.000000e+01 1.178625e-05
4.100000e+01 8.676357e-06
4.200000e+01 8.596870e-06
4.300000e+01 7.615342e-06
4.400000e+01 9.171038e-06
4.500000e+01 9.693185e-06
4.600000e+01 8.290781e-06
4.700000e+01 4.881712e-05
4.800000e+01 5.029442e-05
4.900000e+01 1.039932e-05
5.000000e+01 4.895697e-05
5.100000e+01 1.103945e-05
5.200000e+01 4.594595e-05
5.300000e+01 4.430230e-05
5.400000e+01 3.863427e-05
5.500000e+01 4.125867e-05
5.600000e+01 3.846175e-05
5.700000e+01 3.721435e-05
5.800000e+01 3.635117e-05
5.900000e+01 3.564943e-05
6.000000e+01 3.360411e-05
6.100000e+01 3.667943e-05
6.200000e+01 3.404053e-05
6.300000e+01 3.274552e-05
6.400000e+01 3.201887e-05
6.500000e+01 3.254134e-05
6.600000e+01 2.900194e-05
6.700000e+01 3.256367e-05
6.800000e+01 3.508936e-05
6.900000e+01 3.370737e-05
7.000000e+01 3.446188e-05
7.100000e+01 3.911565e-05
7.200000e+01 3.724372e-05
7.300000e+01 3.474068e-05
7.400000e+01 3.723170e-05
7.500000e+01 3.667756e-05
7.600000e+01 3.691737e-05
7.700000e+01 3.317426e-05
7.800000e+01 3.832934e-05
7.900000e+01 3.611862e-05
8.000000e+01 3.617860e-05
8.100000e+01 3.436351e-05
8.200000e+01 4.089532e-05
8.300000e+01 4.041976e-05
8.400000e+01 3.431028e-05
8.500000e+01 3.642584e-05
8.600000e+01 3.480054e-05
8.700000e+01 3.476577e-05
8.800000e+01 2.886816e-05
8.900000e+01 2.952710e-05
9.000000e+01 3.265469e-05
9.100000e+01 2.914336e-05
9.200000e+01 3.197744e-05
9.300000e+01 2.912170e-05
9.400000e+01 2.838587e-05
9.500000e+01 3.048256e-05
9.600000e+01 2.835816e-05
9.700000e+01 2.839280e-05
9.800000e+01 2.952214e-05
9.900000e+01 2.535654e-05
1.000000e+02 2.655564e-05
1.010000e+02 2.205087e-05
1.020000e+02 2.402860e-05
1.030000e+02 2.348678e-05
1.040000e+02 2.395008e-05
1.050000e+02 2.224557e-05
1.060000e+02 2.451234e-05
1.070000e+02 2.258365e-05
1.080000e+02 2.109027e-05
1.090000e+02 2.252725e-05
1.100000e+02 1.881784e-05
1.110000e+02 2.061686e-05
1.120000e+02 2.169464e-05
1.130000e+02 1.862304e-05
1.140000e+02 1.942560e-05
1.150000e+02 1.630903e-05
1.160000e+02 1.573641e-05
1.170000e+02 1.834645e-05
1.180000e+02 1.799798e-05
1.190000e+02 1.666294e-05
1.200000e+02 1.591172e-05
1.210000e+02 1.732781e-05
1.220000e+02 1.624360e-05
1.230000e+02 1.426910e-05
1.240000e+02 1.344286e-05
1.250000e+02 1.354454e-05
1.260000e+02 1.255869e-05
1.270000e+02 1.297107e-05
1.280000e+02 1.366713e-05
1.290000e+02 1.358398e-05
1.300000e+02 1.265735e-05
1.310000e+02 1.312847e-05
1.320000e+02 1.299850e-05
1.330000e+02 1.278095e-05
1.340000e+02 1.220583e-05
1.350000e+02 1.302519e-05
1.360000e+02 1.310074e-05
1.370000e+02 1.367981e-05
1.380000e+02 1.307916e-05
1.390000e+02 1.406769e-05
1.400000e+02 1.308559e-05
1.410000e+02 1.220313e-05
1.420000e+02 1.361537e-05
1.430000e+02 1.408362e-05
1.440000e+02 1.345178e-05
1.450000e+02 1.308108e-05
1.460000e+02 1.325006e-05
1.470000e+02 1.374427e-05
1.480000e+02 1.370180e-05
1.490000e+02 1.276599e-05
1.500000e+02 1.282579e-05
1.510000e+02 1.360021e-05
1.520000e+02 1.293180e-05
1.530000e+02 1.419955e-05
1.540000e+02 1.306027e-05
1.550000e+02 1.334339e-05
1.560000e+02 1.290556e-05
1.570000e+02 1.244287e-05
1.580000e+02 1.326671e-05
1.590000e+02 1.300719e-05
1.600000e+02 1.299499e-05
1.610000e+02 1.324890e-05
1.620000e+02 1.262191e-05
1.630000e+02 1.351971e-05
1.640000e+02 1.226223e-05
1.650000e+02 1.264096e-05
1.660000e+02 1.404517e-05
1.670000e+02 1.334369e-05
1.680000e+02 1.392850e-05
1.690000e+02 1.265303e-05
1.700000e+02 1.394022e-05
1.710000e+02 1.365771e-05
1.720000e+02 1.363337e-05
1.730000e+02 1.366129e-05
1.740000e+02 1.280159e-05
1.750000e+02 1.191322e-05
1.760000e+02 1.187186e-05
1.770000e+02 1.229201e-05
1.780000e+02 1.253772e-05
1.790000e+02 1.044357e-05
1.800000e+02 1.166249e-05
1.810000e+02 1.128951e-05
1.820000e+02 1.177656e-05
1.830000e+02 1.197155e-05
1.840000e+02 1.162381e-05
1.850000e+02 1.189212e-05
1.860000e+02 1.181669e-05
1.870000e+02 1.099050e-05
1.880000e+02 1.028515e-05
1.890000e+02 1.096472e-05
1.900000e+02 1.065664e-05
1.910000e+02 1.090319e-05
1.920000e+02 1.099177e-05
1.930000e+02 1.129633e-05
1.940000e+02 1.034016e-05
1.950000e+02 1.107557e-05
1.960000e+02 1.009383e-05
1.970000e+02 1.116058e-05
1.980000e+02 1.002225e-05
1.990000e+02 1.185155e-05
2.000000e+02 9.608678e-06
2.010000e+02 9.915731e-06
2.020000e+02 1.202114e-05
2.030000e+02 1.197535e-05
2.040000e+02 9.432753e-06
2.050000e+02 1.035320e-05
2.060000e+02 1.033773e-05
2.070000e+02 1.044336e-05
2.080000e+02 9.671812e-06
2.090000e+02 9.792346e-06
2.100000e+02 9.633660e-06
2.110000e+02 9.675541e-06
2.120000e+02 9.849384e-06
2.130000e+02 1.017441e-05
2.140000e+02 9.650582e-06
2.150000e+02 1.067108e-05
2.160000e+02 1.047933e-05
2.170000e+02 9.419270e-06
2.180000e+02 9.973190e-06
2.190000e+02 9.626014e-06
2.200000e+02 9.924208e-06
2.210000e+02 9.629680e-06
2.220000e+02 9.170989e-06
2.230000e+02 9.372084e-06
2.240000e+02 8.603871e-06
2.250000e+02 9.158567e-06
2.260000e+02 9.553928e-06
2.270000e+02 9.062724e-06
2.280000e+02 8.868237e-06
2.290000e+02 8.335694e-06
2.300000e+02 1.976467e-06
2.310000e+02 7.723053e-06
2.320000e+02 8.604286e-06
2.330000e+02 8.468837e-06
2.340000e+02 8.393868e-06
2.350000e+02 7.659100e-06
2.360000e+02 7.964501e-06
2.370000e+02 8.257287e-06
2.380000e+02 8.550565e-06
2.390000e+02 8.519252e-06
2.400000e+02 8.040754e-06
2.410000e+02 8.434445e-06
2.420000e+02 7.724361e-06
2.430000e+02 7.969840e-06
2.440000e+02 7.784471e-06
2.450000e+02 8.373946e-06
2.460000e+02 8.054957e-06
2.470000e+02 7.903669e-06
2.480000e+02 8.298671e-06
2.490000e+02 8.619108e-06
2.500000e+02 8.298439e-06
2.510000e+02 8.655905e-06
2.520000e+02 8.201524e-06
2.530000e+02 8.962731e-06
2.540000e+02 8.160420e-06
2.550000e+02 8.859175e-06
2.560000e+02 7.993958e-06
2.570000e+02 7.620479e-06
2.580000e+02 7.454726e-06
2.590000e+02 7.571006e-06
2.600000e+02 7.814938e-06
2.610000e+02 8.692748e-06
2.620000e+02 8.978091e-06
2.630000e+02 8.806374e-06
2.640000e+02 2.232181e-06
2.650000e+02 8.175188e-06
2.660000e+02 9.226289e-06
2.670000e+02 8.471503e-06
2.680000e+02 8.278136e-06
2.690000e+02 8.761218e-06
2.700000e+02 8.600614e-06
2.710000e+02 8.392004e-06
2.720000e+02 8.495083e-06
2.730000e+02 8.768611e-06
2.740000e+02 2.148383e-06
2.750000e+02 7.967545e-06
2.760000e+02 2.251954e-06
2.770000e+02 8.281597e-06
2.780000e+02 2.621297e-06
2.790000e+02 2.161927e-06
2.800000e+02 8.279512e-06
2.810000e+02 1.803419e-06
2.820000e+02 1.680586e-06
2.830000e+02 7.995760e-06
2.840000e+02 1.553613e-06
2.850000e+02 7.915079e-06
2.860000e+02 1.856152e-06
2.870000e+02 8.222309e-06
2.880000e+02 2.612620e-06
2.890000e+02 7.756752e-06
2.900000e+02 8.492210e-06
2.910000e+02 8.300251e-06
2.920000e+02 8.360723e-06
2.930000e+02 8.888824e-06
2.940000e+02 8.029195e-06
2.950000e+02 8.127903e-06
2.960000e+02 7.244077e-06
2.970000e+02 7.192297e-06
2.980000e+02 7.906646e-06
2.990000e+02 8.271970e-06
3.000000e+02 8.284312e-06
3.010000e+02 8.443118e-06
3.020000e+02 8.113280e-06
3.030000e+02 7.806393e-06
3.040000e+02 7.870296e-06
3.050000e+02 8.527880e-06
3.060000e+02 7.999753e-06
3.070000e+02 8.329484e-06
3.080000e+02 8.105159e-06
3.090000e+02 7.826547e-06
3.100000e+02 8.343114e-06
3.110000e+02 7.877495e-06
3.120000e+02 8.064590e-06
3.130000e+02 8.236215e-06
3.140000e+02 8.596607e-06
3.150000e+02 7.976505e-06
3.160000e+02 7.458475e-06
3.170000e+02 7.534082e-06
3.180000e+02 7.667190e-06
3.190000e+02 8.127312e-06
3.200000e+02 7.634361e-06
3.210000e+02 7.825487e-06
3.220000e+02 8.077989e-06
3.230000e+02 7.897028e-06
3.240000e+02 7.541581e-06
3.250000e+02 7.967505e-06
3.260000e+02 7.080957e-06
3.270000e+02 7.849210e-06
3.280000e+02 7.527620e-06
3.290000e+02 7.749433e-06
3.300000e+02 7.454127e-06
3.310000e+02 7.758763e-06
3.320000e+02 8.103546e-06
3.330000e+02 7.141360e-06
3.340000e+02 7.580550e-06
3.350000e+02 7.535079e-06
3.360000e+02 7.225575e-06
3.370000e+02 7.423757e-06
3.380000e+02 6.969944e-06
3.390000e+02 7.230972e-06
3.400000e+02 7.364183e-06
3.410000e+02 7.507289e-06
3.420000e+02 7.388750e-06
3.430000e+02 7.109457e-06
3.440000e+02 6.902193e-06
3.450000e+02 7.621171e-06
3.460000e+02 7.230296e-06
3.470000e+02 6.689831e-06
3.480000e+02 6.639391e-06
3.490000e+02 6.848962e-06
3.500000e+02 6.944570e-06
3.510000e+02 6.442870e-06
3.520000e+02 7.064266e-06
3.530000e+02 6.911298e-06
3.540000e+02 6.857862e-06
3.550000e+02 6.852631e-06
3.560000e+02 6.896553e-06
3.570000e+02 6.254098e-06
3.580000e+02 6.266642e-06
3.590000e+02 6.031453e-06
3.600000e+02 6.307618e-06
3.610000e+02 5.812282e-06
3.620000e+02 6.038197e-06
3.630000e+02 5.899375e-06
3.640000e+02 5.907009e-06
3.650000e+02 6.060229e-06
3.660000e+02 5.324519e-06
3.670000e+02 5.725695e-06
3.680000e+02 5.098907e-06
3.690000e+02 5.827111e-06
3.700000e+02 5.941971e-06
3.710000e+02 5.695938e-06
3.720000e+02 5.266198e-06
3.730000e+02 6.408105e-06
3.740000e+02 6.074912e-06
3.750000e+02 5.422155e-06
3.760000e+02 6.348187e-06
3.770000e+02 6.743752e-06
3.780000e+02 5.952361e-06
3.790000e+02 5.981976e-06
3.800000e+02 5.822916e-06
3.810000e+02 5.657043e-06
3.820000e+02 5.771813e-06
3.830000e+02 5.531796e-06
3.840000e+02 5.592634e-06
3.850000e+02 5.418866e-06
3.860000e+02 5.703331e-06
3.870000e+02 5.441356e-06
3.880000e+02 5.715867e-06
3.890000e+02 5.660082e-06
3.900000e+02 5.787539e-06
3.910000e+02 5.498486e-06
3.920000e+02 5.365869e-06
3.930000e+02 5.489753e-06
3.940000e+02 5.288498e-06
3.950000e+02 4.930766e-06
3.960000e+02 5.082729e-06
3.970000e+02 5.245740e-06
3.980000e+02 5.143809e-06
3.990000e+02 5.299566e-06
4.000000e+02 5.586494e-06
4.010000e+02 4.970056e-06
4.020000e+02 5.275498e-06
4.030000e+02 5.058627e-06
4.040000e+02 5.163113e-06
4.050000e+02 4.731982e-06
4.060000e+02 4.811741e-06
4.070000e+02 4.564211e-06
4.080000e+02 4.564558e-06
4.090000e+02 4.953109e-06
4.100000e+02 4.681411e-06
4.110000e+02 4.605087e-06
4.120000e+02 4.599887e-06
4.130000e+02 4.789331e-06
4.140000e+02 4.904477e-06
4.150000e+02 4.566459e-06
4.160000e+02 4.610501e-06
4.170000e+02 4.372635e-06
4.180000e+02 4.684948e-06
4.190000e+02 4.726302e-06
4.200000e+02 4.438677e-06
4.210000e+02 4.796894e-06
4.220000e+02 4.530934e-06
4.230000e+02 4.474267e-06
4.240000e+02 4.371829e-06
4.250000e+02 4.265607e-06
4.260000e+02 4.035089e-06
4.270000e+02 3.903928e-06
4.280000e+02 3.871090e-06
4.290000e+02 3.749262e-06
4.300000e+02 3.832402e-06
4.310000e+02 3.629882e-06
4.320000e+02 3.737657e-06
4.330000e+02 3.803715e-06
4.340000e+02 3.878591e-06
4.350000e+02 3.814060e-06
4.360000e+02 3.635351e-06
4.370000e+02 3.643642e-06
4.380000e+02 3.691025e-06
4.390000e+02 4.022503e-06
4.400000e+02 4.069606e-06
4.410000e+02 3.744375e-06
4.420000e+02 3.843813e-06
4.430000e+02 3.757611e-06
4.440000e+02 3.646884e-06
4.450000e+02 3.543965e-06
4.460000e+02 3.669299e-06
4.470000e+02 3.593969e-06
4.480000e+02 3.653566e-06
4.490000e+02 3.636514e-06
4.500000e+02 3.377775e-06
4.510000e+02 3.203129e-06
4.520000e+02 3.194490e-06
4.530000e+02 3.354561e-06
4.540000e+02 3.460462e-06
4.550000e+02 2.926921e-06
4.560000e+02 3.076706e-06
4.570000e+02 3.268767e-06
4.580000e+02 3.143239e-06
4.590000e+02 3.109283e-06
4.600000e+02 2.915627e-06
4.610000e+02 2.862451e-06
4.620000e+02 2.851958e-06
4.630000e+02 2.770476e-06
4.640000e+02 3.002330e-06
4.650000e+02 2.617274e-06
4.660000e+02 2.723997e-06
4.670000e+02 2.820153e-06
4.680000e+02 2.797734e-06
4.690000e+02 2.775631e-06
4.700000e+02 2.784131e-06
4.710000e+02 2.709567e-06
4.720000e+02 2.700144e-06
4.730000e+02 2.946274e-06
4.740000e+02 2.794931e-06
4.750000e+02 2.774936e-06
4.760000e+02 2.600437e-06
4.770000e+02 2.731253e-06
4.780000e+02 2.687654e-06
4.790000e+02 2.529149e-06
4.800000e+02 2.805853e-06
4.810000e+02 2.906375e-06
4.820000e+02 2.794585e-06
4.830000e+02 2.626273e-06
4.840000e+02 2.909377e-06
4.850000e+02 2.848988e-06
4.860000e+02 2.848731e-06
4.870000e+02 2.991419e-06
4.880000e+02 2.731796e-06
4.890000e+02 2.926207e-06
4.900000e+02 2.881812e-06
4.910000e+02 2.886752e-06
4.920000e+02 2.632756e-06
4.930000e+02 2.652067e-06
4.940000e+02 2.617550e-06
4.950000e+02 2.473738e-06
4.960000e+02 2.508513e-06
4.970000e+02 2.490975e-06
4.980000e+02 2.724529e-06
4.990000e+02 2.760985e-06
5.000000e+02 2.786697e-06
5.010000e+02 2.912314e-06
5.020000e+02 2.672927e-06
5.030000e+02 2.845897e-06
5.040000e+02 2.736167e-06
5.050000e+02 2.852302e-06
5.060000e+02 2.863077e-06
5.070000e+02 2.836183e-06
5.080000e+02 2.592482e-06
5.090000e+02 2.648164e-06
5.100000e+02 2.337002e-06
5.110000e+02 2.467142e-06
5.120000e+02 2.477989e-06
5.130000e+02 2.588281e-06
5.140000e+02 2.598589e-06
5.150000e+02 2.760842e-06
5.160000e+02 2.486528e-06
5.170000e+02 2.430779e-06
5.180000e+02 2.511634e-06
5.190000e+02 2.299913e-06
5.200000e+02 2.403811e-06
5.210000e+02 2.568935e-06
5.220000e+02 2.405561e-06
5.230000e+02 2.483369e-06
5.240000e+02 2.525600e-06
5.250000e+02 2.451956e-06
5.260000e+02 2.308421e-06
5.270000e+02 2.250245e-06
5.280000e+02 2.180201e-06
5.290000e+02 2.415822e-06
5.300000e+02 2.262825e-06
5.310000e+02 2.292815e-06
5.320000e+02 2.220682e-06
5.330000e+02 2.180089e-06
5.340000e+02 2.206993e-06
5.350000e+02 2.080560e-06
5.360000e+02 2.066866e-06
5.370000e+02 2.013919e-06
5.380000e+02 2.035320e-06
5.390000e+02 2.029468e-06
5.400000e+02 1.872141e-06
5.410000e+02 1.954946e-06
5.420000e+02 1.953084e-06
5.430000e+02 2.173881e-06
5.440000e+02 2.200146e-06
5.450000e+02 2.045175e-06
5.460000e+02 1.831195e-06
5.470000e+02 2.030462e-06
5.480000e+02 2.020394e-06
5.490000e+02 1.979678e-06
5.500000e+02 1.861948e-06
5.510000e+02 2.007114e-06
5.520000e+02 1.968345e-06
5.530000e+02 1.853356e-06
5.540000e+02 1.844006e-06
5.550000e+02 1.863637e-06
5.560000e+02 1.884812e-06
5.570000e+02 1.965448e-06
5.580000e+02 1.884544e-06
5.590000e+02 2.006262e-06
5.600000e+02 1.970269e-06
5.610000e+02 1.843391e-06
5.620000e+02 1.760228e-06
5.630000e+02 1.718271e-06
5.640000e+02 1.819726e-06
5.650000e+02 1.923343e-06
5.660000e+02 1.845285e-06
5.670000e+02 1.817212e-06
5.680000e+02 1.905716e-06
5.690000e+02 1.804037e-06
5.700000e+02 1.766760e-06
5.710000e+02 1.729496e-06
5.720000e+02 1.668907e-06
5.730000e+02 1.768426e-06
5.740000e+02 1.802029e-06
5.750000e+02 1.664115e-06
5.760000e+02 1.681753e-06
5.770000e+02 1.553348e-06
5.780000e+02 1.638297e-06
5.790000e+02 1.668618e-06
5.800000e+02 1.697582e-06
5.810000e+02 1.546292e-06
5.820000e+02 1.552396e-06
5.830000e+02 1.604741e-06
5.840000e+02 1.699193e-06
5.850000e+02 1.508781e-06
5.860000e+02 1.517682e-06
5.870000e+02 1.553039e-06
5.880000e+02 1.496915e-06
5.890000e+02 1.566436e-06
5.900000e+02 1.593633e-06
5.910000e+02 1.557343e-06
5.920000e+02 1.523974e-06
5.930000e+02 1.535707e-06
5.940000e+02 1.556515e-06
5.950000e+02 1.584905e-06
5.960000e+02 1.488715e-06
5.970000e+02 1.550334e-06
5.980000e+02 1.344629e-06
5.990000e+02 1.381072e-06
6.000000e+02 1.332951e-06
6.010000e+02 1.406770e-06
6.020000e+02 1.450388e-06
6.030000e+02 1.427465e-06
6.040000e+02 1.386994e-06
6.050000e+02 1.362286e-06
6.060000e+02 1.461866e-06
6.070000e+02 1.538383e-06
6.080000e+02 1.431466e-06
6.090000e+02 1.474168e-06
6.100000e+02 1.448196e-06
6.110000e+02 1.399460e-06
6.120000e+02 1.429556e-06
6.130000e+02 1.350591e-06
6.140000e+02 1.453753e-06
6.150000e+02 1.412183e-06
6.160000e+02 1.461684e-06
6.170000e+02 1.447795e-06
6.180000e+02 1.425920e-06
6.190000e+02 1.529950e-06
6.200000e+02 1.510154e-06
6.210000e+02 1.564791e-06
6.220000e+02 1.549095e-06
6.230000e+02 1.588023e-06
6.240000e+02 1.613151e-06
6.250000e+02 1.562520e-06
6.260000e+02 1.573069e-06
6.270000e+02 1.584545e-06
6.280000e+02 1.569976e-06
6.290000e+02 1.673733e-06
6.300000e+02 1.652109e-06
6.310000e+02 1.592507e-06
6.320000e+02 1.545631e-06
6.330000e+02 1.511593e-06
6.340000e+02 1.582866e-06
6.350000e+02 1.468019e-06
6.360000e+02 1.546382e-06
6.370000e+02 1.563672e-06
6.380000e+02 1.522490e-06
6.390000e+02 1.546763e-06
6.400000e+02 1.455007e-06
6.410000e+02 1.498157e-06
6.420000e+02 1.549801e-06
6.430000e+02 1.452610e-06
6.440000e+02 1.472136e-06
6.450000e+02 1.523188e-06
6.460000e+02 1.460382e-06
6.470000e+02 1.396830e-06
6.480000e+02 1.465108e-06
6.490000e+02 1.508373e-06
6.500000e+02 1.504165e-06
6.510000e+02 1.440089e-06
6.520000e+02 1.511033e-06
6.530000e+02 1.364957e-06
6.540000e+02 1.301811e-06
6.550000e+02 1.274074e-06
6.560000e+02 1.255876e-06
6.570000e+02 1.294144e-06
6.580000e+02 1.323204e-06
6.590000e+02 1.206447e-06
6.600000e+02 1.130342e-06
6.610000e+02 1.193216e-06
6.620000e+02 1.152640e-06
6.630000e+02 1.171417e-06
6.640000e+02 1.166385e-06
6.650000e+02 1.265335e-06
6.660000e+02 1.134581e-06
6.670000e+02 1.157971e-06
6.680000e+02 1.176896e-06
6.690000e+02 1.187611e-06
6.700000e+02 1.195847e-06
6.710000e+02 1.106191e-06
6.720000e+02 1.128223e-06
6.730000e+02 1.107940e-06
6.740000e+02 1.131503e-06
6.750000e+02 1.104361e-06
6.760000e+02 1.096691e-06
6.770000e+02 1.045650e-06
6.780000e+02 1.146619e-06
6.790000e+02 1.081929e-06
6.800000e+02 1.052710e-06
6.810000e+02 9.782343e-07
6.820000e+02 1.017484e-06
6.830000e+02 1.029592e-06
6.840000e+02 1.084090e-06
6.850000e+02 9.490377e-07
6.860000e+02 1.038188e-06
6.870000e+02 9.464041e-07
6.880000e+02 9.592951e-07
6.890000e+02 1.038457e-06
6.900000e+02 9.956426e-07
6.910000e+02 9.739588e-07
6.920000e+02 1.026773e-06
6.930000e+02 1.041335e-06
6.940000e+02 1.007739e-06
6.950000e+02 9.485738e-07
6.960000e+02 1.935920e-06
6.970000e+02 2.178972e-06
6.980000e+02 1.885051e-06
6.990000e+02 8.122533e-07
7.000000e+02 2.335495e-06
7.010000e+02 9.662683e-07
7.020000e+02 3.060916e-06
7.030000e+02 3.216878e-06
7.040000e+02 4.319632e-07
7.050000e+02 2.603635e-06
7.060000e+02 5.703840e-07
7.070000e+02 8.694659e-07
7.080000e+02 3.990420e-07
7.090000e+02 2.932300e-06
7.100000e+02 5.136231e-07
7.110000e+02 1.123031e-06
7.120000e+02 6.209173e-07
7.130000e+02 1.016665e-06
7.140000e+02 5.752320e-07
7.150000e+02 9.797791e-07
7.160000e+02 3.033951e-07
7.170000e+02 9.056727e-07
7.180000e+02 5.036331e-07
7.190000e+02 1.032545e-06
7.200000e+02 6.376575e-07
7.210000e+02 7.051675e-07
7.220000e+02 5.278606e-07
7.230000e+02 1.125055e-06
7.240000e+02 5.064291e-07
7.250000e+02 4.062625e-07
7.260000e+02 1.156976e-06
7.270000e+02 4.766215e-07
7.280000e+02 1.158184e-06
7.290000e+02 4.384065e-07
7.300000e+02 1.260535e-06
7.310000e+02 5.174756e-07
7.320000e+02 3.981778e-07
7.330000e+02 1.260080e-06
7.340000e+02 3.262681e-07
7.350000e+02 1.046924e-06
7.360000e+02 5.554752e-07
7.370000e+02 1.014939e-06
7.380000e+02 3.579477e-07
7.390000e+02 2.729133e-07
7.400000e+02 7.199402e-07
7.410000e+02 3.125404e-07
7.420000e+02 5.139932e-07
7.430000e+02 3.109631e-07
7.440000e+02 5.304705e-07
7.450000e+02 3.910987e-07
7.460000e+02 3.293949e-07
7.470000e+02 9.401742e-07
7.480000e+02 3.333231e-07
7.490000e+02 8.144177e-07
7.500000e+02 4.125311e-07
7.510000e+02 7.624217e-07
7.520000e+02 4.375606e-07
7.530000e+02 7.674337e-07
7.540000e+02 4.983372e-07
7.550000e+02 7.580543e-07
7.560000e+02 3.596909e-07
7.570000e+02 5.410002e-07
7.580000e+02 9.593578e-07
7.590000e+02 3.475108e-07
7.600000e+02 6.632422e-07
7.610000e+02 2.410383e-06
7.620000e+02 4.369417e-07
7.630000e+02 3.679049e-07
7.640000e+02 7.593035e-07
7.650000e+02 3.288098e-07
7.660000e+02 5.450284e-07
7.670000e+02 3.582341e-07
7.680000e+02 6.343666e-07
7.690000e+02 5.131078e-07
7.700000e+02 7.786148e-07
7.710000e+02 5.175244e-07
7.720000e+02 1.699139e-06
7.730000e+02 1.260188e-06
7.740000e+02 1.710532e-06
7.750000e+02 1.537221e-06
7.760000e+02 1.550431e-06
7.770000e+02 1.473979e-06
7.780000e+02 1.813011e-06
7.790000e+02 1.604471e-06
7.800000e+02 2.963374e-07
7.810000e+02 5.689558e-07
7.820000e+02 5.130788e-07
7.830000e+02 2.155961e-06
7.840000e+02 1.514157e-06
7.850000e+02 1.975606e-06
7.860000e+02 1.156918e-06
7.870000e+02 1.626465e-06
7.880000e+02 1.220854e-06
7.890000e+02 1.311826e-06
7.900000e+02 1.969664e-06
7.910000e+02 1.172456e-06
7.920000e+02 1.971939e-06
7.930000e+02 1.150305e-06
7.940000e+02 3.286004e-07
7.950000e+02 6.071344e-07
7.960000e+02 1.293548e-06
7.970000e+02 3.137878e-07
7.980000e+02 2.088566e-06
7.990000e+02 9.287408e-07
8.000000e+02 1.239481e-06
8.010000e+02 6.796349e-07
8.020000e+02 1.224664e-06
8.030000e+02 3.283257e-07
8.040000e+02 5.464300e-07
8.050000e+02 1.154619e-06
8.060000e+02 1.099103e-06
8.070000e+02 1.864150e-06
8.080000e+02 9.168889e-07
8.090000e+02 1.122352e-06
8.100000e+02 1.966737e-06
8.110000e+02 8.404726e-07
8.120000e+02 1.010648e-06
8.130000e+02 9.074370e-07
8.140000e+02 6.133507e-07
8.150000e+02 9.600828e-07
8.160000e+02 9.805614e-07
8.170000e+02 8.830093e-07
8.180000e+02 6.387819e-07
8.190000e+02 9.364400e-07
8.200000e+02 9.123694e-07
8.210000e+02 7.556326e-07
8.220000e+02 5.293557e-07
8.230000e+02 8.765174e-07
8.240000e+02 8.481696e-07
8.250000e+02 7.177960e-07
8.260000e+02 5.582754e-07
8.270000e+02 4.648327e-07
8.280000e+02 7.792297e-07
8.290000e+02 8.092607e-07
8.300000e+02 7.186514e-07
8.310000e+02 5.975779e-07
8.320000e+02 7.844786e-07
8.330000e+02 7.539992e-07
8.340000e+02 7.025347e-07
8.350000e+02 6.233890e-07
8.360000e+02 5.267950e-07
8.370000e+02 6.394530e-07
8.380000e+02 7.364907e-07
8.390000e+02 7.304907e-07
8.400000e+02 6.534037e-07
8.410000e+02 5.464829e-07
8.420000e+02 4.498382e-07
8.430000e+02 6.612359e-07
8.440000e+02 6.689429e-07
8.450000e+02 5.971619e-07
8.460000e+02 4.951906e-07
8.470000e+02 4.496590e-07
8.480000e+02 3.761629e-07
8.490000e+02 6.151788e-07
8.500000e+02 6.545539e-07
8.510000e+02 5.779533e-07
8.520000e+02 5.263469e-07
8.530000e+02 4.702727e-07
8.540000e+02 3.968397e-07
8.550000e+02 3.335498e-07
8.560000e+02 7.328893e-07
8.570000e+02 5.624124e-07
8.580000e+02 5.563282e-07
8.590000e+02 5.230647e-07
8.600000e+02 4.571849e-07
8.610000e+02 3.828280e-07
8.620000e+02 3.122087e-07
8.630000e+02 5.956222e-07
8.640000e+02 5.927024e-07
8.650000e+02 6.132382e-07
8.660000e+02 5.019624e-07
8.670000e+02 4.304791e-07
8.680000e+02 3.617486e-07
8.690000e+02 3.011212e-07
8.700000e+02 2.283255e-07
8.710000e+02 1.945462e-07
8.720000e+02 6.854699e-07
8.730000e+02 5.623787e-07
8.740000e+02 4.940212e-07
8.750000e+02 4.104616e-07
8.760000e+02 3.497939e-07
8.770000e+02 2.845872e-07
8.780000e+02 2.213156e-07
8.790000e+02 1.895804e-07
8.800000e+02 1.593252e-07
8.810000e+02 1.387027e-07
8.820000e+02 3.979714e-07
8.830000e+02 3.708746e-07
8.840000e+02 4.022097e-07
8.850000e+02 3.520238e-07
8.860000e+02 3.143627e-07
8.870000e+02 2.423415e-07
8.880000e+02 2.036598e-07
8.890000e+02 1.779235e-07
8.900000e+02 1.678997e-07
8.910000e+02 1.453187e-07
8.920000e+02 1.298297e-07
8.930000e+02 5.720944e-07
8.940000e+02 4.684168e-07
8.950000e+02 4.384233e-07
8.960000e+02 3.681359e-07
8.970000e+02 2.876591e-07
8.980000e+02 2.396539e-07
8.990000e+02 1.963269e-07
9.000000e+02 1.598309e-07
9.010000e+02 1.353986e-07
9.020000e+02 1.145669e-07
9.030000e+02 1.007142e-07
9.040000e+02 8.490850e-08
9.050000e+02 7.580444e-08
9.060000e+02 6.740507e-08
9.070000e+02 5.798385e-08
9.080000e+02 4.752035e-08
9.090000e+02 3.961995e-07
9.100000e+02 3.985297e-07
9.110000e+02 3.573513e-07
9.120000e+02 3.114430e-07
9.130000e+02 2.652049e-07
9.140000e+02 2.186592e-07
9.150000e+02 1.721394e-07
9.160000e+02 1.377739e-07
9.170000e+02 1.165753e-07
9.180000e+02 1.067663e-07
9.190000e+02 9.408135e-08
9.200000e+02 7.791909e-08
9.210000e+02 6.687245e-08
9.220000e+02 5.681849e-08
9.230000e+02 5.047806e-08
9.240000e+02 4.135622e-08
9.250000e+02 3.506137e-08
9.260000e+02 3.072670e-08
9.270000e+02 2.864075e-08
9.280000e+02 2.409576e-08
9.290000e+02 2.252297e-08
9.300000e+02 1.937458e-08
9.310000e+02 1.822176e-08
9.320000e+02 1.572835e-08
9.330000e+02 1.509282e-08
9.340000e+02 1.374010e-08
9.350000e+02 1.338069e-08
9.360000e+02 1.224262e-08
9.370000e+02 1.208905e-08
9.380000e+02 1.103629e-08
9.390000e+02 3.805479e-07
9.400000e+02 3.519771e-07
9.410000e+02 1.273060e-07
9.420000e+02 2.562876e-07
9.430000e+02 2.288790e-07
9.440000e+02 1.875018e-07
9.450000e+02 1.551884e-07
9.460000e+02 1.266665e-07
9.470000e+02 1.040031e-07
9.480000e+02 9.079674e-08
9.490000e+02 7.814140e-08
9.500000e+02 6.373936e-08
9.510000e+02 5.393324e-08
9.520000e+02 4.452010e-08
9.530000e+02 3.876309e-08
9.540000e+02 3.118656e-08
9.550000e+02 2.660409e-08
9.560000e+02 2.082645e-08
9.570000e+02 1.867531e-08
9.580000e+02 1.520575e-08
9.590000e+02 1.408613e-08
9.600000e+02 1.123850e-08
9.610000e+02 1.039789e-08
9.620000e+02 8.764386e-09
9.630000e+02 9.099106e-09
9.640000e+02 7.479815e-09
9.650000e+02 7.273965e-09
9.660000e+02 6.221425e-09
9.670000e+02 6.253788e-09
9.680000e+02 5.668443e-09
9.690000e+02 5.100284e-09
9.700000e+02 4.860081e-09
9.710000e+02 5.119108e-09
9.720000e+02 4.454208e-09
9.730000e+02 4.458263e-09
9.740000e+02 4.284912e-09
9.750000e+02 4.289886e-09
9.760000e+02 4.981160e-09
9.770000e+02 4.428165e-09
9.780000e+02 3.997639e-09
9.790000e+02 3.920218e-09
9.800000e+02 3.934651e-09
9.810000e+02 3.699002e-09
9.820000e+02 3.857677e-09
9.830000e+02 3.662257e-09
9.840000e+02 4.762114e-09
9.850000e+02 3.630205e-09
9.860000e+02 3.969147e-09
9.870000e+02 3.389057e-09
9.880000e+02 3.259423e-09
9.890000e+02 3.034719e-09
9.900000e+02 3.366836e-09
9.910000e+02 3.152439e-09
9.920000e+02 3.620561e-09
9.930000e+02 3.217143e-09
9.940000e+02 4.243413e-09
9.950000e+02 3.077446e-09
9.960000e+02 3.953852e-09
9.970000e+02 2.898696e-09
9.980000e+02 3.738808e-09
9.990000e+02 3.024584e-09
1.000000e+03 2.901589e-09
1.001000e+03 2.831653e-09
1.002000e+03 2.865541e-09
1.003000e+03 2.588576e-09
1.004000e+03 3.864984e-09
1.005000e+03 2.812946e-09
1.006000e+03 3.698374e-09
1.007000e+03 2.799637e-09
1.008000e+03 2.904492e-09
1.009000e+03 2.688143e-09
1.010000e+03 2.786563e-09
1.011000e+03 2.583004e-09
1.012000e+03 3.825845e-09
1.013000e+03 2.845985e-09
1.014000e+03 3.527906e-09
1.015000e+03 2.647318e-09
1.016000e+03 3.470072e-09
1.017000e+03 2.397718e-09
1.018000e+03 2.378938e-09
1.019000e+03 2.224168e-09
1.020000e+03 2.834642e-09
1.021000e+03 2.328263e-09
1.022000e+03 3.013165e-09
1.023000e+03 2.549864e-09
1.024000e+03 3.920881e-09
1.025000e+03 2.967005e-09
1.026000e+03 3.396567e-09
1.027000e+03 2.162793e-09
1.028000e+03 2.294067e-09
1.029000e+03 1.988098e-09
1.030000e+03 2.541038e-09
1.031000e+03 2.353746e-09
1.032000e+03 2.808963e-09
1.033000e+03 2.280656e-09
1.034000e+03 3.288873e-09
1.035000e+03 2.382764e-09
1.036000e+03 3.021335e-09
1.037000e+03 2.075276e-09
1.038000e+03 2.657628e-09
1.039000e+03 1.714660e-09
1.040000e+03 1.977200e-09
1.041000e+03 1.748574e-09
1.042000e+03 2.031845e-09
1.043000e+03 1.734599e-09
1.044000e+03 2.996060e-09
1.045000e+03 2.046735e-09
1.046000e+03 2.923403e-09
1.047000e+03 1.803222e-09
1.048000e+03 1.867695e-09
1.049000e+03 1.594985e-09
1.050000e+03 1.822919e-09
1.051000e+03 1.597881e-09
1.052000e+03 2.709287e-09
1.053000e+03 1.823331e-09
1.054000e+03 2.494547e-09
1.055000e+03 1.572586e-09
1.056000e+03 1.714014e-09
1.057000e+03 1.623907e-09
1.058000e+03 1.532155e-09
1.059000e+03 1.317534e-09
1.060000e+03 2.569091e-09
1.061000e+03 1.344006e-09
1.062000e+03 1.685600e-09
1.063000e+03 1.381543e-09
1.064000e+03 2.852766e-09
1.065000e+03 1.669212e-09
1.066000e+03 2.236583e-09
1.067000e+03 1.491804e-09
1.068000e+03 1.272552e-09
1.069000e+03 1.352504e-09
1.070000e+03 1.639842e-09
1.071000e+03 1.522878e-09
1.072000e+03 2.859069e-09
1.073000e+03 1.734896e-09
1.074000e+03 1.634651e-09
1.075000e+03 1.311173e-09
1.076000e+03 2.542243e-09
1.077000e+03 1.400659e-09
1.078000e+03 2.352375e-09
1.079000e+03 1.745975e-09
1.080000e+03 1.443928e-09
1.081000e+03 1.584716e-09
1.082000e+03 1.307721e-09
1.083000e+03 1.406358e-09
1.084000e+03 2.417296e-09
1.085000e+03 1.315461e-09
1.086000e+03 2.304367e-09
1.087000e+03 1.824643e-09
1.088000e+03 1.554604e-09
1.089000e+03 1.776649e-09
1.090000e+03 2.141585e-09
1.091000e+03 1.444850e-09
1.092000e+03 2.102478e-09
1.093000e+03 1.304898e-09
1.094000e+03 1.750542e-09
1.095000e+03 2.071053e-09
1.096000e+03 1.880499e-09
1.097000e+03 1.601986e-09
1.098000e+03 1.709190e-09
1.099000e+03 1.505576e-09
1.100000e+03 1.647629e-09
1.101000e+03 1.633734e-09
1.102000e+03 1.600177e-09
1.103000e+03 2.589619e-09
1.104000e+03 1.718901e-09
1.105000e+03 2.417793e-09
1.106000e+03 1.904899e-09
1.107000e+03 1.424232e-09
1.108000e+03 1.783968e-09
1.109000e+03 1.437250e-09
1.110000e+03 1.725067e-09
1.111000e+03 2.594909e-09
1.112000e+03 1.660751e-09
1.113000e+03 1.683149e-09
1.114000e+03 1.395164e-09
1.115000e+03 1.507527e-09
1.116000e+03 1.312436e-09
1.117000e+03 2.275360e-09
1.118000e+03 1.360073e-09
1.119000e+03 2.268692e-09
1.120000e+03 2.054552e-09
1.121000e+03 1.197656e-09
1.122000e+03 1.632810e-09
1.123000e+03 1.980974e-09
1.124000e+03 1.223091e-09
1.125000e+03 1.974096e-09
1.126000e+03 2.004666e-09
1.127000e+03 1.319017e-09
1.128000e+03 1.943415e-09
1.129000e+03 1.574175e-09
1.130000e+03 1.520133e-09
1.131000e+03 2.566947e-09
1.132000e+03 1.527392e-09
1.133000e+03 2.164568e-09
1.134000e+03 1.929635e-09
1.135000e+03 1.381449e-09
1.136000e+03 2.321468e-09
1.137000e+03 2.538632e-09
1.138000e+03 1.572276e-09
1.139000e+03 2.181722e-09
1.140000e+03 2.243717e-09
1.141000e+03 1.279255e-09
1.142000e+03 2.156144e-09
1.143000e+03 2.298097e-09
1.144000e+03 1.771400e-09
1.145000e+03 2.250555e-09
1.146000e+03 2.052084e-09
1.147000e+03 1.205807e-09
1.148000e+03 1.950019e-09
1.149000e+03 1.879626e-09
1.150000e+03 1.374363e-09
1.151000e+03 2.122847e-09
1.152000e+03 2.424929e-09
1.153000e+03 1.402650e-09
1.154000e+03 1.977518e-09
1.155000e+03 1.714133e-09
1.156000e+03 9.721381e-10
1.157000e+03 1.626330e-09
1.158000e+03 2.056236e-09
1.159000e+03 1.205839e-09
1.160000e+03 2.142940e-09
1.161000e+03 1.766717e-09
1.162000e+03 8.944992e-10
1.163000e+03 1.616880e-09
1.164000e+03 1.962330e-09
1.165000e+03 1.056248e-09
1.166000e+03 1.937001e-09
1.167000e+03 2.016551e-09
1.168000e+03 1.879260e-09
1.169000e+03 1.398184e-09
1.170000e+03 1.597349e-09
1.171000e+03 1.973969e-09
1.172000e+03 9.246699e-10
1.173000e+03 1.667137e-09
1.174000e+03 1.854028e-09
1.175000e+03 1.427158e-09
1.176000e+03 2.156560e-09
1.177000e+03 1.968407e-09
1.178000e+03 9.966031e-10
1.179000e+03 1.700515e-09
1.180000e+03 2.107274e-09
1.181000e+03 1.465588e-09
1.182000e+03 1.259954e-09
1.183000e+03 1.602404e-09
1.184000e+03 2.515983e-09
1.185000e+03 1.444226e-09
1.186000e+03 1.891556e-09
1.187000e+03 1.901382e-09
1.188000e+03 1.047860e-09
1.189000e+03 1.626099e-09
1.190000e+03 2.127303e-09
1.191000e+03 1.795338e-09
1.192000e+03 2.062064e-09
1.193000e+03 1.367688e-09
1.194000e+03 1.763893e-09
1.195000e+03 1.978914e-09
1.196000e+03 9.512433e-10
1.197000e+03 1.788194e-09
1.198000e+03 2.497690e-09
1.199000e+03 4.891173e-10
1.200000e+03 2.128641e-09
1.201000e+03 1.076915e-09
1.202000e+03 2.684295e-10
1.203000e+03 9.856794e-10
1.204000e+03 2.054354e-09
1.205000e+03 1.745256e-09
1.206000e+03 3.404959e-10
1.207000e+03 1.714091e-09
1.208000e+03 1.327712e-09
1.209000e+03 3.552006e-10
1.210000e+03 1.139239e-09
1.211000e+03 9.914751e-10
1.212000e+03 1.710578e-09
1.213000e+03 1.218278e-09
1.214000e+03 2.085343e-09
1.215000e+03 1.249769e-09
1.216000e+03 1.504523e-09
1.217000e+03 2.510288e-09
1.218000e+03 1.127747e-09
1.219000e+03 1.284324e-09
1.220000e+03 2.131004e-09
1.221000e+03 1.152902e-09
1.222000e+03 2.969780e-10
1.223000e+03 3.696292e-09
1.224000e+03 2.441007e-09
1.225000e+03 1.021270e-09
1.226000e+03 3.607099e-10
1.227000e+03 1.601923e-09
1.228000e+03 2.313841e-09
1.229000e+03 9.552930e-10
1.230000e+03 1.547590e-09
1.231000e+03 1.880219e-09
1.232000e+03 1.491579e-09
1.233000e+03 8.076171e-10
1.234000e+03 4.348220e-10
1.235000e+03 8.956086e-10
1.236000e+03 2.358898e-09
1.237000e+03 2.208358e-09
1.238000e+03 4.336748e-10
1.239000e+03 1.970960e-09
1.240000e+03 2.489223e-09
1.241000e+03 8.450918e-10
1.242000e+03 4.225837e-10
1.243000e+03 8.731278e-10
1.244000e+03 2.149293e-09
1.245000e+03 1.441632e-09
1.246000e+03 1.122578e-09
1.247000e+03 4.317541e-09
1.248000e+03 4.624350e-10
1.249000e+03 1.896083e-09
1.250000e+03 2.236690e-09
1.251000e+03 1.221808e-09
1.252000e+03 3.715277e-10
1.253000e+03 4.012968e-09
1.254000e+03 3.982232e-09
1.255000e+03 1.409097e-09
1.256000e+03 2.769123e-09
1.257000e+03 2.420590e-09
1.258000e+03 1.437342e-09
1.259000e+03 3.481492e-10
1.260000e+03 2.135755e-09
1.261000e+03 9.973961e-10
1.262000e+03 1.680326e-09
1.263000e+03 4.419767e-09
1.264000e+03 1.462503e-09
1.265000e+03 9.069983e-10
1.266000e+03 5.261561e-10
1.267000e+03 1.718744e-09
1.268000e+03 1.511372e-09
1.269000e+03 1.960978e-09
1.270000e+03 1.723879e-09
1.271000e+03 9.319479e-10
1.272000e+03 7.464445e-10
1.273000e+03 1.680758e-09
1.274000e+03 1.411304e-09
1.275000e+03 1.047064e-09
1.276000e+03 1.102464e-09
1.277000e+03 1.012480e-09
1.278000e+03 3.618141e-10
1.279000e+03 1.013968e-09
1.280000e+03 1.337163e-09
1.281000e+03 8.578810e-10
1.282000e+03 4.981802e-10
1.283000e+03 8.614837e-10
1.284000e+03 1.413168e-09
1.285000e+03 7.931648e-10
1.286000e+03 5.031887e-10
1.287000e+03 8.090122e-10
1.288000e+03 1.414971e-09
1.289000e+03 3.067624e-09
1.290000e+03 5.856695e-10
1.291000e+03 8.381066e-10
1.292000e+03 1.362856e-09
1.293000e+03 8.817158e-10
1.294000e+03 5.167938e-10
1.295000e+03 9.275201e-10
1.296000e+03 2.829693e-09
1.297000e+03 2.931471e-09
1.298000e+03 6.345934e-10
1.299000e+03 9.886386e-10
1.300000e+03 2.891141e-09
1.301000e+03 9.773869e-10
1.302000e+03 5.642957e-10
1.303000e+03 1.088076e-09
1.304000e+03 3.005870e-09
1.305000e+03 1.049511e-09
1.306000e+03 6.441743e-10
1.307000e+03 4.527094e-10
1.308000e+03 2.599114e-09
1.309000e+03 5.217918e-10
1.310000e+03 1.239191e-09
1.311000e+03 3.341823e-09
1.312000e+03 1.030463e-09
1.313000e+03 6.094697e-10
1.314000e+03 1.013932e-09
1.315000e+03 1.429043e-09
1.316000e+03 1.544255e-09
1.317000e+03 1.504286e-09
1.318000e+03 1.106549e-09
1.319000e+03 2.417014e-09
1.320000e+03 1.206940e-09
1.321000e+03 3.883858e-10
1.322000e+03 1.923889e-09
1.323000e+03 1.218142e-09
1.324000e+03 4.788085e-10
1.325000e+03 1.288933e-09
1.326000e+03 1.102060e-09
1.327000e+03 1.036115e-09
1.328000e+03 1.254818e-09
1.329000e+03 4.630443e-10
1.330000e+03 1.133842e-09
1.331000e+03 1.238549e-09
1.332000e+03 5.390096e-10
1.333000e+03 1.207538e-09
1.334000e+03 1.259733e-09
1.335000e+03 5.277685e-10
1.336000e+03 2.961237e-09
1.337000e+03 1.255372e-09
1.338000e+03 5.163554e-10
1.339000e+03 1.201595e-09
1.340000e+03 1.383922e-09
1.341000e+03 2.077233e-09
1.342000e+03 5.848587e-10
1.343000e+03 1.083625e-09
1.344000e+03 1.445758e-09
1.345000e+03 6.583922e-10
1.346000e+03 1.445295e-09
1.347000e+03 1.104300e-09
1.348000e+03 5.586386e-10
1.349000e+03 1.139869e-09
1.350000e+03 1.273456e-09
1.351000e+03 8.768529e-10
1.352000e+03 1.193585e-09
1.353000e+03 4.583443e-10
1.354000e+03 1.161784e-09
1.355000e+03 1.077773e-09
1.356000e+03 4.463031e-10
1.357000e+03 1.054469e-09
1.358000e+03 1.191940e-09
1.359000e+03 4.470596e-10
1.360000e+03 1.184833e-09
1.361000e+03 1.276035e-09
1.362000e+03 1.048462e-09
1.363000e+03 5.483412e-10
1.364000e+03 9.980614e-10
1.365000e+03 1.307020e-09
1.366000e+03 5.271011e-10
1.367000e+03 1.255944e-09
1.368000e+03 1.432198e-09
1.369000e+03 1.078101e-09
1.370000e+03 5.945736e-10
1.371000e+03 1.130483e-09
1.372000e+03 1.336761e-09
1.373000e+03 1.011489e-09
1.374000e+03 6.506205e-10
1.375000e+03 1.143374e-09
1.376000e+03 1.416703e-09
1.377000e+03 9.704012e-10
1.378000e+03 6.710311e-10
1.379000e+03 1.089753e-09
1.380000e+03 1.351792e-09
1.381000e+03 5.136294e-10
1.382000e+03 1.356677e-09
1.383000e+03 1.208228e-09
1.384000e+03 5.781610e-10
1.385000e+03 1.257395e-09
1.386000e+03 1.120666e-09
1.387000e+03 9.492422e-10
1.388000e+03 4.842101e-10
1.389000e+03 1.002960e-09
1.390000e+03 1.234505e-09
1.391000e+03 8.951274e-10
1.392000e+03 1.297891e-09
1.393000e+03 5.044209e-10
1.394000e+03 1.157210e-09
1.395000e+03 1.149600e-09
1.396000e+03 5.470512e-10
1.397000e+03 1.239895e-09
1.398000e+03 1.153908e-09
1.399000e+03 6.026250e-10
1.400000e+03 1.222791e-09
1.401000e+03 1.068477e-09
1.402000e+03 5.730283e-10
1.403000e+03 1.078715e-09
1.404000e+03 1.371116e-09
1.405000e+03 9.155626e-10
1.406000e+03 6.076384e-10
1.407000e+03 1.016970e-09
1.408000e+03 1.418073e-09
1.409000e+03 9.367789e-10
1.410000e+03 6.054048e-10
1.411000e+03 9.614024e-10
1.412000e+03 1.430188e-09
1.413000e+03 7.743677e-10
1.414000e+03 5.335116e-10
1.415000e+03 2.624748e-09
1.416000e+03 1.464875e-09
1.417000e+03 7.926001e-10
1.418000e+03 4.606983e-10
1.419000e+03 9.481537e-10
1.420000e+03 2.413625e-09
1.421000e+03 8.857823e-10
1.422000e+03 1.942323e-09
1.423000e+03 3.415668e-09
1.424000e+03 2.365418e-09
1.425000e+03 6.001274e-10
1.426000e+03 2.260657e-09
1.427000e+03 2.080870e-09
1.428000e+03 1.070300e-09
1.429000e+03 6.206739e-10
1.430000e+03 4.148443e-10
1.431000e+03 2.549060e-09
1.432000e+03 2.634819e-09
1.433000e+03 7.430626e-10
1.434000e+03 2.057046e-09
1.435000e+03 1.518298e-09
1.436000e+03 1.904365e-09
1.437000e+03 2.340236e-09
1.438000e+03 1.176228e-09
1.439000e+03 1.071878e-09
1.440000e+03 1.188429e-09
1.441000e+03 4.913890e-10
1.442000e+03 2.097255e-09
1.443000e+03 2.161875e-09
1.444000e+03 1.935182e-09
1.445000e+03 1.224717e-09
1.446000e+03 1.096552e-09
1.447000e+03 2.929761e-09
1.448000e+03 3.297821e-09
1.449000e+03 2.328113e-09
1.450000e+03 2.329405e-09
1.451000e+03 2.375484e-09
1.452000e+03 2.805985e-09
1.453000e+03 2.831378e-09
1.454000e+03 2.072639e-09
1.455000e+03 1.934046e-09
1.456000e+03 2.916262e-09
1.457000e+03 1.983761e-09
1.458000e+03 1.850553e-09
1.459000e+03 1.995339e-09
1.460000e+03 2.758720e-09
1.461000e+03 1.723690e-09
1.462000e+03 1.819615e-09
1.463000e+03 2.074089e-09
1.464000e+03 2.938072e-09
1.465000e+03 1.955674e-09
1.466000e+03 1.772949e-09
1.467000e+03 1.948355e-09
1.468000e+03 2.487681e-09
1.469000e+03 1.739665e-09
1.470000e+03 1.842375e-09
1.471000e+03 2.209248e-09
1.472000e+03 2.502586e-09
1.473000e+03 2.170202e-09
1.474000e+03 1.864524e-09
1.475000e+03 2.093194e-09
1.476000e+03 2.277451e-09
1.477000e+03 1.932307e-09
1.478000e+03 1.765626e-09
1.479000e+03 2.405215e-09
1.480000e+03 2.611197e-09
1.481000e+03 2.283325e-09
1.482000e+03 1.925890e-09
1.483000e+03 2.343709e-09
1.484000e+03 2.403931e-09
1.485000e+03 2.443797e-09
1.486000e+03 2.227106e-09
1.487000e+03 2.467307e-09
1.488000e+03 2.428380e-09
1.489000e+03 2.110856e-09
1.490000e+03 2.163518e-09
1.491000e+03 2.732638e-09
1.492000e+03 2.305250e-09
1.493000e+03 2.619436e-09
1.494000e+03 2.112017e-09
1.495000e+03 2.561764e-09
1.496000e+03 2.482460e-09
1.497000e+03 2.282633e-09
1.498000e+03 2.110296e-09
1.499000e+03 3.179519e-09
1.500000e+03 2.649043e-09
