Title ="THE FLUX ERR"
Variables=
iter
residual
1.000000e+00 1.794803e-04
2.000000e+00 2.086299e-04
3.000000e+00 2.070839e-04
4.000000e+00 6.657040e-04
5.000000e+00 1.150893e-04
6.000000e+00 2.706401e-05
7.000000e+00 1.823783e-04
8.000000e+00 1.263982e-04
9.000000e+00 7.043022e-05
1.000000e+01 8.749566e-05
1.100000e+01 9.102489e-05
1.200000e+01 6.335848e-05
1.300000e+01 7.648520e-05
1.400000e+01 6.115269e-06
1.500000e+01 9.250900e-05
1.600000e+01 7.815372e-05
1.700000e+01 9.340914e-05
1.800000e+01 1.733044e-05
1.900000e+01 4.445791e-05
2.000000e+01 3.428246e-05
2.100000e+01 1.521129e-05
2.200000e+01 9.366176e-06
2.300000e+01 1.211476e-05
2.400000e+01 6.324040e-05
2.500000e+01 6.262928e-06
2.600000e+01 5.484287e-05
2.700000e+01 4.975486e-05
2.800000e+01 4.217082e-05
2.900000e+01 3.560471e-05
3.000000e+01 3.033844e-05
3.100000e+01 3.390816e-05
3.200000e+01 1.757000e-05
3.300000e+01 1.900669e-05
3.400000e+01 1.678263e-05
3.500000e+01 1.912480e-05
3.600000e+01 1.080104e-05
3.700000e+01 2.122163e-05
3.800000e+01 1.963506e-05
3.900000e+01 1.155077e-05
4.000000e+01 1.786274e-05
4.100000e+01 1.278469e-05
4.200000e+01 1.298107e-05
4.300000e+01 1.127095e-05
4.400000e+01 1.452569e-05
4.500000e+01 6.558627e-05
4.600000e+01 1.106837e-05
4.700000e+01 6.397729e-05
4.800000e+01 1.444553e-05
4.900000e+01 1.083327e-05
5.000000e+01 6.075152e-05
5.100000e+01 1.439708e-05
5.200000e+01 1.332090e-05
5.300000e+01 5.705622e-05
5.400000e+01 5.375016e-05
5.500000e+01 5.652300e-05
5.600000e+01 5.059479e-05
5.700000e+01 4.680426e-05
5.800000e+01 4.404758e-05
5.900000e+01 4.588272e-05
6.000000e+01 4.477334e-05
6.100000e+01 4.673310e-05
6.200000e+01 3.994352e-05
6.300000e+01 4.181386e-05
6.400000e+01 4.103549e-05
6.500000e+01 4.245517e-05
6.600000e+01 4.354515e-05
6.700000e+01 4.681310e-05
6.800000e+01 4.585533e-05
6.900000e+01 4.732692e-05
7.000000e+01 5.158998e-05
7.100000e+01 4.649205e-05
7.200000e+01 4.489454e-05
7.300000e+01 4.904418e-05
7.400000e+01 4.922255e-05
7.500000e+01 4.879373e-05
7.600000e+01 4.685897e-05
7.700000e+01 4.974722e-05
7.800000e+01 4.726449e-05
7.900000e+01 4.974997e-05
8.000000e+01 4.682926e-05
8.100000e+01 4.377356e-05
8.200000e+01 4.744397e-05
8.300000e+01 4.783348e-05
8.400000e+01 4.351172e-05
8.500000e+01 4.701650e-05
8.600000e+01 4.179606e-05
8.700000e+01 4.008790e-05
8.800000e+01 4.180009e-05
8.900000e+01 4.120715e-05
9.000000e+01 3.946134e-05
9.100000e+01 4.029568e-05
9.200000e+01 4.173561e-05
9.300000e+01 4.104348e-05
9.400000e+01 3.689479e-05
9.500000e+01 3.380661e-05
9.600000e+01 3.634633e-05
9.700000e+01 3.174279e-05
9.800000e+01 3.410493e-05
9.900000e+01 3.541312e-05
1.000000e+02 8.044473e-06
1.010000e+02 3.086840e-05
1.020000e+02 2.865741e-05
1.030000e+02 2.875769e-05
1.040000e+02 2.990298e-05
1.050000e+02 2.683858e-05
1.060000e+02 3.199030e-05
1.070000e+02 3.093509e-05
1.080000e+02 2.858900e-05
1.090000e+02 2.465419e-05
1.100000e+02 2.346861e-05
1.110000e+02 2.659145e-05
1.120000e+02 2.449056e-05
1.130000e+02 2.379157e-05
1.140000e+02 2.397575e-05
1.150000e+02 2.366485e-05
1.160000e+02 2.122298e-05
1.170000e+02 2.256521e-05
1.180000e+02 2.234930e-05
1.190000e+02 1.992171e-05
1.200000e+02 1.839683e-05
1.210000e+02 1.929845e-05
1.220000e+02 2.082712e-05
1.230000e+02 1.678049e-05
1.240000e+02 1.474071e-05
1.250000e+02 1.609007e-05
1.260000e+02 1.720272e-05
1.270000e+02 1.671505e-05
1.280000e+02 1.591681e-05
1.290000e+02 1.536921e-05
1.300000e+02 1.507555e-05
1.310000e+02 1.508679e-05
1.320000e+02 1.389276e-05
1.330000e+02 1.462656e-05
1.340000e+02 1.449737e-05
1.350000e+02 1.363371e-05
1.360000e+02 1.486831e-05
1.370000e+02 1.488161e-05
1.380000e+02 1.516777e-05
1.390000e+02 1.505531e-05
1.400000e+02 1.497953e-05
1.410000e+02 1.611663e-05
1.420000e+02 1.567680e-05
1.430000e+02 1.532479e-05
1.440000e+02 1.723188e-05
1.450000e+02 1.592174e-05
1.460000e+02 1.560744e-05
1.470000e+02 1.550822e-05
1.480000e+02 1.597347e-05
1.490000e+02 1.640524e-05
1.500000e+02 1.666195e-05
1.510000e+02 1.524785e-05
1.520000e+02 1.569945e-05
1.530000e+02 1.601332e-05
1.540000e+02 1.456840e-05
1.550000e+02 1.589167e-05
1.560000e+02 1.529990e-05
1.570000e+02 1.491858e-05
1.580000e+02 1.505669e-05
1.590000e+02 1.475720e-05
1.600000e+02 1.567631e-05
1.610000e+02 1.622057e-05
1.620000e+02 1.421303e-05
1.630000e+02 1.504559e-05
1.640000e+02 1.424472e-05
1.650000e+02 1.462784e-05
1.660000e+02 1.447630e-05
1.670000e+02 1.491420e-05
1.680000e+02 1.472325e-05
1.690000e+02 1.653281e-05
1.700000e+02 1.555783e-05
1.710000e+02 1.539814e-05
1.720000e+02 1.598451e-05
1.730000e+02 1.531688e-05
1.740000e+02 1.505321e-05
1.750000e+02 1.545452e-05
1.760000e+02 1.527886e-05
1.770000e+02 1.484204e-05
1.780000e+02 1.450210e-05
1.790000e+02 1.346283e-05
1.800000e+02 1.418748e-05
1.810000e+02 1.406541e-05
1.820000e+02 1.333880e-05
1.830000e+02 1.327901e-05
1.840000e+02 1.315111e-05
1.850000e+02 1.323998e-05
1.860000e+02 1.318970e-05
1.870000e+02 1.306855e-05
1.880000e+02 1.185764e-05
1.890000e+02 1.351426e-05
1.900000e+02 1.174783e-05
1.910000e+02 1.257613e-05
1.920000e+02 1.197714e-05
1.930000e+02 1.302725e-05
1.940000e+02 1.206920e-05
1.950000e+02 1.126972e-05
1.960000e+02 1.113670e-05
1.970000e+02 1.294759e-05
1.980000e+02 1.240003e-05
1.990000e+02 1.271683e-05
2.000000e+02 1.197601e-05
2.010000e+02 1.283091e-05
2.020000e+02 1.235808e-05
2.030000e+02 1.199328e-05
2.040000e+02 1.327561e-05
2.050000e+02 1.202326e-05
2.060000e+02 1.392159e-05
2.070000e+02 1.233027e-05
2.080000e+02 1.154810e-05
2.090000e+02 1.232199e-05
2.100000e+02 1.249803e-05
2.110000e+02 1.063765e-05
2.120000e+02 1.195334e-05
2.130000e+02 1.228746e-05
2.140000e+02 1.135310e-05
2.150000e+02 1.141230e-05
2.160000e+02 1.178048e-05
2.170000e+02 1.239492e-05
2.180000e+02 1.234721e-05
2.190000e+02 1.138167e-05
2.200000e+02 1.103782e-05
2.210000e+02 1.064641e-05
2.220000e+02 1.162880e-05
2.230000e+02 1.124547e-05
2.240000e+02 1.198543e-05
2.250000e+02 1.143030e-05
2.260000e+02 1.070054e-05
2.270000e+02 1.192393e-05
2.280000e+02 9.874339e-06
2.290000e+02 1.079883e-05
2.300000e+02 9.995479e-06
2.310000e+02 1.046203e-05
2.320000e+02 1.102319e-05
2.330000e+02 1.043411e-05
2.340000e+02 1.174776e-05
2.350000e+02 1.028443e-05
2.360000e+02 8.854976e-06
2.370000e+02 9.787869e-06
2.380000e+02 1.001819e-05
2.390000e+02 9.632760e-06
2.400000e+02 1.022248e-05
2.410000e+02 1.080120e-05
2.420000e+02 9.474002e-06
2.430000e+02 9.414890e-06
2.440000e+02 8.868028e-06
2.450000e+02 9.563024e-06
2.460000e+02 9.447946e-06
2.470000e+02 9.458818e-06
2.480000e+02 1.008810e-05
2.490000e+02 9.186945e-06
2.500000e+02 9.314216e-06
2.510000e+02 9.420188e-06
2.520000e+02 1.008096e-05
2.530000e+02 1.018099e-05
2.540000e+02 1.006322e-05
2.550000e+02 1.022899e-05
2.560000e+02 1.066497e-05
2.570000e+02 9.829104e-06
2.580000e+02 9.577278e-06
2.590000e+02 1.033390e-05
2.600000e+02 9.345740e-06
2.610000e+02 9.130477e-06
2.620000e+02 1.049443e-05
2.630000e+02 9.494404e-06
2.640000e+02 1.062655e-05
2.650000e+02 9.714345e-06
2.660000e+02 1.037258e-05
2.670000e+02 1.050726e-05
2.680000e+02 1.109821e-05
2.690000e+02 1.056042e-05
2.700000e+02 1.100850e-05
2.710000e+02 1.116105e-05
2.720000e+02 1.037437e-05
2.730000e+02 1.025712e-05
2.740000e+02 2.701461e-06
2.750000e+02 1.027189e-05
2.760000e+02 3.926375e-06
2.770000e+02 1.022437e-05
2.780000e+02 2.895657e-06
2.790000e+02 9.761966e-06
2.800000e+02 3.035420e-06
2.810000e+02 8.946893e-06
2.820000e+02 9.830055e-06
2.830000e+02 1.028219e-05
2.840000e+02 3.530221e-06
2.850000e+02 2.806542e-06
2.860000e+02 1.091767e-05
2.870000e+02 1.014311e-05
2.880000e+02 1.076034e-05
2.890000e+02 9.740998e-06
2.900000e+02 1.085717e-05
2.910000e+02 1.040523e-05
2.920000e+02 9.816470e-06
2.930000e+02 1.078888e-05
2.940000e+02 9.690273e-06
2.950000e+02 1.005519e-05
2.960000e+02 9.398825e-06
2.970000e+02 9.459576e-06
2.980000e+02 1.002407e-05
2.990000e+02 1.027599e-05
3.000000e+02 1.001523e-05
3.010000e+02 1.056489e-05
3.020000e+02 1.006246e-05
3.030000e+02 9.967701e-06
3.040000e+02 9.919866e-06
3.050000e+02 9.866135e-06
3.060000e+02 9.266815e-06
3.070000e+02 8.620408e-06
3.080000e+02 9.475346e-06
3.090000e+02 9.265145e-06
3.100000e+02 1.007105e-05
3.110000e+02 8.869654e-06
3.120000e+02 9.642925e-06
3.130000e+02 9.606419e-06
3.140000e+02 9.414289e-06
3.150000e+02 9.781553e-06
3.160000e+02 9.640418e-06
3.170000e+02 9.100529e-06
3.180000e+02 9.866831e-06
3.190000e+02 9.737886e-06
3.200000e+02 9.703961e-06
3.210000e+02 8.800153e-06
3.220000e+02 9.016862e-06
3.230000e+02 9.195282e-06
3.240000e+02 8.990337e-06
3.250000e+02 9.143875e-06
3.260000e+02 9.177815e-06
3.270000e+02 8.775543e-06
3.280000e+02 8.769828e-06
3.290000e+02 8.764250e-06
3.300000e+02 9.308175e-06
3.310000e+02 9.167264e-06
3.320000e+02 9.144254e-06
3.330000e+02 9.116200e-06
3.340000e+02 8.297096e-06
3.350000e+02 8.527592e-06
3.360000e+02 8.976469e-06
3.370000e+02 9.181874e-06
3.380000e+02 9.143710e-06
3.390000e+02 7.892430e-06
3.400000e+02 8.152380e-06
3.410000e+02 8.701950e-06
3.420000e+02 7.977140e-06
3.430000e+02 8.494568e-06
3.440000e+02 8.644627e-06
3.450000e+02 8.120027e-06
3.460000e+02 8.405516e-06
3.470000e+02 8.097339e-06
3.480000e+02 7.913407e-06
3.490000e+02 8.261457e-06
3.500000e+02 8.222285e-06
3.510000e+02 7.573087e-06
3.520000e+02 8.236245e-06
3.530000e+02 7.974588e-06
3.540000e+02 8.448943e-06
3.550000e+02 7.620547e-06
3.560000e+02 7.926810e-06
3.570000e+02 7.889100e-06
3.580000e+02 7.718224e-06
3.590000e+02 7.890622e-06
3.600000e+02 6.921661e-06
3.610000e+02 7.207982e-06
3.620000e+02 7.410697e-06
3.630000e+02 7.177980e-06
3.640000e+02 7.270345e-06
3.650000e+02 7.183503e-06
3.660000e+02 6.270690e-06
3.670000e+02 7.510298e-06
3.680000e+02 6.834408e-06
3.690000e+02 6.994613e-06
3.700000e+02 7.446784e-06
3.710000e+02 7.607933e-06
3.720000e+02 7.623107e-06
3.730000e+02 6.785550e-06
3.740000e+02 6.994728e-06
3.750000e+02 7.349215e-06
3.760000e+02 7.714444e-06
3.770000e+02 6.790858e-06
3.780000e+02 6.722166e-06
3.790000e+02 6.831597e-06
3.800000e+02 6.986937e-06
3.810000e+02 6.269507e-06
3.820000e+02 6.670434e-06
3.830000e+02 6.599596e-06
3.840000e+02 6.286476e-06
3.850000e+02 6.645327e-06
3.860000e+02 6.450073e-06
3.870000e+02 6.364785e-06
3.880000e+02 6.342919e-06
3.890000e+02 5.880456e-06
3.900000e+02 6.250102e-06
3.910000e+02 5.638631e-06
3.920000e+02 5.989680e-06
3.930000e+02 6.004503e-06
3.940000e+02 6.044137e-06
3.950000e+02 5.936208e-06
3.960000e+02 6.019810e-06
3.970000e+02 5.762623e-06
3.980000e+02 5.549140e-06
3.990000e+02 5.479859e-06
4.000000e+02 5.459685e-06
4.010000e+02 5.227285e-06
4.020000e+02 5.808125e-06
4.030000e+02 5.422359e-06
4.040000e+02 5.546890e-06
4.050000e+02 5.490469e-06
4.060000e+02 5.129809e-06
4.070000e+02 5.255112e-06
4.080000e+02 5.567796e-06
4.090000e+02 6.012474e-06
4.100000e+02 5.232745e-06
4.110000e+02 5.198709e-06
4.120000e+02 5.368682e-06
4.130000e+02 5.097303e-06
4.140000e+02 5.069749e-06
4.150000e+02 4.912780e-06
4.160000e+02 5.141471e-06
4.170000e+02 5.341327e-06
4.180000e+02 4.828162e-06
4.190000e+02 4.814706e-06
4.200000e+02 4.808711e-06
4.210000e+02 4.802334e-06
4.220000e+02 4.997912e-06
4.230000e+02 4.623719e-06
4.240000e+02 4.600705e-06
4.250000e+02 4.684820e-06
4.260000e+02 4.672365e-06
4.270000e+02 4.468600e-06
4.280000e+02 4.567079e-06
4.290000e+02 4.212498e-06
4.300000e+02 4.368846e-06
4.310000e+02 4.192168e-06
4.320000e+02 4.342356e-06
4.330000e+02 4.470157e-06
4.340000e+02 4.250999e-06
4.350000e+02 4.364850e-06
4.360000e+02 4.576906e-06
4.370000e+02 4.479003e-06
4.380000e+02 4.321772e-06
4.390000e+02 4.078240e-06
4.400000e+02 4.220179e-06
4.410000e+02 3.772162e-06
4.420000e+02 3.964120e-06
4.430000e+02 3.813717e-06
4.440000e+02 4.166473e-06
4.450000e+02 3.732294e-06
4.460000e+02 3.910193e-06
4.470000e+02 4.093885e-06
4.480000e+02 3.777557e-06
4.490000e+02 4.006259e-06
4.500000e+02 3.881861e-06
4.510000e+02 3.702501e-06
4.520000e+02 3.925047e-06
4.530000e+02 3.781499e-06
4.540000e+02 3.610265e-06
4.550000e+02 4.038110e-06
4.560000e+02 3.699133e-06
4.570000e+02 3.464239e-06
4.580000e+02 3.511919e-06
4.590000e+02 3.377908e-06
4.600000e+02 3.523306e-06
4.610000e+02 3.598384e-06
4.620000e+02 3.564635e-06
4.630000e+02 3.403483e-06
4.640000e+02 3.285768e-06
4.650000e+02 3.552398e-06
4.660000e+02 3.654172e-06
4.670000e+02 3.551993e-06
4.680000e+02 3.431953e-06
4.690000e+02 3.527255e-06
4.700000e+02 3.521031e-06
4.710000e+02 3.420062e-06
4.720000e+02 3.281296e-06
4.730000e+02 3.342935e-06
4.740000e+02 3.316230e-06
4.750000e+02 3.084035e-06
4.760000e+02 3.076575e-06
4.770000e+02 3.328286e-06
4.780000e+02 3.075030e-06
4.790000e+02 3.126579e-06
4.800000e+02 3.359704e-06
4.810000e+02 3.356618e-06
4.820000e+02 3.412566e-06
4.830000e+02 2.965301e-06
4.840000e+02 3.042582e-06
4.850000e+02 3.375972e-06
4.860000e+02 3.508996e-06
4.870000e+02 3.123141e-06
4.880000e+02 3.166708e-06
4.890000e+02 3.015042e-06
4.900000e+02 3.097267e-06
4.910000e+02 2.808482e-06
4.920000e+02 3.125517e-06
4.930000e+02 3.046703e-06
4.940000e+02 3.088568e-06
4.950000e+02 3.239596e-06
4.960000e+02 2.984963e-06
4.970000e+02 3.137390e-06
4.980000e+02 3.165755e-06
4.990000e+02 3.186383e-06
5.000000e+02 3.028980e-06
5.010000e+02 2.959848e-06
5.020000e+02 3.287978e-06
5.030000e+02 3.330935e-06
5.040000e+02 2.967105e-06
5.050000e+02 3.199688e-06
5.060000e+02 2.766103e-06
5.070000e+02 2.689288e-06
5.080000e+02 2.837955e-06
5.090000e+02 3.045132e-06
5.100000e+02 3.237268e-06
5.110000e+02 2.938252e-06
5.120000e+02 2.978399e-06
5.130000e+02 2.790300e-06
5.140000e+02 3.007647e-06
5.150000e+02 2.894850e-06
5.160000e+02 2.792211e-06
5.170000e+02 2.685541e-06
5.180000e+02 2.868817e-06
5.190000e+02 2.827292e-06
5.200000e+02 2.953799e-06
5.210000e+02 2.993334e-06
5.220000e+02 2.530217e-06
5.230000e+02 2.665507e-06
5.240000e+02 2.517262e-06
5.250000e+02 2.882967e-06
5.260000e+02 2.538601e-06
5.270000e+02 2.525077e-06
5.280000e+02 2.383611e-06
5.290000e+02 2.648973e-06
5.300000e+02 2.461662e-06
5.310000e+02 2.656558e-06
5.320000e+02 2.417279e-06
5.330000e+02 2.520546e-06
5.340000e+02 2.487084e-06
5.350000e+02 2.481846e-06
5.360000e+02 2.660044e-06
5.370000e+02 2.562594e-06
5.380000e+02 2.494660e-06
5.390000e+02 2.475788e-06
5.400000e+02 2.358129e-06
5.410000e+02 2.448767e-06
5.420000e+02 2.327838e-06
5.430000e+02 2.286805e-06
5.440000e+02 2.123979e-06
5.450000e+02 2.298148e-06
5.460000e+02 2.068540e-06
5.470000e+02 2.309959e-06
5.480000e+02 2.246899e-06
5.490000e+02 2.113046e-06
5.500000e+02 2.157546e-06
5.510000e+02 2.034251e-06
5.520000e+02 2.227612e-06
5.530000e+02 2.090180e-06
5.540000e+02 2.014881e-06
5.550000e+02 2.155513e-06
5.560000e+02 2.250972e-06
5.570000e+02 2.195584e-06
5.580000e+02 2.122974e-06
5.590000e+02 2.085241e-06
5.600000e+02 2.323524e-06
5.610000e+02 2.152228e-06
5.620000e+02 2.022982e-06
5.630000e+02 2.065842e-06
5.640000e+02 2.228754e-06
5.650000e+02 2.078534e-06
5.660000e+02 2.032726e-06
5.670000e+02 2.145089e-06
5.680000e+02 2.052186e-06
5.690000e+02 1.947167e-06
5.700000e+02 1.930240e-06
5.710000e+02 1.909101e-06
5.720000e+02 1.962876e-06
5.730000e+02 2.196528e-06
5.740000e+02 1.892640e-06
5.750000e+02 1.849777e-06
5.760000e+02 1.785115e-06
5.770000e+02 1.839413e-06
5.780000e+02 1.721008e-06
5.790000e+02 1.872855e-06
5.800000e+02 1.819016e-06
5.810000e+02 1.859461e-06
5.820000e+02 2.051888e-06
5.830000e+02 1.853894e-06
5.840000e+02 1.721342e-06
5.850000e+02 1.884366e-06
5.860000e+02 1.869381e-06
5.870000e+02 1.829147e-06
5.880000e+02 1.834627e-06
5.890000e+02 1.815003e-06
5.900000e+02 1.718821e-06
5.910000e+02 1.747175e-06
5.920000e+02 1.892557e-06
5.930000e+02 1.770076e-06
5.940000e+02 1.668769e-06
5.950000e+02 1.616777e-06
5.960000e+02 1.760131e-06
5.970000e+02 1.810577e-06
5.980000e+02 1.720861e-06
5.990000e+02 1.728114e-06
6.000000e+02 1.857863e-06
6.010000e+02 1.792559e-06
6.020000e+02 1.743224e-06
6.030000e+02 1.691187e-06
6.040000e+02 1.689744e-06
6.050000e+02 1.670639e-06
6.060000e+02 1.704182e-06
6.070000e+02 1.823518e-06
6.080000e+02 1.724348e-06
6.090000e+02 1.730843e-06
6.100000e+02 1.888744e-06
6.110000e+02 1.759679e-06
6.120000e+02 1.872257e-06
6.130000e+02 1.804338e-06
6.140000e+02 1.652069e-06
6.150000e+02 1.793807e-06
6.160000e+02 1.862839e-06
6.170000e+02 1.882364e-06
6.180000e+02 1.873160e-06
6.190000e+02 1.863565e-06
6.200000e+02 1.817355e-06
6.210000e+02 1.825001e-06
6.220000e+02 1.946478e-06
6.230000e+02 1.827467e-06
6.240000e+02 1.923060e-06
6.250000e+02 1.877781e-06
6.260000e+02 1.905878e-06
6.270000e+02 1.797545e-06
6.280000e+02 2.054154e-06
6.290000e+02 2.006201e-06
6.300000e+02 1.911896e-06
6.310000e+02 1.917321e-06
6.320000e+02 1.912817e-06
6.330000e+02 2.053333e-06
6.340000e+02 1.970567e-06
6.350000e+02 1.893191e-06
6.360000e+02 1.878136e-06
6.370000e+02 1.830360e-06
6.380000e+02 1.853913e-06
6.390000e+02 1.935032e-06
6.400000e+02 1.874712e-06
6.410000e+02 1.819298e-06
6.420000e+02 1.918328e-06
6.430000e+02 1.838256e-06
6.440000e+02 1.928825e-06
6.450000e+02 1.908296e-06
6.460000e+02 1.906377e-06
6.470000e+02 1.994973e-06
6.480000e+02 1.961539e-06
6.490000e+02 2.053278e-06
6.500000e+02 1.929079e-06
6.510000e+02 1.990461e-06
6.520000e+02 1.952384e-06
6.530000e+02 1.922160e-06
6.540000e+02 1.879429e-06
6.550000e+02 1.878439e-06
6.560000e+02 1.879958e-06
6.570000e+02 1.862639e-06
6.580000e+02 1.776513e-06
6.590000e+02 1.939574e-06
6.600000e+02 1.694741e-06
6.610000e+02 1.672629e-06
6.620000e+02 1.637377e-06
6.630000e+02 1.556247e-06
6.640000e+02 1.596210e-06
6.650000e+02 1.549160e-06
6.660000e+02 1.573031e-06
6.670000e+02 1.568774e-06
6.680000e+02 1.656694e-06
6.690000e+02 1.545053e-06
6.700000e+02 1.535296e-06
6.710000e+02 1.572909e-06
6.720000e+02 1.582364e-06
6.730000e+02 1.435905e-06
6.740000e+02 1.420910e-06
6.750000e+02 1.512389e-06
6.760000e+02 1.523209e-06
6.770000e+02 1.531471e-06
6.780000e+02 1.485405e-06
6.790000e+02 1.334371e-06
6.800000e+02 1.346283e-06
6.810000e+02 1.466339e-06
6.820000e+02 1.295858e-06
6.830000e+02 1.355591e-06
6.840000e+02 1.279662e-06
6.850000e+02 1.323974e-06
6.860000e+02 1.341173e-06
6.870000e+02 1.290028e-06
6.880000e+02 1.311465e-06
6.890000e+02 1.239744e-06
6.900000e+02 1.239556e-06
6.910000e+02 2.061594e-06
6.920000e+02 2.188619e-06
6.930000e+02 1.998862e-06
6.940000e+02 1.865067e-06
6.950000e+02 1.026234e-06
6.960000e+02 2.800093e-06
6.970000e+02 2.937921e-06
6.980000e+02 9.777905e-07
6.990000e+02 3.197226e-06
7.000000e+02 3.489142e-06
7.010000e+02 4.752223e-07
7.020000e+02 2.721480e-06
7.030000e+02 3.259569e-06
7.040000e+02 9.200660e-07
7.050000e+02 3.449350e-06
7.060000e+02 7.963125e-07
7.070000e+02 3.964613e-06
7.080000e+02 4.596547e-07
7.090000e+02 6.691360e-07
7.100000e+02 5.732450e-07
7.110000e+02 7.208538e-07
7.120000e+02 7.876560e-07
7.130000e+02 1.079750e-06
7.140000e+02 3.980976e-07
7.150000e+02 6.994951e-07
7.160000e+02 5.512320e-07
7.170000e+02 5.187274e-07
7.180000e+02 3.719202e-07
7.190000e+02 9.988359e-07
7.200000e+02 6.445126e-07
7.210000e+02 4.508063e-07
7.220000e+02 1.186126e-06
7.230000e+02 5.994511e-07
7.240000e+02 1.214261e-06
7.250000e+02 5.977949e-07
7.260000e+02 1.132712e-06
7.270000e+02 5.756876e-07
7.280000e+02 5.218347e-07
7.290000e+02 1.158459e-06
7.300000e+02 5.510600e-07
7.310000e+02 1.243454e-06
7.320000e+02 7.529874e-07
7.330000e+02 4.247036e-07
7.340000e+02 1.050150e-06
7.350000e+02 3.580333e-07
7.360000e+02 8.487919e-07
7.370000e+02 3.685007e-07
7.380000e+02 3.774534e-07
7.390000e+02 8.611560e-07
7.400000e+02 4.632397e-07
7.410000e+02 3.235827e-07
7.420000e+02 1.272235e-06
7.430000e+02 4.989057e-07
7.440000e+02 1.126310e-06
7.450000e+02 6.680201e-07
7.460000e+02 3.438351e-07
7.470000e+02 1.029704e-06
7.480000e+02 6.135521e-07
7.490000e+02 1.056379e-06
7.500000e+02 7.482010e-07
7.510000e+02 4.569954e-07
7.520000e+02 1.126394e-06
7.530000e+02 6.072322e-07
7.540000e+02 9.078129e-07
7.550000e+02 5.234630e-07
7.560000e+02 8.570705e-07
7.570000e+02 6.052017e-07
7.580000e+02 4.375411e-07
7.590000e+02 1.104164e-06
7.600000e+02 5.600796e-07
7.610000e+02 9.060246e-07
7.620000e+02 4.823807e-07
7.630000e+02 2.632570e-06
7.640000e+02 5.035190e-07
7.650000e+02 3.083950e-06
7.660000e+02 1.954335e-06
7.670000e+02 2.463584e-06
7.680000e+02 5.395563e-07
7.690000e+02 4.212304e-07
7.700000e+02 7.067500e-07
7.710000e+02 6.637883e-07
7.720000e+02 2.600321e-06
7.730000e+02 1.380731e-06
7.740000e+02 2.221498e-06
7.750000e+02 1.479325e-06
7.760000e+02 2.126381e-06
7.770000e+02 1.634543e-06
7.780000e+02 1.898618e-06
7.790000e+02 1.545969e-06
7.800000e+02 1.598522e-06
7.810000e+02 2.210301e-06
7.820000e+02 1.252801e-06
7.830000e+02 2.173685e-06
7.840000e+02 1.474517e-06
7.850000e+02 2.111762e-06
7.860000e+02 1.554058e-06
7.870000e+02 1.582870e-06
7.880000e+02 6.963130e-07
7.890000e+02 5.430897e-07
7.900000e+02 9.362927e-07
7.910000e+02 6.148996e-07
7.920000e+02 1.430268e-06
7.930000e+02 2.608445e-06
7.940000e+02 1.323893e-06
7.950000e+02 3.397461e-07
7.960000e+02 8.131039e-07
7.970000e+02 1.479880e-06
7.980000e+02 2.319941e-06
7.990000e+02 1.469863e-06
8.000000e+02 1.661933e-06
8.010000e+02 2.339817e-06
8.020000e+02 1.306702e-06
8.030000e+02 1.570147e-06
8.040000e+02 2.673478e-07
8.050000e+02 2.475093e-06
8.060000e+02 1.040043e-06
8.070000e+02 1.329703e-06
8.080000e+02 7.224887e-07
8.090000e+02 1.278506e-06
8.100000e+02 1.265793e-06
8.110000e+02 8.977650e-07
8.120000e+02 1.354127e-06
8.130000e+02 2.827317e-07
8.140000e+02 9.488815e-07
8.150000e+02 8.011996e-07
8.160000e+02 1.244513e-06
8.170000e+02 1.228098e-06
8.180000e+02 8.353508e-07
8.190000e+02 2.191295e-06
8.200000e+02 8.371907e-07
8.210000e+02 1.099743e-06
8.220000e+02 8.563896e-07
8.230000e+02 7.100249e-07
8.240000e+02 1.029864e-06
8.250000e+02 9.118349e-07
8.260000e+02 7.802219e-07
8.270000e+02 6.711841e-07
8.280000e+02 6.013820e-07
8.290000e+02 8.429084e-07
8.300000e+02 7.900037e-07
8.310000e+02 7.106022e-07
8.320000e+02 6.001231e-07
8.330000e+02 6.099600e-07
8.340000e+02 8.038391e-07
8.350000e+02 8.749122e-07
8.360000e+02 7.679720e-07
8.370000e+02 6.411208e-07
8.380000e+02 5.435120e-07
8.390000e+02 9.034993e-07
8.400000e+02 8.538305e-07
8.410000e+02 8.476772e-07
8.420000e+02 7.290785e-07
8.430000e+02 5.478456e-07
8.440000e+02 4.802449e-07
8.450000e+02 1.004721e-06
8.460000e+02 8.709928e-07
8.470000e+02 1.590614e-07
8.480000e+02 5.193428e-07
8.490000e+02 5.004062e-07
8.500000e+02 4.399258e-07
8.510000e+02 6.918679e-07
8.520000e+02 7.516866e-07
8.530000e+02 7.974305e-07
8.540000e+02 6.939745e-07
8.550000e+02 5.828781e-07
8.560000e+02 4.900249e-07
8.570000e+02 4.036478e-07
8.580000e+02 8.407664e-07
8.590000e+02 7.595588e-07
8.600000e+02 7.522525e-07
8.610000e+02 5.860910e-07
8.620000e+02 4.206176e-07
8.630000e+02 3.439449e-07
8.640000e+02 2.743937e-07
8.650000e+02 2.535968e-07
8.660000e+02 4.347439e-07
8.670000e+02 6.861355e-07
8.680000e+02 6.625822e-07
8.690000e+02 5.599400e-07
8.700000e+02 4.444518e-07
8.710000e+02 3.591847e-07
8.720000e+02 3.099521e-07
8.730000e+02 2.663861e-07
8.740000e+02 2.049450e-07
8.750000e+02 1.762199e-07
8.760000e+02 6.079775e-07
8.770000e+02 5.395902e-07
8.780000e+02 4.936273e-07
8.790000e+02 4.106211e-07
8.800000e+02 3.478142e-07
8.810000e+02 2.922612e-07
8.820000e+02 2.872884e-07
8.830000e+02 2.338626e-07
8.840000e+02 1.917590e-07
8.850000e+02 1.765715e-07
8.860000e+02 1.579092e-07
8.870000e+02 5.256879e-07
8.880000e+02 5.667254e-07
8.890000e+02 5.829246e-07
8.900000e+02 4.973584e-07
8.910000e+02 4.237165e-07
8.920000e+02 3.465122e-07
8.930000e+02 2.890465e-07
8.940000e+02 2.378680e-07
8.950000e+02 1.967633e-07
8.960000e+02 1.630310e-07
8.970000e+02 1.380411e-07
8.980000e+02 1.109322e-07
8.990000e+02 9.234056e-08
9.000000e+02 7.418848e-08
9.010000e+02 6.615826e-08
9.020000e+02 5.847555e-08
9.030000e+02 4.997718e-07
9.040000e+02 5.146460e-07
9.050000e+02 5.255043e-07
9.060000e+02 4.519101e-07
9.070000e+02 3.738307e-07
9.080000e+02 2.991590e-07
9.090000e+02 2.417250e-07
9.100000e+02 1.994268e-07
9.110000e+02 1.664304e-07
9.120000e+02 1.479782e-07
9.130000e+02 1.277851e-07
9.140000e+02 1.076855e-07
9.150000e+02 9.364984e-08
9.160000e+02 7.868634e-08
9.170000e+02 6.636237e-08
9.180000e+02 5.621710e-08
9.190000e+02 4.769517e-08
9.200000e+02 3.958299e-08
9.210000e+02 3.451277e-08
9.220000e+02 3.029079e-08
9.230000e+02 2.723605e-08
9.240000e+02 2.444584e-08
9.250000e+02 2.073999e-08
9.260000e+02 1.842902e-08
9.270000e+02 1.687034e-08
9.280000e+02 1.565878e-08
9.290000e+02 1.572565e-08
9.300000e+02 1.477841e-08
9.310000e+02 1.400804e-08
9.320000e+02 1.316939e-08
9.330000e+02 5.452803e-07
9.340000e+02 4.642229e-07
9.350000e+02 4.574581e-07
9.360000e+02 3.930671e-07
9.370000e+02 3.231687e-07
9.380000e+02 2.629439e-07
9.390000e+02 2.140420e-07
9.400000e+02 1.745823e-07
9.410000e+02 1.489407e-07
9.420000e+02 1.194094e-07
9.430000e+02 9.852293e-08
9.440000e+02 8.088793e-08
9.450000e+02 6.726138e-08
9.460000e+02 5.616530e-08
9.470000e+02 4.687102e-08
9.480000e+02 3.896319e-08
9.490000e+02 3.238438e-08
9.500000e+02 2.685649e-08
9.510000e+02 2.253438e-08
9.520000e+02 1.904934e-08
9.530000e+02 1.611589e-08
9.540000e+02 1.379008e-08
9.550000e+02 1.178855e-08
9.560000e+02 1.035487e-08
9.570000e+02 9.435247e-09
9.580000e+02 8.691164e-09
9.590000e+02 8.211781e-09
9.600000e+02 7.769979e-09
9.610000e+02 7.839990e-09
9.620000e+02 7.237740e-09
9.630000e+02 6.538920e-09
9.640000e+02 6.153211e-09
9.650000e+02 6.104457e-09
9.660000e+02 5.942959e-09
9.670000e+02 6.053270e-09
9.680000e+02 5.709413e-09
9.690000e+02 5.774409e-09
9.700000e+02 5.744029e-09
9.710000e+02 5.925016e-09
9.720000e+02 5.982195e-09
9.730000e+02 5.686412e-09
9.740000e+02 5.645802e-09
9.750000e+02 5.693372e-09
9.760000e+02 5.786173e-09
9.770000e+02 5.588110e-09
9.780000e+02 5.460615e-09
9.790000e+02 6.362848e-09
9.800000e+02 6.072647e-09
9.810000e+02 5.588514e-09
9.820000e+02 5.413670e-09
9.830000e+02 4.856611e-09
9.840000e+02 4.807592e-09
9.850000e+02 4.820089e-09
9.860000e+02 5.019562e-09
9.870000e+02 5.159950e-09
9.880000e+02 4.936428e-09
9.890000e+02 5.179906e-09
9.900000e+02 5.245808e-09
9.910000e+02 5.027008e-09
9.920000e+02 4.957228e-09
9.930000e+02 4.965119e-09
9.940000e+02 4.899648e-09
9.950000e+02 4.600501e-09
9.960000e+02 4.570996e-09
9.970000e+02 4.997878e-09
9.980000e+02 4.745390e-09
9.990000e+02 4.550676e-09
1.000000e+03 4.319322e-09
1.001000e+03 4.207584e-09
1.002000e+03 4.226423e-09
1.003000e+03 4.595355e-09
1.004000e+03 4.554101e-09
1.005000e+03 4.727033e-09
1.006000e+03 4.870920e-09
1.007000e+03 4.964912e-09
1.008000e+03 5.064318e-09
1.009000e+03 4.708010e-09
1.010000e+03 4.638108e-09
1.011000e+03 4.773865e-09
1.012000e+03 4.918372e-09
1.013000e+03 5.292766e-09
1.014000e+03 5.269013e-09
1.015000e+03 5.938124e-09
1.016000e+03 5.582043e-09
1.017000e+03 5.101913e-09
1.018000e+03 4.890300e-09
1.019000e+03 4.764770e-09
1.020000e+03 4.583158e-09
1.021000e+03 4.773375e-09
1.022000e+03 4.586657e-09
1.023000e+03 4.481390e-09
1.024000e+03 4.390142e-09
1.025000e+03 4.193905e-09
1.026000e+03 4.133043e-09
1.027000e+03 3.855679e-09
1.028000e+03 3.847867e-09
1.029000e+03 4.213814e-09
1.030000e+03 4.360202e-09
1.031000e+03 4.475157e-09
1.032000e+03 4.121139e-09
1.033000e+03 4.744081e-09
1.034000e+03 4.257706e-09
1.035000e+03 3.776808e-09
1.036000e+03 3.507086e-09
1.037000e+03 3.227105e-09
1.038000e+03 3.099514e-09
1.039000e+03 2.968597e-09
1.040000e+03 2.675855e-09
1.041000e+03 2.624035e-09
1.042000e+03 2.578551e-09
1.043000e+03 2.687192e-09
1.044000e+03 2.700262e-09
1.045000e+03 2.454747e-09
1.046000e+03 2.419203e-09
1.047000e+03 2.421672e-09
1.048000e+03 2.508205e-09
1.049000e+03 2.676439e-09
1.050000e+03 2.568120e-09
1.051000e+03 3.372766e-09
1.052000e+03 3.074884e-09
1.053000e+03 2.653127e-09
1.054000e+03 2.547840e-09
1.055000e+03 2.498808e-09
1.056000e+03 2.575922e-09
1.057000e+03 2.679212e-09
1.058000e+03 2.576167e-09
1.059000e+03 2.542789e-09
1.060000e+03 2.755851e-09
1.061000e+03 3.031554e-09
1.062000e+03 2.995843e-09
1.063000e+03 2.668817e-09
1.064000e+03 2.520722e-09
1.065000e+03 2.644284e-09
1.066000e+03 2.624097e-09
1.067000e+03 2.769294e-09
1.068000e+03 2.750547e-09
1.069000e+03 3.439480e-09
1.070000e+03 3.152248e-09
1.071000e+03 2.764235e-09
1.072000e+03 2.545461e-09
1.073000e+03 2.512021e-09
1.074000e+03 2.417577e-09
1.075000e+03 2.743848e-09
1.076000e+03 2.549647e-09
1.077000e+03 2.650180e-09
1.078000e+03 2.896931e-09
1.079000e+03 3.053961e-09
1.080000e+03 3.162741e-09
1.081000e+03 3.026238e-09
1.082000e+03 3.147188e-09
1.083000e+03 3.292606e-09
1.084000e+03 3.497746e-09
1.085000e+03 3.731526e-09
1.086000e+03 3.611155e-09
1.087000e+03 4.439252e-09
1.088000e+03 4.159225e-09
1.089000e+03 3.768340e-09
1.090000e+03 3.629020e-09
1.091000e+03 3.403500e-09
1.092000e+03 3.408068e-09
1.093000e+03 3.289913e-09
1.094000e+03 3.161457e-09
1.095000e+03 3.133733e-09
1.096000e+03 3.273957e-09
1.097000e+03 3.353516e-09
1.098000e+03 3.254871e-09
1.099000e+03 3.048800e-09
1.100000e+03 2.949031e-09
1.101000e+03 3.082150e-09
1.102000e+03 3.169590e-09
1.103000e+03 3.387275e-09
1.104000e+03 3.274314e-09
1.105000e+03 4.003236e-09
1.106000e+03 3.887334e-09
1.107000e+03 3.746620e-09
1.108000e+03 3.444871e-09
1.109000e+03 3.637546e-09
1.110000e+03 3.842647e-09
1.111000e+03 3.923187e-09
1.112000e+03 3.907682e-09
1.113000e+03 4.210702e-09
1.114000e+03 4.344520e-09
1.115000e+03 4.363782e-09
1.116000e+03 4.513293e-09
1.117000e+03 4.216984e-09
1.118000e+03 4.218375e-09
1.119000e+03 4.352072e-09
1.120000e+03 4.396089e-09
1.121000e+03 4.554089e-09
1.122000e+03 4.398783e-09
1.123000e+03 5.104734e-09
1.124000e+03 4.635529e-09
1.125000e+03 4.135639e-09
1.126000e+03 3.864361e-09
1.127000e+03 3.785331e-09
1.128000e+03 3.675137e-09
1.129000e+03 3.726356e-09
1.130000e+03 3.468559e-09
1.131000e+03 3.338351e-09
1.132000e+03 3.400842e-09
1.133000e+03 3.658995e-09
1.134000e+03 3.651926e-09
1.135000e+03 3.224006e-09
1.136000e+03 3.229095e-09
1.137000e+03 3.459792e-09
1.138000e+03 3.486186e-09
1.139000e+03 3.816415e-09
1.140000e+03 4.014641e-09
1.141000e+03 4.648451e-09
1.142000e+03 4.586274e-09
1.143000e+03 4.359056e-09
1.144000e+03 4.043021e-09
1.145000e+03 4.155686e-09
1.146000e+03 4.201700e-09
1.147000e+03 4.220980e-09
1.148000e+03 4.145573e-09
1.149000e+03 4.274018e-09
1.150000e+03 4.280391e-09
1.151000e+03 4.489919e-09
1.152000e+03 4.577493e-09
1.153000e+03 4.184658e-09
1.154000e+03 4.136451e-09
1.155000e+03 4.221738e-09
1.156000e+03 4.038508e-09
1.157000e+03 4.298868e-09
1.158000e+03 4.295656e-09
1.159000e+03 4.795229e-09
1.160000e+03 4.461363e-09
1.161000e+03 4.183801e-09
1.162000e+03 3.836988e-09
1.163000e+03 3.771368e-09
1.164000e+03 3.699291e-09
1.165000e+03 3.796116e-09
1.166000e+03 3.798800e-09
1.167000e+03 3.538045e-09
1.168000e+03 3.855711e-09
1.169000e+03 4.001357e-09
1.170000e+03 3.709369e-09
1.171000e+03 3.611595e-09
1.172000e+03 3.360612e-09
1.173000e+03 3.640725e-09
1.174000e+03 3.793604e-09
1.175000e+03 3.746512e-09
1.176000e+03 3.875919e-09
1.177000e+03 4.446824e-09
1.178000e+03 4.340681e-09
1.179000e+03 4.193448e-09
1.180000e+03 3.758103e-09
1.181000e+03 3.926081e-09
1.182000e+03 3.693002e-09
1.183000e+03 4.056230e-09
1.184000e+03 3.681398e-09
1.185000e+03 3.809786e-09
1.186000e+03 4.064046e-09
1.187000e+03 3.964502e-09
1.188000e+03 4.459427e-09
1.189000e+03 4.019702e-09
1.190000e+03 4.152725e-09
1.191000e+03 4.032559e-09
1.192000e+03 4.281794e-09
1.193000e+03 4.152806e-09
1.194000e+03 4.216743e-09
1.195000e+03 5.159846e-09
1.196000e+03 4.556381e-09
1.197000e+03 4.369567e-09
1.198000e+03 3.848874e-09
1.199000e+03 4.019069e-09
1.200000e+03 3.666644e-09
1.201000e+03 3.812633e-09
1.202000e+03 3.415405e-09
1.203000e+03 3.664069e-09
1.204000e+03 3.595283e-09
1.205000e+03 4.040602e-09
1.206000e+03 3.733597e-09
1.207000e+03 3.708422e-09
1.208000e+03 3.474287e-09
1.209000e+03 3.789509e-09
1.210000e+03 3.691188e-09
1.211000e+03 4.062677e-09
1.212000e+03 3.944145e-09
1.213000e+03 4.631167e-09
1.214000e+03 4.334255e-09
1.215000e+03 4.366300e-09
1.216000e+03 4.412955e-09
1.217000e+03 4.243875e-09
1.218000e+03 4.315586e-09
1.219000e+03 4.166982e-09
1.220000e+03 4.276045e-09
1.221000e+03 4.076539e-09
1.222000e+03 4.398437e-09
1.223000e+03 4.125387e-09
1.224000e+03 4.550797e-09
1.225000e+03 4.020452e-09
1.226000e+03 4.143987e-09
1.227000e+03 3.843240e-09
1.228000e+03 4.118547e-09
1.229000e+03 3.994428e-09
1.230000e+03 4.133477e-09
1.231000e+03 4.370674e-09
1.232000e+03 4.329758e-09
1.233000e+03 3.798718e-09
1.234000e+03 3.853308e-09
1.235000e+03 3.557185e-09
1.236000e+03 3.777465e-09
1.237000e+03 3.664204e-09
1.238000e+03 3.702603e-09
1.239000e+03 3.987579e-09
1.240000e+03 3.694697e-09
1.241000e+03 3.926290e-09
1.242000e+03 3.698734e-09
1.243000e+03 3.763088e-09
1.244000e+03 3.684282e-09
1.245000e+03 4.397149e-09
1.246000e+03 4.317779e-09
1.247000e+03 4.387221e-09
1.248000e+03 3.772895e-09
1.249000e+03 4.970964e-09
1.250000e+03 4.796068e-09
1.251000e+03 4.541756e-09
1.252000e+03 3.403564e-09
1.253000e+03 4.827728e-09
1.254000e+03 4.516646e-09
1.255000e+03 3.422705e-09
1.256000e+03 4.977403e-09
1.257000e+03 3.503964e-09
1.258000e+03 5.226731e-09
1.259000e+03 4.851697e-09
1.260000e+03 3.845332e-09
1.261000e+03 4.679228e-09
1.262000e+03 3.788397e-09
1.263000e+03 4.846691e-09
1.264000e+03 5.160274e-09
1.265000e+03 4.044331e-09
1.266000e+03 4.874081e-09
1.267000e+03 4.903854e-09
1.268000e+03 4.401605e-09
1.269000e+03 4.667888e-09
1.270000e+03 4.014437e-09
1.271000e+03 4.350982e-09
1.272000e+03 4.257258e-09
1.273000e+03 4.609554e-09
1.274000e+03 4.538826e-09
1.275000e+03 4.426629e-09
1.276000e+03 4.154593e-09
1.277000e+03 5.030970e-09
1.278000e+03 4.979942e-09
1.279000e+03 4.606059e-09
1.280000e+03 4.254159e-09
1.281000e+03 4.765284e-09
1.282000e+03 3.988473e-09
1.283000e+03 5.237096e-09
1.284000e+03 5.069266e-09
1.285000e+03 5.052148e-09
1.286000e+03 4.561880e-09
1.287000e+03 4.038810e-09
1.288000e+03 4.563401e-09
1.289000e+03 4.368474e-09
1.290000e+03 4.125900e-09
1.291000e+03 3.972180e-09
1.292000e+03 4.496351e-09
1.293000e+03 3.812455e-09
1.294000e+03 4.128161e-09
1.295000e+03 3.947934e-09
1.296000e+03 4.045698e-09
1.297000e+03 3.790972e-09
1.298000e+03 5.287501e-09
1.299000e+03 3.893884e-09
1.300000e+03 3.978682e-09
1.301000e+03 4.211477e-09
1.302000e+03 4.033296e-09
1.303000e+03 4.462177e-09
1.304000e+03 4.245511e-09
1.305000e+03 3.849057e-09
1.306000e+03 3.723789e-09
1.307000e+03 5.675362e-09
1.308000e+03 4.117012e-09
1.309000e+03 4.204205e-09
1.310000e+03 3.789513e-09
1.311000e+03 3.892547e-09
1.312000e+03 3.804787e-09
1.313000e+03 5.097039e-09
1.314000e+03 4.094413e-09
1.315000e+03 4.024294e-09
1.316000e+03 4.092878e-09
1.317000e+03 4.149601e-09
1.318000e+03 4.040269e-09
1.319000e+03 4.198701e-09
1.320000e+03 3.894680e-09
1.321000e+03 4.439252e-09
1.322000e+03 4.059947e-09
1.323000e+03 4.036273e-09
1.324000e+03 3.647028e-09
1.325000e+03 3.366816e-09
1.326000e+03 3.468520e-09
1.327000e+03 3.506969e-09
1.328000e+03 3.528096e-09
1.329000e+03 3.364912e-09
1.330000e+03 3.555898e-09
1.331000e+03 3.703230e-09
1.332000e+03 3.731282e-09
1.333000e+03 3.591134e-09
1.334000e+03 3.922457e-09
1.335000e+03 3.929015e-09
1.336000e+03 4.101989e-09
1.337000e+03 4.018962e-09
1.338000e+03 4.000980e-09
1.339000e+03 4.390141e-09
1.340000e+03 4.234983e-09
1.341000e+03 3.835019e-09
1.342000e+03 3.728005e-09
1.343000e+03 3.748716e-09
1.344000e+03 3.714578e-09
1.345000e+03 3.834467e-09
1.346000e+03 3.780163e-09
1.347000e+03 3.861669e-09
1.348000e+03 4.030431e-09
1.349000e+03 4.218600e-09
1.350000e+03 4.093721e-09
1.351000e+03 3.919624e-09
1.352000e+03 3.696226e-09
1.353000e+03 4.043023e-09
1.354000e+03 3.757809e-09
1.355000e+03 4.017816e-09
1.356000e+03 4.251178e-09
1.357000e+03 4.479378e-09
1.358000e+03 4.570217e-09
1.359000e+03 4.133317e-09
1.360000e+03 4.097297e-09
1.361000e+03 3.860056e-09
1.362000e+03 3.893581e-09
1.363000e+03 4.142175e-09
1.364000e+03 3.866683e-09
1.365000e+03 4.156424e-09
1.366000e+03 4.221867e-09
1.367000e+03 4.433436e-09
1.368000e+03 4.302480e-09
1.369000e+03 4.208658e-09
1.370000e+03 4.119066e-09
1.371000e+03 4.133395e-09
1.372000e+03 4.327329e-09
1.373000e+03 4.367193e-09
1.374000e+03 4.343075e-09
1.375000e+03 4.702079e-09
1.376000e+03 4.656518e-09
1.377000e+03 4.414629e-09
1.378000e+03 4.474161e-09
1.379000e+03 4.339010e-09
1.380000e+03 4.431108e-09
1.381000e+03 4.666000e-09
1.382000e+03 4.337355e-09
1.383000e+03 4.345749e-09
1.384000e+03 4.514137e-09
1.385000e+03 4.723460e-09
1.386000e+03 4.441663e-09
1.387000e+03 4.440769e-09
1.388000e+03 4.487389e-09
1.389000e+03 4.450187e-09
1.390000e+03 4.707445e-09
1.391000e+03 4.599558e-09
1.392000e+03 4.805630e-09
1.393000e+03 5.055467e-09
1.394000e+03 5.149316e-09
1.395000e+03 4.705352e-09
1.396000e+03 4.551391e-09
1.397000e+03 4.819242e-09
1.398000e+03 4.367832e-09
1.399000e+03 4.777684e-09
1.400000e+03 4.424806e-09
1.401000e+03 4.525380e-09
1.402000e+03 4.452824e-09
1.403000e+03 4.727832e-09
1.404000e+03 4.537468e-09
1.405000e+03 4.450709e-09
1.406000e+03 4.596106e-09
1.407000e+03 4.565494e-09
1.408000e+03 4.637614e-09
1.409000e+03 4.681430e-09
1.410000e+03 4.613571e-09
1.411000e+03 5.121615e-09
1.412000e+03 5.188119e-09
1.413000e+03 4.997322e-09
1.414000e+03 4.727815e-09
1.415000e+03 4.691535e-09
1.416000e+03 4.471185e-09
1.417000e+03 5.124537e-09
1.418000e+03 4.537363e-09
1.419000e+03 4.973026e-09
1.420000e+03 4.755936e-09
1.421000e+03 4.994411e-09
1.422000e+03 5.309546e-09
1.423000e+03 4.846574e-09
1.424000e+03 4.943328e-09
1.425000e+03 4.669977e-09
1.426000e+03 4.837238e-09
1.427000e+03 4.767114e-09
1.428000e+03 4.996803e-09
1.429000e+03 5.256661e-09
1.430000e+03 5.194234e-09
1.431000e+03 4.789085e-09
1.432000e+03 4.969180e-09
1.433000e+03 5.179127e-09
1.434000e+03 4.658663e-09
1.435000e+03 4.892493e-09
1.436000e+03 4.461679e-09
1.437000e+03 4.699786e-09
1.438000e+03 4.686312e-09
1.439000e+03 4.874201e-09
1.440000e+03 4.803600e-09
1.441000e+03 4.621016e-09
1.442000e+03 4.640010e-09
1.443000e+03 4.513845e-09
1.444000e+03 4.808301e-09
1.445000e+03 4.893984e-09
1.446000e+03 4.962360e-09
1.447000e+03 5.478434e-09
1.448000e+03 5.452343e-09
1.449000e+03 5.104665e-09
1.450000e+03 5.020567e-09
1.451000e+03 5.183533e-09
1.452000e+03 5.012354e-09
1.453000e+03 5.304508e-09
1.454000e+03 5.120561e-09
1.455000e+03 5.275869e-09
1.456000e+03 5.379725e-09
1.457000e+03 6.130672e-09
1.458000e+03 6.034863e-09
1.459000e+03 5.923169e-09
1.460000e+03 6.225536e-09
1.461000e+03 6.261622e-09
1.462000e+03 6.265253e-09
1.463000e+03 6.403559e-09
1.464000e+03 6.416128e-09
1.465000e+03 7.044223e-09
1.466000e+03 6.912104e-09
1.467000e+03 6.427658e-09
1.468000e+03 6.234425e-09
1.469000e+03 6.132303e-09
1.470000e+03 5.660470e-09
1.471000e+03 5.762082e-09
1.472000e+03 5.623997e-09
1.473000e+03 5.769026e-09
1.474000e+03 5.621566e-09
1.475000e+03 5.652833e-09
1.476000e+03 5.511691e-09
1.477000e+03 5.248982e-09
1.478000e+03 4.991303e-09
1.479000e+03 5.046920e-09
1.480000e+03 4.917254e-09
1.481000e+03 4.984308e-09
1.482000e+03 4.811690e-09
1.483000e+03 5.477673e-09
1.484000e+03 5.002576e-09
1.485000e+03 4.927892e-09
1.486000e+03 4.710354e-09
1.487000e+03 4.922648e-09
1.488000e+03 4.986023e-09
1.489000e+03 5.133647e-09
1.490000e+03 4.994112e-09
1.491000e+03 5.007735e-09
1.492000e+03 5.583894e-09
1.493000e+03 5.643312e-09
1.494000e+03 7.473036e-09
1.495000e+03 7.360512e-09
1.496000e+03 7.403874e-09
1.497000e+03 7.426617e-09
1.498000e+03 6.289043e-09
1.499000e+03 6.678959e-09
1.500000e+03 7.063482e-09
