Title ="THE FLUX ERR"
Variables=
iter
residual
1.000000e+00 1.104344e-04
2.000000e+00 2.312550e-04
3.000000e+00 1.900901e-04
4.000000e+00 2.281120e-04
5.000000e+00 6.249048e-05
6.000000e+00 3.536415e-05
7.000000e+00 4.196707e-04
8.000000e+00 1.578317e-04
9.000000e+00 6.370960e-05
1.000000e+01 1.658180e-04
1.100000e+01 2.057030e-04
1.200000e+01 1.015453e-04
1.300000e+01 1.103159e-04
1.400000e+01 1.151339e-04
1.500000e+01 5.960532e-06
1.600000e+01 9.624101e-05
1.700000e+01 6.918061e-05
1.800000e+01 7.173232e-05
1.900000e+01 4.070385e-05
2.000000e+01 7.045610e-05
2.100000e+01 3.163971e-05
2.200000e+01 1.323759e-05
2.300000e+01 1.241283e-05
2.400000e+01 7.201811e-05
2.500000e+01 5.908201e-05
2.600000e+01 5.707076e-05
2.700000e+01 5.522752e-05
2.800000e+01 4.318856e-05
2.900000e+01 3.953557e-05
3.000000e+01 3.130529e-05
3.100000e+01 3.060378e-05
3.200000e+01 2.621774e-05
3.300000e+01 2.620088e-05
3.400000e+01 2.171314e-05
3.500000e+01 3.153412e-05
3.600000e+01 1.898320e-05
3.700000e+01 2.173428e-05
3.800000e+01 1.940916e-05
3.900000e+01 1.245102e-05
4.000000e+01 1.725504e-05
4.100000e+01 1.294827e-05
4.200000e+01 1.705000e-05
4.300000e+01 1.463246e-05
4.400000e+01 1.322787e-05
4.500000e+01 1.225862e-05
4.600000e+01 7.743389e-05
4.700000e+01 1.482002e-05
4.800000e+01 7.200036e-05
4.900000e+01 1.204082e-05
5.000000e+01 1.390659e-05
5.100000e+01 7.105109e-05
5.200000e+01 1.613969e-05
5.300000e+01 6.495160e-05
5.400000e+01 6.240739e-05
5.500000e+01 6.176207e-05
5.600000e+01 5.825971e-05
5.700000e+01 5.640402e-05
5.800000e+01 5.548962e-05
5.900000e+01 5.271503e-05
6.000000e+01 5.307586e-05
6.100000e+01 5.374546e-05
6.200000e+01 4.741217e-05
6.300000e+01 4.695778e-05
6.400000e+01 4.959900e-05
6.500000e+01 5.126535e-05
6.600000e+01 5.356365e-05
6.700000e+01 5.391641e-05
6.800000e+01 5.367490e-05
6.900000e+01 5.242647e-05
7.000000e+01 5.480098e-05
7.100000e+01 5.654570e-05
7.200000e+01 5.395891e-05
7.300000e+01 5.515789e-05
7.400000e+01 5.742788e-05
7.500000e+01 6.048956e-05
7.600000e+01 5.269320e-05
7.700000e+01 5.792295e-05
7.800000e+01 5.575090e-05
7.900000e+01 5.479207e-05
8.000000e+01 4.799154e-05
8.100000e+01 4.831244e-05
8.200000e+01 5.456457e-05
8.300000e+01 5.138165e-05
8.400000e+01 5.036603e-05
8.500000e+01 5.173628e-05
8.600000e+01 5.177570e-05
8.700000e+01 5.024119e-05
8.800000e+01 4.843510e-05
8.900000e+01 4.484870e-05
9.000000e+01 4.398138e-05
9.100000e+01 4.770723e-05
9.200000e+01 4.579562e-05
9.300000e+01 4.876253e-05
9.400000e+01 4.340176e-05
9.500000e+01 4.316026e-05
9.600000e+01 4.386030e-05
9.700000e+01 3.914685e-05
9.800000e+01 4.058313e-05
9.900000e+01 3.857676e-05
1.000000e+02 8.541625e-06
1.010000e+02 3.309504e-05
1.020000e+02 3.283906e-05
1.030000e+02 3.377428e-05
1.040000e+02 3.254847e-05
1.050000e+02 2.987668e-05
1.060000e+02 3.135501e-05
1.070000e+02 3.120400e-05
1.080000e+02 3.274603e-05
1.090000e+02 2.971192e-05
1.100000e+02 2.979210e-05
1.110000e+02 2.747776e-05
1.120000e+02 2.607028e-05
1.130000e+02 2.724446e-05
1.140000e+02 2.752027e-05
1.150000e+02 2.471448e-05
1.160000e+02 2.788088e-05
1.170000e+02 2.821451e-05
1.180000e+02 2.279681e-05
1.190000e+02 2.255066e-05
1.200000e+02 2.181130e-05
1.210000e+02 2.263930e-05
1.220000e+02 1.927748e-05
1.230000e+02 1.801167e-05
1.240000e+02 1.705559e-05
1.250000e+02 1.659554e-05
1.260000e+02 1.570651e-05
1.270000e+02 1.687778e-05
1.280000e+02 1.592232e-05
1.290000e+02 1.581192e-05
1.300000e+02 1.688265e-05
1.310000e+02 1.479771e-05
1.320000e+02 1.688222e-05
1.330000e+02 1.649867e-05
1.340000e+02 1.650666e-05
1.350000e+02 1.683932e-05
1.360000e+02 1.687973e-05
1.370000e+02 1.807474e-05
1.380000e+02 1.659831e-05
1.390000e+02 1.745804e-05
1.400000e+02 1.744329e-05
1.410000e+02 1.761458e-05
1.420000e+02 1.755034e-05
1.430000e+02 1.754627e-05
1.440000e+02 1.617067e-05
1.450000e+02 1.835985e-05
1.460000e+02 1.716520e-05
1.470000e+02 1.661092e-05
1.480000e+02 1.734047e-05
1.490000e+02 1.718116e-05
1.500000e+02 1.705603e-05
1.510000e+02 1.838427e-05
1.520000e+02 1.803445e-05
1.530000e+02 1.661665e-05
1.540000e+02 1.815120e-05
1.550000e+02 1.579127e-05
1.560000e+02 1.588586e-05
1.570000e+02 1.658160e-05
1.580000e+02 1.449977e-05
1.590000e+02 1.601767e-05
1.600000e+02 1.665082e-05
1.610000e+02 1.617559e-05
1.620000e+02 1.569731e-05
1.630000e+02 1.685252e-05
1.640000e+02 1.734599e-05
1.650000e+02 1.668626e-05
1.660000e+02 1.540759e-05
1.670000e+02 1.660853e-05
1.680000e+02 1.602432e-05
1.690000e+02 1.678966e-05
1.700000e+02 1.718350e-05
1.710000e+02 1.712460e-05
1.720000e+02 1.674418e-05
1.730000e+02 1.563317e-05
1.740000e+02 1.635492e-05
1.750000e+02 1.676162e-05
1.760000e+02 1.656511e-05
1.770000e+02 1.575160e-05
1.780000e+02 1.597229e-05
1.790000e+02 1.527427e-05
1.800000e+02 1.458065e-05
1.810000e+02 1.420775e-05
1.820000e+02 1.493315e-05
1.830000e+02 1.363244e-05
1.840000e+02 1.432618e-05
1.850000e+02 1.348558e-05
1.860000e+02 1.514879e-05
1.870000e+02 1.290071e-05
1.880000e+02 1.349632e-05
1.890000e+02 1.505342e-05
1.900000e+02 1.314449e-05
1.910000e+02 1.291122e-05
1.920000e+02 1.259714e-05
1.930000e+02 1.251836e-05
1.940000e+02 1.347003e-05
1.950000e+02 1.352880e-05
1.960000e+02 1.281551e-05
1.970000e+02 1.225174e-05
1.980000e+02 1.286246e-05
1.990000e+02 1.334670e-05
2.000000e+02 1.336269e-05
2.010000e+02 1.306774e-05
2.020000e+02 1.469729e-05
2.030000e+02 1.304475e-05
2.040000e+02 1.372216e-05
2.050000e+02 1.300773e-05
2.060000e+02 1.355672e-05
2.070000e+02 1.300891e-05
2.080000e+02 1.281630e-05
2.090000e+02 1.438067e-05
2.100000e+02 1.316974e-05
2.110000e+02 1.388923e-05
2.120000e+02 1.235144e-05
2.130000e+02 1.218063e-05
2.140000e+02 1.229572e-05
2.150000e+02 1.155618e-05
2.160000e+02 1.153775e-05
2.170000e+02 1.147956e-05
2.180000e+02 1.197973e-05
2.190000e+02 1.280093e-05
2.200000e+02 1.273088e-05
2.210000e+02 1.333662e-05
2.220000e+02 1.248477e-05
2.230000e+02 1.184968e-05
2.240000e+02 1.119372e-05
2.250000e+02 1.078462e-05
2.260000e+02 1.208131e-05
2.270000e+02 1.080207e-05
2.280000e+02 1.167009e-05
2.290000e+02 1.223145e-05
2.300000e+02 1.147839e-05
2.310000e+02 1.168821e-05
2.320000e+02 1.096377e-05
2.330000e+02 1.098218e-05
2.340000e+02 1.028529e-05
2.350000e+02 1.149662e-05
2.360000e+02 1.050913e-05
2.370000e+02 1.051479e-05
2.380000e+02 1.050984e-05
2.390000e+02 1.095306e-05
2.400000e+02 1.218340e-05
2.410000e+02 1.083665e-05
2.420000e+02 9.845945e-06
2.430000e+02 9.812347e-06
2.440000e+02 9.550196e-06
2.450000e+02 9.734417e-06
2.460000e+02 9.397115e-06
2.470000e+02 9.935980e-06
2.480000e+02 9.703117e-06
2.490000e+02 1.020064e-05
2.500000e+02 1.035361e-05
2.510000e+02 1.044220e-05
2.520000e+02 1.128276e-05
2.530000e+02 9.982022e-06
2.540000e+02 1.131509e-05
2.550000e+02 1.037914e-05
2.560000e+02 1.078243e-05
2.570000e+02 1.031788e-05
2.580000e+02 1.077648e-05
2.590000e+02 1.078468e-05
2.600000e+02 1.105323e-05
2.610000e+02 9.599119e-06
2.620000e+02 1.053936e-05
2.630000e+02 1.140138e-05
2.640000e+02 1.163562e-05
2.650000e+02 1.157089e-05
2.660000e+02 1.098550e-05
2.670000e+02 1.105211e-05
2.680000e+02 1.019935e-05
2.690000e+02 1.110049e-05
2.700000e+02 1.152821e-05
2.710000e+02 1.245240e-05
2.720000e+02 1.108989e-05
2.730000e+02 3.375402e-06
2.740000e+02 1.103668e-05
2.750000e+02 1.144627e-05
2.760000e+02 1.176616e-05
2.770000e+02 1.156319e-05
2.780000e+02 3.541160e-06
2.790000e+02 1.093413e-05
2.800000e+02 1.090100e-05
2.810000e+02 1.213698e-05
2.820000e+02 1.033683e-05
2.830000e+02 1.072170e-05
2.840000e+02 1.124278e-05
2.850000e+02 3.265857e-06
2.860000e+02 1.051016e-05
2.870000e+02 3.753307e-06
2.880000e+02 1.111874e-05
2.890000e+02 1.090384e-05
2.900000e+02 1.085454e-05
2.910000e+02 1.154534e-05
2.920000e+02 1.145869e-05
2.930000e+02 1.064380e-05
2.940000e+02 1.053264e-05
2.950000e+02 1.123522e-05
2.960000e+02 1.120844e-05
2.970000e+02 1.175493e-05
2.980000e+02 1.096318e-05
2.990000e+02 1.124546e-05
3.000000e+02 1.075995e-05
3.010000e+02 9.728010e-06
3.020000e+02 1.050173e-05
3.030000e+02 9.826783e-06
3.040000e+02 1.039589e-05
3.050000e+02 1.057451e-05
3.060000e+02 9.775315e-06
3.070000e+02 9.846800e-06
3.080000e+02 1.096886e-05
3.090000e+02 1.187674e-05
3.100000e+02 1.143847e-05
3.110000e+02 1.038450e-05
3.120000e+02 9.909768e-06
3.130000e+02 9.921557e-06
3.140000e+02 1.018335e-05
3.150000e+02 1.075894e-05
3.160000e+02 1.130518e-05
3.170000e+02 1.059816e-05
3.180000e+02 1.062631e-05
3.190000e+02 1.053067e-05
3.200000e+02 1.029520e-05
3.210000e+02 1.098804e-05
3.220000e+02 1.003100e-05
3.230000e+02 1.022764e-05
3.240000e+02 1.017938e-05
3.250000e+02 1.055930e-05
3.260000e+02 1.008280e-05
3.270000e+02 9.453557e-06
3.280000e+02 9.255140e-06
3.290000e+02 9.510746e-06
3.300000e+02 9.442440e-06
3.310000e+02 1.012692e-05
3.320000e+02 9.822845e-06
3.330000e+02 9.884826e-06
3.340000e+02 9.602119e-06
3.350000e+02 8.425884e-06
3.360000e+02 9.892189e-06
3.370000e+02 8.798144e-06
3.380000e+02 8.915871e-06
3.390000e+02 9.468149e-06
3.400000e+02 9.917554e-06
3.410000e+02 9.200516e-06
3.420000e+02 8.470613e-06
3.430000e+02 9.170812e-06
3.440000e+02 8.924025e-06
3.450000e+02 9.556186e-06
3.460000e+02 8.711009e-06
3.470000e+02 8.513677e-06
3.480000e+02 9.382632e-06
3.490000e+02 8.346416e-06
3.500000e+02 8.322747e-06
3.510000e+02 8.484207e-06
3.520000e+02 8.841135e-06
3.530000e+02 8.900231e-06
3.540000e+02 7.509026e-06
3.550000e+02 8.654741e-06
3.560000e+02 7.993502e-06
3.570000e+02 8.890496e-06
3.580000e+02 8.580740e-06
3.590000e+02 8.433968e-06
3.600000e+02 7.459697e-06
3.610000e+02 8.292360e-06
3.620000e+02 7.739142e-06
3.630000e+02 8.188239e-06
3.640000e+02 7.756855e-06
3.650000e+02 7.720623e-06
3.660000e+02 8.098220e-06
3.670000e+02 7.552469e-06
3.680000e+02 7.744072e-06
3.690000e+02 7.729091e-06
3.700000e+02 7.349883e-06
3.710000e+02 6.781423e-06
3.720000e+02 6.864683e-06
3.730000e+02 7.584521e-06
3.740000e+02 7.651612e-06
3.750000e+02 7.538132e-06
3.760000e+02 7.664263e-06
3.770000e+02 7.528858e-06
3.780000e+02 7.456057e-06
3.790000e+02 6.980066e-06
3.800000e+02 6.974688e-06
3.810000e+02 7.019835e-06
3.820000e+02 6.787431e-06
3.830000e+02 6.568791e-06
3.840000e+02 6.609618e-06
3.850000e+02 6.588360e-06
3.860000e+02 6.946521e-06
3.870000e+02 7.535897e-06
3.880000e+02 6.831784e-06
3.890000e+02 7.545687e-06
3.900000e+02 6.002510e-06
3.910000e+02 6.113620e-06
3.920000e+02 6.232750e-06
3.930000e+02 6.364965e-06
3.940000e+02 6.422638e-06
3.950000e+02 5.269698e-06
3.960000e+02 5.834161e-06
3.970000e+02 6.523330e-06
3.980000e+02 5.937454e-06
3.990000e+02 5.977156e-06
4.000000e+02 5.505902e-06
4.010000e+02 6.098672e-06
4.020000e+02 5.365150e-06
4.030000e+02 6.191353e-06
4.040000e+02 5.653705e-06
4.050000e+02 5.149736e-06
4.060000e+02 5.849838e-06
4.070000e+02 5.615429e-06
4.080000e+02 5.683395e-06
4.090000e+02 5.435097e-06
4.100000e+02 5.287790e-06
4.110000e+02 5.319127e-06
4.120000e+02 5.086507e-06
4.130000e+02 5.184633e-06
4.140000e+02 5.378497e-06
4.150000e+02 5.493895e-06
4.160000e+02 5.287617e-06
4.170000e+02 5.115232e-06
4.180000e+02 5.035837e-06
4.190000e+02 4.890669e-06
4.200000e+02 5.061380e-06
4.210000e+02 5.333384e-06
4.220000e+02 5.213216e-06
4.230000e+02 4.579941e-06
4.240000e+02 4.871868e-06
4.250000e+02 4.637856e-06
4.260000e+02 4.781472e-06
4.270000e+02 4.741599e-06
4.280000e+02 4.480124e-06
4.290000e+02 4.784636e-06
4.300000e+02 4.664462e-06
4.310000e+02 4.288942e-06
4.320000e+02 4.591593e-06
4.330000e+02 4.742770e-06
4.340000e+02 3.882348e-06
4.350000e+02 4.392393e-06
4.360000e+02 4.422704e-06
4.370000e+02 4.675209e-06
4.380000e+02 4.252589e-06
4.390000e+02 4.130527e-06
4.400000e+02 4.243938e-06
4.410000e+02 4.056438e-06
4.420000e+02 4.122108e-06
4.430000e+02 4.333197e-06
4.440000e+02 4.166026e-06
4.450000e+02 4.062917e-06
4.460000e+02 4.185730e-06
4.470000e+02 3.604555e-06
4.480000e+02 3.925557e-06
4.490000e+02 4.000628e-06
4.500000e+02 4.149895e-06
4.510000e+02 4.144895e-06
4.520000e+02 4.090139e-06
4.530000e+02 4.053829e-06
4.540000e+02 3.866612e-06
4.550000e+02 3.848944e-06
4.560000e+02 3.959169e-06
4.570000e+02 3.946993e-06
4.580000e+02 4.101035e-06
4.590000e+02 3.851869e-06
4.600000e+02 3.969373e-06
4.610000e+02 4.091447e-06
4.620000e+02 4.049682e-06
4.630000e+02 4.155958e-06
4.640000e+02 3.902687e-06
4.650000e+02 3.707177e-06
4.660000e+02 3.926132e-06
4.670000e+02 3.960445e-06
4.680000e+02 3.852404e-06
4.690000e+02 3.573091e-06
4.700000e+02 3.407063e-06
4.710000e+02 3.800133e-06
4.720000e+02 3.509503e-06
4.730000e+02 3.788322e-06
4.740000e+02 3.546412e-06
4.750000e+02 3.786643e-06
4.760000e+02 3.633481e-06
4.770000e+02 3.602322e-06
4.780000e+02 3.466713e-06
4.790000e+02 3.410860e-06
4.800000e+02 3.374698e-06
4.810000e+02 3.322718e-06
4.820000e+02 3.074755e-06
4.830000e+02 3.260985e-06
4.840000e+02 3.356127e-06
4.850000e+02 3.626820e-06
4.860000e+02 3.516686e-06
4.870000e+02 3.417118e-06
4.880000e+02 3.290218e-06
4.890000e+02 3.527266e-06
4.900000e+02 3.461673e-06
4.910000e+02 3.178618e-06
4.920000e+02 3.709421e-06
4.930000e+02 3.348774e-06
4.940000e+02 3.284727e-06
4.950000e+02 3.211857e-06
4.960000e+02 3.149299e-06
4.970000e+02 3.221150e-06
4.980000e+02 2.971663e-06
4.990000e+02 3.142533e-06
5.000000e+02 3.074020e-06
5.010000e+02 2.978200e-06
5.020000e+02 3.166291e-06
5.030000e+02 3.122764e-06
5.040000e+02 3.157430e-06
5.050000e+02 2.996380e-06
5.060000e+02 2.597695e-06
5.070000e+02 2.998587e-06
5.080000e+02 3.064094e-06
5.090000e+02 3.072071e-06
5.100000e+02 3.038820e-06
5.110000e+02 3.187465e-06
5.120000e+02 3.256386e-06
5.130000e+02 3.222151e-06
5.140000e+02 3.170861e-06
5.150000e+02 3.005319e-06
5.160000e+02 3.156475e-06
5.170000e+02 2.892421e-06
5.180000e+02 2.809505e-06
5.190000e+02 2.650891e-06
5.200000e+02 2.857543e-06
5.210000e+02 2.912430e-06
5.220000e+02 2.878382e-06
5.230000e+02 2.870646e-06
5.240000e+02 2.891591e-06
5.250000e+02 2.987117e-06
5.260000e+02 2.941737e-06
5.270000e+02 2.748131e-06
5.280000e+02 2.854478e-06
5.290000e+02 2.702176e-06
5.300000e+02 2.949297e-06
5.310000e+02 2.894699e-06
5.320000e+02 2.802109e-06
5.330000e+02 2.804805e-06
5.340000e+02 2.698536e-06
5.350000e+02 2.764577e-06
5.360000e+02 2.846838e-06
5.370000e+02 2.807564e-06
5.380000e+02 2.616783e-06
5.390000e+02 2.628425e-06
5.400000e+02 2.667406e-06
5.410000e+02 2.624128e-06
5.420000e+02 2.623066e-06
5.430000e+02 2.500258e-06
5.440000e+02 2.658485e-06
5.450000e+02 2.768975e-06
5.460000e+02 2.435719e-06
5.470000e+02 2.685485e-06
5.480000e+02 2.685492e-06
5.490000e+02 2.402957e-06
5.500000e+02 2.321409e-06
5.510000e+02 2.466059e-06
5.520000e+02 2.511192e-06
5.530000e+02 2.355102e-06
5.540000e+02 2.123959e-06
5.550000e+02 2.258018e-06
5.560000e+02 2.348553e-06
5.570000e+02 2.256567e-06
5.580000e+02 2.408711e-06
5.590000e+02 2.239431e-06
5.600000e+02 2.101839e-06
5.610000e+02 2.104672e-06
5.620000e+02 2.257627e-06
5.630000e+02 2.023088e-06
5.640000e+02 2.188651e-06
5.650000e+02 2.256176e-06
5.660000e+02 1.972092e-06
5.670000e+02 1.937382e-06
5.680000e+02 1.978751e-06
5.690000e+02 2.009382e-06
5.700000e+02 2.004674e-06
5.710000e+02 1.895616e-06
5.720000e+02 1.984278e-06
5.730000e+02 1.911428e-06
5.740000e+02 2.266677e-06
5.750000e+02 2.261198e-06
5.760000e+02 2.221556e-06
5.770000e+02 2.310643e-06
5.780000e+02 2.239580e-06
5.790000e+02 2.211277e-06
5.800000e+02 2.228763e-06
5.810000e+02 2.182822e-06
5.820000e+02 2.048061e-06
5.830000e+02 2.041230e-06
5.840000e+02 1.922878e-06
5.850000e+02 1.893711e-06
5.860000e+02 1.841780e-06
5.870000e+02 1.952683e-06
5.880000e+02 1.860997e-06
5.890000e+02 1.765026e-06
5.900000e+02 1.709767e-06
5.910000e+02 1.742325e-06
5.920000e+02 1.803691e-06
5.930000e+02 1.957465e-06
5.940000e+02 1.966604e-06
5.950000e+02 1.729687e-06
5.960000e+02 1.905559e-06
5.970000e+02 1.965810e-06
5.980000e+02 1.988486e-06
5.990000e+02 1.951041e-06
6.000000e+02 1.864339e-06
6.010000e+02 1.943047e-06
6.020000e+02 1.979307e-06
6.030000e+02 1.966960e-06
6.040000e+02 1.956492e-06
6.050000e+02 2.079367e-06
6.060000e+02 1.983211e-06
6.070000e+02 2.015870e-06
6.080000e+02 1.937756e-06
6.090000e+02 1.976318e-06
6.100000e+02 1.929850e-06
6.110000e+02 1.940590e-06
6.120000e+02 1.968458e-06
6.130000e+02 1.897573e-06
6.140000e+02 1.966755e-06
6.150000e+02 2.021507e-06
6.160000e+02 2.156651e-06
6.170000e+02 1.987875e-06
6.180000e+02 2.178069e-06
6.190000e+02 1.988193e-06
6.200000e+02 2.124024e-06
6.210000e+02 1.936139e-06
6.220000e+02 1.964381e-06
6.230000e+02 2.016130e-06
6.240000e+02 2.206961e-06
6.250000e+02 2.161196e-06
6.260000e+02 2.228429e-06
6.270000e+02 2.173321e-06
6.280000e+02 2.058671e-06
6.290000e+02 1.966316e-06
6.300000e+02 2.096732e-06
6.310000e+02 2.088134e-06
6.320000e+02 2.095654e-06
6.330000e+02 2.097696e-06
6.340000e+02 2.081789e-06
6.350000e+02 1.995075e-06
6.360000e+02 1.986279e-06
6.370000e+02 2.146156e-06
6.380000e+02 2.250947e-06
6.390000e+02 2.219370e-06
6.400000e+02 2.052626e-06
6.410000e+02 2.053424e-06
6.420000e+02 2.029349e-06
6.430000e+02 1.985091e-06
6.440000e+02 2.086404e-06
6.450000e+02 2.062728e-06
6.460000e+02 2.165489e-06
6.470000e+02 2.033580e-06
6.480000e+02 2.052753e-06
6.490000e+02 2.068891e-06
6.500000e+02 2.042528e-06
6.510000e+02 2.139125e-06
6.520000e+02 2.033502e-06
6.530000e+02 1.913199e-06
6.540000e+02 1.905988e-06
6.550000e+02 1.894030e-06
6.560000e+02 1.954286e-06
6.570000e+02 1.847673e-06
6.580000e+02 1.935241e-06
6.590000e+02 1.801446e-06
6.600000e+02 1.698146e-06
6.610000e+02 1.767506e-06
6.620000e+02 1.667203e-06
6.630000e+02 1.680681e-06
6.640000e+02 1.684518e-06
6.650000e+02 1.539975e-06
6.660000e+02 1.538613e-06
6.670000e+02 1.513880e-06
6.680000e+02 1.525218e-06
6.690000e+02 1.585169e-06
6.700000e+02 1.584435e-06
6.710000e+02 1.627454e-06
6.720000e+02 1.590922e-06
6.730000e+02 1.646594e-06
6.740000e+02 1.431514e-06
6.750000e+02 2.769006e-06
6.760000e+02 3.003661e-06
6.770000e+02 2.627504e-06
6.780000e+02 2.199141e-06
6.790000e+02 1.968797e-06
6.800000e+02 1.806296e-06
6.810000e+02 1.643426e-06
6.820000e+02 1.023736e-06
6.830000e+02 2.545556e-06
6.840000e+02 2.825712e-06
6.850000e+02 2.395174e-06
6.860000e+02 2.090698e-06
6.870000e+02 7.804470e-07
6.880000e+02 2.858470e-06
6.890000e+02 3.087066e-06
6.900000e+02 2.902073e-06
6.910000e+02 8.033266e-07
6.920000e+02 3.066105e-06
6.930000e+02 3.588205e-06
6.940000e+02 8.605900e-07
6.950000e+02 3.703580e-06
6.960000e+02 3.846502e-06
6.970000e+02 7.937265e-07
6.980000e+02 3.847756e-06
6.990000e+02 4.107972e-06
7.000000e+02 8.390834e-07
7.010000e+02 3.453873e-06
7.020000e+02 7.964764e-07
7.030000e+02 3.704039e-06
7.040000e+02 7.105474e-07
7.050000e+02 3.444442e-06
7.060000e+02 3.284167e-06
7.070000e+02 8.039922e-07
7.080000e+02 4.989744e-07
7.090000e+02 9.286420e-07
7.100000e+02 4.058968e-07
7.110000e+02 8.736907e-07
7.120000e+02 3.921770e-07
7.130000e+02 8.764757e-07
7.140000e+02 7.760823e-07
7.150000e+02 1.424501e-06
7.160000e+02 4.236050e-07
7.170000e+02 2.829795e-07
7.180000e+02 1.483230e-06
7.190000e+02 4.417489e-07
7.200000e+02 8.194329e-07
7.210000e+02 4.784230e-07
7.220000e+02 1.047226e-06
7.230000e+02 4.614860e-07
7.240000e+02 5.000684e-07
7.250000e+02 1.129268e-06
7.260000e+02 4.726754e-07
7.270000e+02 1.040933e-06
7.280000e+02 5.789460e-07
7.290000e+02 9.147865e-07
7.300000e+02 6.936840e-07
7.310000e+02 5.447709e-07
7.320000e+02 1.529242e-06
7.330000e+02 5.849115e-07
7.340000e+02 1.351271e-06
7.350000e+02 6.230561e-07
7.360000e+02 4.867891e-07
7.370000e+02 1.379163e-06
7.380000e+02 6.162984e-07
7.390000e+02 1.275465e-06
7.400000e+02 5.633894e-07
7.410000e+02 4.618288e-07
7.420000e+02 1.424105e-06
7.430000e+02 4.910612e-07
7.440000e+02 1.280712e-06
7.450000e+02 5.971419e-07
7.460000e+02 4.615083e-07
7.470000e+02 1.276122e-06
7.480000e+02 5.394281e-07
7.490000e+02 1.192441e-06
7.500000e+02 6.113262e-07
7.510000e+02 1.090009e-06
7.520000e+02 5.637966e-07
7.530000e+02 1.078692e-06
7.540000e+02 5.263664e-07
7.550000e+02 4.177554e-07
7.560000e+02 1.213632e-06
7.570000e+02 4.735951e-07
7.580000e+02 1.047135e-06
7.590000e+02 5.234570e-07
7.600000e+02 3.255334e-06
7.610000e+02 2.153398e-06
7.620000e+02 3.052307e-06
7.630000e+02 2.165209e-06
7.640000e+02 2.837707e-06
7.650000e+02 2.141210e-06
7.660000e+02 2.781694e-06
7.670000e+02 3.768256e-07
7.680000e+02 3.182646e-06
7.690000e+02 1.990686e-06
7.700000e+02 4.310135e-07
7.710000e+02 1.174607e-06
7.720000e+02 2.758001e-06
7.730000e+02 6.226532e-07
7.740000e+02 5.786738e-07
7.750000e+02 3.322751e-06
7.760000e+02 2.002401e-06
7.770000e+02 2.967524e-06
7.780000e+02 1.900413e-06
7.790000e+02 2.748408e-06
7.800000e+02 2.023694e-06
7.810000e+02 2.573483e-06
7.820000e+02 1.987937e-06
7.830000e+02 5.344517e-07
7.840000e+02 3.385019e-06
7.850000e+02 1.565365e-06
7.860000e+02 2.862644e-06
7.870000e+02 1.765768e-06
7.880000e+02 4.172832e-07
7.890000e+02 9.966533e-07
7.900000e+02 1.929527e-06
7.910000e+02 2.919010e-06
7.920000e+02 1.865394e-06
7.930000e+02 4.601439e-07
7.940000e+02 1.043691e-06
7.950000e+02 2.021701e-06
7.960000e+02 4.035183e-07
7.970000e+02 3.103747e-06
7.980000e+02 1.521440e-06
7.990000e+02 1.699679e-06
8.000000e+02 2.544708e-06
8.010000e+02 1.403452e-06
8.020000e+02 4.038302e-07
8.030000e+02 9.948917e-07
8.040000e+02 1.786509e-06
8.050000e+02 3.745638e-07
8.060000e+02 1.026288e-06
8.070000e+02 1.775081e-06
8.080000e+02 3.637087e-07
8.090000e+02 9.998751e-07
8.100000e+02 1.709195e-06
8.110000e+02 3.365653e-07
8.120000e+02 1.183810e-06
8.130000e+02 1.087174e-06
8.140000e+02 1.532446e-06
8.150000e+02 3.238630e-07
8.160000e+02 1.040053e-06
8.170000e+02 1.079323e-06
8.180000e+02 1.340361e-06
8.190000e+02 2.571811e-07
8.200000e+02 9.362374e-07
8.210000e+02 9.592868e-07
8.220000e+02 1.366053e-06
8.230000e+02 2.673443e-07
8.240000e+02 9.499713e-07
8.250000e+02 1.051974e-06
8.260000e+02 1.224270e-06
8.270000e+02 1.120728e-06
8.280000e+02 7.554647e-07
8.290000e+02 7.656555e-07
8.300000e+02 6.634400e-07
8.310000e+02 1.102335e-06
8.320000e+02 2.265104e-07
8.330000e+02 8.553326e-07
8.340000e+02 8.491856e-07
8.350000e+02 9.735861e-07
8.360000e+02 1.102291e-06
8.370000e+02 2.031093e-07
8.380000e+02 7.437135e-07
8.390000e+02 8.811107e-07
8.400000e+02 7.310296e-07
8.410000e+02 1.197992e-06
8.420000e+02 1.012411e-06
8.430000e+02 2.641826e-07
8.440000e+02 7.391228e-07
8.450000e+02 7.447061e-07
8.460000e+02 6.600438e-07
8.470000e+02 9.633973e-07
8.480000e+02 1.034370e-06
8.490000e+02 2.666602e-07
8.500000e+02 6.831833e-07
8.510000e+02 7.219750e-07
8.520000e+02 6.193427e-07
8.530000e+02 4.969599e-07
8.540000e+02 7.839410e-07
8.550000e+02 9.453391e-07
8.560000e+02 2.602754e-07
8.570000e+02 6.801763e-07
8.580000e+02 6.454225e-07
8.590000e+02 5.346966e-07
8.600000e+02 4.339729e-07
8.610000e+02 3.758473e-07
8.620000e+02 8.754938e-07
8.630000e+02 8.602067e-07
8.640000e+02 2.795333e-07
8.650000e+02 6.330832e-07
8.660000e+02 6.138446e-07
8.670000e+02 5.212758e-07
8.680000e+02 4.380187e-07
8.690000e+02 3.695980e-07
8.700000e+02 3.133898e-07
8.710000e+02 1.005976e-06
8.720000e+02 3.016580e-07
8.730000e+02 7.264286e-07
8.740000e+02 2.386798e-07
8.750000e+02 4.758292e-07
8.760000e+02 4.623138e-07
8.770000e+02 3.882639e-07
8.780000e+02 3.298293e-07
8.790000e+02 2.830623e-07
8.800000e+02 2.314777e-07
8.810000e+02 2.170880e-07
8.820000e+02 9.781014e-07
8.830000e+02 3.167590e-07
8.840000e+02 6.680102e-07
8.850000e+02 3.175228e-07
8.860000e+02 4.916390e-07
8.870000e+02 4.594952e-07
8.880000e+02 3.892405e-07
8.890000e+02 3.226951e-07
8.900000e+02 2.704836e-07
8.910000e+02 2.154553e-07
8.920000e+02 1.800612e-07
8.930000e+02 1.541126e-07
8.940000e+02 1.260354e-07
8.950000e+02 1.071914e-07
8.960000e+02 8.904982e-08
8.970000e+02 7.665705e-07
8.980000e+02 6.374224e-07
8.990000e+02 2.161402e-07
9.000000e+02 4.918181e-07
9.010000e+02 4.752089e-07
9.020000e+02 4.023413e-07
9.030000e+02 3.384377e-07
9.040000e+02 2.759674e-07
9.050000e+02 2.305626e-07
9.060000e+02 1.929238e-07
9.070000e+02 1.638189e-07
9.080000e+02 1.364255e-07
9.090000e+02 1.139091e-07
9.100000e+02 9.500013e-08
9.110000e+02 8.039307e-08
9.120000e+02 6.468488e-08
9.130000e+02 5.358211e-08
9.140000e+02 4.505490e-08
9.150000e+02 3.882279e-08
9.160000e+02 3.500630e-08
9.170000e+02 2.962723e-08
9.180000e+02 2.597840e-08
9.190000e+02 2.329944e-08
9.200000e+02 2.098190e-08
9.210000e+02 1.976462e-08
9.220000e+02 1.829306e-08
9.230000e+02 1.707965e-08
9.240000e+02 1.594160e-08
9.250000e+02 7.872383e-07
9.260000e+02 1.838904e-07
9.270000e+02 1.839318e-07
9.280000e+02 4.390031e-07
9.290000e+02 1.346903e-07
9.300000e+02 2.797374e-07
9.310000e+02 2.797239e-07
9.320000e+02 2.389980e-07
9.330000e+02 2.000020e-07
9.340000e+02 1.639805e-07
9.350000e+02 1.403476e-07
9.360000e+02 1.176788e-07
9.370000e+02 9.736573e-08
9.380000e+02 7.998766e-08
9.390000e+02 6.623185e-08
9.400000e+02 5.523487e-08
9.410000e+02 4.624944e-08
9.420000e+02 3.780833e-08
9.430000e+02 3.151189e-08
9.440000e+02 2.659207e-08
9.450000e+02 2.214582e-08
9.460000e+02 1.852284e-08
9.470000e+02 1.593027e-08
9.480000e+02 1.386934e-08
9.490000e+02 1.221410e-08
9.500000e+02 1.113831e-08
9.510000e+02 1.025833e-08
9.520000e+02 9.354617e-09
9.530000e+02 8.975464e-09
9.540000e+02 8.679788e-09
9.550000e+02 8.590760e-09
9.560000e+02 8.285879e-09
9.570000e+02 8.321876e-09
9.580000e+02 8.109511e-09
9.590000e+02 7.367031e-09
9.600000e+02 7.384492e-09
9.610000e+02 7.636545e-09
9.620000e+02 7.373950e-09
9.630000e+02 7.272531e-09
9.640000e+02 7.242582e-09
9.650000e+02 7.030172e-09
9.660000e+02 6.815393e-09
9.670000e+02 6.755262e-09
9.680000e+02 6.602513e-09
9.690000e+02 6.530262e-09
9.700000e+02 6.672127e-09
9.710000e+02 6.399900e-09
9.720000e+02 6.624894e-09
9.730000e+02 6.492389e-09
9.740000e+02 6.318849e-09
9.750000e+02 6.238791e-09
9.760000e+02 6.490314e-09
9.770000e+02 6.361199e-09
9.780000e+02 6.424883e-09
9.790000e+02 6.492585e-09
9.800000e+02 6.578763e-09
9.810000e+02 6.192149e-09
9.820000e+02 6.185235e-09
9.830000e+02 6.296841e-09
9.840000e+02 6.459041e-09
9.850000e+02 6.540075e-09
9.860000e+02 6.329543e-09
9.870000e+02 6.088880e-09
9.880000e+02 5.984208e-09
9.890000e+02 5.787159e-09
9.900000e+02 5.701843e-09
9.910000e+02 5.892452e-09
9.920000e+02 5.529450e-09
9.930000e+02 5.415479e-09
9.940000e+02 5.433485e-09
9.950000e+02 5.659076e-09
9.960000e+02 5.392504e-09
9.970000e+02 5.130873e-09
9.980000e+02 5.023627e-09
9.990000e+02 5.079139e-09
1.000000e+03 5.221376e-09
1.001000e+03 5.273554e-09
1.002000e+03 5.370809e-09
1.003000e+03 5.340709e-09
1.004000e+03 5.364850e-09
1.005000e+03 5.084306e-09
1.006000e+03 5.352131e-09
1.007000e+03 5.500183e-09
1.008000e+03 5.382533e-09
1.009000e+03 5.618890e-09
1.010000e+03 5.427864e-09
1.011000e+03 5.170296e-09
1.012000e+03 5.224047e-09
1.013000e+03 5.281143e-09
1.014000e+03 5.273101e-09
1.015000e+03 5.439522e-09
1.016000e+03 5.364285e-09
1.017000e+03 5.602807e-09
1.018000e+03 5.457223e-09
1.019000e+03 5.232172e-09
1.020000e+03 5.109500e-09
1.021000e+03 5.255383e-09
1.022000e+03 5.128859e-09
1.023000e+03 4.864122e-09
1.024000e+03 4.804588e-09
1.025000e+03 5.016852e-09
1.026000e+03 4.540098e-09
1.027000e+03 4.357522e-09
1.028000e+03 4.391263e-09
1.029000e+03 3.985371e-09
1.030000e+03 3.978475e-09
1.031000e+03 3.991424e-09
1.032000e+03 3.950110e-09
1.033000e+03 3.675118e-09
1.034000e+03 3.598682e-09
1.035000e+03 3.327326e-09
1.036000e+03 3.345720e-09
1.037000e+03 3.401284e-09
1.038000e+03 3.175068e-09
1.039000e+03 3.227967e-09
1.040000e+03 3.270696e-09
1.041000e+03 2.890709e-09
1.042000e+03 2.742249e-09
1.043000e+03 2.740171e-09
1.044000e+03 2.897615e-09
1.045000e+03 3.106335e-09
1.046000e+03 3.094361e-09
1.047000e+03 3.156393e-09
1.048000e+03 3.024321e-09
1.049000e+03 2.890226e-09
1.050000e+03 3.092791e-09
1.051000e+03 3.215145e-09
1.052000e+03 2.949472e-09
1.053000e+03 2.915012e-09
1.054000e+03 3.027276e-09
1.055000e+03 3.255819e-09
1.056000e+03 3.135082e-09
1.057000e+03 3.194972e-09
1.058000e+03 3.215356e-09
1.059000e+03 3.436090e-09
1.060000e+03 3.680059e-09
1.061000e+03 3.702409e-09
1.062000e+03 3.865178e-09
1.063000e+03 3.843269e-09
1.064000e+03 3.820891e-09
1.065000e+03 3.466978e-09
1.066000e+03 3.605405e-09
1.067000e+03 3.653875e-09
1.068000e+03 3.475746e-09
1.069000e+03 3.592363e-09
1.070000e+03 3.392588e-09
1.071000e+03 3.045641e-09
1.072000e+03 3.023135e-09
1.073000e+03 2.874616e-09
1.074000e+03 2.932232e-09
1.075000e+03 3.100701e-09
1.076000e+03 2.972798e-09
1.077000e+03 3.185823e-09
1.078000e+03 3.085041e-09
1.079000e+03 2.928935e-09
1.080000e+03 2.818817e-09
1.081000e+03 3.121715e-09
1.082000e+03 3.086265e-09
1.083000e+03 3.072888e-09
1.084000e+03 3.090940e-09
1.085000e+03 3.364139e-09
1.086000e+03 3.240582e-09
1.087000e+03 3.235827e-09
1.088000e+03 3.391530e-09
1.089000e+03 3.245293e-09
1.090000e+03 3.342704e-09
1.091000e+03 3.355753e-09
1.092000e+03 3.484173e-09
1.093000e+03 3.296007e-09
1.094000e+03 3.057259e-09
1.095000e+03 2.911877e-09
1.096000e+03 3.122321e-09
1.097000e+03 3.319399e-09
1.098000e+03 3.322472e-09
1.099000e+03 3.385613e-09
1.100000e+03 3.596794e-09
1.101000e+03 3.523451e-09
1.102000e+03 3.603955e-09
1.103000e+03 3.873160e-09
1.104000e+03 4.247507e-09
1.105000e+03 4.645539e-09
1.106000e+03 4.723784e-09
1.107000e+03 4.942713e-09
1.108000e+03 4.929329e-09
1.109000e+03 4.871452e-09
1.110000e+03 5.134987e-09
1.111000e+03 5.347130e-09
1.112000e+03 5.041900e-09
1.113000e+03 4.982239e-09
1.114000e+03 4.922549e-09
1.115000e+03 5.224671e-09
1.116000e+03 4.983598e-09
1.117000e+03 4.598347e-09
1.118000e+03 4.458752e-09
1.119000e+03 4.525999e-09
1.120000e+03 4.499754e-09
1.121000e+03 4.472389e-09
1.122000e+03 4.304092e-09
1.123000e+03 4.019201e-09
1.124000e+03 4.072175e-09
1.125000e+03 3.625507e-09
1.126000e+03 3.563519e-09
1.127000e+03 3.763533e-09
1.128000e+03 3.783943e-09
1.129000e+03 4.027551e-09
1.130000e+03 4.066621e-09
1.131000e+03 4.177096e-09
1.132000e+03 4.359657e-09
1.133000e+03 4.520207e-09
1.134000e+03 4.871021e-09
1.135000e+03 5.116467e-09
1.136000e+03 5.203499e-09
1.137000e+03 5.687285e-09
1.138000e+03 5.637036e-09
1.139000e+03 5.499602e-09
1.140000e+03 5.672472e-09
1.141000e+03 5.824066e-09
1.142000e+03 5.682602e-09
1.143000e+03 5.606124e-09
1.144000e+03 5.372240e-09
1.145000e+03 5.546245e-09
1.146000e+03 5.257637e-09
1.147000e+03 4.977684e-09
1.148000e+03 4.934342e-09
1.149000e+03 4.799189e-09
1.150000e+03 4.721716e-09
1.151000e+03 4.615371e-09
1.152000e+03 4.879154e-09
1.153000e+03 4.377710e-09
1.154000e+03 4.085722e-09
1.155000e+03 3.752034e-09
1.156000e+03 3.857566e-09
1.157000e+03 4.025313e-09
1.158000e+03 3.754572e-09
1.159000e+03 3.699201e-09
1.160000e+03 4.000168e-09
1.161000e+03 3.487892e-09
1.162000e+03 3.543553e-09
1.163000e+03 3.706396e-09
1.164000e+03 3.789395e-09
1.165000e+03 4.243126e-09
1.166000e+03 4.206245e-09
1.167000e+03 4.278831e-09
1.168000e+03 4.376919e-09
1.169000e+03 4.140043e-09
1.170000e+03 4.349342e-09
1.171000e+03 4.703016e-09
1.172000e+03 4.263832e-09
1.173000e+03 4.364948e-09
1.174000e+03 4.286681e-09
1.175000e+03 4.543167e-09
1.176000e+03 4.611332e-09
1.177000e+03 4.166149e-09
1.178000e+03 4.182882e-09
1.179000e+03 4.138183e-09
1.180000e+03 4.234567e-09
1.181000e+03 4.088815e-09
1.182000e+03 3.850407e-09
1.183000e+03 4.062957e-09
1.184000e+03 3.873970e-09
1.185000e+03 3.542465e-09
1.186000e+03 3.386722e-09
1.187000e+03 3.254726e-09
1.188000e+03 3.430159e-09
1.189000e+03 3.411070e-09
1.190000e+03 3.561252e-09
1.191000e+03 3.436586e-09
1.192000e+03 3.389726e-09
1.193000e+03 3.317313e-09
1.194000e+03 3.372292e-09
1.195000e+03 3.679879e-09
1.196000e+03 3.541169e-09
1.197000e+03 4.162190e-09
1.198000e+03 3.808489e-09
1.199000e+03 3.651586e-09
1.200000e+03 3.987245e-09
1.201000e+03 3.539094e-09
1.202000e+03 3.681036e-09
1.203000e+03 3.615682e-09
1.204000e+03 3.810713e-09
1.205000e+03 3.666655e-09
1.206000e+03 3.741707e-09
1.207000e+03 3.327393e-09
1.208000e+03 3.497983e-09
1.209000e+03 3.739673e-09
1.210000e+03 3.566676e-09
1.211000e+03 3.904094e-09
1.212000e+03 3.559708e-09
1.213000e+03 3.312197e-09
1.214000e+03 3.062891e-09
1.215000e+03 3.379961e-09
1.216000e+03 3.170621e-09
1.217000e+03 3.342568e-09
1.218000e+03 3.206554e-09
1.219000e+03 3.062059e-09
1.220000e+03 3.273023e-09
1.221000e+03 2.928470e-09
1.222000e+03 3.066688e-09
1.223000e+03 3.003314e-09
1.224000e+03 3.339449e-09
1.225000e+03 3.277668e-09
1.226000e+03 3.449589e-09
1.227000e+03 3.149810e-09
1.228000e+03 3.099482e-09
1.229000e+03 3.129477e-09
1.230000e+03 3.391760e-09
1.231000e+03 3.366763e-09
1.232000e+03 3.222952e-09
1.233000e+03 3.026009e-09
1.234000e+03 3.892403e-09
1.235000e+03 3.562414e-09
1.236000e+03 3.440471e-09
1.237000e+03 3.622637e-09
1.238000e+03 3.354972e-09
1.239000e+03 3.705495e-09
1.240000e+03 3.317471e-09
1.241000e+03 3.678440e-09
1.242000e+03 3.300105e-09
1.243000e+03 3.308983e-09
1.244000e+03 3.161985e-09
1.245000e+03 3.413879e-09
1.246000e+03 3.194185e-09
1.247000e+03 1.383012e-09
1.248000e+03 3.314702e-09
1.249000e+03 1.312432e-09
1.250000e+03 1.036293e-09
1.251000e+03 3.800403e-09
1.252000e+03 1.023406e-09
1.253000e+03 4.338352e-09
1.254000e+03 3.553314e-09
1.255000e+03 5.447747e-09
1.256000e+03 3.633368e-09
1.257000e+03 7.919079e-10
1.258000e+03 1.025250e-09
1.259000e+03 9.237707e-10
1.260000e+03 3.926981e-09
1.261000e+03 7.394968e-10
1.262000e+03 1.059436e-09
1.263000e+03 8.113059e-10
1.264000e+03 9.554504e-10
1.265000e+03 3.979999e-09
1.266000e+03 1.009528e-09
1.267000e+03 4.155424e-09
1.268000e+03 9.801208e-10
1.269000e+03 3.917714e-09
1.270000e+03 1.276482e-09
1.271000e+03 9.961843e-10
1.272000e+03 3.645140e-09
1.273000e+03 1.108892e-09
1.274000e+03 1.277157e-09
1.275000e+03 3.751032e-09
1.276000e+03 1.072041e-09
1.277000e+03 3.969190e-09
1.278000e+03 1.059352e-09
1.279000e+03 1.347368e-09
1.280000e+03 4.091638e-09
1.281000e+03 1.015557e-09
1.282000e+03 5.231308e-09
1.283000e+03 1.313753e-09
1.284000e+03 1.394545e-09
1.285000e+03 5.078510e-09
1.286000e+03 1.323872e-09
1.287000e+03 1.091545e-09
1.288000e+03 6.197887e-09
1.289000e+03 4.545984e-09
1.290000e+03 6.656856e-09
1.291000e+03 4.232994e-09
1.292000e+03 5.989504e-09
1.293000e+03 1.210486e-09
1.294000e+03 1.257409e-09
1.295000e+03 4.075452e-09
1.296000e+03 5.736824e-09
1.297000e+03 1.154344e-09
1.298000e+03 8.379138e-10
1.299000e+03 9.292288e-10
1.300000e+03 7.720841e-10
1.301000e+03 6.660066e-09
1.302000e+03 4.168638e-09
1.303000e+03 1.096098e-09
1.304000e+03 1.040206e-09
1.305000e+03 1.082426e-09
1.306000e+03 6.679995e-09
1.307000e+03 1.245478e-09
1.308000e+03 1.229289e-09
1.309000e+03 1.190191e-09
1.310000e+03 1.338216e-09
1.311000e+03 1.223163e-09
1.312000e+03 1.380818e-09
1.313000e+03 1.199730e-09
1.314000e+03 6.619696e-09
1.315000e+03 4.610746e-09
1.316000e+03 1.478369e-09
1.317000e+03 1.616556e-09
1.318000e+03 1.220566e-09
1.319000e+03 1.442868e-09
1.320000e+03 1.075484e-09
1.321000e+03 1.296075e-09
1.322000e+03 6.340240e-09
1.323000e+03 1.569319e-09
1.324000e+03 1.002358e-09
1.325000e+03 1.122775e-09
1.326000e+03 8.615829e-10
1.327000e+03 1.040861e-09
1.328000e+03 1.135088e-09
1.329000e+03 8.363066e-10
1.330000e+03 9.495340e-10
1.331000e+03 6.841094e-10
1.332000e+03 8.001647e-10
1.333000e+03 7.241430e-10
1.334000e+03 5.453812e-09
1.335000e+03 1.034091e-09
1.336000e+03 9.314502e-10
1.337000e+03 9.208577e-10
1.338000e+03 9.906725e-10
1.339000e+03 1.063664e-09
1.340000e+03 9.777036e-10
1.341000e+03 1.094696e-09
1.342000e+03 1.008066e-09
1.343000e+03 1.194097e-09
1.344000e+03 1.091297e-09
1.345000e+03 1.278821e-09
1.346000e+03 1.101503e-09
1.347000e+03 1.240043e-09
1.348000e+03 1.437781e-09
1.349000e+03 1.151827e-09
1.350000e+03 1.277097e-09
1.351000e+03 1.012914e-09
1.352000e+03 5.478415e-09
1.353000e+03 1.225185e-09
1.354000e+03 1.232940e-09
1.355000e+03 8.838564e-10
1.356000e+03 1.026685e-09
1.357000e+03 7.526108e-10
1.358000e+03 4.443988e-09
1.359000e+03 1.044786e-09
1.360000e+03 7.215806e-10
1.361000e+03 7.984660e-10
1.362000e+03 6.296587e-10
1.363000e+03 7.830923e-10
1.364000e+03 6.908262e-10
1.365000e+03 4.542427e-09
1.366000e+03 1.009515e-09
1.367000e+03 8.498346e-10
1.368000e+03 9.296676e-10
1.369000e+03 9.201707e-10
1.370000e+03 4.196097e-09
1.371000e+03 4.961502e-09
1.372000e+03 3.887405e-09
1.373000e+03 1.270561e-09
1.374000e+03 1.153931e-09
1.375000e+03 5.404061e-09
1.376000e+03 1.119102e-09
1.377000e+03 3.842951e-09
1.378000e+03 9.957248e-10
1.379000e+03 4.036337e-09
1.380000e+03 5.418367e-09
1.381000e+03 4.042791e-09
1.382000e+03 4.280707e-09
1.383000e+03 5.251422e-09
1.384000e+03 3.992889e-09
1.385000e+03 9.356788e-10
1.386000e+03 4.915895e-09
1.387000e+03 9.005707e-10
1.388000e+03 5.051030e-09
1.389000e+03 4.178348e-09
1.390000e+03 4.014780e-09
1.391000e+03 4.491388e-09
1.392000e+03 4.502909e-09
1.393000e+03 4.543676e-09
1.394000e+03 4.726783e-09
1.395000e+03 4.056655e-09
1.396000e+03 3.825041e-09
1.397000e+03 3.839718e-09
1.398000e+03 3.602668e-09
1.399000e+03 3.394929e-09
1.400000e+03 3.525102e-09
1.401000e+03 3.362795e-09
1.402000e+03 3.245491e-09
1.403000e+03 2.994910e-09
1.404000e+03 3.237818e-09
1.405000e+03 3.678900e-09
1.406000e+03 3.417878e-09
1.407000e+03 3.536593e-09
1.408000e+03 3.658420e-09
1.409000e+03 3.903818e-09
1.410000e+03 3.735790e-09
1.411000e+03 4.032256e-09
1.412000e+03 4.087759e-09
1.413000e+03 4.266681e-09
1.414000e+03 4.109463e-09
1.415000e+03 3.862757e-09
1.416000e+03 4.098167e-09
1.417000e+03 4.241968e-09
1.418000e+03 4.405565e-09
1.419000e+03 4.316323e-09
1.420000e+03 4.399349e-09
1.421000e+03 4.250714e-09
1.422000e+03 4.369403e-09
1.423000e+03 4.897181e-09
1.424000e+03 4.862087e-09
1.425000e+03 5.035710e-09
1.426000e+03 4.868334e-09
1.427000e+03 5.195907e-09
1.428000e+03 5.275732e-09
1.429000e+03 5.165632e-09
1.430000e+03 4.917290e-09
1.431000e+03 5.304830e-09
1.432000e+03 5.453348e-09
1.433000e+03 5.327258e-09
1.434000e+03 5.447126e-09
1.435000e+03 5.164594e-09
1.436000e+03 5.495085e-09
1.437000e+03 4.623886e-09
1.438000e+03 4.886319e-09
1.439000e+03 5.185706e-09
1.440000e+03 5.293575e-09
1.441000e+03 5.173351e-09
1.442000e+03 5.154391e-09
1.443000e+03 5.390418e-09
1.444000e+03 5.212892e-09
1.445000e+03 5.002831e-09
1.446000e+03 5.015769e-09
1.447000e+03 5.194604e-09
1.448000e+03 5.096752e-09
1.449000e+03 5.715296e-09
1.450000e+03 5.770892e-09
1.451000e+03 5.417187e-09
1.452000e+03 5.503214e-09
1.453000e+03 5.535268e-09
1.454000e+03 5.797860e-09
1.455000e+03 5.930936e-09
1.456000e+03 6.176032e-09
1.457000e+03 5.906329e-09
1.458000e+03 6.470113e-09
1.459000e+03 5.666845e-09
1.460000e+03 5.809785e-09
1.461000e+03 5.760544e-09
1.462000e+03 6.373666e-09
1.463000e+03 6.314651e-09
1.464000e+03 6.560160e-09
1.465000e+03 6.769244e-09
1.466000e+03 7.425520e-09
1.467000e+03 7.600864e-09
1.468000e+03 7.314633e-09
1.469000e+03 7.554108e-09
1.470000e+03 7.927718e-09
1.471000e+03 8.007766e-09
1.472000e+03 8.395537e-09
1.473000e+03 8.064750e-09
1.474000e+03 8.268095e-09
1.475000e+03 8.350760e-09
1.476000e+03 8.417259e-09
1.477000e+03 8.373894e-09
1.478000e+03 8.333308e-09
1.479000e+03 8.408278e-09
1.480000e+03 8.512614e-09
1.481000e+03 7.984198e-09
1.482000e+03 7.865223e-09
1.483000e+03 7.777251e-09
1.484000e+03 7.149320e-09
1.485000e+03 6.749440e-09
1.486000e+03 6.851497e-09
1.487000e+03 7.070811e-09
1.488000e+03 7.130167e-09
1.489000e+03 6.884237e-09
1.490000e+03 6.738386e-09
1.491000e+03 6.678186e-09
1.492000e+03 6.480226e-09
1.493000e+03 6.490217e-09
1.494000e+03 6.681566e-09
1.495000e+03 6.909688e-09
1.496000e+03 7.097797e-09
1.497000e+03 6.830605e-09
1.498000e+03 6.599230e-09
1.499000e+03 6.905638e-09
1.500000e+03 7.421311e-09
