Title ="THE FLUX ERR"
Variables=
iter
residual
1.000000e+00 8.191043e-04
2.000000e+00 1.005085e-03
3.000000e+00 5.397574e-04
4.000000e+00 6.398822e-04
5.000000e+00 3.498582e-04
6.000000e+00 6.534181e-04
7.000000e+00 3.282491e-04
8.000000e+00 1.525467e-04
9.000000e+00 7.736505e-05
1.000000e+01 6.227159e-05
1.100000e+01 3.472486e-05
1.200000e+01 5.201249e-05
1.300000e+01 7.678412e-05
1.400000e+01 6.653321e-06
1.500000e+01 1.098769e-04
1.600000e+01 1.300038e-04
1.700000e+01 1.105111e-04
1.800000e+01 3.320589e-05
1.900000e+01 9.866543e-05
2.000000e+01 2.229963e-05
2.100000e+01 1.207112e-05
2.200000e+01 7.098105e-06
2.300000e+01 8.470257e-06
2.400000e+01 5.230477e-05
2.500000e+01 6.214947e-06
2.600000e+01 4.111375e-05
2.700000e+01 3.308091e-05
2.800000e+01 2.802316e-05
2.900000e+01 2.541870e-05
3.000000e+01 2.270887e-05
3.100000e+01 1.778416e-05
3.200000e+01 1.519686e-05
3.300000e+01 1.399714e-05
3.400000e+01 1.861632e-05
3.500000e+01 1.683479e-05
3.600000e+01 1.440569e-05
3.700000e+01 1.277738e-05
3.800000e+01 9.497984e-06
3.900000e+01 9.946975e-06
4.000000e+01 9.148629e-06
4.100000e+01 8.098808e-06
4.200000e+01 1.241389e-05
4.300000e+01 7.019582e-06
4.400000e+01 9.151333e-06
4.500000e+01 4.679579e-05
4.600000e+01 8.183838e-06
4.700000e+01 4.647206e-05
4.800000e+01 4.766224e-05
4.900000e+01 7.737164e-06
5.000000e+01 4.354140e-05
5.100000e+01 9.668991e-06
5.200000e+01 4.395995e-05
5.300000e+01 4.349357e-05
5.400000e+01 3.529926e-05
5.500000e+01 3.813925e-05
5.600000e+01 3.825733e-05
5.700000e+01 3.795041e-05
5.800000e+01 3.226185e-05
5.900000e+01 3.212739e-05
6.000000e+01 3.174946e-05
6.100000e+01 3.253045e-05
6.200000e+01 3.150293e-05
6.300000e+01 3.236875e-05
6.400000e+01 3.045721e-05
6.500000e+01 2.982439e-05
6.600000e+01 3.005223e-05
6.700000e+01 3.525971e-05
6.800000e+01 3.337755e-05
6.900000e+01 3.174197e-05
7.000000e+01 3.339309e-05
7.100000e+01 3.709904e-05
7.200000e+01 3.386279e-05
7.300000e+01 3.368989e-05
7.400000e+01 3.217551e-05
7.500000e+01 3.224022e-05
7.600000e+01 3.454376e-05
7.700000e+01 3.435696e-05
7.800000e+01 3.650961e-05
7.900000e+01 3.506983e-05
8.000000e+01 3.244408e-05
8.100000e+01 3.401809e-05
8.200000e+01 3.628787e-05
8.300000e+01 3.362153e-05
8.400000e+01 2.861458e-05
8.500000e+01 3.114095e-05
8.600000e+01 3.401726e-05
8.700000e+01 3.070231e-05
8.800000e+01 2.960612e-05
8.900000e+01 2.665787e-05
9.000000e+01 3.052109e-05
9.100000e+01 2.808264e-05
9.200000e+01 2.741437e-05
9.300000e+01 2.977425e-05
9.400000e+01 2.891960e-05
9.500000e+01 2.919589e-05
9.600000e+01 2.728215e-05
9.700000e+01 2.639564e-05
9.800000e+01 2.456048e-05
9.900000e+01 2.578807e-05
1.000000e+02 2.449756e-05
1.010000e+02 2.336714e-05
1.020000e+02 2.383705e-05
1.030000e+02 2.355031e-05
1.040000e+02 2.111169e-05
1.050000e+02 2.015500e-05
1.060000e+02 2.269779e-05
1.070000e+02 2.100688e-05
1.080000e+02 1.922546e-05
1.090000e+02 1.964968e-05
1.100000e+02 1.730155e-05
1.110000e+02 1.862588e-05
1.120000e+02 1.963099e-05
1.130000e+02 1.795256e-05
1.140000e+02 1.738924e-05
1.150000e+02 1.676385e-05
1.160000e+02 1.568937e-05
1.170000e+02 1.705305e-05
1.180000e+02 1.564325e-05
1.190000e+02 1.649049e-05
1.200000e+02 1.523429e-05
1.210000e+02 1.532113e-05
1.220000e+02 1.561252e-05
1.230000e+02 1.409657e-05
1.240000e+02 1.448717e-05
1.250000e+02 1.382651e-05
1.260000e+02 1.242810e-05
1.270000e+02 1.266392e-05
1.280000e+02 1.299530e-05
1.290000e+02 1.337229e-05
1.300000e+02 1.299162e-05
1.310000e+02 1.259575e-05
1.320000e+02 1.217495e-05
1.330000e+02 1.179883e-05
1.340000e+02 1.282044e-05
1.350000e+02 1.295166e-05
1.360000e+02 1.311029e-05
1.370000e+02 1.319319e-05
1.380000e+02 1.300706e-05
1.390000e+02 1.232324e-05
1.400000e+02 1.327511e-05
1.410000e+02 1.373029e-05
1.420000e+02 1.248733e-05
1.430000e+02 1.321127e-05
1.440000e+02 1.445749e-05
1.450000e+02 1.256269e-05
1.460000e+02 1.199595e-05
1.470000e+02 1.284140e-05
1.480000e+02 1.332629e-05
1.490000e+02 1.286300e-05
1.500000e+02 1.344976e-05
1.510000e+02 1.424326e-05
1.520000e+02 1.310040e-05
1.530000e+02 1.342653e-05
1.540000e+02 1.245890e-05
1.550000e+02 1.317380e-05
1.560000e+02 1.295607e-05
1.570000e+02 1.166697e-05
1.580000e+02 1.181445e-05
1.590000e+02 1.176257e-05
1.600000e+02 1.168737e-05
1.610000e+02 1.280618e-05
1.620000e+02 1.280187e-05
1.630000e+02 1.247717e-05
1.640000e+02 1.336884e-05
1.650000e+02 1.225388e-05
1.660000e+02 1.265481e-05
1.670000e+02 1.126432e-05
1.680000e+02 1.229525e-05
1.690000e+02 1.148036e-05
1.700000e+02 1.242581e-05
1.710000e+02 1.268002e-05
1.720000e+02 1.228765e-05
1.730000e+02 1.274375e-05
1.740000e+02 1.211997e-05
1.750000e+02 1.247744e-05
1.760000e+02 1.254464e-05
1.770000e+02 1.142252e-05
1.780000e+02 1.132039e-05
1.790000e+02 1.087732e-05
1.800000e+02 1.110978e-05
1.810000e+02 1.120215e-05
1.820000e+02 1.090960e-05
1.830000e+02 1.129978e-05
1.840000e+02 1.101881e-05
1.850000e+02 9.858534e-06
1.860000e+02 1.016613e-05
1.870000e+02 9.691603e-06
1.880000e+02 1.087283e-05
1.890000e+02 1.146506e-05
1.900000e+02 1.111616e-05
1.910000e+02 1.036129e-05
1.920000e+02 1.029894e-05
1.930000e+02 8.949722e-06
1.940000e+02 9.774920e-06
1.950000e+02 1.067808e-05
1.960000e+02 1.072824e-05
1.970000e+02 1.086287e-05
1.980000e+02 8.726382e-06
1.990000e+02 9.490337e-06
2.000000e+02 9.537719e-06
2.010000e+02 1.061263e-05
2.020000e+02 8.909484e-06
2.030000e+02 1.137050e-05
2.040000e+02 9.184777e-06
2.050000e+02 1.088900e-05
2.060000e+02 1.117074e-05
2.070000e+02 9.894026e-06
2.080000e+02 9.869873e-06
2.090000e+02 9.818212e-06
2.100000e+02 1.860224e-06
2.110000e+02 9.100468e-06
2.120000e+02 9.434471e-06
2.130000e+02 1.014740e-05
2.140000e+02 9.665817e-06
2.150000e+02 9.068379e-06
2.160000e+02 9.411155e-06
2.170000e+02 1.473289e-06
2.180000e+02 9.746707e-06
2.190000e+02 1.866960e-06
2.200000e+02 9.685809e-06
2.210000e+02 9.909758e-06
2.220000e+02 9.649618e-06
2.230000e+02 8.806658e-06
2.240000e+02 9.175065e-06
2.250000e+02 8.506601e-06
2.260000e+02 8.855853e-06
2.270000e+02 9.293746e-06
2.280000e+02 8.937753e-06
2.290000e+02 8.479219e-06
2.300000e+02 8.053775e-06
2.310000e+02 8.190219e-06
2.320000e+02 8.103612e-06
2.330000e+02 8.058191e-06
2.340000e+02 8.082097e-06
2.350000e+02 7.539577e-06
2.360000e+02 7.687567e-06
2.370000e+02 7.265815e-06
2.380000e+02 7.965924e-06
2.390000e+02 7.923951e-06
2.400000e+02 7.509281e-06
2.410000e+02 7.077868e-06
2.420000e+02 7.495072e-06
2.430000e+02 8.235883e-06
2.440000e+02 8.294725e-06
2.450000e+02 8.155815e-06
2.460000e+02 7.795266e-06
2.470000e+02 8.145121e-06
2.480000e+02 8.118389e-06
2.490000e+02 7.839589e-06
2.500000e+02 7.715568e-06
2.510000e+02 8.107770e-06
2.520000e+02 7.683830e-06
2.530000e+02 8.110913e-06
2.540000e+02 8.268592e-06
2.550000e+02 7.981738e-06
2.560000e+02 8.671503e-06
2.570000e+02 7.615922e-06
2.580000e+02 7.942903e-06
2.590000e+02 7.848073e-06
2.600000e+02 8.113087e-06
2.610000e+02 7.766554e-06
2.620000e+02 8.233288e-06
2.630000e+02 8.704921e-06
2.640000e+02 7.705848e-06
2.650000e+02 7.793928e-06
2.660000e+02 8.312402e-06
2.670000e+02 8.088237e-06
2.680000e+02 8.003321e-06
2.690000e+02 8.377630e-06
2.700000e+02 7.813834e-06
2.710000e+02 8.240857e-06
2.720000e+02 8.594514e-06
2.730000e+02 2.369382e-06
2.740000e+02 7.992262e-06
2.750000e+02 2.328899e-06
2.760000e+02 8.073869e-06
2.770000e+02 2.382751e-06
2.780000e+02 7.635918e-06
2.790000e+02 2.563252e-06
2.800000e+02 7.466479e-06
2.810000e+02 7.843582e-06
2.820000e+02 7.762025e-06
2.830000e+02 2.075304e-06
2.840000e+02 2.204718e-06
2.850000e+02 7.239896e-06
2.860000e+02 7.922339e-06
2.870000e+02 1.711985e-06
2.880000e+02 8.089479e-06
2.890000e+02 7.875896e-06
2.900000e+02 7.716310e-06
2.910000e+02 7.646309e-06
2.920000e+02 7.513818e-06
2.930000e+02 7.277244e-06
2.940000e+02 8.150422e-06
2.950000e+02 7.448753e-06
2.960000e+02 7.686807e-06
2.970000e+02 8.213543e-06
2.980000e+02 8.394951e-06
2.990000e+02 7.466637e-06
3.000000e+02 7.807865e-06
3.010000e+02 7.739286e-06
3.020000e+02 8.070724e-06
3.030000e+02 7.866641e-06
3.040000e+02 8.191324e-06
3.050000e+02 7.786503e-06
3.060000e+02 7.761681e-06
3.070000e+02 7.337986e-06
3.080000e+02 7.191771e-06
3.090000e+02 7.242829e-06
3.100000e+02 7.221793e-06
3.110000e+02 6.924402e-06
3.120000e+02 7.094035e-06
3.130000e+02 7.441333e-06
3.140000e+02 6.964466e-06
3.150000e+02 6.795280e-06
3.160000e+02 7.583635e-06
3.170000e+02 7.441377e-06
3.180000e+02 7.511505e-06
3.190000e+02 7.855811e-06
3.200000e+02 8.095224e-06
3.210000e+02 7.166803e-06
3.220000e+02 7.449254e-06
3.230000e+02 7.859127e-06
3.240000e+02 7.823402e-06
3.250000e+02 8.099329e-06
3.260000e+02 8.333906e-06
3.270000e+02 7.402190e-06
3.280000e+02 7.131924e-06
3.290000e+02 7.293694e-06
3.300000e+02 6.559042e-06
3.310000e+02 7.104296e-06
3.320000e+02 7.315445e-06
3.330000e+02 6.583177e-06
3.340000e+02 7.440589e-06
3.350000e+02 7.509450e-06
3.360000e+02 7.106323e-06
3.370000e+02 7.015433e-06
3.380000e+02 6.945764e-06
3.390000e+02 7.116784e-06
3.400000e+02 7.099132e-06
3.410000e+02 6.526808e-06
3.420000e+02 6.230823e-06
3.430000e+02 6.163591e-06
3.440000e+02 7.270033e-06
3.450000e+02 7.130726e-06
3.460000e+02 6.368796e-06
3.470000e+02 6.263080e-06
3.480000e+02 6.246710e-06
3.490000e+02 6.357174e-06
3.500000e+02 6.000982e-06
3.510000e+02 6.369971e-06
3.520000e+02 5.919603e-06
3.530000e+02 6.198726e-06
3.540000e+02 6.533379e-06
3.550000e+02 6.855172e-06
3.560000e+02 6.217668e-06
3.570000e+02 5.987697e-06
3.580000e+02 6.349763e-06
3.590000e+02 6.879282e-06
3.600000e+02 6.517478e-06
3.610000e+02 6.413545e-06
3.620000e+02 5.616803e-06
3.630000e+02 5.723156e-06
3.640000e+02 5.689074e-06
3.650000e+02 5.381846e-06
3.660000e+02 5.622591e-06
3.670000e+02 5.596197e-06
3.680000e+02 5.033785e-06
3.690000e+02 5.807176e-06
3.700000e+02 5.399272e-06
3.710000e+02 5.516618e-06
3.720000e+02 5.719978e-06
3.730000e+02 5.520355e-06
3.740000e+02 5.791926e-06
3.750000e+02 5.675185e-06
3.760000e+02 5.812071e-06
3.770000e+02 5.377637e-06
3.780000e+02 5.582541e-06
3.790000e+02 5.785910e-06
3.800000e+02 5.843120e-06
3.810000e+02 5.769252e-06
3.820000e+02 6.097879e-06
3.830000e+02 5.467779e-06
3.840000e+02 5.087498e-06
3.850000e+02 5.052494e-06
3.860000e+02 5.332466e-06
3.870000e+02 5.202257e-06
3.880000e+02 5.003809e-06
3.890000e+02 5.223387e-06
3.900000e+02 5.692334e-06
3.910000e+02 5.019673e-06
3.920000e+02 5.111243e-06
3.930000e+02 4.861575e-06
3.940000e+02 4.947726e-06
3.950000e+02 4.896071e-06
3.960000e+02 5.106731e-06
3.970000e+02 5.065132e-06
3.980000e+02 5.142915e-06
3.990000e+02 4.769100e-06
4.000000e+02 4.996864e-06
4.010000e+02 5.120945e-06
4.020000e+02 4.462429e-06
4.030000e+02 4.748910e-06
4.040000e+02 4.419540e-06
4.050000e+02 4.758214e-06
4.060000e+02 4.883506e-06
4.070000e+02 4.914346e-06
4.080000e+02 4.669658e-06
4.090000e+02 4.709257e-06
4.100000e+02 4.967730e-06
4.110000e+02 4.644384e-06
4.120000e+02 4.367180e-06
4.130000e+02 4.655553e-06
4.140000e+02 4.380496e-06
4.150000e+02 4.423633e-06
4.160000e+02 4.711901e-06
4.170000e+02 4.536997e-06
4.180000e+02 4.446500e-06
4.190000e+02 4.520908e-06
4.200000e+02 4.261333e-06
4.210000e+02 4.238598e-06
4.220000e+02 4.306581e-06
4.230000e+02 4.315041e-06
4.240000e+02 3.600191e-06
4.250000e+02 3.684548e-06
4.260000e+02 3.927280e-06
4.270000e+02 4.146535e-06
4.280000e+02 3.739038e-06
4.290000e+02 3.691586e-06
4.300000e+02 3.733026e-06
4.310000e+02 3.539056e-06
4.320000e+02 3.288583e-06
4.330000e+02 3.530562e-06
4.340000e+02 3.588870e-06
4.350000e+02 3.565923e-06
4.360000e+02 3.550661e-06
4.370000e+02 3.661821e-06
4.380000e+02 3.846778e-06
4.390000e+02 3.842424e-06
4.400000e+02 3.832779e-06
4.410000e+02 3.448962e-06
4.420000e+02 3.640679e-06
4.430000e+02 3.546436e-06
4.440000e+02 3.608993e-06
4.450000e+02 3.480625e-06
4.460000e+02 3.490954e-06
4.470000e+02 3.477856e-06
4.480000e+02 3.445609e-06
4.490000e+02 3.103427e-06
4.500000e+02 3.003333e-06
4.510000e+02 3.275184e-06
4.520000e+02 3.278099e-06
4.530000e+02 3.256305e-06
4.540000e+02 3.133311e-06
4.550000e+02 3.136492e-06
4.560000e+02 3.038546e-06
4.570000e+02 3.125546e-06
4.580000e+02 3.100579e-06
4.590000e+02 2.703006e-06
4.600000e+02 2.630607e-06
4.610000e+02 2.653201e-06
4.620000e+02 2.851419e-06
4.630000e+02 2.772209e-06
4.640000e+02 2.721381e-06
4.650000e+02 2.716040e-06
4.660000e+02 2.639682e-06
4.670000e+02 2.780830e-06
4.680000e+02 2.566150e-06
4.690000e+02 2.643127e-06
4.700000e+02 2.863932e-06
4.710000e+02 2.683076e-06
4.720000e+02 2.572382e-06
4.730000e+02 2.774239e-06
4.740000e+02 2.510624e-06
4.750000e+02 2.541091e-06
4.760000e+02 2.520618e-06
4.770000e+02 2.623112e-06
4.780000e+02 2.574874e-06
4.790000e+02 2.588556e-06
4.800000e+02 2.617363e-06
4.810000e+02 2.551248e-06
4.820000e+02 2.502771e-06
4.830000e+02 2.784383e-06
4.840000e+02 2.762269e-06
4.850000e+02 2.716136e-06
4.860000e+02 2.806781e-06
4.870000e+02 2.885064e-06
4.880000e+02 2.806907e-06
4.890000e+02 2.769037e-06
4.900000e+02 2.783002e-06
4.910000e+02 2.555882e-06
4.920000e+02 2.607654e-06
4.930000e+02 2.568586e-06
4.940000e+02 2.611455e-06
4.950000e+02 2.546933e-06
4.960000e+02 2.454289e-06
4.970000e+02 2.464389e-06
4.980000e+02 2.704372e-06
4.990000e+02 2.653376e-06
5.000000e+02 2.624128e-06
5.010000e+02 2.634327e-06
5.020000e+02 2.684795e-06
5.030000e+02 2.607751e-06
5.040000e+02 2.481069e-06
5.050000e+02 2.633582e-06
5.060000e+02 2.848924e-06
5.070000e+02 2.484426e-06
5.080000e+02 2.368020e-06
5.090000e+02 2.466726e-06
5.100000e+02 2.548031e-06
5.110000e+02 2.760834e-06
5.120000e+02 2.937472e-06
5.130000e+02 2.471881e-06
5.140000e+02 2.335045e-06
5.150000e+02 2.355138e-06
5.160000e+02 2.339607e-06
5.170000e+02 2.532285e-06
5.180000e+02 2.233934e-06
5.190000e+02 2.511241e-06
5.200000e+02 2.459033e-06
5.210000e+02 2.412182e-06
5.220000e+02 2.223260e-06
5.230000e+02 2.306982e-06
5.240000e+02 2.314217e-06
5.250000e+02 2.295751e-06
5.260000e+02 2.172900e-06
5.270000e+02 2.213870e-06
5.280000e+02 2.475481e-06
5.290000e+02 2.349292e-06
5.300000e+02 2.148394e-06
5.310000e+02 2.149716e-06
5.320000e+02 2.276387e-06
5.330000e+02 2.166898e-06
5.340000e+02 1.987727e-06
5.350000e+02 2.048699e-06
5.360000e+02 2.051942e-06
5.370000e+02 2.089332e-06
5.380000e+02 2.131076e-06
5.390000e+02 2.077006e-06
5.400000e+02 2.018021e-06
5.410000e+02 1.848716e-06
5.420000e+02 1.865310e-06
5.430000e+02 1.984221e-06
5.440000e+02 2.079967e-06
5.450000e+02 1.957841e-06
5.460000e+02 1.849876e-06
5.470000e+02 1.806928e-06
5.480000e+02 1.859539e-06
5.490000e+02 1.875096e-06
5.500000e+02 1.861812e-06
5.510000e+02 1.913140e-06
5.520000e+02 1.837356e-06
5.530000e+02 1.938680e-06
5.540000e+02 1.902516e-06
5.550000e+02 1.935202e-06
5.560000e+02 1.980939e-06
5.570000e+02 1.844367e-06
5.580000e+02 1.837228e-06
5.590000e+02 1.864620e-06
5.600000e+02 1.883983e-06
5.610000e+02 1.934043e-06
5.620000e+02 1.886100e-06
5.630000e+02 1.897803e-06
5.640000e+02 1.863874e-06
5.650000e+02 1.727106e-06
5.660000e+02 1.764912e-06
5.670000e+02 1.773257e-06
5.680000e+02 1.893825e-06
5.690000e+02 1.870936e-06
5.700000e+02 1.839638e-06
5.710000e+02 1.784776e-06
5.720000e+02 1.778228e-06
5.730000e+02 1.636711e-06
5.740000e+02 1.717853e-06
5.750000e+02 1.727952e-06
5.760000e+02 1.665131e-06
5.770000e+02 1.584982e-06
5.780000e+02 1.613024e-06
5.790000e+02 1.684271e-06
5.800000e+02 1.561109e-06
5.810000e+02 1.556598e-06
5.820000e+02 1.548186e-06
5.830000e+02 1.501291e-06
5.840000e+02 1.614051e-06
5.850000e+02 1.541573e-06
5.860000e+02 1.654351e-06
5.870000e+02 1.535754e-06
5.880000e+02 1.525630e-06
5.890000e+02 1.497356e-06
5.900000e+02 1.529376e-06
5.910000e+02 1.493579e-06
5.920000e+02 1.518685e-06
5.930000e+02 1.401609e-06
5.940000e+02 1.461435e-06
5.950000e+02 1.410962e-06
5.960000e+02 1.360609e-06
5.970000e+02 1.385018e-06
5.980000e+02 1.363947e-06
5.990000e+02 1.407589e-06
6.000000e+02 1.406711e-06
6.010000e+02 1.382038e-06
6.020000e+02 1.310155e-06
6.030000e+02 1.351589e-06
6.040000e+02 1.342413e-06
6.050000e+02 1.414329e-06
6.060000e+02 1.307263e-06
6.070000e+02 1.273860e-06
6.080000e+02 1.319344e-06
6.090000e+02 1.279923e-06
6.100000e+02 1.322781e-06
6.110000e+02 1.317688e-06
6.120000e+02 1.376981e-06
6.130000e+02 1.390999e-06
6.140000e+02 1.425867e-06
6.150000e+02 1.366307e-06
6.160000e+02 1.330014e-06
6.170000e+02 1.310728e-06
6.180000e+02 1.437406e-06
6.190000e+02 1.375246e-06
6.200000e+02 1.396550e-06
6.210000e+02 1.355995e-06
6.220000e+02 1.426138e-06
6.230000e+02 1.508241e-06
6.240000e+02 1.497091e-06
6.250000e+02 1.457989e-06
6.260000e+02 1.558934e-06
6.270000e+02 1.518340e-06
6.280000e+02 1.624858e-06
6.290000e+02 1.502263e-06
6.300000e+02 1.586800e-06
6.310000e+02 1.429257e-06
6.320000e+02 1.557680e-06
6.330000e+02 1.551979e-06
6.340000e+02 1.504059e-06
6.350000e+02 1.508770e-06
6.360000e+02 1.503654e-06
6.370000e+02 1.508402e-06
6.380000e+02 1.607596e-06
6.390000e+02 1.578418e-06
6.400000e+02 1.476585e-06
6.410000e+02 1.538694e-06
6.420000e+02 1.420146e-06
6.430000e+02 1.411964e-06
6.440000e+02 1.364466e-06
6.450000e+02 1.355915e-06
6.460000e+02 1.461499e-06
6.470000e+02 1.444202e-06
6.480000e+02 1.464072e-06
6.490000e+02 1.391899e-06
6.500000e+02 1.440082e-06
6.510000e+02 1.415612e-06
6.520000e+02 1.347949e-06
6.530000e+02 1.280939e-06
6.540000e+02 1.292832e-06
6.550000e+02 1.404842e-06
6.560000e+02 1.403205e-06
6.570000e+02 1.267534e-06
6.580000e+02 1.181132e-06
6.590000e+02 1.185210e-06
6.600000e+02 1.198917e-06
6.610000e+02 1.192481e-06
6.620000e+02 1.180914e-06
6.630000e+02 1.152212e-06
6.640000e+02 1.217716e-06
6.650000e+02 1.203187e-06
6.660000e+02 1.227037e-06
6.670000e+02 1.138911e-06
6.680000e+02 1.142017e-06
6.690000e+02 1.108934e-06
6.700000e+02 1.153383e-06
6.710000e+02 1.184891e-06
6.720000e+02 1.182629e-06
6.730000e+02 1.148794e-06
6.740000e+02 1.121696e-06
6.750000e+02 1.116762e-06
6.760000e+02 1.100319e-06
6.770000e+02 1.045655e-06
6.780000e+02 1.009732e-06
6.790000e+02 9.813023e-07
6.800000e+02 1.014666e-06
6.810000e+02 9.636255e-07
6.820000e+02 9.365260e-07
6.830000e+02 9.708889e-07
6.840000e+02 9.069245e-07
6.850000e+02 9.428852e-07
6.860000e+02 1.056571e-06
6.870000e+02 1.075187e-06
6.880000e+02 1.064922e-06
6.890000e+02 1.013923e-06
6.900000e+02 9.807326e-07
6.910000e+02 9.607992e-07
6.920000e+02 9.237493e-07
6.930000e+02 9.338826e-07
6.940000e+02 9.575616e-07
6.950000e+02 9.090953e-07
6.960000e+02 9.374979e-07
6.970000e+02 1.556092e-06
6.980000e+02 1.812004e-06
6.990000e+02 6.430100e-07
7.000000e+02 2.166252e-06
7.010000e+02 2.228846e-06
7.020000e+02 3.727085e-07
7.030000e+02 2.087354e-06
7.040000e+02 3.505318e-07
7.050000e+02 7.575838e-07
7.060000e+02 6.121787e-07
7.070000e+02 7.502036e-07
7.080000e+02 5.965339e-07
7.090000e+02 1.023829e-06
7.100000e+02 5.101809e-07
7.110000e+02 4.570502e-07
7.120000e+02 5.721553e-07
7.130000e+02 8.670108e-07
7.140000e+02 4.881708e-07
7.150000e+02 9.239649e-07
7.160000e+02 3.569657e-07
7.170000e+02 5.587206e-07
7.180000e+02 4.775607e-07
7.190000e+02 3.944700e-07
7.200000e+02 3.803894e-07
7.210000e+02 9.534446e-07
7.220000e+02 5.802362e-07
7.230000e+02 8.954456e-07
7.240000e+02 5.860019e-07
7.250000e+02 4.382405e-07
7.260000e+02 8.937207e-07
7.270000e+02 3.816091e-07
7.280000e+02 7.263045e-07
7.290000e+02 4.263494e-07
7.300000e+02 8.430440e-07
7.310000e+02 3.834569e-07
7.320000e+02 3.697344e-07
7.330000e+02 1.028850e-06
7.340000e+02 4.064290e-07
7.350000e+02 8.817417e-07
7.360000e+02 3.704012e-07
7.370000e+02 6.519747e-07
7.380000e+02 3.617138e-07
7.390000e+02 2.722953e-07
7.400000e+02 8.797886e-07
7.410000e+02 3.953164e-07
7.420000e+02 1.019554e-06
7.430000e+02 4.173874e-07
7.440000e+02 9.339921e-07
7.450000e+02 4.288542e-07
7.460000e+02 8.979617e-07
7.470000e+02 5.388264e-07
7.480000e+02 3.811217e-07
7.490000e+02 8.577555e-07
7.500000e+02 4.673959e-07
7.510000e+02 1.000339e-06
7.520000e+02 3.949270e-07
7.530000e+02 7.072376e-07
7.540000e+02 3.839225e-07
7.550000e+02 8.179350e-07
7.560000e+02 4.845141e-07
7.570000e+02 8.305309e-07
7.580000e+02 5.187129e-07
7.590000e+02 5.178677e-07
7.600000e+02 3.841543e-07
7.610000e+02 7.091711e-07
7.620000e+02 3.204014e-07
7.630000e+02 2.995679e-07
7.640000e+02 6.284314e-07
7.650000e+02 2.161361e-06
7.660000e+02 3.992631e-07
7.670000e+02 4.054034e-07
7.680000e+02 6.362321e-07
7.690000e+02 2.560221e-07
7.700000e+02 4.841473e-07
7.710000e+02 3.748323e-07
7.720000e+02 2.113680e-06
7.730000e+02 1.347393e-06
7.740000e+02 2.013425e-06
7.750000e+02 1.427696e-06
7.760000e+02 1.712000e-06
7.770000e+02 4.079707e-07
7.780000e+02 2.044416e-06
7.790000e+02 5.197978e-07
7.800000e+02 2.025834e-06
7.810000e+02 1.326707e-06
7.820000e+02 3.850657e-07
7.830000e+02 2.183183e-06
7.840000e+02 1.131364e-06
7.850000e+02 1.546205e-06
7.860000e+02 1.252876e-06
7.870000e+02 1.746099e-06
7.880000e+02 1.249470e-06
7.890000e+02 4.621954e-07
7.900000e+02 4.514621e-07
7.910000e+02 1.415043e-06
7.920000e+02 1.888458e-06
7.930000e+02 1.031986e-06
7.940000e+02 3.945584e-07
7.950000e+02 4.503874e-07
7.960000e+02 1.386626e-06
7.970000e+02 1.720673e-06
7.980000e+02 1.053794e-06
7.990000e+02 1.220296e-06
8.000000e+02 1.761701e-06
8.010000e+02 9.387808e-07
8.020000e+02 1.169362e-06
8.030000e+02 1.894927e-06
8.040000e+02 8.262574e-07
8.050000e+02 1.104879e-06
8.060000e+02 1.925021e-06
8.070000e+02 8.720571e-07
8.080000e+02 1.003102e-06
8.090000e+02 9.097616e-07
8.100000e+02 1.936902e-06
8.110000e+02 5.306295e-07
8.120000e+02 7.470345e-07
8.130000e+02 1.718930e-06
8.140000e+02 7.892239e-07
8.150000e+02 9.239854e-07
8.160000e+02 7.864971e-07
8.170000e+02 1.984743e-06
8.180000e+02 6.642714e-07
8.190000e+02 8.585966e-07
8.200000e+02 6.458486e-07
8.210000e+02 1.628596e-06
8.220000e+02 7.112700e-07
8.230000e+02 7.565751e-07
8.240000e+02 6.845726e-07
8.250000e+02 6.164283e-07
8.260000e+02 5.076382e-07
8.270000e+02 7.587787e-07
8.280000e+02 7.089179e-07
8.290000e+02 6.263351e-07
8.300000e+02 5.288928e-07
8.310000e+02 5.660574e-07
8.320000e+02 7.797698e-07
8.330000e+02 7.958496e-07
8.340000e+02 7.086980e-07
8.350000e+02 5.268511e-07
8.360000e+02 5.421475e-07
8.370000e+02 6.753956e-07
8.380000e+02 6.644763e-07
8.390000e+02 5.210827e-07
8.400000e+02 4.462886e-07
8.410000e+02 3.836558e-07
8.420000e+02 5.468380e-07
8.430000e+02 6.518864e-07
8.440000e+02 5.964843e-07
8.450000e+02 4.830193e-07
8.460000e+02 3.965533e-07
8.470000e+02 3.336685e-07
8.480000e+02 5.732540e-07
8.490000e+02 6.236488e-07
8.500000e+02 6.396022e-07
8.510000e+02 5.689248e-07
8.520000e+02 4.460918e-07
8.530000e+02 3.369687e-07
8.540000e+02 2.826998e-07
8.550000e+02 4.483373e-07
8.560000e+02 4.817659e-07
8.570000e+02 4.898378e-07
8.580000e+02 4.157680e-07
8.590000e+02 3.807525e-07
8.600000e+02 2.967958e-07
8.610000e+02 2.390943e-07
8.620000e+02 6.548221e-07
8.630000e+02 5.326951e-07
8.640000e+02 5.383814e-07
8.650000e+02 4.787131e-07
8.660000e+02 3.881966e-07
8.670000e+02 2.771108e-07
8.680000e+02 2.247295e-07
8.690000e+02 1.886366e-07
8.700000e+02 4.906899e-07
8.710000e+02 5.116255e-07
8.720000e+02 4.516227e-07
8.730000e+02 3.954416e-07
8.740000e+02 3.373233e-07
8.750000e+02 2.919632e-07
8.760000e+02 2.410678e-07
8.770000e+02 1.979533e-07
8.780000e+02 1.645660e-07
8.790000e+02 1.410952e-07
8.800000e+02 4.168538e-07
8.810000e+02 4.549928e-07
8.820000e+02 4.138213e-07
8.830000e+02 3.494654e-07
8.840000e+02 2.913864e-07
8.850000e+02 2.421352e-07
8.860000e+02 2.027922e-07
8.870000e+02 1.629819e-07
8.880000e+02 1.397618e-07
8.890000e+02 1.232133e-07
8.900000e+02 1.058795e-07
8.910000e+02 3.714434e-07
8.920000e+02 4.418069e-07
8.930000e+02 4.141967e-07
8.940000e+02 3.179790e-07
8.950000e+02 2.632315e-07
8.960000e+02 2.387737e-07
8.970000e+02 2.032322e-07
8.980000e+02 1.773926e-07
8.990000e+02 1.520679e-07
9.000000e+02 1.289994e-07
9.010000e+02 1.143122e-07
9.020000e+02 9.174210e-08
9.030000e+02 7.661580e-08
9.040000e+02 6.536612e-08
9.050000e+02 5.444627e-08
9.060000e+02 4.905391e-07
9.070000e+02 3.858720e-07
9.080000e+02 4.079784e-07
9.090000e+02 3.608615e-07
9.100000e+02 3.022214e-07
9.110000e+02 2.471812e-07
9.120000e+02 2.031682e-07
9.130000e+02 1.635430e-07
9.140000e+02 1.294603e-07
9.150000e+02 1.119943e-07
9.160000e+02 1.009815e-07
9.170000e+02 8.054515e-08
9.180000e+02 6.493862e-08
9.190000e+02 5.590206e-08
9.200000e+02 4.612764e-08
9.210000e+02 3.865591e-08
9.220000e+02 3.423957e-08
9.230000e+02 2.803910e-08
9.240000e+02 2.394651e-08
9.250000e+02 2.249359e-08
9.260000e+02 1.888556e-08
9.270000e+02 1.683531e-08
9.280000e+02 1.633111e-08
9.290000e+02 1.408254e-08
9.300000e+02 5.146236e-07
9.310000e+02 3.617220e-07
9.320000e+02 3.109344e-07
9.330000e+02 2.696295e-07
9.340000e+02 2.365914e-07
9.350000e+02 1.958258e-07
9.360000e+02 1.590249e-07
9.370000e+02 1.311588e-07
9.380000e+02 1.055870e-07
9.390000e+02 8.477842e-08
9.400000e+02 7.199351e-08
9.410000e+02 5.920395e-08
9.420000e+02 4.957981e-08
9.430000e+02 4.341811e-08
9.440000e+02 3.520173e-08
9.450000e+02 2.931951e-08
9.460000e+02 2.669045e-08
9.470000e+02 2.151763e-08
9.480000e+02 1.787611e-08
9.490000e+02 1.686548e-08
9.500000e+02 1.337833e-08
9.510000e+02 1.123437e-08
9.520000e+02 1.117747e-08
9.530000e+02 9.346772e-09
9.540000e+02 8.280783e-09
9.550000e+02 8.515931e-09
9.560000e+02 7.320429e-09
9.570000e+02 6.752812e-09
9.580000e+02 6.954830e-09
9.590000e+02 6.400688e-09
9.600000e+02 5.987233e-09
9.610000e+02 6.301758e-09
9.620000e+02 6.307791e-09
9.630000e+02 6.103394e-09
9.640000e+02 5.878734e-09
9.650000e+02 5.327671e-09
9.660000e+02 5.136931e-09
9.670000e+02 5.255544e-09
9.680000e+02 5.180770e-09
9.690000e+02 5.072137e-09
9.700000e+02 4.764415e-09
9.710000e+02 4.686802e-09
9.720000e+02 4.707027e-09
9.730000e+02 4.671212e-09
9.740000e+02 4.530834e-09
9.750000e+02 4.402125e-09
9.760000e+02 4.258449e-09
9.770000e+02 4.137337e-09
9.780000e+02 4.062531e-09
9.790000e+02 3.944371e-09
9.800000e+02 4.140251e-09
9.810000e+02 4.073921e-09
9.820000e+02 3.717402e-09
9.830000e+02 4.243355e-09
9.840000e+02 4.208700e-09
9.850000e+02 3.525357e-09
9.860000e+02 3.673782e-09
9.870000e+02 3.628779e-09
9.880000e+02 3.365561e-09
9.890000e+02 3.535374e-09
9.900000e+02 3.817808e-09
9.910000e+02 2.851090e-09
9.920000e+02 3.337897e-09
9.930000e+02 3.348305e-09
9.940000e+02 2.880005e-09
9.950000e+02 3.456430e-09
9.960000e+02 3.653378e-09
9.970000e+02 3.028263e-09
9.980000e+02 3.583268e-09
9.990000e+02 3.663248e-09
1.000000e+03 2.769387e-09
1.001000e+03 3.472889e-09
1.002000e+03 3.656150e-09
1.003000e+03 2.923539e-09
1.004000e+03 3.756385e-09
1.005000e+03 3.922551e-09
1.006000e+03 2.750132e-09
1.007000e+03 3.355326e-09
1.008000e+03 3.465142e-09
1.009000e+03 2.654311e-09
1.010000e+03 3.342712e-09
1.011000e+03 3.656516e-09
1.012000e+03 2.434265e-09
1.013000e+03 3.116117e-09
1.014000e+03 3.330961e-09
1.015000e+03 2.391241e-09
1.016000e+03 3.330082e-09
1.017000e+03 3.414220e-09
1.018000e+03 2.331620e-09
1.019000e+03 3.022042e-09
1.020000e+03 3.161916e-09
1.021000e+03 2.222235e-09
1.022000e+03 2.941866e-09
1.023000e+03 3.154262e-09
1.024000e+03 2.180154e-09
1.025000e+03 3.515255e-09
1.026000e+03 3.602359e-09
1.027000e+03 2.168192e-09
1.028000e+03 2.701988e-09
1.029000e+03 2.884667e-09
1.030000e+03 1.954998e-09
1.031000e+03 2.713751e-09
1.032000e+03 3.084367e-09
1.033000e+03 1.834119e-09
1.034000e+03 2.504068e-09
1.035000e+03 2.715045e-09
1.036000e+03 2.931020e-09
1.037000e+03 2.668492e-09
1.038000e+03 2.808503e-09
1.039000e+03 3.344956e-09
1.040000e+03 2.345401e-09
1.041000e+03 2.534200e-09
1.042000e+03 2.634752e-10
1.043000e+03 2.310754e-09
1.044000e+03 2.593347e-09
1.045000e+03 2.067518e-09
1.046000e+03 2.526817e-09
1.047000e+03 2.625898e-09
1.048000e+03 2.975712e-09
1.049000e+03 2.003503e-09
1.050000e+03 2.202646e-09
1.051000e+03 1.624525e-09
1.052000e+03 2.121854e-09
1.053000e+03 2.477250e-09
1.054000e+03 1.571246e-09
1.055000e+03 1.862240e-09
1.056000e+03 3.754725e-09
1.057000e+03 1.985076e-09
1.058000e+03 2.380446e-09
1.059000e+03 1.929899e-09
1.060000e+03 1.631573e-09
1.061000e+03 3.121757e-09
1.062000e+03 1.918630e-09
1.063000e+03 1.845680e-09
1.064000e+03 1.463723e-09
1.065000e+03 1.638306e-09
1.066000e+03 2.098189e-09
1.067000e+03 2.149879e-09
1.068000e+03 1.981508e-09
1.069000e+03 1.988576e-09
1.070000e+03 1.382755e-09
1.071000e+03 1.507519e-09
1.072000e+03 1.690161e-09
1.073000e+03 2.645819e-09
1.074000e+03 1.850886e-09
1.075000e+03 1.712209e-09
1.076000e+03 1.306159e-09
1.077000e+03 1.500571e-09
1.078000e+03 1.792480e-09
1.079000e+03 1.436681e-09
1.080000e+03 1.653713e-09
1.081000e+03 1.593666e-09
1.082000e+03 1.323590e-09
1.083000e+03 1.326061e-09
1.084000e+03 4.750607e-10
1.085000e+03 1.510581e-09
1.086000e+03 1.469652e-09
1.087000e+03 1.702605e-09
1.088000e+03 1.623991e-09
1.089000e+03 1.643371e-09
1.090000e+03 1.660268e-09
1.091000e+03 1.172712e-09
1.092000e+03 1.353232e-09
1.093000e+03 1.450648e-09
1.094000e+03 1.219226e-09
1.095000e+03 1.566580e-09
1.096000e+03 1.935631e-09
1.097000e+03 1.088125e-09
1.098000e+03 1.222793e-09
1.099000e+03 1.756131e-09
1.100000e+03 1.309360e-09
1.101000e+03 1.706756e-09
1.102000e+03 3.507976e-09
1.103000e+03 1.075598e-09
1.104000e+03 1.081057e-09
1.105000e+03 1.470752e-09
1.106000e+03 1.365850e-09
1.107000e+03 1.078638e-09
1.108000e+03 3.716297e-09
1.109000e+03 1.570939e-09
1.110000e+03 1.685583e-09
1.111000e+03 2.745490e-09
1.112000e+03 1.341722e-09
1.113000e+03 1.109037e-09
1.114000e+03 1.345010e-09
1.115000e+03 7.490628e-10
1.116000e+03 7.765007e-10
1.117000e+03 1.300967e-09
1.118000e+03 7.308146e-10
1.119000e+03 7.525670e-10
1.120000e+03 1.629669e-09
1.121000e+03 9.982230e-10
1.122000e+03 7.391019e-10
1.123000e+03 1.294938e-09
1.124000e+03 3.697239e-09
1.125000e+03 9.793482e-10
1.126000e+03 1.245677e-09
1.127000e+03 7.325874e-10
1.128000e+03 7.696667e-10
1.129000e+03 1.266323e-09
1.130000e+03 1.090012e-09
1.131000e+03 8.090396e-10
1.132000e+03 1.320873e-09
1.133000e+03 6.804607e-10
1.134000e+03 7.540405e-10
1.135000e+03 1.269270e-09
1.136000e+03 7.322802e-10
1.137000e+03 7.604977e-10
1.138000e+03 1.257706e-09
1.139000e+03 1.156797e-09
1.140000e+03 8.693530e-10
1.141000e+03 1.274030e-09
1.142000e+03 7.209988e-10
1.143000e+03 7.534625e-10
1.144000e+03 1.273162e-09
1.145000e+03 6.794081e-10
1.146000e+03 7.589159e-10
1.147000e+03 1.272335e-09
1.148000e+03 7.183119e-10
1.149000e+03 7.644278e-10
1.150000e+03 1.253981e-09
1.151000e+03 7.007828e-10
1.152000e+03 8.189401e-10
1.153000e+03 1.321336e-09
1.154000e+03 6.788421e-10
1.155000e+03 7.628053e-10
1.156000e+03 1.816856e-09
1.157000e+03 7.396693e-10
1.158000e+03 7.616610e-10
1.159000e+03 1.276281e-09
1.160000e+03 7.445173e-10
1.161000e+03 7.784971e-10
1.162000e+03 1.268436e-09
1.163000e+03 7.344479e-10
1.164000e+03 7.549975e-10
1.165000e+03 1.293784e-09
1.166000e+03 7.085623e-10
1.167000e+03 7.600361e-10
1.168000e+03 1.292373e-09
1.169000e+03 6.758171e-10
1.170000e+03 7.520124e-10
1.171000e+03 1.855239e-09
1.172000e+03 6.832841e-10
1.173000e+03 8.047126e-10
1.174000e+03 1.326720e-09
1.175000e+03 6.731497e-10
1.176000e+03 7.560468e-10
1.177000e+03 1.288260e-09
1.178000e+03 7.218985e-10
1.179000e+03 7.576093e-10
1.180000e+03 1.290591e-09
1.181000e+03 6.693835e-10
1.182000e+03 7.576064e-10
1.183000e+03 1.252824e-09
1.184000e+03 7.423665e-10
1.185000e+03 7.767703e-10
1.186000e+03 1.269387e-09
1.187000e+03 7.118039e-10
1.188000e+03 7.593466e-10
1.189000e+03 1.303464e-09
1.190000e+03 7.096628e-10
1.191000e+03 7.481932e-10
1.192000e+03 1.269021e-09
1.193000e+03 6.698054e-10
1.194000e+03 7.955946e-10
1.195000e+03 1.277772e-09
1.196000e+03 7.151418e-10
1.197000e+03 7.648332e-10
1.198000e+03 1.258767e-09
1.199000e+03 7.193578e-10
1.200000e+03 7.800697e-10
1.201000e+03 1.308516e-09
1.202000e+03 6.727998e-10
1.203000e+03 7.550037e-10
1.204000e+03 1.274386e-09
1.205000e+03 6.880417e-10
1.206000e+03 7.515390e-10
1.207000e+03 1.252889e-09
1.208000e+03 7.201117e-10
1.209000e+03 7.656139e-10
1.210000e+03 1.275435e-09
1.211000e+03 6.801539e-10
1.212000e+03 7.663842e-10
1.213000e+03 1.285608e-09
1.214000e+03 7.304214e-10
1.215000e+03 8.207596e-10
1.216000e+03 1.325945e-09
1.217000e+03 6.605272e-10
1.218000e+03 7.540352e-10
1.219000e+03 1.248834e-09
1.220000e+03 7.133555e-10
1.221000e+03 7.686180e-10
1.222000e+03 1.288329e-09
1.223000e+03 7.423476e-10
1.224000e+03 7.630546e-10
1.225000e+03 1.301379e-09
1.226000e+03 7.164480e-10
1.227000e+03 7.379177e-10
1.228000e+03 1.269112e-09
1.229000e+03 6.799845e-10
1.230000e+03 7.786023e-10
1.231000e+03 1.262888e-09
1.232000e+03 7.258343e-10
1.233000e+03 7.481275e-10
1.234000e+03 1.284809e-09
1.235000e+03 6.898400e-10
1.236000e+03 7.825363e-10
1.237000e+03 1.326005e-09
1.238000e+03 7.137787e-10
1.239000e+03 7.503881e-10
1.240000e+03 1.262947e-09
1.241000e+03 6.794155e-10
1.242000e+03 7.596637e-10
1.243000e+03 1.270472e-09
1.244000e+03 7.072872e-10
1.245000e+03 7.675589e-10
1.246000e+03 1.270082e-09
1.247000e+03 7.404066e-10
1.248000e+03 7.593319e-10
1.249000e+03 1.281527e-09
1.250000e+03 7.081940e-10
1.251000e+03 7.658429e-10
1.252000e+03 1.282182e-09
1.253000e+03 6.953684e-10
1.254000e+03 7.528893e-10
1.255000e+03 1.262844e-09
1.256000e+03 6.881068e-10
1.257000e+03 7.951855e-10
1.258000e+03 1.303440e-09
1.259000e+03 7.152785e-10
1.260000e+03 7.594863e-10
1.261000e+03 1.302709e-09
1.262000e+03 7.020251e-10
1.263000e+03 7.618425e-10
1.264000e+03 1.269936e-09
1.265000e+03 6.573559e-10
1.266000e+03 7.733107e-10
1.267000e+03 1.250954e-09
1.268000e+03 7.499280e-10
1.269000e+03 7.710670e-10
1.270000e+03 1.273328e-09
1.271000e+03 7.259485e-10
1.272000e+03 7.648048e-10
1.273000e+03 1.278440e-09
1.274000e+03 6.973138e-10
1.275000e+03 7.618252e-10
1.276000e+03 1.275980e-09
1.277000e+03 6.713277e-10
1.278000e+03 7.772121e-10
1.279000e+03 1.297508e-09
1.280000e+03 7.155193e-10
1.281000e+03 7.614708e-10
1.282000e+03 1.264636e-09
1.283000e+03 7.253129e-10
1.284000e+03 7.665607e-10
1.285000e+03 1.297908e-09
1.286000e+03 7.115173e-10
1.287000e+03 7.537018e-10
1.288000e+03 1.263376e-09
1.289000e+03 6.806897e-10
1.290000e+03 7.472561e-10
1.291000e+03 1.262428e-09
1.292000e+03 6.929215e-10
1.293000e+03 7.766492e-10
1.294000e+03 1.287019e-09
1.295000e+03 7.159232e-10
1.296000e+03 7.647590e-10
1.297000e+03 1.266672e-09
1.298000e+03 6.850276e-10
1.299000e+03 7.791195e-10
1.300000e+03 1.283894e-09
1.301000e+03 6.770823e-10
1.302000e+03 7.705971e-10
1.303000e+03 1.239828e-09
1.304000e+03 7.486158e-10
1.305000e+03 7.571535e-10
1.306000e+03 1.275548e-09
1.307000e+03 6.907541e-10
1.308000e+03 7.563074e-10
1.309000e+03 1.296372e-09
1.310000e+03 7.301903e-10
1.311000e+03 7.543636e-10
1.312000e+03 1.293773e-09
1.313000e+03 7.168139e-10
1.314000e+03 7.690164e-10
1.315000e+03 1.273818e-09
1.316000e+03 7.130564e-10
1.317000e+03 7.555790e-10
1.318000e+03 1.258528e-09
1.319000e+03 7.147930e-10
1.320000e+03 7.873924e-10
1.321000e+03 1.331463e-09
1.322000e+03 6.865070e-10
1.323000e+03 7.515846e-10
1.324000e+03 1.279190e-09
1.325000e+03 6.858470e-10
1.326000e+03 7.544512e-10
1.327000e+03 1.282939e-09
1.328000e+03 7.127268e-10
1.329000e+03 7.739372e-10
1.330000e+03 1.279575e-09
1.331000e+03 7.272280e-10
1.332000e+03 7.651677e-10
1.333000e+03 1.292307e-09
1.334000e+03 7.005624e-10
1.335000e+03 7.631173e-10
1.336000e+03 1.261864e-09
1.337000e+03 6.728867e-10
1.338000e+03 7.671503e-10
1.339000e+03 1.245963e-09
1.340000e+03 6.918203e-10
1.341000e+03 7.933473e-10
1.342000e+03 1.307387e-09
1.343000e+03 7.342706e-10
1.344000e+03 7.593684e-10
1.345000e+03 1.294528e-09
1.346000e+03 7.208552e-10
1.347000e+03 7.548447e-10
1.348000e+03 1.275273e-09
1.349000e+03 6.786152e-10
1.350000e+03 7.519005e-10
1.351000e+03 1.251456e-09
1.352000e+03 7.076286e-10
1.353000e+03 7.517840e-10
1.354000e+03 1.275150e-09
1.355000e+03 6.809965e-10
1.356000e+03 7.670430e-10
1.357000e+03 1.297652e-09
1.358000e+03 7.275275e-10
1.359000e+03 7.495648e-10
1.360000e+03 1.273416e-09
1.361000e+03 6.607422e-10
1.362000e+03 7.785598e-10
1.363000e+03 1.265441e-09
1.364000e+03 6.995087e-10
1.365000e+03 7.893273e-10
1.366000e+03 1.275972e-09
1.367000e+03 7.507640e-10
1.368000e+03 7.675032e-10
1.369000e+03 1.301588e-09
1.370000e+03 6.883351e-10
1.371000e+03 7.492897e-10
1.372000e+03 1.272838e-09
1.373000e+03 7.116582e-10
1.374000e+03 7.538465e-10
1.375000e+03 1.275997e-09
1.376000e+03 7.287883e-10
1.377000e+03 7.574366e-10
1.378000e+03 1.275063e-09
1.379000e+03 7.045070e-10
1.380000e+03 7.640498e-10
1.381000e+03 1.275790e-09
1.382000e+03 6.959356e-10
1.383000e+03 8.062605e-10
1.384000e+03 1.315971e-09
1.385000e+03 6.609912e-10
1.386000e+03 7.580254e-10
1.387000e+03 1.270597e-09
1.388000e+03 7.531145e-10
1.389000e+03 7.556127e-10
1.390000e+03 1.266343e-09
1.391000e+03 7.161128e-10
1.392000e+03 7.668256e-10
1.393000e+03 1.256085e-09
1.394000e+03 7.067519e-10
1.395000e+03 7.464347e-10
1.396000e+03 1.277968e-09
1.397000e+03 6.912470e-10
1.398000e+03 7.618375e-10
1.399000e+03 1.268624e-09
1.400000e+03 7.144069e-10
1.401000e+03 7.722151e-10
1.402000e+03 1.272825e-09
1.403000e+03 7.210669e-10
1.404000e+03 7.796578e-10
1.405000e+03 1.321516e-09
1.406000e+03 6.898183e-10
1.407000e+03 7.512915e-10
1.408000e+03 1.263624e-09
1.409000e+03 6.895282e-10
1.410000e+03 7.618298e-10
1.411000e+03 1.274406e-09
1.412000e+03 7.089649e-10
1.413000e+03 7.587740e-10
1.414000e+03 1.266465e-09
1.415000e+03 7.012328e-10
1.416000e+03 7.667942e-10
1.417000e+03 1.270574e-09
1.418000e+03 6.910842e-10
1.419000e+03 7.714100e-10
1.420000e+03 1.300333e-09
1.421000e+03 6.832444e-10
1.422000e+03 7.584258e-10
1.423000e+03 1.245284e-09
1.424000e+03 7.106675e-10
1.425000e+03 7.907114e-10
1.426000e+03 1.287175e-09
1.427000e+03 6.757890e-10
1.428000e+03 7.555937e-10
1.429000e+03 1.276509e-09
1.430000e+03 7.408064e-10
1.431000e+03 7.471612e-10
1.432000e+03 1.279552e-09
1.433000e+03 6.970664e-10
1.434000e+03 7.528045e-10
1.435000e+03 1.262971e-09
1.436000e+03 7.012500e-10
1.437000e+03 7.589504e-10
1.438000e+03 1.274499e-09
1.439000e+03 7.159144e-10
1.440000e+03 7.781263e-10
1.441000e+03 1.305469e-09
1.442000e+03 6.841140e-10
1.443000e+03 7.428272e-10
1.444000e+03 1.259537e-09
1.445000e+03 6.723291e-10
1.446000e+03 7.931460e-10
1.447000e+03 1.289031e-09
1.448000e+03 7.217003e-10
1.449000e+03 7.503892e-10
1.450000e+03 1.277965e-09
1.451000e+03 7.036145e-10
1.452000e+03 7.776481e-10
1.453000e+03 1.289234e-09
1.454000e+03 7.161026e-10
1.455000e+03 7.654910e-10
1.456000e+03 1.275316e-09
1.457000e+03 6.959015e-10
1.458000e+03 7.503041e-10
1.459000e+03 1.255604e-09
1.460000e+03 6.936512e-10
1.461000e+03 7.703670e-10
1.462000e+03 1.284904e-09
1.463000e+03 7.435663e-10
1.464000e+03 7.606708e-10
1.465000e+03 1.285701e-09
1.466000e+03 6.966680e-10
1.467000e+03 7.935425e-10
1.468000e+03 1.283215e-09
1.469000e+03 6.718878e-10
1.470000e+03 7.549753e-10
1.471000e+03 1.250172e-09
1.472000e+03 7.061921e-10
1.473000e+03 7.582259e-10
1.474000e+03 1.290911e-09
1.475000e+03 7.250942e-10
1.476000e+03 7.617099e-10
1.477000e+03 1.295659e-09
1.478000e+03 7.227920e-10
1.479000e+03 7.445984e-10
1.480000e+03 1.275253e-09
1.481000e+03 6.719416e-10
1.482000e+03 7.799479e-10
1.483000e+03 1.247376e-09
1.484000e+03 7.138582e-10
1.485000e+03 7.728736e-10
1.486000e+03 1.272051e-09
1.487000e+03 7.256583e-10
1.488000e+03 7.718004e-10
1.489000e+03 1.309568e-09
1.490000e+03 6.829374e-10
1.491000e+03 7.659646e-10
1.492000e+03 1.281107e-09
1.493000e+03 7.225571e-10
1.494000e+03 7.588193e-10
1.495000e+03 1.282857e-09
1.496000e+03 7.144832e-10
1.497000e+03 7.591500e-10
1.498000e+03 1.258112e-09
1.499000e+03 6.870042e-10
1.500000e+03 7.577798e-10
