Title ="THE FLUX ERR"
Variables=
iter
residual
1.000000e+00 9.883829e-05
2.000000e+00 3.179994e-03
3.000000e+00 3.181841e-03
4.000000e+00 5.165329e-04
5.000000e+00 3.867189e-04
6.000000e+00 3.441053e-04
7.000000e+00 1.261226e-03
8.000000e+00 1.035065e-03
9.000000e+00 2.297067e-04
1.000000e+01 1.483229e-04
1.100000e+01 1.148457e-05
1.200000e+01 4.324550e-05
1.300000e+01 5.756566e-05
1.400000e+01 5.259470e-05
1.500000e+01 4.166140e-05
1.600000e+01 5.015235e-05
1.700000e+01 5.107567e-05
1.800000e+01 7.469637e-05
1.900000e+01 7.513462e-05
2.000000e+01 9.556374e-05
2.100000e+01 7.709740e-05
2.200000e+01 7.437463e-05
2.300000e+01 5.964710e-05
2.400000e+01 4.000196e-05
2.500000e+01 4.276614e-05
2.600000e+01 2.390403e-05
2.700000e+01 2.122275e-05
2.800000e+01 2.243456e-05
2.900000e+01 1.753146e-05
3.000000e+01 1.724316e-05
3.100000e+01 1.551896e-05
3.200000e+01 1.151403e-05
3.300000e+01 1.141589e-05
3.400000e+01 1.325754e-05
3.500000e+01 9.180610e-06
3.600000e+01 8.124926e-06
3.700000e+01 9.934959e-06
3.800000e+01 9.818410e-06
3.900000e+01 7.727657e-06
4.000000e+01 7.071652e-06
4.100000e+01 3.592237e-05
4.200000e+01 6.795729e-06
4.300000e+01 6.798013e-06
4.400000e+01 8.075018e-06
4.500000e+01 3.477778e-05
4.600000e+01 6.273121e-06
4.700000e+01 3.221694e-05
4.800000e+01 5.702870e-06
4.900000e+01 5.851362e-06
5.000000e+01 5.884923e-06
5.100000e+01 3.145902e-05
5.200000e+01 7.513147e-06
5.300000e+01 3.021644e-05
5.400000e+01 3.182930e-05
5.500000e+01 2.896987e-05
5.600000e+01 2.645090e-05
5.700000e+01 2.771836e-05
5.800000e+01 2.570866e-05
5.900000e+01 2.644594e-05
6.000000e+01 2.698002e-05
6.100000e+01 2.652397e-05
6.200000e+01 2.243335e-05
6.300000e+01 2.223659e-05
6.400000e+01 2.318578e-05
6.500000e+01 2.444107e-05
6.600000e+01 2.296908e-05
6.700000e+01 2.375418e-05
6.800000e+01 2.415050e-05
6.900000e+01 2.495743e-05
7.000000e+01 2.585229e-05
7.100000e+01 2.362366e-05
7.200000e+01 2.683836e-05
7.300000e+01 2.484715e-05
7.400000e+01 2.605467e-05
7.500000e+01 2.624475e-05
7.600000e+01 2.451299e-05
7.700000e+01 2.559268e-05
7.800000e+01 2.707940e-05
7.900000e+01 2.447240e-05
8.000000e+01 2.487261e-05
8.100000e+01 2.604580e-05
8.200000e+01 2.783525e-05
8.300000e+01 2.716768e-05
8.400000e+01 2.108234e-05
8.500000e+01 2.287163e-05
8.600000e+01 2.363194e-05
8.700000e+01 2.191099e-05
8.800000e+01 2.186883e-05
8.900000e+01 2.244768e-05
9.000000e+01 2.192436e-05
9.100000e+01 2.268826e-05
9.200000e+01 2.199083e-05
9.300000e+01 2.252570e-05
9.400000e+01 2.096494e-05
9.500000e+01 5.848582e-06
9.600000e+01 1.700216e-05
9.700000e+01 1.978706e-05
9.800000e+01 1.863570e-05
9.900000e+01 1.973643e-05
1.000000e+02 1.761481e-05
1.010000e+02 1.875201e-05
1.020000e+02 1.935055e-05
1.030000e+02 1.813768e-05
1.040000e+02 1.874872e-05
1.050000e+02 1.593715e-05
1.060000e+02 1.665529e-05
1.070000e+02 1.618600e-05
1.080000e+02 1.487902e-05
1.090000e+02 1.712049e-05
1.100000e+02 1.519325e-05
1.110000e+02 1.464757e-05
1.120000e+02 1.475322e-05
1.130000e+02 1.501085e-05
1.140000e+02 1.374193e-05
1.150000e+02 1.425108e-05
1.160000e+02 1.321046e-05
1.170000e+02 1.386157e-05
1.180000e+02 1.340585e-05
1.190000e+02 1.271513e-05
1.200000e+02 1.348468e-05
1.210000e+02 1.255750e-05
1.220000e+02 1.371122e-05
1.230000e+02 1.171955e-05
1.240000e+02 1.095526e-05
1.250000e+02 1.010270e-05
1.260000e+02 9.814424e-06
1.270000e+02 1.075596e-05
1.280000e+02 1.059095e-05
1.290000e+02 1.089735e-05
1.300000e+02 1.047298e-05
1.310000e+02 1.011523e-05
1.320000e+02 1.019585e-05
1.330000e+02 1.057457e-05
1.340000e+02 1.052619e-05
1.350000e+02 1.050666e-05
1.360000e+02 1.112839e-05
1.370000e+02 1.094602e-05
1.380000e+02 9.939043e-06
1.390000e+02 1.084844e-05
1.400000e+02 1.161692e-05
1.410000e+02 1.061977e-05
1.420000e+02 1.045582e-05
1.430000e+02 9.898336e-06
1.440000e+02 1.111503e-05
1.450000e+02 9.957879e-06
1.460000e+02 1.003883e-05
1.470000e+02 1.009720e-05
1.480000e+02 1.078452e-05
1.490000e+02 1.051218e-05
1.500000e+02 1.067572e-05
1.510000e+02 1.061491e-05
1.520000e+02 9.845498e-06
1.530000e+02 1.014715e-05
1.540000e+02 1.018544e-05
1.550000e+02 1.040580e-05
1.560000e+02 1.018195e-05
1.570000e+02 9.482361e-06
1.580000e+02 1.031722e-05
1.590000e+02 9.862091e-06
1.600000e+02 9.540282e-06
1.610000e+02 1.043541e-05
1.620000e+02 1.092062e-05
1.630000e+02 9.866276e-06
1.640000e+02 9.534764e-06
1.650000e+02 1.034987e-05
1.660000e+02 9.164002e-06
1.670000e+02 9.562174e-06
1.680000e+02 9.827884e-06
1.690000e+02 9.196430e-06
1.700000e+02 9.409010e-06
1.710000e+02 8.907457e-06
1.720000e+02 9.301133e-06
1.730000e+02 9.739927e-06
1.740000e+02 9.170028e-06
1.750000e+02 9.476987e-06
1.760000e+02 1.028889e-05
1.770000e+02 9.633555e-06
1.780000e+02 9.065172e-06
1.790000e+02 9.669558e-06
1.800000e+02 9.416199e-06
1.810000e+02 8.902013e-06
1.820000e+02 9.042006e-06
1.830000e+02 9.171032e-06
1.840000e+02 8.804494e-06
1.850000e+02 8.115247e-06
1.860000e+02 8.496090e-06
1.870000e+02 8.643894e-06
1.880000e+02 8.207735e-06
1.890000e+02 7.967103e-06
1.900000e+02 7.843191e-06
1.910000e+02 7.513069e-06
1.920000e+02 8.835542e-06
1.930000e+02 8.421872e-06
1.940000e+02 8.653822e-06
1.950000e+02 7.605517e-06
1.960000e+02 7.063305e-06
1.970000e+02 7.672531e-06
1.980000e+02 7.544587e-06
1.990000e+02 8.052768e-06
2.000000e+02 9.091453e-06
2.010000e+02 8.831089e-06
2.020000e+02 7.973280e-06
2.030000e+02 9.040739e-06
2.040000e+02 8.216578e-06
2.050000e+02 1.274099e-06
2.060000e+02 8.065609e-06
2.070000e+02 8.112716e-06
2.080000e+02 1.143092e-06
2.090000e+02 8.054602e-06
2.100000e+02 1.199878e-06
2.110000e+02 7.646679e-06
2.120000e+02 7.817159e-06
2.130000e+02 1.504705e-06
2.140000e+02 8.012123e-06
2.150000e+02 1.298056e-06
2.160000e+02 7.600412e-06
2.170000e+02 1.334094e-06
2.180000e+02 7.003255e-06
2.190000e+02 1.437947e-06
2.200000e+02 7.173595e-06
2.210000e+02 7.874546e-06
2.220000e+02 7.078109e-06
2.230000e+02 7.582658e-06
2.240000e+02 7.252954e-06
2.250000e+02 1.233305e-06
2.260000e+02 6.414985e-06
2.270000e+02 7.197618e-06
2.280000e+02 6.552383e-06
2.290000e+02 6.901203e-06
2.300000e+02 6.079596e-06
2.310000e+02 6.372770e-06
2.320000e+02 6.416721e-06
2.330000e+02 6.070015e-06
2.340000e+02 6.344237e-06
2.350000e+02 6.093229e-06
2.360000e+02 6.032422e-06
2.370000e+02 6.122908e-06
2.380000e+02 6.628164e-06
2.390000e+02 5.656203e-06
2.400000e+02 6.370443e-06
2.410000e+02 6.207615e-06
2.420000e+02 6.171621e-06
2.430000e+02 6.329108e-06
2.440000e+02 5.992187e-06
2.450000e+02 6.324922e-06
2.460000e+02 5.846103e-06
2.470000e+02 6.500167e-06
2.480000e+02 6.142465e-06
2.490000e+02 6.825320e-06
2.500000e+02 6.405519e-06
2.510000e+02 6.757132e-06
2.520000e+02 6.748121e-06
2.530000e+02 6.834652e-06
2.540000e+02 6.947215e-06
2.550000e+02 6.461051e-06
2.560000e+02 5.887185e-06
2.570000e+02 6.752289e-06
2.580000e+02 7.164981e-06
2.590000e+02 6.347533e-06
2.600000e+02 6.136211e-06
2.610000e+02 6.584974e-06
2.620000e+02 6.708056e-06
2.630000e+02 6.980351e-06
2.640000e+02 2.059536e-06
2.650000e+02 6.223277e-06
2.660000e+02 6.720181e-06
2.670000e+02 6.641723e-06
2.680000e+02 6.712438e-06
2.690000e+02 6.065060e-06
2.700000e+02 6.468523e-06
2.710000e+02 6.455171e-06
2.720000e+02 1.844556e-06
2.730000e+02 6.097592e-06
2.740000e+02 2.122433e-06
2.750000e+02 6.423712e-06
2.760000e+02 1.590245e-06
2.770000e+02 1.489965e-06
2.780000e+02 2.010685e-06
2.790000e+02 5.833526e-06
2.800000e+02 1.854726e-06
2.810000e+02 6.074345e-06
2.820000e+02 1.323451e-06
2.830000e+02 5.776068e-06
2.840000e+02 1.652415e-06
2.850000e+02 6.323592e-06
2.860000e+02 6.049912e-06
2.870000e+02 1.508160e-06
2.880000e+02 6.107158e-06
2.890000e+02 1.271370e-06
2.900000e+02 6.375729e-06
2.910000e+02 1.965350e-06
2.920000e+02 5.974974e-06
2.930000e+02 5.888091e-06
2.940000e+02 6.148176e-06
2.950000e+02 6.183354e-06
2.960000e+02 6.494320e-06
2.970000e+02 6.737602e-06
2.980000e+02 6.539823e-06
2.990000e+02 6.050299e-06
3.000000e+02 5.941413e-06
3.010000e+02 6.306091e-06
3.020000e+02 6.298819e-06
3.030000e+02 6.834875e-06
3.040000e+02 6.103237e-06
3.050000e+02 5.862211e-06
3.060000e+02 7.035923e-06
3.070000e+02 6.488753e-06
3.080000e+02 6.005490e-06
3.090000e+02 6.243574e-06
3.100000e+02 6.074215e-06
3.110000e+02 6.130501e-06
3.120000e+02 5.941055e-06
3.130000e+02 6.058779e-06
3.140000e+02 6.481052e-06
3.150000e+02 5.754125e-06
3.160000e+02 6.798363e-06
3.170000e+02 6.027135e-06
3.180000e+02 6.163114e-06
3.190000e+02 6.188366e-06
3.200000e+02 6.433444e-06
3.210000e+02 6.480575e-06
3.220000e+02 6.217700e-06
3.230000e+02 6.025008e-06
3.240000e+02 6.042320e-06
3.250000e+02 6.124262e-06
3.260000e+02 6.053406e-06
3.270000e+02 6.034650e-06
3.280000e+02 5.795483e-06
3.290000e+02 5.827886e-06
3.300000e+02 5.974594e-06
3.310000e+02 6.065364e-06
3.320000e+02 5.667414e-06
3.330000e+02 6.013923e-06
3.340000e+02 5.869776e-06
3.350000e+02 5.344627e-06
3.360000e+02 5.773858e-06
3.370000e+02 5.584484e-06
3.380000e+02 5.422331e-06
3.390000e+02 5.678714e-06
3.400000e+02 5.162394e-06
3.410000e+02 5.289452e-06
3.420000e+02 6.090855e-06
3.430000e+02 5.481118e-06
3.440000e+02 5.446601e-06
3.450000e+02 6.040594e-06
3.460000e+02 5.469246e-06
3.470000e+02 5.242203e-06
3.480000e+02 5.707993e-06
3.490000e+02 5.664721e-06
3.500000e+02 5.094455e-06
3.510000e+02 4.896132e-06
3.520000e+02 4.636013e-06
3.530000e+02 4.768382e-06
3.540000e+02 4.876835e-06
3.550000e+02 5.725944e-06
3.560000e+02 4.799582e-06
3.570000e+02 4.695564e-06
3.580000e+02 4.923585e-06
3.590000e+02 4.481180e-06
3.600000e+02 4.834841e-06
3.610000e+02 4.657182e-06
3.620000e+02 4.922496e-06
3.630000e+02 4.844187e-06
3.640000e+02 4.684763e-06
3.650000e+02 4.511680e-06
3.660000e+02 4.723560e-06
3.670000e+02 4.809050e-06
3.680000e+02 4.823227e-06
3.690000e+02 4.388630e-06
3.700000e+02 4.530078e-06
3.710000e+02 4.352316e-06
3.720000e+02 4.621711e-06
3.730000e+02 4.830704e-06
3.740000e+02 4.450034e-06
3.750000e+02 4.382041e-06
3.760000e+02 4.237853e-06
3.770000e+02 4.464448e-06
3.780000e+02 4.206990e-06
3.790000e+02 4.406399e-06
3.800000e+02 4.326216e-06
3.810000e+02 3.946803e-06
3.820000e+02 4.544422e-06
3.830000e+02 4.720905e-06
3.840000e+02 4.424806e-06
3.850000e+02 4.418362e-06
3.860000e+02 4.162896e-06
3.870000e+02 4.558619e-06
3.880000e+02 4.300651e-06
3.890000e+02 3.914420e-06
3.900000e+02 4.086951e-06
3.910000e+02 4.252129e-06
3.920000e+02 3.923449e-06
3.930000e+02 3.781710e-06
3.940000e+02 4.087580e-06
3.950000e+02 4.088201e-06
3.960000e+02 3.966217e-06
3.970000e+02 4.024296e-06
3.980000e+02 4.102565e-06
3.990000e+02 3.948821e-06
4.000000e+02 3.991096e-06
4.010000e+02 3.893070e-06
4.020000e+02 3.572593e-06
4.030000e+02 3.976753e-06
4.040000e+02 4.137300e-06
4.050000e+02 3.818482e-06
4.060000e+02 4.010143e-06
4.070000e+02 3.945206e-06
4.080000e+02 3.939223e-06
4.090000e+02 3.925725e-06
4.100000e+02 3.740500e-06
4.110000e+02 4.131307e-06
4.120000e+02 4.016263e-06
4.130000e+02 3.462881e-06
4.140000e+02 3.476792e-06
4.150000e+02 3.352621e-06
4.160000e+02 3.397412e-06
4.170000e+02 3.503819e-06
4.180000e+02 3.121382e-06
4.190000e+02 2.979308e-06
4.200000e+02 3.397803e-06
4.210000e+02 3.396610e-06
4.220000e+02 3.442485e-06
4.230000e+02 3.389546e-06
4.240000e+02 3.408730e-06
4.250000e+02 3.257452e-06
4.260000e+02 3.181219e-06
4.270000e+02 3.518076e-06
4.280000e+02 3.519840e-06
4.290000e+02 3.387583e-06
4.300000e+02 3.085822e-06
4.310000e+02 3.052981e-06
4.320000e+02 3.249368e-06
4.330000e+02 3.229929e-06
4.340000e+02 3.285087e-06
4.350000e+02 2.990532e-06
4.360000e+02 3.292477e-06
4.370000e+02 3.375951e-06
4.380000e+02 3.268855e-06
4.390000e+02 3.349935e-06
4.400000e+02 3.290699e-06
4.410000e+02 3.259806e-06
4.420000e+02 3.276207e-06
4.430000e+02 3.202481e-06
4.440000e+02 3.097277e-06
4.450000e+02 3.092027e-06
4.460000e+02 2.808149e-06
4.470000e+02 2.896516e-06
4.480000e+02 2.956326e-06
4.490000e+02 2.979495e-06
4.500000e+02 2.883918e-06
4.510000e+02 2.775962e-06
4.520000e+02 2.697665e-06
4.530000e+02 2.558368e-06
4.540000e+02 2.569496e-06
4.550000e+02 2.658765e-06
4.560000e+02 2.610438e-06
4.570000e+02 2.529281e-06
4.580000e+02 2.528607e-06
4.590000e+02 2.409364e-06
4.600000e+02 2.347359e-06
4.610000e+02 2.353931e-06
4.620000e+02 2.451262e-06
4.630000e+02 2.261281e-06
4.640000e+02 2.166547e-06
4.650000e+02 2.221301e-06
4.660000e+02 2.341768e-06
4.670000e+02 2.142532e-06
4.680000e+02 2.065876e-06
4.690000e+02 2.113326e-06
4.700000e+02 2.102007e-06
4.710000e+02 2.058109e-06
4.720000e+02 2.117779e-06
4.730000e+02 1.795960e-06
4.740000e+02 1.929042e-06
4.750000e+02 1.908304e-06
4.760000e+02 2.068176e-06
4.770000e+02 1.976534e-06
4.780000e+02 2.133813e-06
4.790000e+02 1.950949e-06
4.800000e+02 1.979617e-06
4.810000e+02 1.898498e-06
4.820000e+02 2.005245e-06
4.830000e+02 2.078435e-06
4.840000e+02 2.214348e-06
4.850000e+02 2.095339e-06
4.860000e+02 2.314552e-06
4.870000e+02 2.283920e-06
4.880000e+02 2.032271e-06
4.890000e+02 2.061865e-06
4.900000e+02 2.048823e-06
4.910000e+02 2.101453e-06
4.920000e+02 2.184589e-06
4.930000e+02 2.168750e-06
4.940000e+02 2.106349e-06
4.950000e+02 2.186083e-06
4.960000e+02 2.204905e-06
4.970000e+02 2.223164e-06
4.980000e+02 2.144208e-06
4.990000e+02 2.164488e-06
5.000000e+02 2.223767e-06
5.010000e+02 2.230738e-06
5.020000e+02 2.393508e-06
5.030000e+02 2.267288e-06
5.040000e+02 2.142117e-06
5.050000e+02 2.182703e-06
5.060000e+02 2.177607e-06
5.070000e+02 2.259558e-06
5.080000e+02 2.031584e-06
5.090000e+02 1.893705e-06
5.100000e+02 1.982038e-06
5.110000e+02 2.148865e-06
5.120000e+02 2.089212e-06
5.130000e+02 2.011194e-06
5.140000e+02 1.854551e-06
5.150000e+02 1.964007e-06
5.160000e+02 2.127808e-06
5.170000e+02 2.131587e-06
5.180000e+02 2.060607e-06
5.190000e+02 2.064994e-06
5.200000e+02 1.906576e-06
5.210000e+02 1.792691e-06
5.220000e+02 1.950143e-06
5.230000e+02 1.928073e-06
5.240000e+02 1.746406e-06
5.250000e+02 1.868143e-06
5.260000e+02 1.860654e-06
5.270000e+02 1.988928e-06
5.280000e+02 1.755493e-06
5.290000e+02 1.676271e-06
5.300000e+02 1.769071e-06
5.310000e+02 1.838343e-06
5.320000e+02 1.708809e-06
5.330000e+02 1.750786e-06
5.340000e+02 1.839952e-06
5.350000e+02 1.926620e-06
5.360000e+02 1.669745e-06
5.370000e+02 1.486618e-06
5.380000e+02 1.583238e-06
5.390000e+02 1.634046e-06
5.400000e+02 1.655127e-06
5.410000e+02 1.600645e-06
5.420000e+02 1.585557e-06
5.430000e+02 1.544495e-06
5.440000e+02 1.630787e-06
5.450000e+02 1.613841e-06
5.460000e+02 1.561328e-06
5.470000e+02 1.449893e-06
5.480000e+02 1.473711e-06
5.490000e+02 1.417125e-06
5.500000e+02 1.468066e-06
5.510000e+02 1.491629e-06
5.520000e+02 1.477626e-06
5.530000e+02 1.456720e-06
5.540000e+02 1.409379e-06
5.550000e+02 1.541017e-06
5.560000e+02 1.379814e-06
5.570000e+02 1.395921e-06
5.580000e+02 1.492599e-06
5.590000e+02 1.454182e-06
5.600000e+02 1.472152e-06
5.610000e+02 1.568478e-06
5.620000e+02 1.394220e-06
5.630000e+02 1.431405e-06
5.640000e+02 1.482017e-06
5.650000e+02 1.717059e-06
5.660000e+02 1.497853e-06
5.670000e+02 1.541148e-06
5.680000e+02 1.546805e-06
5.690000e+02 1.430757e-06
5.700000e+02 1.359536e-06
5.710000e+02 1.452401e-06
5.720000e+02 1.478646e-06
5.730000e+02 1.478712e-06
5.740000e+02 1.411665e-06
5.750000e+02 1.386795e-06
5.760000e+02 1.396441e-06
5.770000e+02 1.324473e-06
5.780000e+02 1.341121e-06
5.790000e+02 1.320166e-06
5.800000e+02 1.226393e-06
5.810000e+02 1.266322e-06
5.820000e+02 1.258638e-06
5.830000e+02 1.288373e-06
5.840000e+02 1.324825e-06
5.850000e+02 1.195643e-06
5.860000e+02 1.219292e-06
5.870000e+02 1.173149e-06
5.880000e+02 1.178204e-06
5.890000e+02 1.223644e-06
5.900000e+02 1.152859e-06
5.910000e+02 1.093785e-06
5.920000e+02 1.076636e-06
5.930000e+02 1.200674e-06
5.940000e+02 1.110196e-06
5.950000e+02 1.019010e-06
5.960000e+02 1.141980e-06
5.970000e+02 1.036366e-06
5.980000e+02 1.071446e-06
5.990000e+02 1.064979e-06
6.000000e+02 9.951223e-07
6.010000e+02 9.119869e-07
6.020000e+02 9.042946e-07
6.030000e+02 1.009870e-06
6.040000e+02 1.247652e-06
6.050000e+02 1.023784e-06
6.060000e+02 1.077396e-06
6.070000e+02 1.083892e-06
6.080000e+02 1.072317e-06
6.090000e+02 1.050943e-06
6.100000e+02 1.020743e-06
6.110000e+02 1.061633e-06
6.120000e+02 1.026674e-06
6.130000e+02 1.064642e-06
6.140000e+02 9.920226e-07
6.150000e+02 1.014726e-06
6.160000e+02 1.042350e-06
6.170000e+02 1.085648e-06
6.180000e+02 1.172457e-06
6.190000e+02 1.058145e-06
6.200000e+02 1.168967e-06
6.210000e+02 1.019296e-06
6.220000e+02 1.085590e-06
6.230000e+02 1.112133e-06
6.240000e+02 1.144042e-06
6.250000e+02 1.148352e-06
6.260000e+02 1.176646e-06
6.270000e+02 1.150226e-06
6.280000e+02 1.156476e-06
6.290000e+02 1.197975e-06
6.300000e+02 1.140767e-06
6.310000e+02 1.154567e-06
6.320000e+02 1.171472e-06
6.330000e+02 1.133709e-06
6.340000e+02 1.204339e-06
6.350000e+02 1.193470e-06
6.360000e+02 1.195396e-06
6.370000e+02 1.193450e-06
6.380000e+02 1.178947e-06
6.390000e+02 1.238141e-06
6.400000e+02 1.201783e-06
6.410000e+02 1.205001e-06
6.420000e+02 1.175433e-06
6.430000e+02 1.136611e-06
6.440000e+02 1.141292e-06
6.450000e+02 1.179077e-06
6.460000e+02 1.098427e-06
6.470000e+02 1.136221e-06
6.480000e+02 1.111697e-06
6.490000e+02 1.092540e-06
6.500000e+02 1.019532e-06
6.510000e+02 1.005249e-06
6.520000e+02 1.062185e-06
6.530000e+02 1.098721e-06
6.540000e+02 1.071025e-06
6.550000e+02 1.043960e-06
6.560000e+02 1.024172e-06
6.570000e+02 1.013419e-06
6.580000e+02 1.047306e-06
6.590000e+02 1.046138e-06
6.600000e+02 1.025183e-06
6.610000e+02 9.882398e-07
6.620000e+02 9.625762e-07
6.630000e+02 9.331217e-07
6.640000e+02 8.982605e-07
6.650000e+02 9.237353e-07
6.660000e+02 9.343238e-07
6.670000e+02 9.028637e-07
6.680000e+02 9.592173e-07
6.690000e+02 8.570081e-07
6.700000e+02 8.872112e-07
6.710000e+02 8.962009e-07
6.720000e+02 9.414468e-07
6.730000e+02 8.834204e-07
6.740000e+02 9.101238e-07
6.750000e+02 9.235665e-07
6.760000e+02 9.201063e-07
6.770000e+02 8.639650e-07
6.780000e+02 8.557316e-07
6.790000e+02 8.513306e-07
6.800000e+02 8.519720e-07
6.810000e+02 8.635511e-07
6.820000e+02 8.550066e-07
6.830000e+02 8.519778e-07
6.840000e+02 8.370091e-07
6.850000e+02 7.955412e-07
6.860000e+02 7.783367e-07
6.870000e+02 7.831227e-07
6.880000e+02 8.095894e-07
6.890000e+02 8.134057e-07
6.900000e+02 8.295165e-07
6.910000e+02 8.422396e-07
6.920000e+02 7.524159e-07
6.930000e+02 7.990996e-07
6.940000e+02 7.535061e-07
6.950000e+02 7.487234e-07
6.960000e+02 7.755615e-07
6.970000e+02 9.063353e-07
6.980000e+02 1.530429e-06
6.990000e+02 1.701599e-06
7.000000e+02 7.925726e-07
7.010000e+02 1.951924e-06
7.020000e+02 7.149690e-07
7.030000e+02 2.408818e-06
7.040000e+02 6.826265e-07
7.050000e+02 5.567091e-07
7.060000e+02 5.580434e-07
7.070000e+02 4.863428e-07
7.080000e+02 5.698696e-07
7.090000e+02 7.565159e-07
7.100000e+02 5.835938e-07
7.110000e+02 7.375342e-07
7.120000e+02 4.166309e-07
7.130000e+02 7.608365e-07
7.140000e+02 4.992463e-07
7.150000e+02 5.148403e-07
7.160000e+02 3.235411e-07
7.170000e+02 7.978657e-07
7.180000e+02 4.840973e-07
7.190000e+02 6.468146e-07
7.200000e+02 4.301913e-07
7.210000e+02 7.781318e-07
7.220000e+02 4.177794e-07
7.230000e+02 9.810027e-07
7.240000e+02 6.089673e-07
7.250000e+02 2.834043e-07
7.260000e+02 6.259668e-07
7.270000e+02 4.970335e-07
7.280000e+02 3.352383e-07
7.290000e+02 1.389900e-07
7.300000e+02 5.666930e-07
7.310000e+02 5.271567e-07
7.320000e+02 6.084551e-07
7.330000e+02 4.617335e-07
7.340000e+02 4.861774e-07
7.350000e+02 2.859223e-07
7.360000e+02 4.903437e-07
7.370000e+02 6.028748e-07
7.380000e+02 7.491829e-07
7.390000e+02 5.008724e-07
7.400000e+02 8.688337e-07
7.410000e+02 5.764635e-07
7.420000e+02 7.289424e-07
7.430000e+02 2.575666e-07
7.440000e+02 8.060336e-07
7.450000e+02 3.035736e-07
7.460000e+02 3.587032e-07
7.470000e+02 2.398723e-07
7.480000e+02 1.907168e-06
7.490000e+02 1.143334e-06
7.500000e+02 1.622572e-06
7.510000e+02 2.043680e-07
7.520000e+02 1.737820e-06
7.530000e+02 2.978807e-07
7.540000e+02 6.842150e-07
7.550000e+02 4.033314e-07
7.560000e+02 7.250998e-07
7.570000e+02 3.092300e-07
7.580000e+02 4.278140e-07
7.590000e+02 2.297792e-07
7.600000e+02 1.704042e-06
7.610000e+02 2.767885e-07
7.620000e+02 4.113176e-07
7.630000e+02 3.017872e-07
7.640000e+02 5.302623e-07
7.650000e+02 2.606965e-07
7.660000e+02 1.677702e-06
7.670000e+02 1.081480e-06
7.680000e+02 1.385522e-06
7.690000e+02 2.754788e-07
7.700000e+02 1.633008e-06
7.710000e+02 1.153707e-06
7.720000e+02 1.596679e-06
7.730000e+02 1.099694e-06
7.740000e+02 1.371962e-06
7.750000e+02 1.156402e-06
7.760000e+02 1.428836e-06
7.770000e+02 1.059432e-06
7.780000e+02 2.470791e-07
7.790000e+02 1.549794e-06
7.800000e+02 4.487323e-07
7.810000e+02 2.816642e-07
7.820000e+02 2.552196e-07
7.830000e+02 4.918274e-07
7.840000e+02 1.846077e-07
7.850000e+02 1.683033e-06
7.860000e+02 1.049379e-06
7.870000e+02 1.486779e-06
7.880000e+02 1.104801e-06
7.890000e+02 2.603470e-07
7.900000e+02 4.864649e-07
7.910000e+02 2.917087e-07
7.920000e+02 1.621992e-06
7.930000e+02 7.575436e-07
7.940000e+02 1.742730e-07
7.950000e+02 4.034297e-07
7.960000e+02 8.813839e-07
7.970000e+02 1.301741e-06
7.980000e+02 8.641365e-07
7.990000e+02 2.003514e-07
8.000000e+02 3.740139e-07
8.010000e+02 1.711614e-07
8.020000e+02 8.265312e-07
8.030000e+02 3.560336e-07
8.040000e+02 9.119467e-07
8.050000e+02 1.797547e-07
8.060000e+02 3.227324e-07
8.070000e+02 8.889927e-07
8.080000e+02 1.706339e-07
8.090000e+02 5.934011e-07
8.100000e+02 2.340757e-07
8.110000e+02 7.156623e-07
8.120000e+02 6.861808e-07
8.130000e+02 3.749580e-07
8.140000e+02 7.249773e-07
8.150000e+02 7.377699e-07
8.160000e+02 6.722118e-07
8.170000e+02 3.534013e-07
8.180000e+02 7.324092e-07
8.190000e+02 1.117661e-07
8.200000e+02 4.951248e-07
8.210000e+02 3.234091e-07
8.220000e+02 6.410939e-07
8.230000e+02 6.431564e-07
8.240000e+02 5.672345e-07
8.250000e+02 4.550248e-07
8.260000e+02 3.119650e-07
8.270000e+02 6.272899e-07
8.280000e+02 5.537310e-07
8.290000e+02 4.472266e-07
8.300000e+02 3.533408e-07
8.310000e+02 2.580964e-07
8.320000e+02 5.432554e-07
8.330000e+02 5.524392e-07
8.340000e+02 4.680650e-07
8.350000e+02 3.644474e-07
8.360000e+02 3.770493e-07
8.370000e+02 5.546765e-07
8.380000e+02 1.576879e-07
8.390000e+02 4.052459e-07
8.400000e+02 3.730628e-07
8.410000e+02 4.272260e-07
8.420000e+02 4.989127e-07
8.430000e+02 4.431356e-07
8.440000e+02 4.019290e-07
8.450000e+02 3.433001e-07
8.460000e+02 2.704908e-07
8.470000e+02 4.036696e-07
8.480000e+02 4.693220e-07
8.490000e+02 4.419681e-07
8.500000e+02 3.968298e-07
8.510000e+02 3.351723e-07
8.520000e+02 2.642347e-07
8.530000e+02 2.530777e-07
8.540000e+02 5.300718e-07
8.550000e+02 4.082946e-07
8.560000e+02 4.049936e-07
8.570000e+02 3.858315e-07
8.580000e+02 2.834052e-07
8.590000e+02 2.184851e-07
8.600000e+02 1.783115e-07
8.610000e+02 3.230121e-07
8.620000e+02 3.968822e-07
8.630000e+02 3.781758e-07
8.640000e+02 3.224438e-07
8.650000e+02 2.669562e-07
8.660000e+02 2.344478e-07
8.670000e+02 2.002467e-07
8.680000e+02 1.549073e-07
8.690000e+02 2.928015e-07
8.700000e+02 3.741205e-07
8.710000e+02 3.497673e-07
8.720000e+02 2.957973e-07
8.730000e+02 2.446779e-07
8.740000e+02 2.118773e-07
8.750000e+02 1.733234e-07
8.760000e+02 1.529236e-07
8.770000e+02 1.438035e-07
8.780000e+02 3.465762e-07
8.790000e+02 3.762693e-07
8.800000e+02 3.066903e-07
8.810000e+02 2.525365e-07
8.820000e+02 2.074951e-07
8.830000e+02 1.737559e-07
8.840000e+02 1.440933e-07
8.850000e+02 1.229952e-07
8.860000e+02 1.212457e-07
8.870000e+02 1.022902e-07
8.880000e+02 4.223044e-07
8.890000e+02 3.617202e-07
8.900000e+02 3.131627e-07
8.910000e+02 2.595178e-07
8.920000e+02 2.163607e-07
8.930000e+02 1.754904e-07
8.940000e+02 1.417210e-07
8.950000e+02 1.176611e-07
8.960000e+02 9.986744e-08
8.970000e+02 8.372620e-08
8.980000e+02 7.489633e-08
8.990000e+02 6.726920e-08
9.000000e+02 2.530509e-07
9.010000e+02 2.988514e-07
9.020000e+02 2.579322e-07
9.030000e+02 2.093890e-07
9.040000e+02 1.726381e-07
9.050000e+02 1.438818e-07
9.060000e+02 1.200600e-07
9.070000e+02 1.043830e-07
9.080000e+02 8.583776e-08
9.090000e+02 8.588271e-08
9.100000e+02 8.187602e-08
9.110000e+02 7.140377e-08
9.120000e+02 6.011904e-08
9.130000e+02 5.047031e-08
9.140000e+02 4.235034e-08
9.150000e+02 5.805684e-07
9.160000e+02 2.699048e-07
9.170000e+02 2.404044e-07
9.180000e+02 2.294264e-07
9.190000e+02 1.981701e-07
9.200000e+02 1.694483e-07
9.210000e+02 1.429041e-07
9.220000e+02 1.197415e-07
9.230000e+02 9.407683e-08
9.240000e+02 7.633816e-08
9.250000e+02 6.363985e-08
9.260000e+02 5.346930e-08
9.270000e+02 4.524027e-08
9.280000e+02 3.804346e-08
9.290000e+02 3.251661e-08
9.300000e+02 2.747853e-08
9.310000e+02 2.315504e-08
9.320000e+02 1.952800e-08
9.330000e+02 1.640284e-08
9.340000e+02 1.430106e-08
9.350000e+02 1.295976e-08
9.360000e+02 1.158198e-08
9.370000e+02 1.049299e-08
9.380000e+02 9.795191e-09
9.390000e+02 2.235632e-07
9.400000e+02 2.308341e-07
9.410000e+02 2.206197e-07
9.420000e+02 1.867835e-07
9.430000e+02 1.542229e-07
9.440000e+02 1.264627e-07
9.450000e+02 1.037098e-07
9.460000e+02 8.523804e-08
9.470000e+02 7.067321e-08
9.480000e+02 5.832960e-08
9.490000e+02 4.868652e-08
9.500000e+02 4.441826e-08
9.510000e+02 3.772080e-08
9.520000e+02 3.192765e-08
9.530000e+02 2.728267e-08
9.540000e+02 2.290232e-08
9.550000e+02 1.904042e-08
9.560000e+02 1.614167e-08
9.570000e+02 1.363223e-08
9.580000e+02 1.181244e-08
9.590000e+02 1.026010e-08
9.600000e+02 8.614152e-09
9.610000e+02 7.812793e-09
9.620000e+02 6.812887e-09
9.630000e+02 6.087183e-09
9.640000e+02 5.535695e-09
9.650000e+02 5.472245e-09
9.660000e+02 4.988202e-09
9.670000e+02 4.445390e-09
9.680000e+02 4.281922e-09
9.690000e+02 4.074638e-09
9.700000e+02 3.765489e-09
9.710000e+02 3.833494e-09
9.720000e+02 3.479892e-09
9.730000e+02 3.314900e-09
9.740000e+02 3.334221e-09
9.750000e+02 3.238777e-09
9.760000e+02 3.020011e-09
9.770000e+02 3.302638e-09
9.780000e+02 3.184422e-09
9.790000e+02 2.955197e-09
9.800000e+02 2.872854e-09
9.810000e+02 2.663732e-09
9.820000e+02 2.706377e-09
9.830000e+02 2.815077e-09
9.840000e+02 2.618278e-09
9.850000e+02 2.840844e-09
9.860000e+02 2.589389e-09
9.870000e+02 2.357208e-09
9.880000e+02 2.646283e-09
9.890000e+02 2.801897e-09
9.900000e+02 2.784617e-09
9.910000e+02 2.285607e-09
9.920000e+02 2.528356e-09
9.930000e+02 2.184412e-09
9.940000e+02 2.241936e-09
9.950000e+02 2.404157e-09
9.960000e+02 2.148193e-09
9.970000e+02 2.276951e-09
9.980000e+02 2.205311e-09
9.990000e+02 2.251127e-09
1.000000e+03 2.229413e-09
1.001000e+03 2.465040e-09
1.002000e+03 2.330869e-09
1.003000e+03 2.002196e-09
1.004000e+03 2.236011e-09
1.005000e+03 1.897648e-09
1.006000e+03 2.030000e-09
1.007000e+03 2.128126e-09
1.008000e+03 1.931728e-09
1.009000e+03 2.244376e-09
1.010000e+03 1.947032e-09
1.011000e+03 2.018342e-09
1.012000e+03 1.897417e-09
1.013000e+03 2.284356e-09
1.014000e+03 2.232741e-09
1.015000e+03 2.106928e-09
1.016000e+03 2.113815e-09
1.017000e+03 1.930487e-09
1.018000e+03 1.933170e-09
1.019000e+03 2.082433e-09
1.020000e+03 1.905924e-09
1.021000e+03 1.910339e-09
1.022000e+03 2.018819e-09
1.023000e+03 1.983358e-09
1.024000e+03 1.872467e-09
1.025000e+03 2.244788e-09
1.026000e+03 2.375171e-09
1.027000e+03 1.925118e-09
1.028000e+03 1.833908e-09
1.029000e+03 1.938919e-09
1.030000e+03 2.010886e-09
1.031000e+03 2.043131e-09
1.032000e+03 1.885272e-09
1.033000e+03 2.067649e-09
1.034000e+03 1.938960e-09
1.035000e+03 1.817188e-09
1.036000e+03 1.906929e-09
1.037000e+03 2.116745e-09
1.038000e+03 2.231690e-09
1.039000e+03 1.778477e-09
1.040000e+03 2.084756e-09
1.041000e+03 1.782993e-09
1.042000e+03 1.889334e-09
1.043000e+03 1.763453e-09
1.044000e+03 1.590561e-09
1.045000e+03 1.754657e-09
1.046000e+03 1.774970e-09
1.047000e+03 1.614567e-09
1.048000e+03 1.735816e-09
1.049000e+03 1.989264e-09
1.050000e+03 1.743541e-09
1.051000e+03 1.535135e-09
1.052000e+03 2.019967e-09
1.053000e+03 1.510465e-09
1.054000e+03 1.514580e-09
1.055000e+03 1.750166e-09
1.056000e+03 1.354257e-09
1.057000e+03 1.433580e-09
1.058000e+03 1.474948e-09
1.059000e+03 1.402301e-09
1.060000e+03 1.374512e-09
1.061000e+03 1.647981e-09
1.062000e+03 1.556302e-09
1.063000e+03 1.382591e-09
1.064000e+03 1.352870e-09
1.065000e+03 1.267640e-09
1.066000e+03 1.273959e-09
1.067000e+03 1.404952e-09
1.068000e+03 1.181546e-09
1.069000e+03 1.402174e-09
1.070000e+03 1.169574e-09
1.071000e+03 1.032056e-09
1.072000e+03 1.269438e-09
1.073000e+03 1.423914e-09
1.074000e+03 1.481258e-09
1.075000e+03 1.070469e-09
1.076000e+03 1.217600e-09
1.077000e+03 1.017766e-09
1.078000e+03 1.176167e-09
1.079000e+03 1.200531e-09
1.080000e+03 9.601512e-10
1.081000e+03 1.196137e-09
1.082000e+03 1.054656e-09
1.083000e+03 1.007863e-09
1.084000e+03 1.002969e-09
1.085000e+03 1.261273e-09
1.086000e+03 1.088632e-09
1.087000e+03 8.083651e-10
1.088000e+03 1.080189e-09
1.089000e+03 7.446075e-10
1.090000e+03 8.212074e-10
1.091000e+03 8.083903e-10
1.092000e+03 6.921219e-10
1.093000e+03 9.829043e-10
1.094000e+03 6.537567e-10
1.095000e+03 8.423809e-10
1.096000e+03 6.620664e-10
1.097000e+03 1.022685e-09
1.098000e+03 9.728104e-10
1.099000e+03 7.520729e-10
1.100000e+03 6.841937e-10
1.101000e+03 5.310933e-10
1.102000e+03 6.214255e-10
1.103000e+03 7.413694e-10
1.104000e+03 5.165965e-10
1.105000e+03 6.797397e-10
1.106000e+03 6.511617e-10
1.107000e+03 7.110200e-10
1.108000e+03 5.573651e-10
1.109000e+03 9.053278e-10
1.110000e+03 1.152020e-09
1.111000e+03 5.433777e-10
1.112000e+03 5.357082e-10
1.113000e+03 5.135515e-10
1.114000e+03 6.642263e-10
1.115000e+03 7.179810e-10
1.116000e+03 6.177446e-10
1.117000e+03 7.109937e-10
1.118000e+03 5.780416e-10
1.119000e+03 3.982024e-10
1.120000e+03 7.157130e-10
1.121000e+03 8.450968e-10
1.122000e+03 9.814806e-10
1.123000e+03 4.927536e-10
1.124000e+03 8.910492e-10
1.125000e+03 4.738337e-10
1.126000e+03 6.242607e-10
1.127000e+03 5.220883e-10
1.128000e+03 3.422013e-10
1.129000e+03 6.917214e-10
1.130000e+03 6.226824e-10
1.131000e+03 4.037689e-10
1.132000e+03 7.294260e-10
1.133000e+03 8.372734e-10
1.134000e+03 6.508717e-10
1.135000e+03 3.796192e-10
1.136000e+03 8.833729e-10
1.137000e+03 4.023920e-10
1.138000e+03 4.886575e-10
1.139000e+03 6.841331e-10
1.140000e+03 4.318858e-10
1.141000e+03 1.562521e-10
1.142000e+03 5.001084e-10
1.143000e+03 3.940972e-10
1.144000e+03 1.898560e-10
1.145000e+03 6.334362e-10
1.146000e+03 5.194550e-10
1.147000e+03 4.173752e-10
1.148000e+03 3.520941e-10
1.149000e+03 5.318856e-10
1.150000e+03 5.484015e-10
1.151000e+03 6.840116e-10
1.152000e+03 4.139682e-10
1.153000e+03 6.858157e-10
1.154000e+03 3.963285e-10
1.155000e+03 3.173550e-10
1.156000e+03 6.890636e-10
1.157000e+03 5.632631e-10
1.158000e+03 6.940064e-10
1.159000e+03 4.391195e-10
1.160000e+03 5.023108e-10
1.161000e+03 4.677468e-10
1.162000e+03 5.070326e-10
1.163000e+03 3.577967e-10
1.164000e+03 3.225574e-10
1.165000e+03 1.501502e-10
1.166000e+03 1.161330e-10
1.167000e+03 8.724928e-11
1.168000e+03 9.478556e-11
1.169000e+03 7.073732e-10
1.170000e+03 5.085064e-10
1.171000e+03 3.085894e-10
1.172000e+03 8.494180e-10
1.173000e+03 1.053891e-10
1.174000e+03 7.717959e-11
1.175000e+03 1.933212e-10
1.176000e+03 1.423381e-10
1.177000e+03 1.499702e-10
1.178000e+03 1.767556e-10
1.179000e+03 5.870964e-10
1.180000e+03 1.682197e-10
1.181000e+03 4.449715e-10
1.182000e+03 4.158768e-10
1.183000e+03 2.807849e-10
1.184000e+03 1.396732e-10
1.185000e+03 1.342015e-10
1.186000e+03 1.585740e-10
1.187000e+03 6.314224e-10
1.188000e+03 4.250828e-10
1.189000e+03 3.181503e-10
1.190000e+03 1.603578e-10
1.191000e+03 1.090390e-10
1.192000e+03 1.748751e-10
1.193000e+03 2.512317e-10
1.194000e+03 2.690115e-10
1.195000e+03 2.797441e-10
1.196000e+03 4.762843e-10
1.197000e+03 1.872833e-10
1.198000e+03 5.777520e-10
1.199000e+03 3.623187e-10
1.200000e+03 2.864509e-10
1.201000e+03 4.006902e-10
1.202000e+03 2.798669e-10
1.203000e+03 1.723720e-10
1.204000e+03 1.116894e-10
1.205000e+03 2.471357e-10
1.206000e+03 5.982682e-10
1.207000e+03 3.535537e-10
1.208000e+03 4.583217e-10
1.209000e+03 1.183024e-10
1.210000e+03 1.183783e-10
1.211000e+03 2.306226e-10
1.212000e+03 2.607144e-10
1.213000e+03 1.191476e-10
1.214000e+03 2.058031e-10
1.215000e+03 9.697025e-11
1.216000e+03 7.631684e-10
1.217000e+03 6.313323e-10
1.218000e+03 4.768489e-10
1.219000e+03 1.888000e-10
1.220000e+03 2.480492e-10
1.221000e+03 1.462506e-10
1.222000e+03 1.474313e-10
1.223000e+03 3.929092e-10
1.224000e+03 1.175976e-10
1.225000e+03 1.350360e-10
1.226000e+03 1.423268e-10
1.227000e+03 9.968008e-11
1.228000e+03 1.492346e-10
1.229000e+03 2.519428e-10
1.230000e+03 6.207379e-10
1.231000e+03 2.860161e-10
1.232000e+03 1.163652e-10
1.233000e+03 1.624641e-10
1.234000e+03 5.195571e-10
1.235000e+03 2.056066e-10
1.236000e+03 2.561284e-10
1.237000e+03 1.503648e-10
1.238000e+03 3.984611e-10
1.239000e+03 3.934029e-10
1.240000e+03 1.696938e-10
1.241000e+03 6.046560e-10
1.242000e+03 6.338860e-10
1.243000e+03 2.218643e-10
1.244000e+03 1.245064e-10
1.245000e+03 1.490877e-10
1.246000e+03 1.616165e-10
1.247000e+03 5.449637e-10
1.248000e+03 2.003265e-10
1.249000e+03 1.995221e-10
1.250000e+03 2.325712e-10
1.251000e+03 1.099595e-10
1.252000e+03 8.143960e-10
1.253000e+03 5.730493e-10
1.254000e+03 3.834664e-10
1.255000e+03 1.143564e-10
1.256000e+03 2.159689e-10
1.257000e+03 2.051896e-10
1.258000e+03 6.692177e-11
1.259000e+03 2.892434e-10
1.260000e+03 1.116399e-10
1.261000e+03 1.170413e-10
1.262000e+03 1.893208e-10
1.263000e+03 1.425225e-10
1.264000e+03 1.458074e-10
1.265000e+03 2.822591e-10
1.266000e+03 1.357104e-10
1.267000e+03 1.855340e-10
1.268000e+03 1.307860e-10
1.269000e+03 1.646190e-10
1.270000e+03 1.811124e-10
1.271000e+03 1.927456e-10
1.272000e+03 1.012194e-10
1.273000e+03 1.448102e-10
1.274000e+03 1.418451e-10
1.275000e+03 9.338321e-11
1.276000e+03 5.182487e-10
1.277000e+03 3.819991e-10
1.278000e+03 4.954623e-10
1.279000e+03 1.211512e-10
1.280000e+03 1.343002e-10
1.281000e+03 1.443268e-10
1.282000e+03 1.081639e-10
1.283000e+03 1.826665e-10
1.284000e+03 1.885488e-10
1.285000e+03 1.656920e-10
1.286000e+03 1.722887e-10
1.287000e+03 4.010289e-10
1.288000e+03 9.843423e-11
1.289000e+03 3.570820e-10
1.290000e+03 2.775537e-10
1.291000e+03 1.828557e-10
1.292000e+03 3.498562e-10
1.293000e+03 7.549015e-11
1.294000e+03 6.348986e-10
1.295000e+03 2.370786e-10
1.296000e+03 1.511245e-10
1.297000e+03 1.236986e-10
1.298000e+03 2.204092e-10
1.299000e+03 1.057434e-10
1.300000e+03 1.169463e-10
1.301000e+03 1.796954e-10
1.302000e+03 3.842432e-10
1.303000e+03 8.899646e-11
1.304000e+03 6.370216e-10
1.305000e+03 6.622211e-10
1.306000e+03 5.007958e-10
1.307000e+03 5.765997e-10
1.308000e+03 1.511504e-10
1.309000e+03 3.653197e-10
1.310000e+03 1.576824e-10
1.311000e+03 1.274345e-10
1.312000e+03 1.820754e-10
1.313000e+03 2.440259e-10
1.314000e+03 1.172870e-10
1.315000e+03 1.984202e-10
1.316000e+03 1.176790e-10
1.317000e+03 1.229590e-10
1.318000e+03 1.611292e-10
1.319000e+03 2.031723e-10
1.320000e+03 2.225881e-10
1.321000e+03 1.556364e-10
1.322000e+03 1.557535e-10
1.323000e+03 1.521101e-10
1.324000e+03 5.969026e-10
1.325000e+03 6.617322e-10
1.326000e+03 9.284281e-10
1.327000e+03 2.841118e-10
1.328000e+03 1.251034e-10
1.329000e+03 1.588198e-10
1.330000e+03 4.735549e-10
1.331000e+03 6.124561e-10
1.332000e+03 2.800170e-10
1.333000e+03 1.118110e-10
1.334000e+03 1.841848e-10
1.335000e+03 1.068252e-10
1.336000e+03 2.033555e-10
1.337000e+03 1.966709e-10
1.338000e+03 3.822972e-10
1.339000e+03 2.485510e-10
1.340000e+03 2.686372e-10
1.341000e+03 1.757621e-10
1.342000e+03 9.572347e-11
1.343000e+03 1.780903e-10
1.344000e+03 1.077202e-10
1.345000e+03 1.686981e-10
1.346000e+03 3.238069e-10
1.347000e+03 4.821183e-10
1.348000e+03 4.480060e-10
1.349000e+03 4.580733e-10
1.350000e+03 4.888097e-10
1.351000e+03 2.944498e-10
1.352000e+03 1.098044e-10
1.353000e+03 1.528934e-10
1.354000e+03 1.881325e-10
1.355000e+03 1.823427e-10
1.356000e+03 9.390802e-11
1.357000e+03 1.475357e-10
1.358000e+03 4.357103e-10
1.359000e+03 6.201932e-10
1.360000e+03 4.057374e-10
1.361000e+03 4.758240e-10
1.362000e+03 6.244521e-10
1.363000e+03 1.413769e-10
1.364000e+03 1.335656e-10
1.365000e+03 1.650420e-10
1.366000e+03 1.037314e-10
1.367000e+03 3.281297e-10
1.368000e+03 2.205870e-10
1.369000e+03 1.566107e-10
1.370000e+03 1.518314e-10
1.371000e+03 1.590784e-10
1.372000e+03 7.475803e-10
1.373000e+03 2.632018e-10
1.374000e+03 6.142737e-10
1.375000e+03 2.333196e-10
1.376000e+03 4.558034e-10
1.377000e+03 1.474278e-10
1.378000e+03 8.091064e-11
1.379000e+03 1.587640e-10
1.380000e+03 1.365263e-10
1.381000e+03 1.546638e-10
1.382000e+03 2.381283e-10
1.383000e+03 9.285528e-11
1.384000e+03 1.381752e-10
1.385000e+03 1.679215e-10
1.386000e+03 3.620230e-10
1.387000e+03 2.148112e-10
1.388000e+03 2.663110e-10
1.389000e+03 4.030113e-10
1.390000e+03 4.714071e-10
1.391000e+03 7.024696e-10
1.392000e+03 2.151724e-10
1.393000e+03 1.474041e-10
1.394000e+03 1.493328e-10
1.395000e+03 1.042920e-10
1.396000e+03 1.498302e-10
1.397000e+03 2.688662e-10
1.398000e+03 1.207995e-10
1.399000e+03 2.065969e-10
1.400000e+03 1.086112e-10
1.401000e+03 1.606406e-10
1.402000e+03 1.745666e-10
1.403000e+03 1.919410e-10
1.404000e+03 5.856040e-10
1.405000e+03 1.407598e-10
1.406000e+03 2.932580e-10
1.407000e+03 1.478058e-10
1.408000e+03 1.530910e-10
1.409000e+03 2.695640e-10
1.410000e+03 5.939413e-10
1.411000e+03 2.424989e-10
1.412000e+03 1.695733e-10
1.413000e+03 1.643297e-10
1.414000e+03 4.318286e-10
1.415000e+03 3.868372e-10
1.416000e+03 3.055059e-10
1.417000e+03 1.991226e-10
1.418000e+03 2.525543e-10
1.419000e+03 1.120170e-10
1.420000e+03 1.489738e-10
1.421000e+03 5.786460e-10
1.422000e+03 3.078444e-10
1.423000e+03 2.700068e-10
1.424000e+03 2.254827e-10
1.425000e+03 1.645613e-10
1.426000e+03 4.502583e-10
1.427000e+03 3.242633e-10
1.428000e+03 1.021937e-10
1.429000e+03 1.361157e-10
1.430000e+03 2.739622e-10
1.431000e+03 4.352037e-10
1.432000e+03 4.551712e-10
1.433000e+03 2.535319e-10
1.434000e+03 4.829155e-10
1.435000e+03 2.056824e-10
1.436000e+03 1.234953e-10
1.437000e+03 1.955056e-10
1.438000e+03 1.827231e-10
1.439000e+03 1.776169e-10
1.440000e+03 1.133675e-10
1.441000e+03 1.323580e-10
1.442000e+03 1.515097e-10
1.443000e+03 8.256147e-11
1.444000e+03 1.702751e-10
1.445000e+03 4.427123e-10
1.446000e+03 2.482288e-10
1.447000e+03 1.378699e-10
1.448000e+03 1.358574e-10
1.449000e+03 1.795083e-10
1.450000e+03 1.029956e-10
1.451000e+03 1.959551e-10
1.452000e+03 1.801765e-10
1.453000e+03 1.210095e-10
1.454000e+03 2.839328e-10
1.455000e+03 2.497202e-10
1.456000e+03 6.715637e-10
1.457000e+03 5.017826e-10
1.458000e+03 6.648139e-10
1.459000e+03 1.397503e-10
1.460000e+03 2.135108e-10
1.461000e+03 9.636012e-11
1.462000e+03 2.313688e-10
1.463000e+03 1.878589e-10
1.464000e+03 1.262255e-10
1.465000e+03 1.349952e-10
1.466000e+03 2.256498e-10
1.467000e+03 8.418174e-11
1.468000e+03 8.207003e-11
1.469000e+03 3.943675e-10
1.470000e+03 3.017802e-10
1.471000e+03 1.137467e-10
1.472000e+03 4.796319e-10
1.473000e+03 1.075600e-10
1.474000e+03 1.754802e-10
1.475000e+03 1.757750e-10
1.476000e+03 1.020017e-10
1.477000e+03 1.280840e-10
1.478000e+03 1.412923e-10
1.479000e+03 3.918001e-10
1.480000e+03 1.519551e-10
1.481000e+03 2.443728e-10
1.482000e+03 1.255110e-10
1.483000e+03 3.766257e-10
1.484000e+03 4.372812e-10
1.485000e+03 9.852975e-11
1.486000e+03 2.190579e-10
1.487000e+03 1.942310e-10
1.488000e+03 3.133148e-10
1.489000e+03 5.126023e-10
1.490000e+03 1.656562e-10
1.491000e+03 2.001554e-10
1.492000e+03 1.474195e-10
1.493000e+03 3.737128e-10
1.494000e+03 5.335963e-10
1.495000e+03 1.502398e-10
1.496000e+03 1.251656e-10
1.497000e+03 1.447691e-10
1.498000e+03 7.008673e-11
1.499000e+03 1.755064e-10
1.500000e+03 1.967035e-10
