Title ="THE FLUX ERR"
Variables=
iter
residual
1.000000e+00 2.319866e-04
2.000000e+00 2.244282e-03
3.000000e+00 3.751841e-03
4.000000e+00 2.988800e-03
5.000000e+00 2.099858e-03
6.000000e+00 1.569490e-03
7.000000e+00 1.047348e-03
8.000000e+00 6.430080e-04
9.000000e+00 5.231248e-04
1.000000e+01 4.259781e-04
1.100000e+01 3.161253e-04
1.200000e+01 4.363266e-04
1.300000e+01 2.846775e-05
1.400000e+01 1.977788e-05
1.500000e+01 1.315012e-05
1.600000e+01 2.122773e-05
1.700000e+01 9.799865e-05
1.800000e+01 4.103325e-05
1.900000e+01 3.570946e-05
2.000000e+01 3.175579e-05
2.100000e+01 2.828481e-05
2.200000e+01 2.634995e-05
2.300000e+01 2.104089e-05
2.400000e+01 2.272903e-05
2.500000e+01 2.037358e-05
2.600000e+01 1.572264e-05
2.700000e+01 1.419568e-05
2.800000e+01 1.367608e-05
2.900000e+01 1.128590e-05
3.000000e+01 1.116101e-05
3.100000e+01 8.274986e-06
3.200000e+01 7.681245e-06
3.300000e+01 5.997965e-06
3.400000e+01 4.735785e-06
3.500000e+01 6.790952e-06
3.600000e+01 5.412875e-06
3.700000e+01 7.586763e-06
3.800000e+01 4.917300e-06
3.900000e+01 4.386483e-06
4.000000e+01 5.419657e-06
4.100000e+01 4.261003e-06
4.200000e+01 4.621898e-06
4.300000e+01 4.678116e-06
4.400000e+01 3.507928e-06
4.500000e+01 3.837189e-06
4.600000e+01 3.794290e-06
4.700000e+01 4.926142e-06
4.800000e+01 2.546150e-05
4.900000e+01 3.857853e-06
5.000000e+01 2.256658e-05
5.100000e+01 5.126534e-06
5.200000e+01 2.333019e-05
5.300000e+01 2.224736e-05
5.400000e+01 2.147452e-05
5.500000e+01 1.985375e-05
5.600000e+01 1.959990e-05
5.700000e+01 1.925430e-05
5.800000e+01 1.863446e-05
5.900000e+01 2.009502e-05
6.000000e+01 1.799877e-05
6.100000e+01 1.706875e-05
6.200000e+01 1.787673e-05
6.300000e+01 1.634438e-05
6.400000e+01 1.692880e-05
6.500000e+01 1.601172e-05
6.600000e+01 1.658657e-05
6.700000e+01 1.604307e-05
6.800000e+01 1.558518e-05
6.900000e+01 1.622361e-05
7.000000e+01 1.906218e-05
7.100000e+01 1.900948e-05
7.200000e+01 1.857885e-05
7.300000e+01 1.893305e-05
7.400000e+01 1.943572e-05
7.500000e+01 1.872121e-05
7.600000e+01 1.848356e-05
7.700000e+01 1.874664e-05
7.800000e+01 1.749247e-05
7.900000e+01 1.779684e-05
8.000000e+01 1.708779e-05
8.100000e+01 1.916097e-05
8.200000e+01 1.800285e-05
8.300000e+01 2.015472e-05
8.400000e+01 1.681905e-05
8.500000e+01 1.581807e-05
8.600000e+01 1.741217e-05
8.700000e+01 1.645782e-05
8.800000e+01 1.629274e-05
8.900000e+01 1.660159e-05
9.000000e+01 1.729866e-05
9.100000e+01 1.521393e-05
9.200000e+01 1.678517e-05
9.300000e+01 1.518425e-05
9.400000e+01 1.483298e-05
9.500000e+01 3.897424e-06
9.600000e+01 1.302617e-05
9.700000e+01 1.460977e-05
9.800000e+01 1.319680e-05
9.900000e+01 1.328701e-05
1.000000e+02 1.230706e-05
1.010000e+02 1.341403e-05
1.020000e+02 1.308977e-05
1.030000e+02 1.218214e-05
1.040000e+02 1.275221e-05
1.050000e+02 1.136123e-05
1.060000e+02 1.246066e-05
1.070000e+02 1.079837e-05
1.080000e+02 1.072664e-05
1.090000e+02 1.165804e-05
1.100000e+02 1.075239e-05
1.110000e+02 1.105370e-05
1.120000e+02 1.069543e-05
1.130000e+02 1.138426e-05
1.140000e+02 9.146991e-06
1.150000e+02 9.766987e-06
1.160000e+02 9.253173e-06
1.170000e+02 9.295709e-06
1.180000e+02 9.094563e-06
1.190000e+02 9.970306e-06
1.200000e+02 9.162614e-06
1.210000e+02 9.061287e-06
1.220000e+02 9.474477e-06
1.230000e+02 8.568635e-06
1.240000e+02 8.652956e-06
1.250000e+02 8.449740e-06
1.260000e+02 8.606354e-06
1.270000e+02 8.524289e-06
1.280000e+02 8.787219e-06
1.290000e+02 7.641111e-06
1.300000e+02 7.674625e-06
1.310000e+02 7.878959e-06
1.320000e+02 8.636959e-06
1.330000e+02 8.095081e-06
1.340000e+02 7.945482e-06
1.350000e+02 7.473516e-06
1.360000e+02 7.864623e-06
1.370000e+02 8.045845e-06
1.380000e+02 8.324227e-06
1.390000e+02 8.461281e-06
1.400000e+02 8.718798e-06
1.410000e+02 8.478909e-06
1.420000e+02 7.510250e-06
1.430000e+02 7.714243e-06
1.440000e+02 7.766390e-06
1.450000e+02 7.852134e-06
1.460000e+02 8.126590e-06
1.470000e+02 7.980239e-06
1.480000e+02 7.725657e-06
1.490000e+02 7.937241e-06
1.500000e+02 7.895498e-06
1.510000e+02 7.517404e-06
1.520000e+02 7.904714e-06
1.530000e+02 7.491226e-06
1.540000e+02 8.245855e-06
1.550000e+02 7.741398e-06
1.560000e+02 7.694025e-06
1.570000e+02 7.799210e-06
1.580000e+02 6.992514e-06
1.590000e+02 7.808522e-06
1.600000e+02 7.553475e-06
1.610000e+02 7.932298e-06
1.620000e+02 7.477401e-06
1.630000e+02 7.602799e-06
1.640000e+02 7.699429e-06
1.650000e+02 7.562589e-06
1.660000e+02 7.627242e-06
1.670000e+02 6.956694e-06
1.680000e+02 7.611830e-06
1.690000e+02 7.203981e-06
1.700000e+02 7.554098e-06
1.710000e+02 7.490190e-06
1.720000e+02 7.537195e-06
1.730000e+02 7.453813e-06
1.740000e+02 7.221583e-06
1.750000e+02 6.899803e-06
1.760000e+02 6.217213e-06
1.770000e+02 7.787163e-06
1.780000e+02 6.909066e-06
1.790000e+02 6.900842e-06
1.800000e+02 7.130604e-06
1.810000e+02 7.110578e-06
1.820000e+02 7.306805e-06
1.830000e+02 7.441213e-06
1.840000e+02 6.485519e-06
1.850000e+02 7.106899e-06
1.860000e+02 6.578395e-06
1.870000e+02 6.665782e-06
1.880000e+02 6.563932e-06
1.890000e+02 6.141149e-06
1.900000e+02 6.530025e-06
1.910000e+02 6.759718e-06
1.920000e+02 6.566679e-06
1.930000e+02 6.130738e-06
1.940000e+02 6.053621e-06
1.950000e+02 5.798224e-06
1.960000e+02 6.777340e-06
1.970000e+02 6.239727e-06
1.980000e+02 5.514643e-06
1.990000e+02 5.080263e-06
2.000000e+02 6.089929e-06
2.010000e+02 6.624490e-06
2.020000e+02 6.004953e-06
2.030000e+02 6.411262e-06
2.040000e+02 1.116279e-06
2.050000e+02 5.653532e-06
2.060000e+02 6.031472e-06
2.070000e+02 6.155695e-06
2.080000e+02 6.097964e-06
2.090000e+02 6.472633e-06
2.100000e+02 1.010506e-06
2.110000e+02 5.550373e-06
2.120000e+02 5.341803e-06
2.130000e+02 5.135504e-06
2.140000e+02 6.068343e-06
2.150000e+02 5.987140e-06
2.160000e+02 5.824831e-06
2.170000e+02 1.167606e-06
2.180000e+02 5.249286e-06
2.190000e+02 5.524790e-06
2.200000e+02 5.429978e-06
2.210000e+02 5.720196e-06
2.220000e+02 4.924750e-06
2.230000e+02 4.796567e-06
2.240000e+02 5.401100e-06
2.250000e+02 4.829972e-06
2.260000e+02 5.345051e-06
2.270000e+02 4.949324e-06
2.280000e+02 4.998817e-06
2.290000e+02 5.085848e-06
2.300000e+02 5.056388e-06
2.310000e+02 4.627108e-06
2.320000e+02 4.524907e-06
2.330000e+02 4.539227e-06
2.340000e+02 4.324935e-06
2.350000e+02 4.694856e-06
2.360000e+02 4.401490e-06
2.370000e+02 4.257128e-06
2.380000e+02 4.365918e-06
2.390000e+02 4.106588e-06
2.400000e+02 4.301408e-06
2.410000e+02 4.226641e-06
2.420000e+02 4.450626e-06
2.430000e+02 4.380433e-06
2.440000e+02 4.286684e-06
2.450000e+02 4.378569e-06
2.460000e+02 4.383865e-06
2.470000e+02 4.348678e-06
2.480000e+02 4.434586e-06
2.490000e+02 4.270552e-06
2.500000e+02 4.390477e-06
2.510000e+02 4.462540e-06
2.520000e+02 4.734031e-06
2.530000e+02 4.882228e-06
2.540000e+02 4.716378e-06
2.550000e+02 4.520022e-06
2.560000e+02 4.393275e-06
2.570000e+02 4.840472e-06
2.580000e+02 4.619243e-06
2.590000e+02 4.993881e-06
2.600000e+02 4.690631e-06
2.610000e+02 4.812601e-06
2.620000e+02 5.207274e-06
2.630000e+02 5.030775e-06
2.640000e+02 5.019347e-06
2.650000e+02 5.006509e-06
2.660000e+02 5.104939e-06
2.670000e+02 4.986867e-06
2.680000e+02 4.818441e-06
2.690000e+02 4.986221e-06
2.700000e+02 4.784284e-06
2.710000e+02 4.801960e-06
2.720000e+02 4.641401e-06
2.730000e+02 4.546217e-06
2.740000e+02 4.266776e-06
2.750000e+02 4.744046e-06
2.760000e+02 5.134996e-06
2.770000e+02 4.871157e-06
2.780000e+02 4.766143e-06
2.790000e+02 1.102332e-06
2.800000e+02 4.460359e-06
2.810000e+02 1.232762e-06
2.820000e+02 3.950788e-06
2.830000e+02 4.515115e-06
2.840000e+02 1.076741e-06
2.850000e+02 4.118385e-06
2.860000e+02 9.886467e-07
2.870000e+02 4.391549e-06
2.880000e+02 4.537269e-06
2.890000e+02 4.783162e-06
2.900000e+02 1.184967e-06
2.910000e+02 4.256503e-06
2.920000e+02 4.559516e-06
2.930000e+02 4.634445e-06
2.940000e+02 4.564323e-06
2.950000e+02 4.393235e-06
2.960000e+02 4.709281e-06
2.970000e+02 4.786321e-06
2.980000e+02 4.540673e-06
2.990000e+02 4.469997e-06
3.000000e+02 4.113656e-06
3.010000e+02 4.062952e-06
3.020000e+02 4.709016e-06
3.030000e+02 4.862150e-06
3.040000e+02 4.661031e-06
3.050000e+02 4.675023e-06
3.060000e+02 4.520573e-06
3.070000e+02 4.223177e-06
3.080000e+02 4.079772e-06
3.090000e+02 4.410702e-06
3.100000e+02 4.175588e-06
3.110000e+02 4.107105e-06
3.120000e+02 4.212105e-06
3.130000e+02 4.511338e-06
3.140000e+02 4.501030e-06
3.150000e+02 4.625316e-06
3.160000e+02 4.581954e-06
3.170000e+02 4.167661e-06
3.180000e+02 4.313248e-06
3.190000e+02 4.493736e-06
3.200000e+02 4.483155e-06
3.210000e+02 4.588945e-06
3.220000e+02 4.561658e-06
3.230000e+02 3.998978e-06
3.240000e+02 4.272358e-06
3.250000e+02 4.328031e-06
3.260000e+02 4.330165e-06
3.270000e+02 4.606481e-06
3.280000e+02 4.564227e-06
3.290000e+02 4.731695e-06
3.300000e+02 4.557803e-06
3.310000e+02 4.380581e-06
3.320000e+02 4.581878e-06
3.330000e+02 3.949303e-06
3.340000e+02 4.138579e-06
3.350000e+02 4.102988e-06
3.360000e+02 4.076348e-06
3.370000e+02 4.067979e-06
3.380000e+02 3.921286e-06
3.390000e+02 4.327175e-06
3.400000e+02 4.118037e-06
3.410000e+02 3.789340e-06
3.420000e+02 4.050856e-06
3.430000e+02 4.103834e-06
3.440000e+02 3.766724e-06
3.450000e+02 3.949408e-06
3.460000e+02 3.868119e-06
3.470000e+02 3.758965e-06
3.480000e+02 3.645279e-06
3.490000e+02 3.712531e-06
3.500000e+02 3.866556e-06
3.510000e+02 3.539027e-06
3.520000e+02 3.425611e-06
3.530000e+02 3.831827e-06
3.540000e+02 3.645368e-06
3.550000e+02 3.572611e-06
3.560000e+02 3.472216e-06
3.570000e+02 3.633564e-06
3.580000e+02 3.185727e-06
3.590000e+02 3.367105e-06
3.600000e+02 3.132954e-06
3.610000e+02 3.279454e-06
3.620000e+02 3.439378e-06
3.630000e+02 3.137484e-06
3.640000e+02 3.346709e-06
3.650000e+02 3.230312e-06
3.660000e+02 3.450370e-06
3.670000e+02 3.584130e-06
3.680000e+02 2.997275e-06
3.690000e+02 3.423009e-06
3.700000e+02 3.536124e-06
3.710000e+02 3.262644e-06
3.720000e+02 3.082254e-06
3.730000e+02 3.121948e-06
3.740000e+02 2.987713e-06
3.750000e+02 3.053747e-06
3.760000e+02 2.860666e-06
3.770000e+02 2.870141e-06
3.780000e+02 2.993821e-06
3.790000e+02 2.973823e-06
3.800000e+02 3.138994e-06
3.810000e+02 3.234322e-06
3.820000e+02 3.159380e-06
3.830000e+02 2.803816e-06
3.840000e+02 2.736954e-06
3.850000e+02 2.623374e-06
3.860000e+02 3.019558e-06
3.870000e+02 3.095732e-06
3.880000e+02 2.840593e-06
3.890000e+02 2.742908e-06
3.900000e+02 2.808458e-06
3.910000e+02 2.912002e-06
3.920000e+02 2.958257e-06
3.930000e+02 2.775095e-06
3.940000e+02 2.792249e-06
3.950000e+02 3.025875e-06
3.960000e+02 2.884579e-06
3.970000e+02 2.968322e-06
3.980000e+02 2.897316e-06
3.990000e+02 3.213614e-06
4.000000e+02 2.904705e-06
4.010000e+02 2.802575e-06
4.020000e+02 2.925738e-06
4.030000e+02 2.936134e-06
4.040000e+02 2.698284e-06
4.050000e+02 2.865869e-06
4.060000e+02 2.664872e-06
4.070000e+02 2.647852e-06
4.080000e+02 2.730856e-06
4.090000e+02 2.751429e-06
4.100000e+02 2.697264e-06
4.110000e+02 2.749450e-06
4.120000e+02 2.576098e-06
4.130000e+02 2.741390e-06
4.140000e+02 2.772745e-06
4.150000e+02 2.680609e-06
4.160000e+02 2.722038e-06
4.170000e+02 2.642370e-06
4.180000e+02 2.548346e-06
4.190000e+02 2.530709e-06
4.200000e+02 2.576320e-06
4.210000e+02 2.737313e-06
4.220000e+02 2.748653e-06
4.230000e+02 2.535807e-06
4.240000e+02 2.448064e-06
4.250000e+02 2.708064e-06
4.260000e+02 2.580759e-06
4.270000e+02 2.517267e-06
4.280000e+02 2.409565e-06
4.290000e+02 2.394504e-06
4.300000e+02 2.436305e-06
4.310000e+02 2.541068e-06
4.320000e+02 2.444399e-06
4.330000e+02 2.251856e-06
4.340000e+02 2.414909e-06
4.350000e+02 2.372433e-06
4.360000e+02 2.420241e-06
4.370000e+02 2.465462e-06
4.380000e+02 2.513841e-06
4.390000e+02 2.427036e-06
4.400000e+02 2.345221e-06
4.410000e+02 2.334574e-06
4.420000e+02 2.241803e-06
4.430000e+02 2.270675e-06
4.440000e+02 2.331831e-06
4.450000e+02 2.290223e-06
4.460000e+02 2.385864e-06
4.470000e+02 2.336589e-06
4.480000e+02 2.269277e-06
4.490000e+02 2.019710e-06
4.500000e+02 2.154847e-06
4.510000e+02 2.193955e-06
4.520000e+02 2.039828e-06
4.530000e+02 1.964374e-06
4.540000e+02 1.895146e-06
4.550000e+02 1.971169e-06
4.560000e+02 1.858985e-06
4.570000e+02 1.788546e-06
4.580000e+02 1.745901e-06
4.590000e+02 1.867814e-06
4.600000e+02 1.572754e-06
4.610000e+02 1.727670e-06
4.620000e+02 1.502583e-06
4.630000e+02 1.597292e-06
4.640000e+02 1.527697e-06
4.650000e+02 1.466280e-06
4.660000e+02 1.522631e-06
4.670000e+02 1.517893e-06
4.680000e+02 1.579318e-06
4.690000e+02 1.633147e-06
4.700000e+02 1.734572e-06
4.710000e+02 1.596206e-06
4.720000e+02 1.618936e-06
4.730000e+02 1.527564e-06
4.740000e+02 1.595212e-06
4.750000e+02 1.526837e-06
4.760000e+02 1.539246e-06
4.770000e+02 1.440857e-06
4.780000e+02 1.422696e-06
4.790000e+02 1.495646e-06
4.800000e+02 1.608276e-06
4.810000e+02 1.657405e-06
4.820000e+02 1.506582e-06
4.830000e+02 1.528034e-06
4.840000e+02 1.438463e-06
4.850000e+02 1.494413e-06
4.860000e+02 1.620718e-06
4.870000e+02 1.784268e-06
4.880000e+02 1.733713e-06
4.890000e+02 1.473975e-06
4.900000e+02 1.564612e-06
4.910000e+02 1.477135e-06
4.920000e+02 1.671395e-06
4.930000e+02 1.656145e-06
4.940000e+02 1.609872e-06
4.950000e+02 1.582323e-06
4.960000e+02 1.570730e-06
4.970000e+02 1.510311e-06
4.980000e+02 1.429630e-06
4.990000e+02 1.760575e-06
5.000000e+02 1.594874e-06
5.010000e+02 1.561969e-06
5.020000e+02 1.595686e-06
5.030000e+02 1.597690e-06
5.040000e+02 1.625030e-06
5.050000e+02 1.569892e-06
5.060000e+02 1.565050e-06
5.070000e+02 1.531248e-06
5.080000e+02 1.706381e-06
5.090000e+02 1.673830e-06
5.100000e+02 1.620946e-06
5.110000e+02 1.557764e-06
5.120000e+02 1.565306e-06
5.130000e+02 1.484291e-06
5.140000e+02 1.649357e-06
5.150000e+02 1.548897e-06
5.160000e+02 1.565587e-06
5.170000e+02 1.456986e-06
5.180000e+02 1.539678e-06
5.190000e+02 1.439982e-06
5.200000e+02 1.464084e-06
5.210000e+02 1.464682e-06
5.220000e+02 1.421441e-06
5.230000e+02 1.410395e-06
5.240000e+02 1.442654e-06
5.250000e+02 1.412872e-06
5.260000e+02 1.309189e-06
5.270000e+02 1.283925e-06
5.280000e+02 1.268194e-06
5.290000e+02 1.269818e-06
5.300000e+02 1.331936e-06
5.310000e+02 1.291519e-06
5.320000e+02 1.246762e-06
5.330000e+02 1.281405e-06
5.340000e+02 1.315558e-06
5.350000e+02 1.298113e-06
5.360000e+02 1.227375e-06
5.370000e+02 1.248847e-06
5.380000e+02 1.267957e-06
5.390000e+02 1.205592e-06
5.400000e+02 1.125281e-06
5.410000e+02 1.125532e-06
5.420000e+02 1.148033e-06
5.430000e+02 1.585944e-06
5.440000e+02 1.254967e-06
5.450000e+02 1.137330e-06
5.460000e+02 1.112182e-06
5.470000e+02 1.064274e-06
5.480000e+02 1.085482e-06
5.490000e+02 1.122642e-06
5.500000e+02 1.083023e-06
5.510000e+02 1.097001e-06
5.520000e+02 1.095100e-06
5.530000e+02 1.193162e-06
5.540000e+02 1.082739e-06
5.550000e+02 1.050737e-06
5.560000e+02 1.113514e-06
5.570000e+02 1.143782e-06
5.580000e+02 1.077211e-06
5.590000e+02 1.136074e-06
5.600000e+02 1.116129e-06
5.610000e+02 1.082096e-06
5.620000e+02 1.058534e-06
5.630000e+02 1.105071e-06
5.640000e+02 9.893010e-07
5.650000e+02 1.024500e-06
5.660000e+02 9.508032e-07
5.670000e+02 1.055004e-06
5.680000e+02 1.003276e-06
5.690000e+02 9.919550e-07
5.700000e+02 8.861526e-07
5.710000e+02 9.552971e-07
5.720000e+02 9.218524e-07
5.730000e+02 9.001449e-07
5.740000e+02 8.932012e-07
5.750000e+02 8.898497e-07
5.760000e+02 8.248275e-07
5.770000e+02 8.372973e-07
5.780000e+02 8.586879e-07
5.790000e+02 8.332456e-07
5.800000e+02 8.486330e-07
5.810000e+02 8.421654e-07
5.820000e+02 8.999097e-07
5.830000e+02 8.465212e-07
5.840000e+02 7.917965e-07
5.850000e+02 8.138526e-07
5.860000e+02 8.279828e-07
5.870000e+02 7.777662e-07
5.880000e+02 7.625375e-07
5.890000e+02 7.634820e-07
5.900000e+02 7.748641e-07
5.910000e+02 7.298213e-07
5.920000e+02 7.764880e-07
5.930000e+02 7.075726e-07
5.940000e+02 7.112623e-07
5.950000e+02 7.329541e-07
5.960000e+02 7.115224e-07
5.970000e+02 7.180896e-07
5.980000e+02 6.937820e-07
5.990000e+02 7.351697e-07
6.000000e+02 6.878041e-07
6.010000e+02 7.333788e-07
6.020000e+02 7.537241e-07
6.030000e+02 7.277036e-07
6.040000e+02 7.232146e-07
6.050000e+02 7.562943e-07
6.060000e+02 7.936322e-07
6.070000e+02 7.598815e-07
6.080000e+02 7.083540e-07
6.090000e+02 7.393644e-07
6.100000e+02 8.145733e-07
6.110000e+02 7.546753e-07
6.120000e+02 7.514315e-07
6.130000e+02 7.504807e-07
6.140000e+02 7.573487e-07
6.150000e+02 7.630638e-07
6.160000e+02 7.566438e-07
6.170000e+02 7.712960e-07
6.180000e+02 7.639338e-07
6.190000e+02 7.633335e-07
6.200000e+02 7.868381e-07
6.210000e+02 7.663627e-07
6.220000e+02 7.542417e-07
6.230000e+02 7.608566e-07
6.240000e+02 7.743317e-07
6.250000e+02 7.839257e-07
6.260000e+02 7.877602e-07
6.270000e+02 7.737656e-07
6.280000e+02 7.755188e-07
6.290000e+02 7.439884e-07
6.300000e+02 7.819259e-07
6.310000e+02 7.864253e-07
6.320000e+02 7.651682e-07
6.330000e+02 8.194604e-07
6.340000e+02 7.707212e-07
6.350000e+02 7.397336e-07
6.360000e+02 7.468680e-07
6.370000e+02 7.696619e-07
6.380000e+02 8.217127e-07
6.390000e+02 8.039646e-07
6.400000e+02 8.205737e-07
6.410000e+02 7.543047e-07
6.420000e+02 7.800403e-07
6.430000e+02 7.580570e-07
6.440000e+02 7.478208e-07
6.450000e+02 7.478190e-07
6.460000e+02 7.450325e-07
6.470000e+02 7.718655e-07
6.480000e+02 7.363659e-07
6.490000e+02 7.270594e-07
6.500000e+02 7.541213e-07
6.510000e+02 8.026958e-07
6.520000e+02 8.051132e-07
6.530000e+02 7.870242e-07
6.540000e+02 7.860347e-07
6.550000e+02 8.011311e-07
6.560000e+02 7.616405e-07
6.570000e+02 7.757282e-07
6.580000e+02 7.337646e-07
6.590000e+02 7.108970e-07
6.600000e+02 7.452650e-07
6.610000e+02 7.465176e-07
6.620000e+02 7.444873e-07
6.630000e+02 6.919086e-07
6.640000e+02 7.076904e-07
6.650000e+02 6.832235e-07
6.660000e+02 6.572961e-07
6.670000e+02 6.705547e-07
6.680000e+02 6.693467e-07
6.690000e+02 7.327216e-07
6.700000e+02 6.902421e-07
6.710000e+02 6.504366e-07
6.720000e+02 6.602970e-07
6.730000e+02 6.784521e-07
6.740000e+02 6.853258e-07
6.750000e+02 7.090846e-07
6.760000e+02 6.866403e-07
6.770000e+02 6.374098e-07
6.780000e+02 6.243928e-07
6.790000e+02 6.347887e-07
6.800000e+02 6.330088e-07
6.810000e+02 6.126568e-07
6.820000e+02 6.168912e-07
6.830000e+02 6.156337e-07
6.840000e+02 6.644224e-07
6.850000e+02 6.518621e-07
6.860000e+02 6.984588e-07
6.870000e+02 6.132595e-07
6.880000e+02 6.678353e-07
6.890000e+02 6.668419e-07
6.900000e+02 7.365679e-07
6.910000e+02 6.272773e-07
6.920000e+02 6.131289e-07
6.930000e+02 6.230808e-07
6.940000e+02 6.490320e-07
6.950000e+02 6.098825e-07
6.960000e+02 5.967807e-07
6.970000e+02 6.418978e-07
6.980000e+02 5.882585e-07
6.990000e+02 1.144586e-06
7.000000e+02 1.192735e-06
7.010000e+02 5.937155e-07
7.020000e+02 1.593501e-06
7.030000e+02 1.614674e-06
7.040000e+02 5.455658e-07
7.050000e+02 1.687855e-06
7.060000e+02 3.378929e-07
7.070000e+02 6.546581e-07
7.080000e+02 6.868649e-07
7.090000e+02 5.556984e-07
7.100000e+02 6.056847e-07
7.110000e+02 5.375488e-07
7.120000e+02 7.832326e-07
7.130000e+02 5.546072e-07
7.140000e+02 3.404019e-07
7.150000e+02 5.950190e-07
7.160000e+02 3.894687e-07
7.170000e+02 8.380598e-07
7.180000e+02 5.854041e-07
7.190000e+02 4.459127e-07
7.200000e+02 7.941237e-07
7.210000e+02 3.872705e-07
7.220000e+02 9.236576e-07
7.230000e+02 3.263965e-07
7.240000e+02 9.916318e-07
7.250000e+02 6.065157e-07
7.260000e+02 5.292071e-07
7.270000e+02 7.167655e-07
7.280000e+02 5.723400e-07
7.290000e+02 7.410356e-07
7.300000e+02 4.646661e-07
7.310000e+02 6.999915e-07
7.320000e+02 4.148211e-07
7.330000e+02 8.964534e-07
7.340000e+02 1.680460e-06
7.350000e+02 3.255393e-07
7.360000e+02 6.995536e-07
7.370000e+02 3.790703e-07
7.380000e+02 7.829123e-07
7.390000e+02 3.355638e-07
7.400000e+02 6.593051e-07
7.410000e+02 3.494572e-07
7.420000e+02 6.843086e-07
7.430000e+02 5.120184e-07
7.440000e+02 3.453538e-07
7.450000e+02 6.005206e-07
7.460000e+02 3.393815e-07
7.470000e+02 6.728727e-07
7.480000e+02 4.009301e-07
7.490000e+02 3.497464e-07
7.500000e+02 4.197715e-07
7.510000e+02 3.120203e-07
7.520000e+02 5.895527e-07
7.530000e+02 1.375153e-06
7.540000e+02 2.567654e-07
7.550000e+02 5.203979e-07
7.560000e+02 1.129911e-06
7.570000e+02 3.586136e-07
7.580000e+02 1.296126e-06
7.590000e+02 1.330796e-06
7.600000e+02 3.275891e-07
7.610000e+02 1.214035e-06
7.620000e+02 3.646026e-07
7.630000e+02 1.352357e-06
7.640000e+02 3.101453e-07
7.650000e+02 3.719703e-07
7.660000e+02 1.152330e-06
7.670000e+02 2.146084e-07
7.680000e+02 1.255634e-06
7.690000e+02 2.498313e-07
7.700000e+02 1.028214e-06
7.710000e+02 1.126027e-06
7.720000e+02 2.698029e-07
7.730000e+02 1.998080e-07
7.740000e+02 3.200785e-07
7.750000e+02 2.771571e-07
7.760000e+02 1.124350e-06
7.770000e+02 1.559800e-07
7.780000e+02 3.294341e-07
7.790000e+02 1.944283e-07
7.800000e+02 1.742596e-07
7.810000e+02 3.430689e-07
7.820000e+02 2.144135e-07
7.830000e+02 4.506960e-07
7.840000e+02 2.277223e-07
7.850000e+02 1.906363e-07
7.860000e+02 2.954128e-07
7.870000e+02 2.162950e-07
7.880000e+02 1.976795e-07
7.890000e+02 1.895473e-07
7.900000e+02 2.688303e-07
7.910000e+02 1.503636e-07
7.920000e+02 1.481959e-07
7.930000e+02 2.591214e-07
7.940000e+02 2.156834e-07
7.950000e+02 2.044048e-07
7.960000e+02 1.582219e-07
7.970000e+02 3.996484e-07
7.980000e+02 3.047120e-07
7.990000e+02 2.041554e-07
8.000000e+02 1.398930e-07
8.010000e+02 3.807701e-07
8.020000e+02 2.478278e-07
8.030000e+02 2.349262e-07
8.040000e+02 1.860994e-07
8.050000e+02 3.564039e-07
8.060000e+02 1.496804e-07
8.070000e+02 2.773883e-07
8.080000e+02 2.514781e-07
8.090000e+02 2.598397e-07
8.100000e+02 2.192394e-07
8.110000e+02 8.694809e-08
8.120000e+02 2.888523e-07
8.130000e+02 1.166180e-07
8.140000e+02 3.082477e-07
8.150000e+02 1.749307e-07
8.160000e+02 1.374647e-07
8.170000e+02 2.901225e-07
8.180000e+02 2.808262e-07
8.190000e+02 2.529544e-07
8.200000e+02 2.125999e-07
8.210000e+02 1.787533e-07
8.220000e+02 2.143622e-07
8.230000e+02 9.224818e-08
8.240000e+02 5.940908e-08
8.250000e+02 2.417032e-07
8.260000e+02 2.314002e-07
8.270000e+02 1.998395e-07
8.280000e+02 1.677927e-07
8.290000e+02 1.533735e-07
8.300000e+02 2.778512e-07
8.310000e+02 6.490874e-08
8.320000e+02 6.453173e-08
8.330000e+02 2.416776e-07
8.340000e+02 4.452968e-08
8.350000e+02 1.671634e-07
8.360000e+02 1.693569e-07
8.370000e+02 1.454701e-07
8.380000e+02 1.204404e-07
8.390000e+02 1.008794e-07
8.400000e+02 3.975213e-07
8.410000e+02 5.344990e-08
8.420000e+02 5.209018e-08
8.430000e+02 1.926134e-07
8.440000e+02 5.439986e-08
8.450000e+02 1.619242e-07
8.460000e+02 1.506766e-07
8.470000e+02 1.202089e-07
8.480000e+02 1.077854e-07
8.490000e+02 8.414689e-08
8.500000e+02 2.714836e-07
8.510000e+02 1.080020e-07
8.520000e+02 9.660276e-08
8.530000e+02 5.362210e-08
8.540000e+02 2.018655e-07
8.550000e+02 1.913448e-07
8.560000e+02 1.625220e-07
8.570000e+02 1.226573e-07
8.580000e+02 1.024978e-07
8.590000e+02 8.702939e-08
8.600000e+02 3.196104e-07
8.610000e+02 5.178693e-08
8.620000e+02 2.205395e-07
8.630000e+02 2.128477e-07
8.640000e+02 4.135091e-08
8.650000e+02 1.438399e-07
8.660000e+02 1.363897e-07
8.670000e+02 1.162052e-07
8.680000e+02 9.910184e-08
8.690000e+02 8.645155e-08
8.700000e+02 7.579622e-08
8.710000e+02 6.316847e-08
8.720000e+02 2.830369e-07
8.730000e+02 5.978182e-08
8.740000e+02 4.188975e-08
8.750000e+02 1.909608e-07
8.760000e+02 1.844029e-07
8.770000e+02 1.556077e-07
8.780000e+02 1.301097e-07
8.790000e+02 1.120357e-07
8.800000e+02 9.085432e-08
8.810000e+02 7.528837e-08
8.820000e+02 6.362432e-08
8.830000e+02 5.671875e-08
8.840000e+02 4.980836e-08
8.850000e+02 4.373864e-08
8.860000e+02 3.598818e-08
8.870000e+02 2.399502e-07
8.880000e+02 6.710415e-08
8.890000e+02 2.054378e-07
8.900000e+02 6.219686e-08
8.910000e+02 1.435829e-07
8.920000e+02 1.483325e-07
8.930000e+02 1.360319e-07
8.940000e+02 1.144382e-07
8.950000e+02 9.507800e-08
8.960000e+02 7.967039e-08
8.970000e+02 6.477939e-08
8.980000e+02 5.217584e-08
8.990000e+02 4.453607e-08
9.000000e+02 3.765619e-08
9.010000e+02 3.261273e-08
9.020000e+02 2.865979e-08
9.030000e+02 2.492306e-08
9.040000e+02 2.097890e-08
9.050000e+02 1.963055e-08
9.060000e+02 1.768982e-08
9.070000e+02 1.593488e-08
9.080000e+02 1.482023e-08
9.090000e+02 1.385516e-08
9.100000e+02 2.940951e-07
9.110000e+02 8.639456e-08
9.120000e+02 9.989394e-08
9.130000e+02 6.903483e-08
9.140000e+02 1.365670e-07
9.150000e+02 1.275504e-07
9.160000e+02 1.160751e-07
9.170000e+02 9.591671e-08
9.180000e+02 7.859924e-08
9.190000e+02 6.571983e-08
9.200000e+02 5.475403e-08
9.210000e+02 4.807195e-08
9.220000e+02 3.725639e-08
9.230000e+02 3.119860e-08
9.240000e+02 2.753053e-08
9.250000e+02 2.370507e-08
9.260000e+02 2.045537e-08
9.270000e+02 1.719377e-08
9.280000e+02 1.472098e-08
9.290000e+02 1.301782e-08
9.300000e+02 1.201748e-08
9.310000e+02 1.060047e-08
9.320000e+02 1.088393e-08
9.330000e+02 9.325279e-09
9.340000e+02 8.449922e-09
9.350000e+02 8.255944e-09
9.360000e+02 7.869056e-09
9.370000e+02 7.313680e-09
9.380000e+02 7.150130e-09
9.390000e+02 6.979180e-09
9.400000e+02 7.194554e-09
9.410000e+02 6.814403e-09
9.420000e+02 6.816557e-09
9.430000e+02 6.292958e-09
9.440000e+02 6.229990e-09
9.450000e+02 6.141113e-09
9.460000e+02 6.059996e-09
9.470000e+02 6.218633e-09
9.480000e+02 5.856344e-09
9.490000e+02 5.781873e-09
9.500000e+02 5.610229e-09
9.510000e+02 5.506424e-09
9.520000e+02 5.971442e-09
9.530000e+02 5.432064e-09
9.540000e+02 5.620207e-09
9.550000e+02 5.244668e-09
9.560000e+02 5.194235e-09
9.570000e+02 4.759841e-09
9.580000e+02 5.115561e-09
9.590000e+02 5.564395e-09
9.600000e+02 4.820850e-09
9.610000e+02 4.902342e-09
9.620000e+02 4.869014e-09
9.630000e+02 4.617261e-09
9.640000e+02 4.918440e-09
9.650000e+02 4.343378e-09
9.660000e+02 4.775354e-09
9.670000e+02 4.395896e-09
9.680000e+02 4.723084e-09
9.690000e+02 4.091007e-09
9.700000e+02 4.368857e-09
9.710000e+02 4.523958e-09
9.720000e+02 4.020641e-09
9.730000e+02 3.838435e-09
9.740000e+02 3.933561e-09
9.750000e+02 3.762705e-09
9.760000e+02 3.836758e-09
9.770000e+02 3.485731e-09
9.780000e+02 3.801221e-09
9.790000e+02 3.603822e-09
9.800000e+02 3.428607e-09
9.810000e+02 3.454069e-09
9.820000e+02 3.699258e-09
9.830000e+02 3.589193e-09
9.840000e+02 3.047818e-09
9.850000e+02 3.132838e-09
9.860000e+02 3.374566e-09
9.870000e+02 3.035978e-09
9.880000e+02 3.619299e-09
9.890000e+02 2.971921e-09
9.900000e+02 3.484279e-09
9.910000e+02 3.046367e-09
9.920000e+02 3.237771e-09
9.930000e+02 2.892200e-09
9.940000e+02 2.966829e-09
9.950000e+02 3.247799e-09
9.960000e+02 2.901473e-09
9.970000e+02 2.600097e-09
9.980000e+02 2.969755e-09
9.990000e+02 2.742816e-09
1.000000e+03 3.004608e-09
1.001000e+03 2.713086e-09
1.002000e+03 3.148110e-09
1.003000e+03 2.696194e-09
1.004000e+03 2.805273e-09
1.005000e+03 2.634395e-09
1.006000e+03 2.894012e-09
1.007000e+03 2.990616e-09
1.008000e+03 2.635007e-09
1.009000e+03 2.587395e-09
1.010000e+03 2.554724e-09
1.011000e+03 2.684385e-09
1.012000e+03 3.297131e-09
1.013000e+03 2.350886e-09
1.014000e+03 2.890914e-09
1.015000e+03 2.501123e-09
1.016000e+03 2.651298e-09
1.017000e+03 2.580093e-09
1.018000e+03 2.640865e-09
1.019000e+03 3.075282e-09
1.020000e+03 2.246427e-09
1.021000e+03 2.574195e-09
1.022000e+03 2.521640e-09
1.023000e+03 2.432844e-09
1.024000e+03 2.732872e-09
1.025000e+03 2.093667e-09
1.026000e+03 2.533805e-09
1.027000e+03 2.234169e-09
1.028000e+03 2.121421e-09
1.029000e+03 2.221067e-09
1.030000e+03 2.618076e-09
1.031000e+03 2.383317e-09
1.032000e+03 2.181993e-09
1.033000e+03 2.062567e-09
1.034000e+03 2.130303e-09
1.035000e+03 1.928814e-09
1.036000e+03 2.111368e-09
1.037000e+03 2.004157e-09
1.038000e+03 2.339398e-09
1.039000e+03 2.094428e-09
1.040000e+03 1.944626e-09
1.041000e+03 1.873436e-09
1.042000e+03 2.021788e-09
1.043000e+03 2.169630e-09
1.044000e+03 1.751177e-09
1.045000e+03 1.624293e-09
1.046000e+03 1.830901e-09
1.047000e+03 1.691436e-09
1.048000e+03 1.941017e-09
1.049000e+03 1.520828e-09
1.050000e+03 1.898336e-09
1.051000e+03 1.777644e-09
1.052000e+03 2.035269e-09
1.053000e+03 1.479886e-09
1.054000e+03 1.637363e-09
1.055000e+03 2.122359e-09
1.056000e+03 1.358513e-09
1.057000e+03 1.321403e-09
1.058000e+03 1.544453e-09
1.059000e+03 1.425263e-09
1.060000e+03 1.754775e-09
1.061000e+03 1.263533e-09
1.062000e+03 1.650730e-09
1.063000e+03 1.524435e-09
1.064000e+03 1.225026e-09
1.065000e+03 1.302711e-09
1.066000e+03 1.466229e-09
1.067000e+03 1.654671e-09
1.068000e+03 1.262021e-09
1.069000e+03 1.544048e-09
1.070000e+03 1.359283e-09
1.071000e+03 1.541572e-09
1.072000e+03 2.094818e-09
1.073000e+03 9.880532e-10
1.074000e+03 1.449902e-09
1.075000e+03 1.498326e-09
1.076000e+03 1.420084e-09
1.077000e+03 1.089806e-09
1.078000e+03 1.366142e-09
1.079000e+03 1.827491e-09
1.080000e+03 1.077413e-09
1.081000e+03 1.241028e-09
1.082000e+03 1.160964e-09
1.083000e+03 1.263262e-09
1.084000e+03 1.492258e-09
1.085000e+03 1.008291e-09
1.086000e+03 1.566328e-09
1.087000e+03 1.624264e-09
1.088000e+03 1.125970e-09
1.089000e+03 1.067281e-09
1.090000e+03 1.045590e-09
1.091000e+03 1.970475e-09
1.092000e+03 1.050521e-09
1.093000e+03 1.072534e-09
1.094000e+03 1.173938e-09
1.095000e+03 1.223215e-09
1.096000e+03 1.058868e-09
1.097000e+03 1.169473e-09
1.098000e+03 1.360910e-09
1.099000e+03 1.396262e-09
1.100000e+03 8.866666e-10
1.101000e+03 1.060273e-09
1.102000e+03 1.467431e-09
1.103000e+03 1.486991e-09
1.104000e+03 9.084203e-10
1.105000e+03 1.069139e-09
1.106000e+03 1.160916e-09
1.107000e+03 1.492788e-09
1.108000e+03 1.490562e-09
1.109000e+03 9.342088e-10
1.110000e+03 1.197463e-09
1.111000e+03 1.517466e-09
1.112000e+03 1.634689e-09
1.113000e+03 9.434672e-10
1.114000e+03 1.150261e-09
1.115000e+03 1.582282e-09
1.116000e+03 9.715242e-10
1.117000e+03 9.383641e-10
1.118000e+03 1.022567e-09
1.119000e+03 1.170486e-09
1.120000e+03 1.101785e-09
1.121000e+03 8.687071e-10
1.122000e+03 1.233309e-09
1.123000e+03 1.288674e-09
1.124000e+03 9.111992e-10
1.125000e+03 9.019437e-10
1.126000e+03 1.163579e-09
1.127000e+03 1.500524e-09
1.128000e+03 8.533800e-10
1.129000e+03 1.011136e-09
1.130000e+03 9.879960e-10
1.131000e+03 1.380593e-09
1.132000e+03 1.458422e-09
1.133000e+03 8.394697e-10
1.134000e+03 1.242177e-09
1.135000e+03 1.180377e-09
1.136000e+03 8.568003e-10
1.137000e+03 8.145713e-10
1.138000e+03 1.063346e-09
1.139000e+03 1.677334e-09
1.140000e+03 8.860165e-10
1.141000e+03 1.149008e-09
1.142000e+03 1.209273e-09
1.143000e+03 1.268512e-09
1.144000e+03 1.440872e-09
1.145000e+03 8.090726e-10
1.146000e+03 1.283447e-09
1.147000e+03 1.074505e-09
1.148000e+03 1.139057e-09
1.149000e+03 8.225533e-10
1.150000e+03 1.151794e-09
1.151000e+03 1.778223e-09
1.152000e+03 8.234242e-10
1.153000e+03 9.555158e-10
1.154000e+03 9.387124e-10
1.155000e+03 1.152733e-09
1.156000e+03 1.246448e-09
1.157000e+03 7.606893e-10
1.158000e+03 1.255255e-09
1.159000e+03 1.226394e-09
1.160000e+03 8.422533e-10
1.161000e+03 9.955118e-10
1.162000e+03 1.204021e-09
1.163000e+03 1.555932e-09
1.164000e+03 8.593115e-10
1.165000e+03 9.414812e-10
1.166000e+03 1.161843e-09
1.167000e+03 1.142888e-09
1.168000e+03 1.223741e-09
1.169000e+03 7.563804e-10
1.170000e+03 1.159505e-09
1.171000e+03 1.315874e-09
1.172000e+03 1.100850e-09
1.173000e+03 8.014024e-10
1.174000e+03 1.005082e-09
1.175000e+03 1.578589e-09
1.176000e+03 8.450781e-10
1.177000e+03 8.378558e-10
1.178000e+03 1.012525e-09
1.179000e+03 1.037582e-09
1.180000e+03 1.216273e-09
1.181000e+03 9.770662e-10
1.182000e+03 1.238380e-09
1.183000e+03 1.145466e-09
1.184000e+03 1.197996e-09
1.185000e+03 9.160204e-10
1.186000e+03 1.042322e-09
1.187000e+03 1.459682e-09
1.188000e+03 8.544162e-10
1.189000e+03 1.049230e-09
1.190000e+03 8.734453e-10
1.191000e+03 1.316315e-09
1.192000e+03 1.542238e-09
1.193000e+03 6.002544e-10
1.194000e+03 1.112129e-09
1.195000e+03 1.166285e-09
1.196000e+03 9.003303e-10
1.197000e+03 8.283602e-10
1.198000e+03 1.233574e-09
1.199000e+03 1.692112e-09
1.200000e+03 7.131465e-10
1.201000e+03 1.113460e-09
1.202000e+03 1.020920e-09
1.203000e+03 1.206255e-09
1.204000e+03 1.476040e-09
1.205000e+03 9.380062e-10
1.206000e+03 1.345196e-09
1.207000e+03 1.103625e-09
1.208000e+03 8.111395e-10
1.209000e+03 9.179078e-10
1.210000e+03 9.918057e-10
1.211000e+03 1.717352e-09
1.212000e+03 9.843190e-10
1.213000e+03 9.751915e-10
1.214000e+03 1.057653e-09
1.215000e+03 1.090444e-09
1.216000e+03 9.880706e-10
1.217000e+03 8.302949e-10
1.218000e+03 1.200783e-09
1.219000e+03 1.291557e-09
1.220000e+03 1.202550e-09
1.221000e+03 9.428680e-10
1.222000e+03 1.303477e-09
1.223000e+03 1.491498e-09
1.224000e+03 8.022637e-10
1.225000e+03 8.384071e-10
1.226000e+03 1.030717e-09
1.227000e+03 1.209541e-09
1.228000e+03 1.217183e-09
1.229000e+03 8.699762e-10
1.230000e+03 1.164761e-09
1.231000e+03 1.335565e-09
1.232000e+03 1.239822e-09
1.233000e+03 8.614081e-10
1.234000e+03 1.003578e-09
1.235000e+03 1.688537e-09
1.236000e+03 8.012795e-10
1.237000e+03 8.639221e-10
1.238000e+03 1.091058e-09
1.239000e+03 1.187967e-09
1.240000e+03 1.325710e-09
1.241000e+03 8.119307e-10
1.242000e+03 1.333653e-09
1.243000e+03 1.135511e-09
1.244000e+03 7.040129e-10
1.245000e+03 9.014699e-10
1.246000e+03 1.136200e-09
1.247000e+03 1.477555e-09
1.248000e+03 9.361563e-10
1.249000e+03 1.132100e-09
1.250000e+03 9.927073e-10
1.251000e+03 1.311034e-09
1.252000e+03 1.508891e-09
1.253000e+03 7.390337e-10
1.254000e+03 1.213474e-09
1.255000e+03 1.157096e-09
1.256000e+03 1.136816e-09
1.257000e+03 9.111682e-10
1.258000e+03 1.060200e-09
1.259000e+03 1.801451e-09
1.260000e+03 9.046438e-10
1.261000e+03 9.858683e-10
1.262000e+03 1.073819e-09
1.263000e+03 1.174771e-09
1.264000e+03 1.289506e-09
1.265000e+03 6.957709e-10
1.266000e+03 1.241033e-09
1.267000e+03 1.366992e-09
1.268000e+03 1.160144e-09
1.269000e+03 8.993047e-10
1.270000e+03 1.084829e-09
1.271000e+03 1.901161e-09
1.272000e+03 7.860235e-10
1.273000e+03 1.004067e-09
1.274000e+03 1.104912e-09
1.275000e+03 1.176382e-09
1.276000e+03 1.220984e-09
1.277000e+03 1.150214e-09
1.278000e+03 1.352577e-09
1.279000e+03 1.314172e-09
1.280000e+03 7.492500e-10
1.281000e+03 1.054376e-09
1.282000e+03 1.391644e-09
1.283000e+03 1.311331e-09
1.284000e+03 9.705269e-10
1.285000e+03 9.799742e-10
1.286000e+03 1.177142e-09
1.287000e+03 1.219512e-09
1.288000e+03 1.188577e-09
1.289000e+03 9.071334e-10
1.290000e+03 1.205385e-09
1.291000e+03 1.372197e-09
1.292000e+03 1.418103e-09
1.293000e+03 8.126525e-10
1.294000e+03 1.010084e-09
1.295000e+03 1.715082e-09
1.296000e+03 9.016805e-10
1.297000e+03 7.808019e-10
1.298000e+03 8.916343e-10
1.299000e+03 1.113248e-09
1.300000e+03 1.222792e-09
1.301000e+03 8.663310e-10
1.302000e+03 1.161774e-09
1.303000e+03 1.337509e-09
1.304000e+03 1.008762e-09
1.305000e+03 9.695597e-10
1.306000e+03 1.121085e-09
1.307000e+03 1.551378e-09
1.308000e+03 7.392548e-10
1.309000e+03 1.176687e-09
1.310000e+03 1.059379e-09
1.311000e+03 1.316523e-09
1.312000e+03 1.509870e-09
1.313000e+03 7.294484e-10
1.314000e+03 1.141488e-09
1.315000e+03 1.243635e-09
1.316000e+03 8.425557e-10
1.317000e+03 7.773061e-10
1.318000e+03 1.207155e-09
1.319000e+03 1.637731e-09
1.320000e+03 8.180944e-10
1.321000e+03 1.092193e-09
1.322000e+03 1.026869e-09
1.323000e+03 1.157490e-09
1.324000e+03 1.600339e-09
1.325000e+03 8.397340e-10
1.326000e+03 1.375505e-09
1.327000e+03 1.098425e-09
1.328000e+03 1.126782e-09
1.329000e+03 8.591341e-10
1.330000e+03 9.053502e-10
1.331000e+03 1.772416e-09
1.332000e+03 9.248359e-10
1.333000e+03 8.831153e-10
1.334000e+03 9.538331e-10
1.335000e+03 1.197516e-09
1.336000e+03 9.973994e-10
1.337000e+03 7.288006e-10
1.338000e+03 1.210780e-09
1.339000e+03 1.124584e-09
1.340000e+03 8.518707e-10
1.341000e+03 9.882216e-10
1.342000e+03 1.306839e-09
1.343000e+03 1.532745e-09
1.344000e+03 7.570636e-10
1.345000e+03 9.053219e-10
1.346000e+03 1.104956e-09
1.347000e+03 1.183244e-09
1.348000e+03 1.304478e-09
1.349000e+03 7.044336e-10
1.350000e+03 1.219377e-09
1.351000e+03 1.435173e-09
1.352000e+03 1.181580e-09
1.353000e+03 8.145396e-10
1.354000e+03 9.958004e-10
1.355000e+03 1.635980e-09
1.356000e+03 9.144815e-10
1.357000e+03 9.184702e-10
1.358000e+03 1.051726e-09
1.359000e+03 1.090932e-09
1.360000e+03 1.251140e-09
1.361000e+03 9.508636e-10
1.362000e+03 1.182693e-09
1.363000e+03 1.167498e-09
1.364000e+03 1.204234e-09
1.365000e+03 8.556056e-10
1.366000e+03 1.168987e-09
1.367000e+03 1.410577e-09
1.368000e+03 8.032348e-10
1.369000e+03 9.961563e-10
1.370000e+03 8.367884e-10
1.371000e+03 1.356295e-09
1.372000e+03 1.363509e-09
1.373000e+03 7.685620e-10
1.374000e+03 1.199531e-09
1.375000e+03 1.144541e-09
1.376000e+03 9.028263e-10
1.377000e+03 8.693206e-10
1.378000e+03 1.006055e-09
1.379000e+03 1.816463e-09
1.380000e+03 7.849417e-10
1.381000e+03 1.000927e-09
1.382000e+03 1.059307e-09
1.383000e+03 1.159595e-09
1.384000e+03 1.379712e-09
1.385000e+03 8.748452e-10
1.386000e+03 1.280524e-09
1.387000e+03 1.150858e-09
1.388000e+03 8.420575e-10
1.389000e+03 9.188364e-10
1.390000e+03 1.091100e-09
1.391000e+03 1.743779e-09
1.392000e+03 8.729720e-10
1.393000e+03 1.070474e-09
1.394000e+03 1.085808e-09
1.395000e+03 1.085739e-09
1.396000e+03 1.177382e-09
1.397000e+03 8.381116e-10
1.398000e+03 1.279321e-09
1.399000e+03 1.355908e-09
1.400000e+03 1.138768e-09
1.401000e+03 9.096695e-10
1.402000e+03 1.348992e-09
1.403000e+03 1.438902e-09
1.404000e+03 8.783618e-10
1.405000e+03 9.130456e-10
1.406000e+03 1.054877e-09
1.407000e+03 1.144358e-09
1.408000e+03 1.254231e-09
1.409000e+03 7.704631e-10
1.410000e+03 1.120685e-09
1.411000e+03 1.339334e-09
1.412000e+03 1.282440e-09
1.413000e+03 8.308995e-10
1.414000e+03 1.004665e-09
1.415000e+03 1.751037e-09
1.416000e+03 7.109468e-10
1.417000e+03 8.003424e-10
1.418000e+03 1.015468e-09
1.419000e+03 1.200499e-09
1.420000e+03 1.247256e-09
1.421000e+03 8.084659e-10
1.422000e+03 1.452946e-09
1.423000e+03 1.143232e-09
1.424000e+03 7.359538e-10
1.425000e+03 9.067826e-10
1.426000e+03 1.055038e-09
1.427000e+03 1.422084e-09
1.428000e+03 8.859134e-10
1.429000e+03 1.105295e-09
1.430000e+03 9.614872e-10
1.431000e+03 1.305155e-09
1.432000e+03 1.422972e-09
1.433000e+03 7.342353e-10
1.434000e+03 1.139541e-09
1.435000e+03 1.252846e-09
1.436000e+03 1.136590e-09
1.437000e+03 8.784067e-10
1.438000e+03 1.160162e-09
1.439000e+03 1.754514e-09
1.440000e+03 8.687835e-10
1.441000e+03 1.033755e-09
1.442000e+03 9.370890e-10
1.443000e+03 1.365704e-09
1.444000e+03 1.584238e-09
1.445000e+03 6.778840e-10
1.446000e+03 1.337645e-09
1.447000e+03 1.336572e-09
1.448000e+03 9.701013e-10
1.449000e+03 8.841756e-10
1.450000e+03 1.103754e-09
1.451000e+03 1.800651e-09
1.452000e+03 8.992325e-10
1.453000e+03 1.039064e-09
1.454000e+03 1.123414e-09
1.455000e+03 1.236752e-09
1.456000e+03 1.036246e-09
1.457000e+03 1.048055e-09
1.458000e+03 1.195996e-09
1.459000e+03 1.370510e-09
1.460000e+03 7.347175e-10
1.461000e+03 1.042768e-09
1.462000e+03 1.427076e-09
1.463000e+03 1.332376e-09
1.464000e+03 1.001064e-09
1.465000e+03 8.577926e-10
1.466000e+03 1.107849e-09
1.467000e+03 1.217960e-09
1.468000e+03 1.234957e-09
1.469000e+03 1.121810e-09
1.470000e+03 1.098983e-09
1.471000e+03 1.457335e-09
1.472000e+03 1.444623e-09
1.473000e+03 8.176789e-10
1.474000e+03 9.064492e-10
1.475000e+03 1.515980e-09
1.476000e+03 9.219923e-10
1.477000e+03 7.438435e-10
1.478000e+03 1.021062e-09
1.479000e+03 1.081993e-09
1.480000e+03 1.249623e-09
1.481000e+03 9.577982e-10
1.482000e+03 9.980771e-10
1.483000e+03 1.235600e-09
1.484000e+03 8.459189e-10
1.485000e+03 8.746980e-10
1.486000e+03 1.151925e-09
1.487000e+03 1.484930e-09
1.488000e+03 7.533803e-10
1.489000e+03 1.147509e-09
1.490000e+03 9.070092e-10
1.491000e+03 1.252543e-09
1.492000e+03 1.837711e-09
1.493000e+03 6.666968e-10
1.494000e+03 1.176483e-09
1.495000e+03 1.341255e-09
1.496000e+03 9.101410e-10
1.497000e+03 7.275557e-10
1.498000e+03 1.019134e-09
1.499000e+03 1.684763e-09
1.500000e+03 8.847072e-10
