Title ="THE FLUX ERR"
Variables=
iter
residual
1.000000e+00 5.851795e-05
2.000000e+00 2.060369e-03
3.000000e+00 1.365649e-03
4.000000e+00 5.021263e-04
5.000000e+00 3.042416e-04
6.000000e+00 5.641737e-04
7.000000e+00 3.978380e-05
8.000000e+00 3.856131e-04
9.000000e+00 1.456403e-05
1.000000e+01 1.733886e-04
1.100000e+01 3.076726e-05
1.200000e+01 2.549230e-05
1.300000e+01 8.938614e-05
1.400000e+01 7.852605e-05
1.500000e+01 9.759939e-05
1.600000e+01 8.645240e-05
1.700000e+01 7.579213e-05
1.800000e+01 1.071033e-04
1.900000e+01 7.572319e-05
2.000000e+01 2.178422e-05
2.100000e+01 7.874172e-05
2.200000e+01 6.863508e-06
2.300000e+01 6.270752e-05
2.400000e+01 8.059038e-06
2.500000e+01 3.785692e-05
2.600000e+01 4.056825e-05
2.700000e+01 3.100988e-05
2.800000e+01 2.492782e-05
2.900000e+01 2.133551e-05
3.000000e+01 2.004150e-05
3.100000e+01 1.763869e-05
3.200000e+01 1.620512e-05
3.300000e+01 1.458348e-05
3.400000e+01 1.287938e-05
3.500000e+01 1.237198e-05
3.600000e+01 1.206002e-05
3.700000e+01 1.186300e-05
3.800000e+01 7.951620e-06
3.900000e+01 6.279180e-06
4.000000e+01 4.118968e-05
4.100000e+01 8.940423e-06
4.200000e+01 9.312043e-06
4.300000e+01 6.709951e-06
4.400000e+01 7.386567e-06
4.500000e+01 4.052758e-05
4.600000e+01 4.141661e-05
4.700000e+01 1.104751e-05
4.800000e+01 4.091246e-05
4.900000e+01 6.795587e-06
5.000000e+01 3.937617e-05
5.100000e+01 3.826361e-05
5.200000e+01 8.044929e-06
5.300000e+01 3.330739e-05
5.400000e+01 3.149374e-05
5.500000e+01 3.037376e-05
5.600000e+01 2.919479e-05
5.700000e+01 3.274546e-05
5.800000e+01 2.937233e-05
5.900000e+01 2.804803e-05
6.000000e+01 2.867209e-05
6.100000e+01 2.909506e-05
6.200000e+01 2.894660e-05
6.300000e+01 2.745105e-05
6.400000e+01 2.715049e-05
6.500000e+01 2.816534e-05
6.600000e+01 2.546972e-05
6.700000e+01 2.709624e-05
6.800000e+01 2.858364e-05
6.900000e+01 2.813757e-05
7.000000e+01 3.035774e-05
7.100000e+01 2.804812e-05
7.200000e+01 3.291992e-05
7.300000e+01 2.823848e-05
7.400000e+01 3.028845e-05
7.500000e+01 2.927759e-05
7.600000e+01 3.060719e-05
7.700000e+01 3.000574e-05
7.800000e+01 3.259525e-05
7.900000e+01 3.208160e-05
8.000000e+01 3.000636e-05
8.100000e+01 2.947064e-05
8.200000e+01 3.187687e-05
8.300000e+01 2.970800e-05
8.400000e+01 2.636893e-05
8.500000e+01 2.866513e-05
8.600000e+01 2.793942e-05
8.700000e+01 2.594941e-05
8.800000e+01 2.632936e-05
8.900000e+01 2.271276e-05
9.000000e+01 2.744119e-05
9.100000e+01 2.420874e-05
9.200000e+01 2.340283e-05
9.300000e+01 2.413852e-05
9.400000e+01 2.511409e-05
9.500000e+01 4.046922e-06
9.600000e+01 2.179708e-05
9.700000e+01 1.973139e-05
9.800000e+01 2.076869e-05
9.900000e+01 2.088317e-05
1.000000e+02 2.184252e-05
1.010000e+02 2.309028e-05
1.020000e+02 1.991853e-05
1.030000e+02 1.905713e-05
1.040000e+02 1.753845e-05
1.050000e+02 1.960518e-05
1.060000e+02 1.916791e-05
1.070000e+02 2.021305e-05
1.080000e+02 1.700169e-05
1.090000e+02 1.835516e-05
1.100000e+02 1.854275e-05
1.110000e+02 1.763467e-05
1.120000e+02 1.796409e-05
1.130000e+02 1.709220e-05
1.140000e+02 1.573018e-05
1.150000e+02 1.614969e-05
1.160000e+02 1.606777e-05
1.170000e+02 1.598478e-05
1.180000e+02 1.465815e-05
1.190000e+02 1.260938e-05
1.200000e+02 1.419996e-05
1.210000e+02 1.485881e-05
1.220000e+02 1.502322e-05
1.230000e+02 1.232281e-05
1.240000e+02 1.184896e-05
1.250000e+02 1.180537e-05
1.260000e+02 1.192108e-05
1.270000e+02 1.153619e-05
1.280000e+02 1.118208e-05
1.290000e+02 1.142632e-05
1.300000e+02 1.097909e-05
1.310000e+02 1.130748e-05
1.320000e+02 1.151808e-05
1.330000e+02 1.148668e-05
1.340000e+02 1.121571e-05
1.350000e+02 1.113532e-05
1.360000e+02 1.145228e-05
1.370000e+02 1.247065e-05
1.380000e+02 1.180523e-05
1.390000e+02 1.118009e-05
1.400000e+02 1.168295e-05
1.410000e+02 1.185207e-05
1.420000e+02 1.148322e-05
1.430000e+02 1.189861e-05
1.440000e+02 1.178521e-05
1.450000e+02 1.100398e-05
1.460000e+02 1.202703e-05
1.470000e+02 1.154968e-05
1.480000e+02 1.201787e-05
1.490000e+02 1.172929e-05
1.500000e+02 1.233145e-05
1.510000e+02 1.182648e-05
1.520000e+02 1.123674e-05
1.530000e+02 1.115663e-05
1.540000e+02 1.135101e-05
1.550000e+02 1.164245e-05
1.560000e+02 1.225019e-05
1.570000e+02 1.172289e-05
1.580000e+02 1.164759e-05
1.590000e+02 1.027796e-05
1.600000e+02 1.195008e-05
1.610000e+02 1.172560e-05
1.620000e+02 1.137176e-05
1.630000e+02 1.115230e-05
1.640000e+02 1.142518e-05
1.650000e+02 1.067963e-05
1.660000e+02 1.155010e-05
1.670000e+02 1.007906e-05
1.680000e+02 1.037642e-05
1.690000e+02 1.150401e-05
1.700000e+02 1.158403e-05
1.710000e+02 1.176439e-05
1.720000e+02 1.109129e-05
1.730000e+02 1.099676e-05
1.740000e+02 1.052182e-05
1.750000e+02 1.116598e-05
1.760000e+02 1.011812e-05
1.770000e+02 9.972071e-06
1.780000e+02 1.098524e-05
1.790000e+02 1.055683e-05
1.800000e+02 1.067709e-05
1.810000e+02 1.041233e-05
1.820000e+02 1.087520e-05
1.830000e+02 1.034881e-05
1.840000e+02 9.865610e-06
1.850000e+02 9.501150e-06
1.860000e+02 9.495662e-06
1.870000e+02 9.068076e-06
1.880000e+02 9.129192e-06
1.890000e+02 9.151567e-06
1.900000e+02 8.810475e-06
1.910000e+02 9.144135e-06
1.920000e+02 9.611360e-06
1.930000e+02 8.104523e-06
1.940000e+02 9.954058e-06
1.950000e+02 8.821799e-06
1.960000e+02 8.016350e-06
1.970000e+02 9.274897e-06
1.980000e+02 8.397258e-06
1.990000e+02 8.579464e-06
2.000000e+02 9.121307e-06
2.010000e+02 1.069353e-05
2.020000e+02 9.999211e-06
2.030000e+02 9.725060e-06
2.040000e+02 9.289274e-06
2.050000e+02 9.209427e-06
2.060000e+02 9.202657e-06
2.070000e+02 9.349479e-06
2.080000e+02 8.809483e-06
2.090000e+02 8.723486e-06
2.100000e+02 8.915743e-06
2.110000e+02 1.470497e-06
2.120000e+02 8.930240e-06
2.130000e+02 7.924582e-06
2.140000e+02 8.542173e-06
2.150000e+02 9.053006e-06
2.160000e+02 8.636202e-06
2.170000e+02 8.496121e-06
2.180000e+02 1.417341e-06
2.190000e+02 8.999215e-06
2.200000e+02 8.859928e-06
2.210000e+02 8.204158e-06
2.220000e+02 8.137678e-06
2.230000e+02 7.524721e-06
2.240000e+02 8.626541e-06
2.250000e+02 8.161337e-06
2.260000e+02 7.961101e-06
2.270000e+02 8.305215e-06
2.280000e+02 7.004032e-06
2.290000e+02 7.337733e-06
2.300000e+02 7.852845e-06
2.310000e+02 7.143972e-06
2.320000e+02 7.305112e-06
2.330000e+02 6.896217e-06
2.340000e+02 6.818370e-06
2.350000e+02 7.026981e-06
2.360000e+02 6.756366e-06
2.370000e+02 6.740370e-06
2.380000e+02 7.652389e-06
2.390000e+02 7.538082e-06
2.400000e+02 7.528062e-06
2.410000e+02 7.204422e-06
2.420000e+02 6.774744e-06
2.430000e+02 7.355782e-06
2.440000e+02 7.451288e-06
2.450000e+02 7.643254e-06
2.460000e+02 7.171467e-06
2.470000e+02 7.587723e-06
2.480000e+02 7.226159e-06
2.490000e+02 7.020368e-06
2.500000e+02 6.712708e-06
2.510000e+02 6.397427e-06
2.520000e+02 7.735863e-06
2.530000e+02 7.080228e-06
2.540000e+02 7.602441e-06
2.550000e+02 6.698760e-06
2.560000e+02 6.933599e-06
2.570000e+02 7.650206e-06
2.580000e+02 7.194110e-06
2.590000e+02 6.863772e-06
2.600000e+02 7.134987e-06
2.610000e+02 7.763499e-06
2.620000e+02 1.973993e-06
2.630000e+02 7.516298e-06
2.640000e+02 7.370184e-06
2.650000e+02 6.878571e-06
2.660000e+02 2.312376e-06
2.670000e+02 7.162274e-06
2.680000e+02 7.461415e-06
2.690000e+02 1.719761e-06
2.700000e+02 7.008771e-06
2.710000e+02 1.793567e-06
2.720000e+02 7.108099e-06
2.730000e+02 1.661825e-06
2.740000e+02 6.797089e-06
2.750000e+02 1.988241e-06
2.760000e+02 7.183590e-06
2.770000e+02 1.569157e-06
2.780000e+02 6.826653e-06
2.790000e+02 2.667690e-06
2.800000e+02 2.157341e-06
2.810000e+02 1.864249e-06
2.820000e+02 6.743643e-06
2.830000e+02 1.572305e-06
2.840000e+02 6.756366e-06
2.850000e+02 6.706204e-06
2.860000e+02 1.927702e-06
2.870000e+02 6.693038e-06
2.880000e+02 7.097162e-06
2.890000e+02 7.389114e-06
2.900000e+02 7.010666e-06
2.910000e+02 1.972495e-06
2.920000e+02 6.529870e-06
2.930000e+02 7.637992e-06
2.940000e+02 7.687140e-06
2.950000e+02 7.277872e-06
2.960000e+02 6.601451e-06
2.970000e+02 6.637432e-06
2.980000e+02 6.998967e-06
2.990000e+02 6.952018e-06
3.000000e+02 6.623756e-06
3.010000e+02 6.721135e-06
3.020000e+02 6.948483e-06
3.030000e+02 7.317179e-06
3.040000e+02 6.704537e-06
3.050000e+02 6.698711e-06
3.060000e+02 6.809155e-06
3.070000e+02 6.996812e-06
3.080000e+02 7.538566e-06
3.090000e+02 6.800626e-06
3.100000e+02 6.602422e-06
3.110000e+02 7.582646e-06
3.120000e+02 6.593577e-06
3.130000e+02 6.609463e-06
3.140000e+02 7.156899e-06
3.150000e+02 6.921021e-06
3.160000e+02 6.750121e-06
3.170000e+02 6.571865e-06
3.180000e+02 7.223670e-06
3.190000e+02 7.946903e-06
3.200000e+02 7.501389e-06
3.210000e+02 6.776431e-06
3.220000e+02 7.494875e-06
3.230000e+02 7.361033e-06
3.240000e+02 7.413143e-06
3.250000e+02 7.908973e-06
3.260000e+02 6.961937e-06
3.270000e+02 6.692244e-06
3.280000e+02 6.748653e-06
3.290000e+02 6.873051e-06
3.300000e+02 6.625757e-06
3.310000e+02 6.290765e-06
3.320000e+02 6.240691e-06
3.330000e+02 6.538253e-06
3.340000e+02 6.306830e-06
3.350000e+02 5.954118e-06
3.360000e+02 6.862411e-06
3.370000e+02 7.016457e-06
3.380000e+02 6.576103e-06
3.390000e+02 6.194735e-06
3.400000e+02 5.944612e-06
3.410000e+02 6.199339e-06
3.420000e+02 6.489415e-06
3.430000e+02 6.775768e-06
3.440000e+02 6.213763e-06
3.450000e+02 5.994779e-06
3.460000e+02 6.081473e-06
3.470000e+02 6.340522e-06
3.480000e+02 5.939317e-06
3.490000e+02 5.536839e-06
3.500000e+02 6.062846e-06
3.510000e+02 5.923913e-06
3.520000e+02 5.878764e-06
3.530000e+02 6.018545e-06
3.540000e+02 6.122454e-06
3.550000e+02 5.388779e-06
3.560000e+02 5.626465e-06
3.570000e+02 5.533246e-06
3.580000e+02 5.714579e-06
3.590000e+02 5.363440e-06
3.600000e+02 4.953224e-06
3.610000e+02 5.025678e-06
3.620000e+02 5.235618e-06
3.630000e+02 4.867816e-06
3.640000e+02 4.469967e-06
3.650000e+02 5.021744e-06
3.660000e+02 5.326390e-06
3.670000e+02 4.984602e-06
3.680000e+02 4.806827e-06
3.690000e+02 4.886764e-06
3.700000e+02 4.971787e-06
3.710000e+02 5.069275e-06
3.720000e+02 5.440957e-06
3.730000e+02 5.652803e-06
3.740000e+02 4.783036e-06
3.750000e+02 4.462811e-06
3.760000e+02 5.289486e-06
3.770000e+02 5.017771e-06
3.780000e+02 5.125421e-06
3.790000e+02 4.730163e-06
3.800000e+02 4.816647e-06
3.810000e+02 5.423329e-06
3.820000e+02 5.342934e-06
3.830000e+02 4.851605e-06
3.840000e+02 5.138724e-06
3.850000e+02 5.139185e-06
3.860000e+02 4.862439e-06
3.870000e+02 4.424083e-06
3.880000e+02 4.934281e-06
3.890000e+02 4.900632e-06
3.900000e+02 4.535725e-06
3.910000e+02 4.800946e-06
3.920000e+02 4.732121e-06
3.930000e+02 4.653460e-06
3.940000e+02 4.495470e-06
3.950000e+02 4.925759e-06
3.960000e+02 4.662079e-06
3.970000e+02 4.527968e-06
3.980000e+02 4.916543e-06
3.990000e+02 4.527243e-06
4.000000e+02 4.787860e-06
4.010000e+02 4.320510e-06
4.020000e+02 4.278394e-06
4.030000e+02 4.186957e-06
4.040000e+02 4.281031e-06
4.050000e+02 4.256975e-06
4.060000e+02 4.374724e-06
4.070000e+02 4.208453e-06
4.080000e+02 4.101428e-06
4.090000e+02 4.119578e-06
4.100000e+02 4.198684e-06
4.110000e+02 4.116609e-06
4.120000e+02 4.692514e-06
4.130000e+02 3.789904e-06
4.140000e+02 4.113107e-06
4.150000e+02 3.869953e-06
4.160000e+02 4.127263e-06
4.170000e+02 4.231015e-06
4.180000e+02 4.136666e-06
4.190000e+02 4.135514e-06
4.200000e+02 3.906065e-06
4.210000e+02 3.757610e-06
4.220000e+02 4.005552e-06
4.230000e+02 3.756166e-06
4.240000e+02 3.773852e-06
4.250000e+02 3.590917e-06
4.260000e+02 3.765358e-06
4.270000e+02 3.636417e-06
4.280000e+02 3.620847e-06
4.290000e+02 3.928231e-06
4.300000e+02 3.631218e-06
4.310000e+02 3.658784e-06
4.320000e+02 3.403975e-06
4.330000e+02 3.417923e-06
4.340000e+02 3.479622e-06
4.350000e+02 3.269158e-06
4.360000e+02 3.278716e-06
4.370000e+02 3.445700e-06
4.380000e+02 3.529653e-06
4.390000e+02 3.321919e-06
4.400000e+02 3.390593e-06
4.410000e+02 3.439968e-06
4.420000e+02 3.477605e-06
4.430000e+02 3.430186e-06
4.440000e+02 3.326598e-06
4.450000e+02 3.211807e-06
4.460000e+02 3.217635e-06
4.470000e+02 3.228101e-06
4.480000e+02 3.174316e-06
4.490000e+02 3.067826e-06
4.500000e+02 2.977672e-06
4.510000e+02 2.861775e-06
4.520000e+02 3.004302e-06
4.530000e+02 2.761870e-06
4.540000e+02 2.789324e-06
4.550000e+02 2.867433e-06
4.560000e+02 2.813164e-06
4.570000e+02 2.676195e-06
4.580000e+02 2.657282e-06
4.590000e+02 2.685280e-06
4.600000e+02 2.615565e-06
4.610000e+02 2.715515e-06
4.620000e+02 2.508073e-06
4.630000e+02 2.551333e-06
4.640000e+02 2.604472e-06
4.650000e+02 2.527448e-06
4.660000e+02 2.466736e-06
4.670000e+02 2.536596e-06
4.680000e+02 2.486130e-06
4.690000e+02 2.345047e-06
4.700000e+02 2.408382e-06
4.710000e+02 2.567317e-06
4.720000e+02 2.524756e-06
4.730000e+02 2.529727e-06
4.740000e+02 2.313501e-06
4.750000e+02 2.331410e-06
4.760000e+02 2.403697e-06
4.770000e+02 2.323678e-06
4.780000e+02 2.688413e-06
4.790000e+02 2.601323e-06
4.800000e+02 2.528818e-06
4.810000e+02 2.390704e-06
4.820000e+02 2.399704e-06
4.830000e+02 2.375275e-06
4.840000e+02 2.326336e-06
4.850000e+02 2.373925e-06
4.860000e+02 2.443409e-06
4.870000e+02 2.489494e-06
4.880000e+02 2.525929e-06
4.890000e+02 2.599918e-06
4.900000e+02 2.088159e-06
4.910000e+02 2.283946e-06
4.920000e+02 2.320554e-06
4.930000e+02 2.496697e-06
4.940000e+02 2.659520e-06
4.950000e+02 2.314182e-06
4.960000e+02 2.301193e-06
4.970000e+02 2.382846e-06
4.980000e+02 2.276758e-06
4.990000e+02 2.255556e-06
5.000000e+02 2.306062e-06
5.010000e+02 2.466708e-06
5.020000e+02 2.634821e-06
5.030000e+02 2.465057e-06
5.040000e+02 2.299766e-06
5.050000e+02 2.285946e-06
5.060000e+02 2.418590e-06
5.070000e+02 2.450840e-06
5.080000e+02 2.537698e-06
5.090000e+02 2.548612e-06
5.100000e+02 2.449345e-06
5.110000e+02 2.546511e-06
5.120000e+02 2.379915e-06
5.130000e+02 2.184874e-06
5.140000e+02 2.117355e-06
5.150000e+02 2.292812e-06
5.160000e+02 2.341164e-06
5.170000e+02 2.264303e-06
5.180000e+02 2.269220e-06
5.190000e+02 2.214355e-06
5.200000e+02 2.224075e-06
5.210000e+02 2.220594e-06
5.220000e+02 2.306372e-06
5.230000e+02 2.317339e-06
5.240000e+02 2.097509e-06
5.250000e+02 2.060351e-06
5.260000e+02 2.045625e-06
5.270000e+02 2.019049e-06
5.280000e+02 1.951677e-06
5.290000e+02 2.030456e-06
5.300000e+02 2.089118e-06
5.310000e+02 2.135407e-06
5.320000e+02 1.969669e-06
5.330000e+02 1.853926e-06
5.340000e+02 1.837450e-06
5.350000e+02 1.876669e-06
5.360000e+02 1.792153e-06
5.370000e+02 1.873903e-06
5.380000e+02 1.841607e-06
5.390000e+02 1.914489e-06
5.400000e+02 1.741636e-06
5.410000e+02 1.729780e-06
5.420000e+02 1.718503e-06
5.430000e+02 1.650148e-06
5.440000e+02 1.800984e-06
5.450000e+02 1.863335e-06
5.460000e+02 1.776188e-06
5.470000e+02 1.844109e-06
5.480000e+02 1.663257e-06
5.490000e+02 1.733046e-06
5.500000e+02 1.575254e-06
5.510000e+02 1.600220e-06
5.520000e+02 1.588339e-06
5.530000e+02 1.804468e-06
5.540000e+02 1.703433e-06
5.550000e+02 1.780477e-06
5.560000e+02 1.653084e-06
5.570000e+02 1.663814e-06
5.580000e+02 1.815463e-06
5.590000e+02 1.728067e-06
5.600000e+02 1.802640e-06
5.610000e+02 1.674142e-06
5.620000e+02 1.699829e-06
5.630000e+02 1.736791e-06
5.640000e+02 1.796410e-06
5.650000e+02 1.772906e-06
5.660000e+02 1.679423e-06
5.670000e+02 1.547470e-06
5.680000e+02 1.608680e-06
5.690000e+02 1.610387e-06
5.700000e+02 1.582790e-06
5.710000e+02 1.647342e-06
5.720000e+02 1.578625e-06
5.730000e+02 1.620236e-06
5.740000e+02 1.519651e-06
5.750000e+02 1.519148e-06
5.760000e+02 1.569310e-06
5.770000e+02 1.466617e-06
5.780000e+02 1.387894e-06
5.790000e+02 1.508548e-06
5.800000e+02 1.486801e-06
5.810000e+02 1.516500e-06
5.820000e+02 1.456637e-06
5.830000e+02 1.370514e-06
5.840000e+02 1.450709e-06
5.850000e+02 1.403178e-06
5.860000e+02 1.471022e-06
5.870000e+02 1.493342e-06
5.880000e+02 1.428837e-06
5.890000e+02 1.232926e-06
5.900000e+02 1.296040e-06
5.910000e+02 1.191305e-06
5.920000e+02 1.267542e-06
5.930000e+02 1.336756e-06
5.940000e+02 1.256083e-06
5.950000e+02 1.284018e-06
5.960000e+02 1.261424e-06
5.970000e+02 1.267176e-06
5.980000e+02 1.293340e-06
5.990000e+02 1.299993e-06
6.000000e+02 1.221743e-06
6.010000e+02 1.130447e-06
6.020000e+02 1.152690e-06
6.030000e+02 1.235494e-06
6.040000e+02 1.178031e-06
6.050000e+02 1.061002e-06
6.060000e+02 1.281701e-06
6.070000e+02 1.185190e-06
6.080000e+02 1.247000e-06
6.090000e+02 1.302512e-06
6.100000e+02 1.370469e-06
6.110000e+02 1.324363e-06
6.120000e+02 1.231655e-06
6.130000e+02 1.212971e-06
6.140000e+02 1.256279e-06
6.150000e+02 1.303201e-06
6.160000e+02 1.339040e-06
6.170000e+02 1.315306e-06
6.180000e+02 1.329838e-06
6.190000e+02 1.373543e-06
6.200000e+02 1.339980e-06
6.210000e+02 1.393489e-06
6.220000e+02 1.345645e-06
6.230000e+02 1.325902e-06
6.240000e+02 1.364822e-06
6.250000e+02 1.461898e-06
6.260000e+02 1.437014e-06
6.270000e+02 1.285230e-06
6.280000e+02 1.353274e-06
6.290000e+02 1.392011e-06
6.300000e+02 1.437112e-06
6.310000e+02 1.475183e-06
6.320000e+02 1.486770e-06
6.330000e+02 1.384010e-06
6.340000e+02 1.431030e-06
6.350000e+02 1.361758e-06
6.360000e+02 1.350884e-06
6.370000e+02 1.398057e-06
6.380000e+02 1.262240e-06
6.390000e+02 1.415840e-06
6.400000e+02 1.308737e-06
6.410000e+02 1.432166e-06
6.420000e+02 1.350263e-06
6.430000e+02 1.376320e-06
6.440000e+02 1.398676e-06
6.450000e+02 1.418346e-06
6.460000e+02 1.418075e-06
6.470000e+02 1.404238e-06
6.480000e+02 1.369247e-06
6.490000e+02 1.313321e-06
6.500000e+02 1.321992e-06
6.510000e+02 1.297306e-06
6.520000e+02 1.272654e-06
6.530000e+02 1.202085e-06
6.540000e+02 1.217575e-06
6.550000e+02 1.236039e-06
6.560000e+02 1.264126e-06
6.570000e+02 1.241707e-06
6.580000e+02 1.223064e-06
6.590000e+02 1.208626e-06
6.600000e+02 1.193653e-06
6.610000e+02 1.138075e-06
6.620000e+02 1.109964e-06
6.630000e+02 1.059529e-06
6.640000e+02 1.090477e-06
6.650000e+02 1.101134e-06
6.660000e+02 1.112474e-06
6.670000e+02 1.080574e-06
6.680000e+02 1.126250e-06
6.690000e+02 1.098538e-06
6.700000e+02 1.068473e-06
6.710000e+02 1.023006e-06
6.720000e+02 1.082308e-06
6.730000e+02 1.053804e-06
6.740000e+02 1.017903e-06
6.750000e+02 9.966236e-07
6.760000e+02 9.780901e-07
6.770000e+02 1.015792e-06
6.780000e+02 1.012734e-06
6.790000e+02 1.007433e-06
6.800000e+02 9.691977e-07
6.810000e+02 9.833108e-07
6.820000e+02 9.641918e-07
6.830000e+02 9.915095e-07
6.840000e+02 9.724108e-07
6.850000e+02 9.632048e-07
6.860000e+02 1.001321e-06
6.870000e+02 9.535799e-07
6.880000e+02 1.001903e-06
6.890000e+02 9.734694e-07
6.900000e+02 9.721042e-07
6.910000e+02 9.255942e-07
6.920000e+02 9.156966e-07
6.930000e+02 9.003887e-07
6.940000e+02 9.052104e-07
6.950000e+02 9.355680e-07
6.960000e+02 9.026756e-07
6.970000e+02 7.797578e-07
6.980000e+02 1.583290e-06
6.990000e+02 1.694318e-06
7.000000e+02 7.254422e-07
7.010000e+02 2.162404e-06
7.020000e+02 2.125222e-06
7.030000e+02 5.190249e-07
7.040000e+02 2.318558e-06
7.050000e+02 4.769442e-07
7.060000e+02 6.224891e-07
7.070000e+02 5.205488e-07
7.080000e+02 7.717579e-07
7.090000e+02 4.337685e-07
7.100000e+02 7.004003e-07
7.110000e+02 4.200133e-07
7.120000e+02 3.882863e-07
7.130000e+02 5.355971e-07
7.140000e+02 8.853459e-07
7.150000e+02 4.555047e-07
7.160000e+02 8.251125e-07
7.170000e+02 4.301620e-07
7.180000e+02 9.785040e-07
7.190000e+02 4.023556e-07
7.200000e+02 3.730648e-07
7.210000e+02 9.555578e-07
7.220000e+02 3.758219e-07
7.230000e+02 9.697369e-07
7.240000e+02 4.430699e-07
7.250000e+02 1.041021e-06
7.260000e+02 4.268304e-07
7.270000e+02 8.450597e-07
7.280000e+02 4.567319e-07
7.290000e+02 3.296259e-07
7.300000e+02 9.055997e-07
7.310000e+02 3.352660e-07
7.320000e+02 8.915207e-07
7.330000e+02 3.363438e-07
7.340000e+02 7.222482e-07
7.350000e+02 3.802843e-07
7.360000e+02 3.540452e-07
7.370000e+02 8.622492e-07
7.380000e+02 3.603187e-07
7.390000e+02 7.968047e-07
7.400000e+02 3.994983e-07
7.410000e+02 6.343174e-07
7.420000e+02 3.989858e-07
7.430000e+02 8.310368e-07
7.440000e+02 4.280908e-07
7.450000e+02 5.981674e-07
7.460000e+02 3.451804e-07
7.470000e+02 2.768805e-07
7.480000e+02 9.986873e-07
7.490000e+02 2.696906e-07
7.500000e+02 7.900088e-07
7.510000e+02 3.443743e-07
7.520000e+02 6.211348e-07
7.530000e+02 3.239525e-07
7.540000e+02 6.475854e-07
7.550000e+02 3.701077e-07
7.560000e+02 7.064891e-07
7.570000e+02 3.269780e-07
7.580000e+02 4.901325e-07
7.590000e+02 3.919024e-07
7.600000e+02 2.108948e-06
7.610000e+02 3.448848e-07
7.620000e+02 5.586393e-07
7.630000e+02 3.842549e-07
7.640000e+02 2.016240e-06
7.650000e+02 1.324690e-06
7.660000e+02 1.631246e-06
7.670000e+02 2.670491e-07
7.680000e+02 2.116036e-06
7.690000e+02 1.133830e-06
7.700000e+02 2.301226e-07
7.710000e+02 5.673305e-07
7.720000e+02 1.817336e-06
7.730000e+02 2.778065e-07
7.740000e+02 1.385905e-06
7.750000e+02 4.588662e-07
7.760000e+02 2.856530e-07
7.770000e+02 2.063055e-06
7.780000e+02 1.056683e-06
7.790000e+02 1.582697e-06
7.800000e+02 1.192402e-06
7.810000e+02 1.666315e-06
7.820000e+02 1.154163e-06
7.830000e+02 1.544349e-06
7.840000e+02 1.138307e-06
7.850000e+02 2.560903e-07
7.860000e+02 4.577242e-07
7.870000e+02 2.394023e-07
7.880000e+02 1.704622e-06
7.890000e+02 1.067173e-06
7.900000e+02 1.564551e-06
7.910000e+02 1.255533e-06
7.920000e+02 2.390561e-07
7.930000e+02 1.819521e-06
7.940000e+02 9.581454e-07
7.950000e+02 1.506721e-06
7.960000e+02 1.063896e-06
7.970000e+02 1.932917e-07
7.980000e+02 4.016886e-07
7.990000e+02 1.002981e-06
8.000000e+02 1.801177e-07
8.010000e+02 4.529957e-07
8.020000e+02 1.011951e-06
8.030000e+02 1.032047e-06
8.040000e+02 1.708713e-06
8.050000e+02 8.368918e-07
8.060000e+02 1.696622e-07
8.070000e+02 4.069433e-07
8.080000e+02 9.795488e-07
8.090000e+02 1.792254e-07
8.100000e+02 4.702907e-07
8.110000e+02 9.545876e-07
8.120000e+02 1.994243e-07
8.130000e+02 6.669984e-07
8.140000e+02 4.310502e-07
8.150000e+02 8.504276e-07
8.160000e+02 8.027759e-07
8.170000e+02 7.042143e-07
8.180000e+02 3.916636e-07
8.190000e+02 8.012479e-07
8.200000e+02 7.837844e-07
8.210000e+02 6.293371e-07
8.220000e+02 4.745885e-07
8.230000e+02 7.152854e-07
8.240000e+02 7.390648e-07
8.250000e+02 6.158212e-07
8.260000e+02 3.502400e-07
8.270000e+02 7.233048e-07
8.280000e+02 7.209321e-07
8.290000e+02 6.099775e-07
8.300000e+02 5.054376e-07
8.310000e+02 4.522117e-07
8.320000e+02 6.653557e-07
8.330000e+02 6.612967e-07
8.340000e+02 5.949629e-07
8.350000e+02 4.982634e-07
8.360000e+02 5.015714e-07
8.370000e+02 6.591436e-07
8.380000e+02 5.909748e-07
8.390000e+02 4.832359e-07
8.400000e+02 3.981059e-07
8.410000e+02 3.347107e-07
8.420000e+02 2.775777e-07
8.430000e+02 6.660074e-07
8.440000e+02 6.221993e-07
8.450000e+02 5.328193e-07
8.460000e+02 4.284400e-07
8.470000e+02 3.647695e-07
8.480000e+02 3.996112e-07
8.490000e+02 4.832206e-07
8.500000e+02 5.071934e-07
8.510000e+02 4.301918e-07
8.520000e+02 3.569136e-07
8.530000e+02 3.043057e-07
8.540000e+02 2.481148e-07
8.550000e+02 3.122819e-07
8.560000e+02 4.865375e-07
8.570000e+02 4.954623e-07
8.580000e+02 4.316655e-07
8.590000e+02 3.630103e-07
8.600000e+02 3.039071e-07
8.610000e+02 2.592040e-07
8.620000e+02 3.818110e-07
8.630000e+02 4.878538e-07
8.640000e+02 4.719539e-07
8.650000e+02 4.178606e-07
8.660000e+02 3.472693e-07
8.670000e+02 2.879713e-07
8.680000e+02 2.403702e-07
8.690000e+02 1.952089e-07
8.700000e+02 3.600418e-07
8.710000e+02 3.777452e-07
8.720000e+02 3.807524e-07
8.730000e+02 3.263522e-07
8.740000e+02 2.700879e-07
8.750000e+02 2.245464e-07
8.760000e+02 2.041157e-07
8.770000e+02 1.801109e-07
8.780000e+02 1.552451e-07
8.790000e+02 4.421600e-07
8.800000e+02 3.823720e-07
8.810000e+02 3.822185e-07
8.820000e+02 3.301729e-07
8.830000e+02 2.756338e-07
8.840000e+02 2.275674e-07
8.850000e+02 1.886975e-07
8.860000e+02 1.589156e-07
8.870000e+02 1.323895e-07
8.880000e+02 1.101298e-07
8.890000e+02 9.387267e-08
8.900000e+02 3.641803e-07
8.910000e+02 3.349892e-07
8.920000e+02 3.505261e-07
8.930000e+02 3.130680e-07
8.940000e+02 2.716911e-07
8.950000e+02 2.119482e-07
8.960000e+02 1.672677e-07
8.970000e+02 1.427888e-07
8.980000e+02 1.234925e-07
8.990000e+02 8.698374e-08
9.000000e+02 7.011209e-08
9.010000e+02 6.047551e-08
9.020000e+02 5.262040e-08
9.030000e+02 5.429868e-08
9.040000e+02 4.404210e-07
9.050000e+02 2.837333e-07
9.060000e+02 2.802808e-07
9.070000e+02 2.781688e-07
9.080000e+02 2.417788e-07
9.090000e+02 2.014181e-07
9.100000e+02 1.667505e-07
9.110000e+02 1.397067e-07
9.120000e+02 1.188237e-07
9.130000e+02 1.015912e-07
9.140000e+02 8.647658e-08
9.150000e+02 7.342925e-08
9.160000e+02 6.121254e-08
9.170000e+02 5.017840e-08
9.180000e+02 4.206991e-08
9.190000e+02 3.549723e-08
9.200000e+02 3.014995e-08
9.210000e+02 2.515244e-08
9.220000e+02 2.191001e-08
9.230000e+02 1.910635e-08
9.240000e+02 4.321571e-07
9.250000e+02 2.913814e-07
9.260000e+02 2.787126e-07
9.270000e+02 2.806893e-07
9.280000e+02 2.634511e-07
9.290000e+02 2.216876e-07
9.300000e+02 1.697454e-07
9.310000e+02 1.097211e-07
9.320000e+02 8.600214e-08
9.330000e+02 7.171612e-08
9.340000e+02 6.064756e-08
9.350000e+02 4.701773e-08
9.360000e+02 3.893626e-08
9.370000e+02 3.346614e-08
9.380000e+02 2.809342e-08
9.390000e+02 2.360417e-08
9.400000e+02 1.983415e-08
9.410000e+02 1.689439e-08
9.420000e+02 1.451424e-08
9.430000e+02 1.274346e-08
9.440000e+02 1.131165e-08
9.450000e+02 1.003388e-08
9.460000e+02 9.374839e-09
9.470000e+02 8.509910e-09
9.480000e+02 7.772200e-09
9.490000e+02 7.213392e-09
9.500000e+02 6.746164e-09
9.510000e+02 6.388474e-09
9.520000e+02 6.299979e-09
9.530000e+02 5.940617e-09
9.540000e+02 5.667216e-09
9.550000e+02 5.452185e-09
9.560000e+02 5.434365e-09
9.570000e+02 5.262581e-09
9.580000e+02 4.957813e-09
9.590000e+02 4.722436e-09
9.600000e+02 4.663148e-09
9.610000e+02 4.558452e-09
9.620000e+02 4.477679e-09
9.630000e+02 4.184777e-09
9.640000e+02 4.243640e-09
9.650000e+02 4.152234e-09
9.660000e+02 3.892545e-09
9.670000e+02 4.365869e-09
9.680000e+02 4.059363e-09
9.690000e+02 3.814913e-09
9.700000e+02 3.746141e-09
9.710000e+02 3.709303e-09
9.720000e+02 3.665830e-09
9.730000e+02 3.557015e-09
9.740000e+02 3.705123e-09
9.750000e+02 3.543953e-09
9.760000e+02 3.580228e-09
9.770000e+02 3.490678e-09
9.780000e+02 3.209290e-09
9.790000e+02 3.147210e-09
9.800000e+02 2.860559e-09
9.810000e+02 2.773834e-09
9.820000e+02 3.026093e-09
9.830000e+02 2.805895e-09
9.840000e+02 2.500250e-09
9.850000e+02 2.535795e-09
9.860000e+02 2.787718e-09
9.870000e+02 2.744391e-09
9.880000e+02 2.571442e-09
9.890000e+02 2.405338e-09
9.900000e+02 2.402109e-09
9.910000e+02 2.405939e-09
9.920000e+02 2.467126e-09
9.930000e+02 2.189502e-09
9.940000e+02 2.454054e-09
9.950000e+02 2.400007e-09
9.960000e+02 2.454713e-09
9.970000e+02 2.527067e-09
9.980000e+02 2.539382e-09
9.990000e+02 2.438343e-09
1.000000e+03 2.211014e-09
1.001000e+03 2.432003e-09
1.002000e+03 2.740086e-09
1.003000e+03 2.708612e-09
1.004000e+03 2.782397e-09
1.005000e+03 2.739761e-09
1.006000e+03 3.135020e-09
1.007000e+03 2.954187e-09
1.008000e+03 2.751600e-09
1.009000e+03 2.737659e-09
1.010000e+03 2.707012e-09
1.011000e+03 2.661969e-09
1.012000e+03 2.655356e-09
1.013000e+03 2.526684e-09
1.014000e+03 2.492293e-09
1.015000e+03 2.606555e-09
1.016000e+03 2.650123e-09
1.017000e+03 3.015170e-09
1.018000e+03 2.774136e-09
1.019000e+03 2.524795e-09
1.020000e+03 2.460122e-09
1.021000e+03 2.544049e-09
1.022000e+03 2.609041e-09
1.023000e+03 2.350378e-09
1.024000e+03 2.592692e-09
1.025000e+03 2.468772e-09
1.026000e+03 2.540700e-09
1.027000e+03 2.675518e-09
1.028000e+03 2.437962e-09
1.029000e+03 2.307545e-09
1.030000e+03 2.354244e-09
1.031000e+03 2.180768e-09
1.032000e+03 2.256445e-09
1.033000e+03 2.259062e-09
1.034000e+03 2.184992e-09
1.035000e+03 2.087218e-09
1.036000e+03 2.283497e-09
1.037000e+03 2.285540e-09
1.038000e+03 2.069452e-09
1.039000e+03 2.068095e-09
1.040000e+03 2.018328e-09
1.041000e+03 1.877470e-09
1.042000e+03 1.980551e-09
1.043000e+03 1.817345e-09
1.044000e+03 1.916495e-09
1.045000e+03 1.988383e-09
1.046000e+03 1.847456e-09
1.047000e+03 2.224024e-09
1.048000e+03 2.122742e-09
1.049000e+03 1.853766e-09
1.050000e+03 1.561834e-09
1.051000e+03 1.667054e-09
1.052000e+03 1.609878e-09
1.053000e+03 1.447425e-09
1.054000e+03 1.753430e-09
1.055000e+03 1.675965e-09
1.056000e+03 1.760276e-09
1.057000e+03 1.773404e-09
1.058000e+03 1.487007e-09
1.059000e+03 1.401796e-09
1.060000e+03 1.427188e-09
1.061000e+03 1.400425e-09
1.062000e+03 1.492765e-09
1.063000e+03 1.483883e-09
1.064000e+03 1.196971e-09
1.065000e+03 1.212760e-09
1.066000e+03 1.497421e-09
1.067000e+03 1.444420e-09
1.068000e+03 1.214593e-09
1.069000e+03 1.236006e-09
1.070000e+03 1.267618e-09
1.071000e+03 1.123652e-09
1.072000e+03 1.164790e-09
1.073000e+03 9.775789e-10
1.074000e+03 1.104375e-09
1.075000e+03 1.213239e-09
1.076000e+03 1.296351e-09
1.077000e+03 1.229101e-09
1.078000e+03 1.380931e-09
1.079000e+03 1.171336e-09
1.080000e+03 8.236616e-10
1.081000e+03 8.954159e-10
1.082000e+03 9.383960e-10
1.083000e+03 7.387264e-10
1.084000e+03 9.697021e-10
1.085000e+03 9.180884e-10
1.086000e+03 1.179548e-09
1.087000e+03 1.141063e-09
1.088000e+03 8.848325e-10
1.089000e+03 8.565759e-10
1.090000e+03 8.470550e-10
1.091000e+03 8.400976e-10
1.092000e+03 7.247634e-10
1.093000e+03 7.129812e-10
1.094000e+03 6.748640e-10
1.095000e+03 7.035642e-10
1.096000e+03 7.765606e-10
1.097000e+03 1.101827e-09
1.098000e+03 8.238090e-10
1.099000e+03 7.675873e-10
1.100000e+03 6.320674e-10
1.101000e+03 6.499058e-10
1.102000e+03 6.563062e-10
1.103000e+03 5.358797e-10
1.104000e+03 7.660243e-10
1.105000e+03 7.936110e-10
1.106000e+03 9.332885e-10
1.107000e+03 7.788802e-10
1.108000e+03 7.950293e-10
1.109000e+03 7.193332e-10
1.110000e+03 5.521577e-10
1.111000e+03 5.941280e-10
1.112000e+03 6.969061e-10
1.113000e+03 5.967400e-10
1.114000e+03 7.001124e-10
1.115000e+03 6.352417e-10
1.116000e+03 8.208971e-10
1.117000e+03 8.245295e-10
1.118000e+03 6.827465e-10
1.119000e+03 6.320410e-10
1.120000e+03 1.459903e-10
1.121000e+03 5.754895e-10
1.122000e+03 1.958805e-10
1.123000e+03 6.071504e-10
1.124000e+03 1.436979e-10
1.125000e+03 1.564068e-10
1.126000e+03 6.066780e-10
1.127000e+03 9.303330e-10
1.128000e+03 1.243046e-10
1.129000e+03 1.829893e-10
1.130000e+03 1.447815e-10
1.131000e+03 9.149481e-11
1.132000e+03 1.541508e-10
1.133000e+03 1.196880e-10
1.134000e+03 1.064001e-10
1.135000e+03 1.161743e-10
1.136000e+03 1.572599e-10
1.137000e+03 5.707650e-10
1.138000e+03 1.458663e-10
1.139000e+03 6.178256e-10
1.140000e+03 1.199480e-10
1.141000e+03 1.210828e-10
1.142000e+03 1.968372e-10
1.143000e+03 1.369836e-10
1.144000e+03 7.924019e-11
1.145000e+03 1.307919e-10
1.146000e+03 1.769741e-10
1.147000e+03 1.278319e-10
1.148000e+03 1.114101e-10
1.149000e+03 1.700721e-10
1.150000e+03 5.774069e-10
1.151000e+03 1.339255e-10
1.152000e+03 6.691555e-10
1.153000e+03 1.430866e-10
1.154000e+03 1.505489e-10
1.155000e+03 1.020237e-10
1.156000e+03 1.230287e-10
1.157000e+03 1.413549e-10
1.158000e+03 1.393521e-10
1.159000e+03 1.760963e-10
1.160000e+03 9.289469e-11
1.161000e+03 1.335174e-10
1.162000e+03 1.894536e-10
1.163000e+03 1.153617e-10
1.164000e+03 9.380227e-11
1.165000e+03 1.060893e-10
1.166000e+03 1.829984e-10
1.167000e+03 1.365615e-10
1.168000e+03 9.773819e-11
1.169000e+03 1.610664e-10
1.170000e+03 1.141102e-10
1.171000e+03 9.161500e-11
1.172000e+03 1.605857e-10
1.173000e+03 1.409043e-10
1.174000e+03 1.531415e-10
1.175000e+03 1.265013e-10
1.176000e+03 1.122429e-10
1.177000e+03 1.428363e-10
1.178000e+03 1.121253e-10
1.179000e+03 1.525319e-10
1.180000e+03 1.086379e-10
1.181000e+03 1.006298e-10
1.182000e+03 1.563733e-10
1.183000e+03 1.122933e-10
1.184000e+03 1.234128e-10
1.185000e+03 1.501302e-10
1.186000e+03 1.844078e-10
1.187000e+03 1.241760e-10
1.188000e+03 1.054678e-10
1.189000e+03 1.768353e-10
1.190000e+03 1.395250e-10
1.191000e+03 1.274573e-10
1.192000e+03 1.441680e-10
1.193000e+03 1.239084e-10
1.194000e+03 1.054436e-10
1.195000e+03 1.114152e-10
1.196000e+03 1.340934e-10
1.197000e+03 1.281332e-10
1.198000e+03 1.197325e-10
1.199000e+03 1.566181e-10
1.200000e+03 8.426909e-11
1.201000e+03 9.517430e-11
1.202000e+03 2.089242e-10
1.203000e+03 1.206973e-10
1.204000e+03 1.207415e-10
1.205000e+03 1.177360e-10
1.206000e+03 1.531784e-10
1.207000e+03 1.630856e-10
1.208000e+03 1.208882e-10
1.209000e+03 2.003450e-10
1.210000e+03 1.184967e-10
1.211000e+03 1.013998e-10
1.212000e+03 1.413436e-10
1.213000e+03 1.022407e-10
1.214000e+03 1.217837e-10
1.215000e+03 1.100612e-10
1.216000e+03 8.359281e-10
1.217000e+03 1.492676e-10
1.218000e+03 1.186335e-10
1.219000e+03 1.573661e-10
1.220000e+03 1.156339e-10
1.221000e+03 1.382988e-10
1.222000e+03 1.842474e-10
1.223000e+03 1.312447e-10
1.224000e+03 8.668174e-11
1.225000e+03 1.342301e-10
1.226000e+03 1.596450e-10
1.227000e+03 1.288898e-10
1.228000e+03 1.147361e-10
1.229000e+03 1.520268e-10
1.230000e+03 1.063738e-10
1.231000e+03 1.128849e-10
1.232000e+03 1.904226e-10
1.233000e+03 1.456208e-10
1.234000e+03 1.471484e-10
1.235000e+03 8.698304e-11
1.236000e+03 1.058567e-10
1.237000e+03 1.376785e-10
1.238000e+03 1.443604e-10
1.239000e+03 2.054605e-10
1.240000e+03 1.199743e-10
1.241000e+03 1.313932e-10
1.242000e+03 1.491216e-10
1.243000e+03 1.052674e-10
1.244000e+03 1.168137e-10
1.245000e+03 1.013864e-10
1.246000e+03 1.390160e-10
1.247000e+03 1.216272e-10
1.248000e+03 9.902540e-11
1.249000e+03 1.738393e-10
1.250000e+03 1.520195e-10
1.251000e+03 8.761929e-11
1.252000e+03 1.489692e-10
1.253000e+03 1.216593e-10
1.254000e+03 1.385549e-10
1.255000e+03 1.320571e-10
1.256000e+03 1.449767e-10
1.257000e+03 1.680899e-10
1.258000e+03 1.246219e-10
1.259000e+03 1.651962e-10
1.260000e+03 9.590642e-11
1.261000e+03 1.037422e-10
1.262000e+03 2.060432e-10
1.263000e+03 1.206670e-10
1.264000e+03 1.125275e-10
1.265000e+03 1.052030e-10
1.266000e+03 1.366695e-10
1.267000e+03 1.420239e-10
1.268000e+03 1.367146e-10
1.269000e+03 2.091741e-10
1.270000e+03 1.518722e-10
1.271000e+03 1.424117e-10
1.272000e+03 1.365732e-10
1.273000e+03 1.218048e-10
1.274000e+03 1.384091e-10
1.275000e+03 1.113648e-10
1.276000e+03 1.452243e-10
1.277000e+03 1.279967e-10
1.278000e+03 9.779583e-11
1.279000e+03 1.663675e-10
1.280000e+03 1.323280e-10
1.281000e+03 1.363486e-10
1.282000e+03 1.775650e-10
1.283000e+03 1.146770e-10
1.284000e+03 1.044550e-10
1.285000e+03 9.118074e-11
1.286000e+03 1.683904e-10
1.287000e+03 1.741348e-10
1.288000e+03 9.734015e-11
1.289000e+03 1.896272e-10
1.290000e+03 1.306265e-10
1.291000e+03 1.054514e-10
1.292000e+03 1.642095e-10
1.293000e+03 1.158372e-10
1.294000e+03 1.301318e-10
1.295000e+03 1.085281e-10
1.296000e+03 1.166766e-10
1.297000e+03 1.447889e-10
1.298000e+03 1.655775e-10
1.299000e+03 1.674281e-10
1.300000e+03 1.118846e-10
1.301000e+03 1.174597e-10
1.302000e+03 1.494407e-10
1.303000e+03 1.301715e-10
1.304000e+03 1.180982e-10
1.305000e+03 1.305119e-10
1.306000e+03 1.291534e-10
1.307000e+03 1.245029e-10
1.308000e+03 1.030809e-10
1.309000e+03 1.439584e-10
1.310000e+03 1.488689e-10
1.311000e+03 1.075832e-10
1.312000e+03 1.683593e-10
1.313000e+03 1.184997e-10
1.314000e+03 1.146324e-10
1.315000e+03 1.071395e-10
1.316000e+03 1.530453e-10
1.317000e+03 1.528550e-10
1.318000e+03 1.474841e-10
1.319000e+03 1.844266e-10
1.320000e+03 9.458997e-11
1.321000e+03 1.151628e-10
1.322000e+03 1.640958e-10
1.323000e+03 1.046444e-10
1.324000e+03 1.206750e-10
1.325000e+03 1.144778e-10
1.326000e+03 1.326747e-10
1.327000e+03 1.528730e-10
1.328000e+03 1.281442e-10
1.329000e+03 1.893946e-10
1.330000e+03 1.610828e-10
1.331000e+03 1.122335e-10
1.332000e+03 1.337540e-10
1.333000e+03 1.090539e-10
1.334000e+03 1.451760e-10
1.335000e+03 1.335994e-10
1.336000e+03 1.195395e-10
1.337000e+03 1.379337e-10
1.338000e+03 1.058300e-10
1.339000e+03 1.697449e-10
1.340000e+03 1.227862e-10
1.341000e+03 1.032714e-10
1.342000e+03 1.607496e-10
1.343000e+03 1.066241e-10
1.344000e+03 9.524638e-11
1.345000e+03 1.083540e-10
1.346000e+03 1.966570e-10
1.347000e+03 1.496593e-10
1.348000e+03 1.170543e-10
1.349000e+03 1.676383e-10
1.350000e+03 1.260612e-10
1.351000e+03 1.457528e-10
1.352000e+03 1.898961e-10
1.353000e+03 1.414632e-10
1.354000e+03 1.263378e-10
1.355000e+03 9.342884e-11
1.356000e+03 1.061986e-10
1.357000e+03 1.263090e-10
1.358000e+03 1.381130e-10
1.359000e+03 1.637338e-10
1.360000e+03 1.175796e-10
1.361000e+03 1.224215e-10
1.362000e+03 1.550225e-10
1.363000e+03 9.158443e-11
1.364000e+03 1.245489e-10
1.365000e+03 1.298057e-10
1.366000e+03 1.584245e-10
1.367000e+03 1.523914e-10
1.368000e+03 8.060399e-11
1.369000e+03 1.851950e-10
1.370000e+03 1.683296e-10
1.371000e+03 8.876554e-11
1.372000e+03 1.375261e-10
1.373000e+03 1.104895e-10
1.374000e+03 1.036317e-10
1.375000e+03 9.489348e-11
1.376000e+03 1.605035e-10
1.377000e+03 1.587123e-10
1.378000e+03 1.199446e-10
1.379000e+03 1.716895e-10
1.380000e+03 9.971820e-11
1.381000e+03 1.044110e-10
1.382000e+03 1.926740e-10
1.383000e+03 1.337704e-10
1.384000e+03 9.207537e-11
1.385000e+03 1.206034e-10
1.386000e+03 1.513695e-10
1.387000e+03 1.556057e-10
1.388000e+03 1.255849e-10
1.389000e+03 1.943390e-10
1.390000e+03 1.308742e-10
1.391000e+03 9.514271e-11
1.392000e+03 1.383682e-10
1.393000e+03 1.037711e-10
1.394000e+03 1.466727e-10
1.395000e+03 1.033776e-10
1.396000e+03 1.207771e-10
1.397000e+03 1.323680e-10
1.398000e+03 1.282098e-10
1.399000e+03 1.874588e-10
1.400000e+03 1.395129e-10
1.401000e+03 1.496524e-10
1.402000e+03 1.594772e-10
1.403000e+03 1.072671e-10
1.404000e+03 1.016279e-10
1.405000e+03 1.064795e-10
1.406000e+03 1.542030e-10
1.407000e+03 1.353353e-10
1.408000e+03 9.734898e-11
1.409000e+03 1.465954e-10
1.410000e+03 1.280392e-10
1.411000e+03 1.183142e-10
1.412000e+03 1.902657e-10
1.413000e+03 1.367703e-10
1.414000e+03 1.532420e-10
1.415000e+03 1.347588e-10
1.416000e+03 9.658368e-11
1.417000e+03 1.571622e-10
1.418000e+03 1.238664e-10
1.419000e+03 1.465275e-10
1.420000e+03 1.140829e-10
1.421000e+03 1.239689e-10
1.422000e+03 1.661835e-10
1.423000e+03 1.229554e-10
1.424000e+03 1.582995e-10
1.425000e+03 1.314012e-10
1.426000e+03 1.352516e-10
1.427000e+03 1.266280e-10
1.428000e+03 1.152901e-10
1.429000e+03 1.366220e-10
1.430000e+03 1.423493e-10
1.431000e+03 1.509416e-10
1.432000e+03 1.647526e-10
1.433000e+03 1.375267e-10
1.434000e+03 1.297654e-10
1.435000e+03 1.158927e-10
1.436000e+03 1.444642e-10
1.437000e+03 1.362439e-10
1.438000e+03 1.175368e-10
1.439000e+03 1.427090e-10
1.440000e+03 8.813149e-11
1.441000e+03 1.044178e-10
1.442000e+03 2.034884e-10
1.443000e+03 1.234983e-10
1.444000e+03 1.181993e-10
1.445000e+03 1.023387e-10
1.446000e+03 1.433878e-10
1.447000e+03 1.605435e-10
1.448000e+03 1.253377e-10
1.449000e+03 1.879040e-10
1.450000e+03 1.152377e-10
1.451000e+03 9.924156e-11
1.452000e+03 1.265892e-10
1.453000e+03 9.386704e-11
1.454000e+03 1.459720e-10
1.455000e+03 1.283096e-10
1.456000e+03 1.494176e-10
1.457000e+03 1.348602e-10
1.458000e+03 1.060052e-10
1.459000e+03 1.376192e-10
1.460000e+03 1.037905e-10
1.461000e+03 1.063608e-10
1.462000e+03 1.663903e-10
1.463000e+03 1.293668e-10
1.464000e+03 1.024840e-10
1.465000e+03 1.358672e-10
1.466000e+03 1.538759e-10
1.467000e+03 1.327130e-10
1.468000e+03 1.217375e-10
1.469000e+03 1.510297e-10
1.470000e+03 9.914177e-11
1.471000e+03 1.135994e-10
1.472000e+03 2.275824e-10
1.473000e+03 1.548060e-10
1.474000e+03 1.605606e-10
1.475000e+03 1.140946e-10
1.476000e+03 1.150414e-10
1.477000e+03 1.395033e-10
1.478000e+03 1.651910e-10
1.479000e+03 1.692194e-10
1.480000e+03 8.139900e-11
1.481000e+03 1.321473e-10
1.482000e+03 1.613944e-10
1.483000e+03 1.134190e-10
1.484000e+03 1.396524e-10
1.485000e+03 1.216288e-10
1.486000e+03 1.469689e-10
1.487000e+03 1.268230e-10
1.488000e+03 9.010994e-11
1.489000e+03 1.373342e-10
1.490000e+03 1.370660e-10
1.491000e+03 9.572840e-11
1.492000e+03 1.584479e-10
1.493000e+03 1.365768e-10
1.494000e+03 1.453839e-10
1.495000e+03 1.593876e-10
1.496000e+03 1.393209e-10
1.497000e+03 1.569629e-10
1.498000e+03 1.081703e-10
1.499000e+03 1.532045e-10
1.500000e+03 1.010605e-10
